-82.9850519807 0.0401175928 0.8814453775 0.5001540027 
-82.9851603189 0.0401173485 0.8814470342 0.5001508322 
-82.9853770096 0.0401168597 0.8814503477 0.5001445151 
-82.9857020818 0.0401161264 0.8814553184 0.5001350981 
-82.9861355785 0.0401151487 0.8814619467 0.5001226494 
-82.9866775570 0.0401139262 0.8814702335 0.5001072568 
-82.9873279816 0.0401124592 0.8814801776 0.5000764527 
-82.9880871877 0.0401107470 0.8814917842 0.5000577050 
-82.9889551611 0.0401087895 0.8815050526 0.5000382050 
-82.9899320077 0.0401065865 0.8815199840 0.5000179577 
-82.9910178440 0.0401041380 0.8815365796 0.4999969713 
-82.9922127978 0.0401014435 0.8815548409 0.4999752567 
-82.9935170078 0.0400985028 0.8815747694 0.4999528270 
-82.9949306234 0.0400953157 0.8815963667 0.4999296978 
-82.9964538052 0.0400918818 0.8816196345 0.4999058857 
-82.9980867246 0.0400882008 0.8816445747 0.4998814091 
-82.9998295640 0.0400842724 0.8816711892 0.4998562871 
-83.0016825164 0.0400800962 0.8816994801 0.4998305396 
-83.0036457862 0.0400756717 0.8817294496 0.4998041868 
-83.0057195884 0.0400709987 0.8817610998 0.4997772491 
-83.0079041487 0.0400660766 0.8817944333 0.4997497469 
-83.0101997041 0.0400609051 0.8818294523 0.4997217001 
-83.0126065022 0.0400554836 0.8818661597 0.4996931285 
-83.0151248015 0.0400498116 0.8819045579 0.4996640510 
-83.0177548715 0.0400438887 0.8819446498 0.4996344859 
-83.0204969926 0.0400377144 0.8819864384 0.4996044507 
-83.0233514558 0.0400312880 0.8820299265 0.4995739621 
-83.0263185635 0.0400246090 0.8820751173 0.4995430357 
-83.0293986286 0.0400176768 0.8821220139 0.4995116861 
-83.0325919752 0.0400104908 0.8821706197 0.4994799269 
-83.0358989382 0.0400030505 0.8822209380 0.4994477708 
-83.0393198635 0.0399953550 0.8822729723 0.4994152294 
-83.0428551080 0.0399874039 0.8823267262 0.4993823131 
-83.0465050399 0.0399791963 0.8823822034 0.4993490314 
-83.0502700381 0.0399707316 0.8824394077 0.4993153928 
-83.0541504928 0.0399620091 0.8824983429 0.4992814050 
-83.0581468052 0.0399530279 0.8825590130 0.4992470745 
-83.0622593879 0.0399437874 0.8826214220 0.4992124071 
-83.0664886646 0.0399342868 0.8826855742 0.4991774077 
-83.0708350702 0.0399245252 0.8827514737 0.4991420803 
-83.0752990510 0.0399145019 0.8828191250 0.4991064284 
-83.0798810647 0.0399042160 0.8828885324 0.4990704544 
-83.0845815804 0.0398936665 0.8829597005 0.4990341605 
-83.0894010786 0.0398828528 0.8830326340 0.4989975478 
-83.0943400514 0.0398717737 0.8831073375 0.4989606172 
-83.0993990025 0.0398604285 0.8831838158 0.4989233687 
-83.1045784472 0.0398488161 0.8832620740 0.4988858020 
-83.1098789126 0.0398369356 0.8833421168 0.4988479164 
-83.1153009376 0.0398247861 0.8834239496 0.4988097104 
-83.1208450729 0.0398123665 0.8835075773 0.4987711824 
-83.1265118811 0.0397996757 0.8835930053 0.4987323303 
-83.1323019369 0.0397867128 0.8836802389 0.4986931515 
-83.1382158271 0.0397734767 0.8837692837 0.4986536432 
-83.1442541505 0.0397599663 0.8838601450 0.4986138022 
-83.1504175183 0.0397461805 0.8839528286 0.4985736250 
-83.1567065540 0.0397321182 0.8840473401 0.4985331077 
-83.1631218934 0.0397177781 0.8841436854 0.4984922463 
-83.1696641850 0.0397031592 0.8842418702 0.4984510361 
-83.1763340896 0.0396882603 0.8843419007 0.4984094726 
-83.1831322810 0.0396730802 0.8844437827 0.4983675508 
-83.1900594454 0.0396576175 0.8845475226 0.4983252652 
-83.1971162824 0.0396418711 0.8846531264 0.4982826104 
-83.2043035039 0.0396258398 0.8847606006 0.4982395806 
-83.2116218354 0.0396095221 0.8848699514 0.4981961694 
-83.2190720154 0.0395929169 0.8849811854 0.4981523707 
-83.2266547955 0.0395760227 0.8850943091 0.4981081775 
-83.2343709409 0.0395588382 0.8852093292 0.4980635829 
-83.2422212302 0.0395413620 0.8853262523 0.4980185795 
-83.2502064556 0.0395235927 0.8854450853 0.4979731596 
-83.2583274231 0.0395055290 0.8855658351 0.4979273151 
-83.2665849524 0.0394871693 0.8856885085 0.4978810377 
-83.2749798772 0.0394685123 0.8858131127 0.4978343186 
-83.2835130453 0.0394495563 0.8859396547 0.4977871486 
-83.2921853187 0.0394302999 0.8860681418 0.4977395180 
-83.3009975737 0.0394107416 0.8861985811 0.4976914167 
-83.3099507011 0.0393908799 0.8863309801 0.4976428343 
-83.3190456061 0.0393707131 0.8864653461 0.4975937596 
-83.3282832090 0.0393502396 0.8866016867 0.4975441810 
-83.3376644445 0.0393294579 0.8867400093 0.4974940862 
-83.3471902628 0.0393083663 0.8868803217 0.4974434623 
-83.3568616288 0.0392869631 0.8870226315 0.4973922959 
-83.3666795230 0.0392652467 0.8871669465 0.4973405727 
-83.3766449413 0.0392432153 0.8873132745 0.4972882775 
-83.3867588950 0.0392208672 0.8874616235 0.4972353945 
-83.3970224115 0.0391982006 0.8876120014 0.4971819067 
-83.4074365338 0.0391752138 0.8877644163 0.4971277965 
-83.4180023212 0.0391519050 0.8879188763 0.4970730447 
-83.4287208492 0.0391282724 0.8880753895 0.4970176315 
-83.4395932098 0.0391043140 0.8882339642 0.4969615355 
-83.4506205114 0.0390800281 0.8883946087 0.4969047339 
-83.4618038795 0.0390554127 0.8885573314 0.4968472027 
-83.4731444565 0.0390304659 0.8887221406 0.4967889160 
-83.4846434017 0.0390051858 0.8888890449 0.4967298464 
-83.4963018922 0.0389795704 0.8890580528 0.4966699644 
-83.5081211223 0.0389536177 0.8892291729 0.4966092386 
-83.5201023044 0.0389273257 0.8894024138 0.4965476354 
-83.5322466686 0.0389006923 0.8895777843 0.4964851185 
-83.5445554635 0.0388737156 0.8897552931 0.4964216493 
-83.5570299559 0.0388463933 0.8899349490 0.4963571860 
-83.5696714314 0.0388187235 0.8901167609 0.4962916837 
-83.5824811945 0.0387907038 0.8903007377 0.4962250943 
-83.5954605688 0.0387623323 0.8904868884 0.4961573656 
-83.6086108973 0.0387336067 0.8906752220 0.4960884416 
-83.6219335428 0.0387045247 0.8908657475 0.4960182616 
-83.6354298879 0.0386750842 0.8910584741 0.4959467601 
-83.6491013355 0.0386452828 0.8912534109 0.4958738663 
-83.6629493089 0.0386151183 0.8914505670 0.4957995035 
-83.6769752524 0.0385845884 0.8916499519 0.4957235888 
-83.6911806311 0.0385536906 0.8918515746 0.4956460320 
-83.7055669320 0.0385224227 0.8920554446 0.4955667356 
-83.7201356634 0.0384907821 0.8922615712 0.4954855937 
-83.7348883560 0.0384587666 0.8924699638 0.4954024914 
-83.7498265629 0.0384263736 0.8926806318 0.4953173040 
-83.7649518601 0.0383936006 0.8928935848 0.4952298960 
-83.7802658468 0.0383604451 0.8931088323 0.4951401201 
-83.7957701459 0.0383269046 0.8933263837 0.4950478166 
-83.8114664044 0.0382929765 0.8935462488 0.4949528118 
-83.8273562938 0.0382586581 0.8937684370 0.4948549174 
-83.8434415106 0.0382239469 0.8939929582 0.4947539288 
-83.8597237768 0.0381888402 0.8942198220 0.4946496245 
-83.8762048407 0.0381533352 0.8944490381 0.4945417642 
-83.8928864767 0.0381174293 0.8946806163 0.4944300885 
-83.9097704868 0.0380811197 0.8949145665 0.4943143170 
-83.9268587003 0.0380444035 0.8951508985 0.4941941479 
-83.9441529754 0.0380072780 0.8953896222 0.4940692571 
-83.9616551989 0.0379697402 0.8956307475 0.4939392979 
-83.9793672875 0.0379317872 0.8958742844 0.4938039014 
-83.9972911885 0.0378934162 0.8961202430 0.4936626770 
-84.0154288804 0.0378546241 0.8963686333 0.4935152143 
-84.0337823736 0.0378154079 0.8966194654 0.4933610861 
-84.0523537116 0.0377757645 0.8968727496 0.4931998524 
-84.0711449715 0.0377356909 0.8971284961 0.4930310661 
-84.0901582651 0.0376951839 0.8973867152 0.4928542804 
-84.1093957399 0.0376542402 0.8976474171 0.4926690628 
-84.1288595798 0.0376128567 0.8979106125 0.4924750298 
-84.1485520071 0.0375710301 0.8981763117 0.4922719654 
-84.1684752859 0.0375287570 0.8984445253 0.4920602057 
-84.1886317288 0.0374860341 0.8987152643 0.4918415941 
-84.2090237039 0.0374428578 0.8989885396 0.4916206330 
-84.2296536236 0.0373992246 0.8992643626 0.4914037746 
-84.2505239173 0.0373551310 0.8995427441 0.4911967412 
-84.2716370154 0.0373105734 0.8998236945 0.4910032629 
-84.2929953480 0.0372655484 0.9001072238 0.4908254394 
-84.3146013460 0.0372200525 0.9003933413 0.4906640321 
-84.3364574403 0.0371740824 0.9006820558 0.4905185345 
-84.3585660658 0.0371276348 0.9009733756 0.4903874351 
-84.3809296667 0.0370807062 0.9012673085 0.4902686405 
-84.3841132583 0.0370740298 0.9013092132 0.4902538303 
