-83.9015675477 0.0380975481 0.8950178109 0.5848927626 
-83.9018316629 0.0380969803 0.8950214062 0.5848797542 
-83.9023602257 0.0380958441 0.8950286011 0.5848537161 
-83.9031539011 0.0380941379 0.8950394045 0.5848146318 
-83.9042136883 0.0380918599 0.8950538295 0.5847625380 
-83.9055409218 0.0380890071 0.8950718938 0.5846975866 
-83.9071370524 0.0380855766 0.8950936160 0.5846031764 
-83.9090049251 0.0380815624 0.8951190350 0.5845295348 
-83.9111464316 0.0380769606 0.8951481750 0.5844584816 
-83.9135638387 0.0380717665 0.8951810652 0.5843894230 
-83.9162595722 0.0380659753 0.8952177364 0.5843218710 
-83.9192362238 0.0380595814 0.8952582218 0.5842554264 
-83.9224965578 0.0380525793 0.8953025559 0.5841897620 
-83.9260435168 0.0380449630 0.8953507758 0.5841246073 
-83.9298802264 0.0380367261 0.8954029203 0.5840597353 
-83.9340099999 0.0380278618 0.8954590305 0.5839949513 
-83.9384363433 0.0380183631 0.8955191495 0.5839300844 
-83.9431629592 0.0380082224 0.8955833229 0.5838649812 
-83.9481937511 0.0379974319 0.8956515983 0.5837995000 
-83.9535328280 0.0379859831 0.8957240256 0.5837335081 
-83.9591845086 0.0379738676 0.8958006572 0.5836668784 
-83.9651533258 0.0379610760 0.8958815477 0.5835994880 
-83.9714440313 0.0379475989 0.8959667540 0.5835312170 
-83.9780616003 0.0379334262 0.8960563357 0.5834619469 
-83.9850112365 0.0379185477 0.8961503547 0.5833915607 
-83.9922983768 0.0379029523 0.8962488753 0.5833199420 
-83.9999286969 0.0378866288 0.8963519644 0.5832469750 
-84.0079081164 0.0378695655 0.8964596916 0.5831725440 
-84.0162428041 0.0378517499 0.8965721288 0.5830965338 
-84.0249391844 0.0378331695 0.8966893508 0.5830188295 
-84.0340039425 0.0378138110 0.8968114348 0.5829393165 
-84.0434440308 0.0377936606 0.8969384610 0.5828578807 
-84.0532666753 0.0377727041 0.8970705119 0.5827744087 
-84.0634793817 0.0377509269 0.8972076732 0.5826887875 
-84.0740899426 0.0377283135 0.8973500330 0.5826009050 
-84.0851064439 0.0377048482 0.8974976823 0.5825106502 
-84.0965372724 0.0376805146 0.8976507152 0.5824179128 
-84.1083911225 0.0376552957 0.8978092283 0.5823225837 
-84.1206770044 0.0376291742 0.8979733212 0.5822245550 
-84.1334042516 0.0376021319 0.8981430964 0.5821237201 
-84.1465825287 0.0375741502 0.8983186595 0.5820199739 
-84.1602218401 0.0375452099 0.8985001187 0.5819132125 
-84.1743325384 0.0375152909 0.8986875856 0.5818033339 
-84.1889253328 0.0374843730 0.8988811743 0.5816902374 
-84.2040112987 0.0374524349 0.8990810022 0.5815738243 
-84.2196018867 0.0374194549 0.8992871897 0.5814539974 
-84.2357089324 0.0373854106 0.8994998601 0.5813306612 
-84.2523446661 0.0373502789 0.8997191397 0.5812037222 
-84.2695217230 0.0373140360 0.8999451580 0.5810730883 
-84.2872531542 0.0372766575 0.9001780472 0.5809386694 
-84.3055524370 0.0372381182 0.9004179428 0.5808003767 
-84.3244334864 0.0371983924 0.9006649831 0.5806581229 
-84.3439106668 0.0371574533 0.9009193095 0.5805118221 
-84.3639988036 0.0371152738 0.9011810664 0.5803613893 
-84.3847131960 0.0370718256 0.9014504010 0.5802067401 
-84.4060696292 0.0370270800 0.9017274634 0.5800477905 
-84.4280843882 0.0369810075 0.9020124068 0.5798844560 
-84.4507742711 0.0369335775 0.9023053870 0.5797166512 
-84.4741566033 0.0368847590 0.9026065627 0.5795442890 
-84.4982492522 0.0368345199 0.9029160953 0.5793672792 
-84.5230706422 0.0367828275 0.9032341490 0.5791855273 
-84.5486397707 0.0367296480 0.9035608905 0.5789989330 
-84.5749762244 0.0366749472 0.9038964890 0.5788073877 
-84.6021001962 0.0366186895 0.9042411164 0.5786107724 
-84.6300325029 0.0365608387 0.9045949467 0.5784089544 
-84.6587946038 0.0365013579 0.9049581565 0.5782017828 
-84.6884086201 0.0364402089 0.9053309243 0.5779890847 
-84.7188973548 0.0363773530 0.9057134309 0.5777706579 
-84.7502843140 0.0363127502 0.9061058591 0.5775462644 
-84.7825937294 0.0362463598 0.9065083933 0.5773156209 
-84.8158505815 0.0361781402 0.9069212199 0.5770783873 
-84.8500806245 0.0361080485 0.9073445268 0.5768341528 
-84.8853104129 0.0360360412 0.9077785034 0.5765824188 
-84.9215673293 0.0359620736 0.9082233403 0.5763225779 
-84.9588796146 0.0358861000 0.9086792293 0.5760538881 
-84.9972764002 0.0358080736 0.9091463634 0.5757754420 
-85.0367877432 0.0357279467 0.9096249362 0.5754861296 
-85.0774446640 0.0356456702 0.9101151424 0.5751845953 
-85.1192791877 0.0355611943 0.9106171771 0.5748691879 
-85.1623243895 0.0354744676 0.9111312358 0.5745379080 
-85.2066144447 0.0353854378 0.9116575146 0.5741883572 
-85.2521846839 0.0352940512 0.9121962098 0.5738177019 
-85.2990716537 0.0352002527 0.9127475180 0.5734226803 
-85.3473131843 0.0351039862 0.9133116359 0.5729996953 
-85.3969484621 0.0350051937 0.9138887606 0.5725450541 
-85.4480181072 0.0349038159 0.9144790891 0.5720554732 
-85.5005642957 0.0347997918 0.9150828192 0.5715331075 
-85.5546311587 0.0346930580 0.9157001528 0.5710215982 
-85.6102642334 0.0345835501 0.9163312883 0.5705938639 
-85.6675089363 0.0344712053 0.9169764012 0.5702738873 
-85.7264104981 0.0343559632 0.9176356430 0.5700457478 
-85.7309634110 0.0343470698 0.9176865634 0.5700291994 
