-83.5205966203 0.0009124228 0.9949263883 0.9998493198 0.0000175057 0.9986348349 0.6927481349 0.9595846316 0.3304908123 0.0011657447 0.0636787895 0.2307166423 0.0001268732 0.7920871735 0.2815513228 0.0003591860 0.0506272826 0.6965710772 0.4173885519 0.6401948440 0.3168222737 0.0001850416 1.4936042362 1.4791483827 1.5433651935 0.0001766510 11.5053501150 11.5050144167 11.5050296999 136.4217686002 0.0000720178 0.0004787707 0.7224218742 0.6155859267 0.1266082901 0.0131216764
-83.5204954281 0.0009124385 0.9949262648 0.9998493159 0.0000175060 0.9986347989 0.6927276582 0.9595804913 0.3305198004 0.0011657533 0.0636661938 0.2306433861 0.0001268744 0.7920790286 0.2816034338 0.0003591912 0.0506279756 0.6965713112 0.4173849232 0.6401996891 0.3168250359 0.0001850597 1.4935624963 1.4791018563 1.5433652984 0.0001766665 11.5053197015 11.5049840875 11.5049993727 136.4217781198 0.0000720330 0.0004787776 0.7224157968 0.6156093423 0.1266395584 0.0131264048
-83.5202938473 0.0009124697 0.9949260188 0.9998493080 0.0000175064 0.9986347271 0.6926865520 0.9595713838 0.3305880832 0.0011657704 0.0636409759 0.2304951190 0.0001268769 0.7920627754 0.2817092064 0.0003592015 0.0506293562 0.6965722698 0.4173785308 0.6402095652 0.3168318337 0.0001850991 1.4934750020 1.4790036762 1.5433662976 0.0001767001 11.5052709082 11.5049354721 11.5049507615 136.4217968425 0.0000720652 0.0004787914 0.7224036751 0.6156602417 0.1267004082 0.0131364185
-83.5199935504 0.0009125162 0.9949256524 0.9998492962 0.0000175071 0.9986346200 0.6926244502 0.9595562015 0.3307057392 0.0011657958 0.0636030632 0.2302682044 0.0001268806 0.7920384901 0.2818720016 0.0003592169 0.0506314125 0.6965746209 0.4173712402 0.6402245783 0.3168453130 0.0001851645 1.4933346637 1.4788449911 1.5433694207 0.0001767560 11.5052248506 11.5048896990 11.5049049955 136.4218242425 0.0000721179 0.0004788120 0.7223855771 0.6157446129 0.1267877767 0.0131526783
-83.5195971546 0.0009125776 0.9949251686 0.9998492807 0.0000175080 0.9986344783 0.6925401913 0.9595336006 0.3308787948 0.0011658294 0.0635522827 0.2299567972 0.0001268855 0.7920062924 0.2820975556 0.0003592372 0.0506341266 0.6965786039 0.4173658994 0.6402444866 0.3168695170 0.0001852622 1.4931300990 1.4786118861 1.5433763613 0.0001768396 11.5052305031 11.5048957582 11.5049110651 136.4218598448 0.0000721961 0.0004788391 0.7223616084 0.6158706805 0.1268978040 0.0131766904
-83.5191068601 0.0009126532 0.9949245719 0.9998492616 0.0000175091 0.9986343029 0.6924297241 0.9595013101 0.3311260891 0.0011658708 0.0634880706 0.2295489581 0.0001268915 0.7919663495 0.2823970348 0.0003592622 0.0506374732 0.6965836256 0.4173657076 0.6402688633 0.3169093502 0.0001854022 1.4928440690 1.4782829566 1.5433901800 0.0001769595 11.5053224508 11.5049882652 11.5050035870 136.4155908855 0.0000723080 0.0004788726 0.7223319158 0.6160511197 0.1270267196 0.0132109086
-83.5185347418 0.0009127418 0.9949238728 0.9998492392 0.0000175104 0.9986340954 0.6923004440 0.9594630780 0.3314097562 0.0011659193 0.0634241191 0.2291084921 0.0001268985 0.7919188903 0.2827181094 0.0003592914 0.0506413911 0.6965774338 0.4173583623 0.6402843898 0.3169416960 0.0001855692 1.4924792464 1.4778828741 1.5433976164 0.0001771026 11.5054531554 11.5051196082 11.5051349479 136.4156317880 0.0000724413 0.0004789117 0.7222967051 0.6162660855 0.1271386847 0.0132503157
-83.5178846916 0.0009128426 0.9949230775 0.9998492137 0.0000175119 0.9986338573 0.6921536265 0.9594209290 0.3317224560 0.0011659744 0.0633607969 0.2286399863 0.0001269065 0.7918641524 0.2830569243 0.0003593247 0.0506458445 0.6965618877 0.4173440787 0.6402923736 0.3169670119 0.0001857535 1.4920570064 1.4774364424 1.5433980868 0.0001772603 11.5055806950 11.5052478374 11.5052631968 136.4156704127 0.0000725879 0.0004789562 0.7222561907 0.6165029540 0.1272370893 0.0132928000
-83.5171621727 0.0009129545 0.9949221926 0.9998491854 0.0000175136 0.9986335900 0.6919915351 0.9593764954 0.3320546732 0.0011660357 0.0632983392 0.2281470717 0.0001269154 0.7918023853 0.2834105124 0.0003593617 0.0506507962 0.6965381063 0.4173234860 0.6402934647 0.3169860750 0.0001859474 1.4915963569 1.4769640503 1.5433920419 0.0001774264 11.5056921201 11.5053599793 11.5053753595 136.4157075054 0.0000727412 0.0004790057 0.7222106022 0.6167520568 0.1273245030 0.0133366975
-83.5163726732 0.0009130770 0.9949212245 0.9998491544 0.0000175154 0.9986332950 0.6918169719 0.9593311195 0.3323958052 0.0011661027 0.0632369244 0.2276335209 0.0001269252 0.7917338475 0.2837759147 0.0003594021 0.0506562089 0.6965067557 0.4172972468 0.6402880478 0.3169996868 0.0001861453 1.4911141406 1.4764824059 1.5433804912 0.0001775957 11.5057889877 11.5054575704 11.5054729719 136.4157436385 0.0000728963 0.0004790599 0.7221601809 0.6170058346 0.1274029003 0.0133806933
-83.5155215898 0.0009132090 0.9949201798 0.9998491210 0.0000175174 0.9986329739 0.6916327898 0.9592859004 0.3327355839 0.0011661749 0.0631766811 0.2271032456 0.0001269356 0.7916588037 0.2841502008 0.0003594457 0.0506620460 0.6964682998 0.4172659454 0.6402764170 0.3170085435 0.0001863424 1.4906247900 1.4760048375 1.5433646428 0.0001777642 11.5058740201 11.5055433169 11.5055587397 136.4157791556 0.0000730490 0.0004791182 0.7221051764 0.6172583235 0.1274738345 0.0134237661
-83.5146141357 0.0009133498 0.9949190646 0.9998490853 0.0000175195 0.9986326282 0.6914415180 0.9592416831 0.3330652739 0.0011662520 0.0631176861 0.2265600812 0.0001269468 0.7915775219 0.2845306526 0.0003594923 0.0506682718 0.6964231195 0.4172300755 0.6402588416 0.3170132128 0.0001865353 1.4901399431 1.4755413265 1.5433456953 0.0001779291 11.5059492710 11.5056192603 11.5056347038 136.4158142466 0.0000731965 0.0004791805 0.7220458441 0.6175050671 0.1275385539 0.0134651704
-83.5136552746 0.0009134987 0.9949178850 0.9998490476 0.0000175217 0.9986322594 0.6912451669 0.9591990618 0.3333782689 0.0011663334 0.0630599608 0.2260075377 0.0001269586 0.7914902712 0.2849149554 0.0003595414 0.0506748526 0.6963715588 0.4171900564 0.6402355845 0.3170141516 0.0001867215 1.4896684676 1.4750988445 1.5433247432 0.0001780882 11.5060191825 11.5056898340 11.5057052976 136.4158490306 0.0000733368 0.0004792463 0.7219824426 0.6177430204 0.1275980795 0.0135044031
-83.5126496730 0.0009136548 0.9949166466 0.9998490081 0.0000175240 0.9986318691 0.6910452214 0.9591584370 0.3336700485 0.0011664188 0.0630034613 0.2254485101 0.0001269711 0.7913973196 0.2853014322 0.0003595930 0.0506817563 0.6963139572 0.4171462508 0.6402069305 0.3170117340 0.0001868995 1.4892165827 1.4746817422 1.5433026755 0.0001782401 11.5060803784 11.5057516571 11.5057671398 136.4158836070 0.0000734686 0.0004793153 0.7219152317 0.6179701538 0.1276532666 0.0135411601
-83.5116016831 0.0009138176 0.9949153546 0.9998489668 0.0000175264 0.9986314588 0.6908426884 0.9591200093 0.3339379633 0.0011665078 0.0629481097 0.2248854582 0.0001269840 0.7912989326 0.2856888637 0.0003596468 0.0506889533 0.6962506506 0.4170989802 0.6401731777 0.3170062759 0.0001870684 1.4887882811 1.4742922300 1.5432802395 0.0001783843 11.5061360587 11.5058079272 11.5058234280 136.4159180781 0.0000735913 0.0004793873 0.7218444712 0.6181855397 0.1277048276 0.0135753085
-83.5105153342 0.0009139864 0.9949140140 0.9998489240 0.0000175289 0.9986310299 0.6906382096 0.9590838664 0.3341807361 0.0011666002 0.0628937882 0.2243202214 0.0001269974 0.7911953726 0.2860766054 0.0003597025 0.0506964160 0.6961819806 0.4170485367 0.6401346440 0.3169980532 0.0001872281 1.4883859566 1.4739311317 1.5432580154 0.0001785205 11.5061871565 11.5058595766 11.5058750944 136.4159525731 0.0000737049 0.0004794619 0.7217704198 0.6183888225 0.1277533687 0.0136068189
-83.5093943397 0.0009141607 0.9949126293 0.9998488799 0.0000175315 0.9986305838 0.6904321877 0.9590500326 0.3343979169 0.0011666955 0.0628403441 0.2237539769 0.0001270112 0.7910868976 0.2864645933 0.0003597601 0.0507041187 0.6961082970 0.4169951933 0.6400916647 0.3169873169 0.0001873783 1.4880111741 1.4735986852 1.5432364482 0.0001786486 11.5062385800 11.5059115129 11.5059270468 136.4159872625 0.0000738093 0.0004795390 0.7216933341 0.6185799684 0.1277994125 0.0136356967
-83.5082421014 0.0009143399 0.9949112047 0.9998488344 0.0000175342 0.9986301220 0.6902249452 0.9590185665 0.3345892294 0.0011667934 0.0627875804 0.2231871009 0.0001270254 0.7909737616 0.2868534765 0.0003598192 0.0507120384 0.6960299809 0.4169392099 0.6400446304 0.3169743060 0.0001875189 1.4876652452 1.4732951479 1.5432158043 0.0001787684 11.5062853784 11.5059587860 11.5059743348 136.4160223591 0.0000739045 0.0004796182 0.7216134686 0.6187586819 0.1278434250 0.0136619134
-83.5070617255 0.0009145235 0.9949097441 0.9998487878 0.0000175369 0.9986296457 0.6900168273 0.9589895296 0.3347541728 0.0011668938 0.0627352951 0.2226195599 0.0001270400 0.7908562140 0.2872442795 0.0003598799 0.0507201536 0.6959474456 0.4168808379 0.6399939881 0.3169592608 0.0001876497 1.4873496994 1.4730211787 1.5431962687 0.0001788798 11.5063365809 11.5060104230 11.5060259857 136.4160580933 0.0000739902 0.0004796994 0.7215310751 0.6189247070 0.1278858037 0.0136853797
-83.5058560157 0.0009147111 0.9949082509 0.9998487402 0.0000175397 0.9986291563 0.6898084020 0.9589631107 0.3348912209 0.0011669963 0.0626832548 0.2220506275 0.0001270549 0.7907345001 0.2876387034 0.0003599418 0.0507284452 0.6958611896 0.4168203269 0.6399403217 0.3169424470 0.0001877698 1.4870668754 1.4727784265 1.5431778991 0.0001789821 11.5063918421 11.5060660763 11.5060816515 136.4160946757 0.0000740660 0.0004797823 0.7214464027 0.6190770722 0.1279269067 0.0137058642
-83.5046274696 0.0009149023 0.9949067281 0.9998486917 0.0000175425 0.9986286551 0.6896007034 0.9589395367 0.3349970772 0.0011671009 0.0626312315 0.2214793886 0.0001270701 0.7906088606 0.2880388214 0.0003600050 0.0507368961 0.6957718555 0.4167579357 0.6398844450 0.3169241988 0.0001878784 1.4868197685 1.4725691595 1.5431608274 0.0001790745 11.5064662193 11.5061407985 11.5061563850 136.4161321877 0.0000741309 0.0004798669 0.7213596974 0.6192148186 0.1279670350 0.0137230210
-83.5033782460 0.0009150968 0.9949051787 0.9998486423 0.0000175454 0.9986281433 0.6893957257 0.9589190099 0.3350652570 0.0011672071 0.0625790160 0.2209053877 0.0001270855 0.7904795318 0.2884469600 0.0003600692 0.0507454916 0.6956804043 0.4166939530 0.6398276754 0.3169050129 0.0001879753 1.4866104139 1.4723945210 1.5431453463 0.0001791570 11.5065740797 11.5062489539 11.5062645503 136.4161703928 0.0000741847 0.0004799528 0.7212712014 0.6193375602 0.1280064484 0.0137364928
-83.5021101400 0.0009152943 0.9949036048 0.9998485922 0.0000175483 0.9986276221 0.6891970570 0.9589011701 0.3350849227 0.0011673151 0.0625266217 0.2203326170 0.0001271012 0.7903467456 0.2888635099 0.0003601344 0.0507542193 0.6955884637 0.4166287390 0.6397723920 0.3168857577 0.0001880635 1.4864320336 1.4722472790 1.5431313600 0.0001792322 11.5067603497 11.5064354742 11.5064510793 136.4162084609 0.0000742297 0.0004800402 0.7211811534 0.6194491943 0.1280453455 0.0137464330
-83.5008245439 0.0009154946 0.9949020084 0.9998485413 0.0000175513 0.9986270925 0.6890096012 0.9588832619 0.3350456455 0.0011674245 0.0624749846 0.2197802048 0.0001271171 0.7902107292 0.2892801120 0.0003602006 0.0507630691 0.6954992233 0.4165628053 0.6397235108 0.3168681941 0.0001881584 1.4862366309 1.4720838833 1.5431143376 0.0001793134 11.5071060977 11.5067814737 11.5067970879 136.4162448888 0.0000742789 0.0004801287 0.7210897874 0.6195691880 0.1280839069 0.0137556732
-83.4995223985 0.0009156974 0.9949003913 0.9998484898 0.0000175543 0.9986265558 0.6888329782 0.9588523362 0.3349787392 0.0011675353 0.0624278824 0.2192936177 0.0001271332 0.7900717053 0.2896651570 0.0003602675 0.0507720312 0.6954194090 0.4164969157 0.6396920708 0.3168564733 0.0001883236 1.4858401518 1.4717317722 1.5430855074 0.0001794552 11.5077207367 11.5073965848 11.5074122153 136.4162780060 0.0000743868 0.0004802184 0.7209973328 0.6197777870 0.1281224715 0.0137795555
-83.4982059043 0.0009159024 0.9948987569 0.9998484377 0.0000175574 0.9986260132 0.6886500992 0.9588012164 0.3349799005 0.0011676473 0.0623860638 0.2189002888 0.0001271495 0.7899299057 0.2899761025 0.0003603352 0.0507810872 0.6953590821 0.4164325140 0.6396956923 0.3168620463 0.0001885844 1.4851618122 1.4711091482 1.5430512900 0.0001796784 11.5078344002 11.5075111466 11.5075268051 136.4163059123 0.0000745836 0.0004803090 0.7209040269 0.6201068783 0.1281623948 0.0138306457
-83.4975436663 0.0009160055 0.9948979344 0.9998484115 0.0000175589 0.9986257399 0.6885542425 0.9587826220 0.3349794326 0.0011677036 0.0623655691 0.2187077373 0.0001271577 0.7898577491 0.2901250938 0.0003603692 0.0507856438 0.6953351942 0.4164052358 0.6397023506 0.3168768148 0.0001886777 1.4848865318 1.4708658363 1.5430299986 0.0001797574 11.5072169909 11.5068941491 11.5069098190 136.4163195736 0.0000746578 0.0004803546 0.7208570774 0.6202246759 0.1281845620 0.0138505080
-83.4968758042 0.0009161095 0.9948971045 0.9998483851 0.0000175605 0.9986254633 0.6884601137 0.9587645882 0.3349532512 0.0011677604 0.0623405016 0.2184562896 0.0001271659 0.7897832055 0.2903305046 0.0003604036 0.0507902397 0.6953105932 0.4163794313 0.6397073167 0.3168917237 0.0001887715 1.4846277947 1.4706376789 1.5430122029 0.0001798372 11.5068945400 11.5065720713 11.5065877520 136.4163386241 0.0000747283 0.0004804006 0.7208096544 0.6203429025 0.1282101987 0.0138688176
-83.4962046297 0.0009162141 0.9948962702 0.9998483585 0.0000175620 0.9986251845 0.6883662130 0.9587464642 0.3349106229 0.0011678175 0.0623125336 0.2181655801 0.0001271742 0.7897064266 0.2905752083 0.0003604381 0.0507948589 0.6952838811 0.4163540031 0.6397107576 0.3169059125 0.0001888679 1.4843763297 1.4704149282 1.5429978708 0.0001799194 11.5067590916 11.5064369802 11.5064526715 136.4163620559 0.0000747985 0.0004804468 0.7207618992 0.6204643195 0.1282383010 0.0138868619
-83.4955324590 0.0009163188 0.9948954342 0.9998483319 0.0000175636 0.9986249042 0.6882728174 0.9587280398 0.3348519968 0.0011678747 0.0622829301 0.2178490641 0.0001271825 0.7896275732 0.2908487845 0.0003604727 0.0507994852 0.6952558811 0.4163280580 0.6397145100 0.3169188977 0.0001889678 1.4841262297 1.4701910725 1.5429868668 0.0001800048 11.5067185360 11.5063967819 11.5064124841 136.4163888812 0.0000748702 0.0004804931 0.7207139610 0.6205900103 0.1282683025 0.0139053963
-83.4948616995 0.0009164233 0.9948945996 0.9998483053 0.0000175651 0.9986246234 0.6881807710 0.9587094694 0.3347744492 0.0011679317 0.0622526916 0.2175157718 0.0001271908 0.7895468127 0.2911450406 0.0003605072 0.0508041020 0.6952280556 0.4163013225 0.6397205639 0.3169306513 0.0001890705 1.4838783648 1.4699653664 1.5429797269 0.0001800927 11.5067172464 11.5063958553 11.5064115686 136.4164185072 0.0000749440 0.0004805393 0.7206659955 0.6207192192 0.1282999134 0.0139246011
-83.4941948660 0.0009165272 0.9948937696 0.9998482789 0.0000175667 0.9986243429 0.6880909695 0.9586910627 0.3346742245 0.0011679885 0.0622227174 0.2171731944 0.0001271990 0.7894643177 0.2914591728 0.0003605415 0.0508086920 0.6952019111 0.4162738661 0.6397309581 0.3169414436 0.0001891749 1.4836384551 1.4697407741 1.5429776975 0.0001801820 11.5067340172 11.5064129934 11.5064287178 136.4164506643 0.0000750191 0.0004805852 0.7206181627 0.6208503855 0.1283329758 0.0139443326
-83.4935345543 0.0009166301 0.9948929472 0.9998482527 0.0000175682 0.9986240638 0.6880041267 0.9586732953 0.3345476598 0.0011680446 0.0621937592 0.2168287064 0.0001272072 0.7893802649 0.2917863041 0.0003605755 0.0508132373 0.6951790108 0.4162458623 0.6397480068 0.3169516772 0.0001892789 1.4834165756 1.4695235014 1.5429825560 0.0001802711 11.5067627562 11.5064420974 11.5064578329 136.4164851504 0.0000750940 0.0004806307 0.7205706251 0.6209809156 0.1283673983 0.0139641609
-83.4928833821 0.0009167316 0.9948921357 0.9998482269 0.0000175697 0.9986237870 0.6879206293 0.9586568511 0.3343917568 0.0011681001 0.0621661833 0.2164902069 0.0001272153 0.7892948327 0.2921207159 0.0003606090 0.0508177202 0.6951611072 0.4162174644 0.6397745595 0.3169618047 0.0001893793 1.4832269535 1.4693228464 1.5429964313 0.0001803572 11.5067930699 11.5064727636 11.5064885098 136.4165216677 0.0000751660 0.0004806756 0.7205235451 0.6211068026 0.1284031246 0.0139833617
-83.4922439137 0.0009168312 0.9948913383 0.9998482016 0.0000175712 0.9986235135 0.6878403307 0.9586425535 0.3342050401 0.0011681545 0.0621396697 0.2161668487 0.0001272232 0.7892082000 0.2924548906 0.0003606419 0.0508221233 0.6951502155 0.4161887327 0.6398142060 0.3169723118 0.0001894720 1.4830877620 1.4691510021 1.5430217631 0.0001804369 11.5068250602 11.5065050794 11.5065208355 136.4165597194 0.0000752318 0.0004807196 0.7204770818 0.6212229988 0.1284400851 0.0140009326
-83.4916185467 0.0009169288 0.9948905577 0.9998481767 0.0000175726 0.9986232441 0.6877623811 0.9586314121 0.3339881788 0.0011682077 0.0621130001 0.2158689305 0.0001272309 0.7891205432 0.2927792746 0.0003606740 0.0508264303 0.6951486391 0.4161595604 0.6398715011 0.3169837418 0.0001895519 1.4830214071 1.4690234552 1.5430611647 0.0001805057 11.5068607572 11.5065410555 11.5065568199 136.4165985514 0.0000752866 0.0004807627 0.7204313873 0.6213230202 0.1284781858 0.0140155354
-83.4910093632 0.0009170238 0.9948897967 0.9998481526 0.0000175741 0.9986229796 0.6876851260 0.9586246259 0.3337445049 0.0011682596 0.0620843072 0.2156076586 0.0001272384 0.7890320339 0.2930822084 0.0003607054 0.0508306272 0.6951589069 0.4161295502 0.6399522133 0.3169967460 0.0001896125 1.4830537962 1.4689586017 1.5431172229 0.0001805582 11.5068914607 11.5065719694 11.5065877400 136.4166370845 0.0000753250 0.0004808048 0.7203866018 0.6213988345 0.1285173014 0.0140255082
-83.4904179630 0.0009171161 0.9948890569 0.9998481291 0.0000175754 0.9986227207 0.6876060228 0.9586234127 0.3334805944 0.0011683099 0.0620518792 0.2153953255 0.0001272458 0.7889428361 0.2933494973 0.0003607359 0.0508347036 0.6951835003 0.4160977868 0.6400634735 0.3170121573 0.0001896471 1.4832125609 1.4689765167 1.5431924117 0.0001805886 11.5069215602 11.5066021850 11.5066179589 136.4166738277 0.0000753407 0.0004808456 0.7203428489 0.6214419259 0.1285572347 0.0140289927
-83.4898452582 0.0009172055 0.9948883397 0.9998481063 0.0000175768 0.9986224680 0.6875217740 0.9586289777 0.3332060410 0.0011683587 0.0620149863 0.2152446556 0.0001272528 0.7888531034 0.2935649646 0.0003607654 0.0508386535 0.6952243449 0.4160624312 0.6402138281 0.3170311032 0.0001896484 1.4835247652 1.4690974979 1.5432888525 0.0001805907 11.5069425388 11.5066231602 11.5066389339 136.4167068472 0.0000753272 0.0004808851 0.7203002295 0.6214434575 0.1285977225 0.0140240650
-83.4892912809 0.0009172921 0.9948876450 0.9998480843 0.0000175781 0.9986222218 0.6874285854 0.9586423146 0.3329328232 0.0011684060 0.0619743770 0.2151688167 0.0001272597 0.7887629756 0.2937106236 0.0003607940 0.0508424772 0.6952819959 0.4160200584 0.6404129067 0.3170551748 0.0001896104 1.4840141878 1.4693402119 1.5434082753 0.0001805593 11.5069564185 11.5066368936 11.5066526626 136.4167337589 0.0000752787 0.0004809234 0.7202588162 0.6213956521 0.1286383990 0.0140089462
-83.4887549973 0.0009173759 0.9948869715 0.9998480629 0.0000175793 0.9986219821 0.6873226789 0.9586644401 0.3326730771 0.0011684518 0.0619322314 0.2151808489 0.0001272664 0.7886725757 0.2937677910 0.0003608217 0.0508461821 0.6953550364 0.4159648223 0.6406705271 0.3170866889 0.0001895266 1.4847027918 1.4697235103 1.5435519967 0.0001804889 11.5069546391 11.5066348023 11.5066505615 136.4167518526 0.0000751893 0.0004809605 0.7202186472 0.6212904905 0.1286787994 0.0139818426
-83.4882341575 0.0009174575 0.9948863165 0.9998480421 0.0000175805 0.9986217488 0.6872009124 0.9586971172 0.3324352043 0.0011684963 0.0618919189 0.2152937890 0.0001272728 0.7885820043 0.2937179369 0.0003608486 0.0508497846 0.6954412844 0.4158882224 0.6409948383 0.3171290939 0.0001893872 1.4856209967 1.4702758990 1.5437213049 0.0001803711 11.5069353183 11.5066149669 11.5066307102 136.4167583865 0.0000750498 0.0004809965 0.7201797202 0.6211155455 0.1287183307 0.0139400787
-83.4877250818 0.0009175374 0.9948856754 0.9998480218 0.0000175817 0.9986215213 0.6870615677 0.9587445653 0.3322173980 0.0011685398 0.0618577020 0.2155205470 0.0001272792 0.7884913327 0.2935442007 0.0003608750 0.0508533114 0.6955438555 0.4157818870 0.6413893400 0.3171875992 0.0001891708 1.4868341065 1.4710586552 1.5439193543 0.0001801874 11.5069028860 11.5065817371 11.5065974559 136.4167512705 0.0000748409 0.0004810318 0.7201419841 0.6208437224 0.1287562758 0.0138780212
-83.4872221315 0.0009176164 0.9948850410 0.9998480016 0.0000175829 0.9986212986 0.6869054043 0.9588146081 0.3320026000 0.0011685830 0.0618344148 0.2158742238 0.0001272854 0.7884005934 0.2932330126 0.0003609011 0.0508568036 0.6956820204 0.4156467474 0.6418490371 0.3172701490 0.0001888391 1.4884722760 1.4721889701 1.5441579395 0.0001799054 11.5068660775 11.5065437062 11.5065593878 136.4167301585 0.0000745278 0.0004810668 0.7201053271 0.6204264029 0.1287918224 0.0137853793
-83.4867165014 0.0009176962 0.9948844024 0.9998479813 0.0000175841 0.9986210790 0.6867370365 0.9589125875 0.3317898353 0.0011686265 0.0618269693 0.2163706395 0.0001272918 0.7883097738 0.2927743142 0.0003609274 0.0508603238 0.6958934788 0.4155059219 0.6423568690 0.3173888993 0.0001883653 1.4906868002 1.4737925111 1.5444691213 0.0001795022 11.5068722115 11.5065480905 11.5065637189 136.4166965839 0.0000740810 0.0004811020 0.7200695590 0.6198286838 0.1288241165 0.0136520852
-83.4861945882 0.0009177785 0.9948837443 0.9998479604 0.0000175853 0.9986208601 0.6865661896 0.9590156090 0.3317841845 0.0011686714 0.0618397957 0.2170362841 0.0001272983 0.7882188277 0.2921578252 0.0003609545 0.0508639606 0.6962088859 0.4154061564 0.6428834684 0.3175623809 0.0001878464 1.4932552501 1.4756969356 1.5448503545 0.0001790611 11.5071160396 11.5067899771 11.5068055467 136.4166491964 0.0000735607 0.0004811384 0.7200344014 0.6191716626 0.1288524569 0.0134880490
-83.4856378629 0.0009178658 0.9948830493 0.9998479381 0.0000175866 0.9986206390 0.6864039795 0.9590223347 0.3322075234 0.0011687190 0.0618780678 0.2179231729 0.0001273052 0.7881277327 0.2913586219 0.0003609833 0.0508678139 0.6966138953 0.4153971128 0.6433971459 0.3178187219 0.0001877819 1.4935105391 1.4760293737 1.5447388523 0.0001790077 11.5082004443 11.5078740103 11.5078895701 136.4165800709 0.0000734050 0.0004811770 0.7199995284 0.6190894421 0.1288768940 0.0133854682
-83.4850347196 0.0009179587 0.9948823114 0.9998479145 0.0000175880 0.9986204148 0.6862424934 0.9587610739 0.3332968203 0.0011687697 0.0619418446 0.2190789637 0.0001273126 0.7880366367 0.2903268888 0.0003610140 0.0508719168 0.6970526837 0.4155029418 0.6438946733 0.3182016077 0.0001890327 1.4873663719 1.4716935757 1.5433768712 0.0001800768 11.5117097051 11.5113874190 11.5114031102 136.4164846878 0.0000743919 0.0004812180 0.7199647507 0.6206681480 0.1288998619 0.0135362216
-83.4844215793 0.0009180535 0.9948815593 0.9998478904 0.0000175894 0.9986201908 0.6860732831 0.9586126300 0.3344509380 0.0011688214 0.0620289834 0.2204252170 0.0001273201 0.7879460931 0.2890901536 0.0003610453 0.0508761041 0.6975059534 0.4157530495 0.6443666428 0.3188128907 0.0001896702 1.4835103965 1.4690673776 1.5423983279 0.0001806113 11.5066735864 11.5063544596 11.5063702334 136.4163586723 0.0000749361 0.0004812599 0.7199303236 0.6214703742 0.1289330763 0.0136262263
-83.4838197502 0.0009181474 0.9948808144 0.9998478665 0.0000175908 0.9986199698 0.6859301175 0.9585885006 0.3346476449 0.0011688727 0.0621438920 0.2217381278 0.0001273275 0.7878566096 0.2878959869 0.0003610763 0.0508802527 0.6977262624 0.4162183893 0.6445108672 0.3196345814 0.0001897756 1.4830099346 1.4687013149 1.5422443812 0.0001806994 11.5060506221 11.5057321326 11.5057479196 136.4162300577 0.0000750010 0.0004813014 0.7198964082 0.6216026097 0.1290117238 0.0136329776
-83.4975436663 0.0009160055 0.9948979344 0.9998484115 0.0000175589 0.9986257399 0.6885542425 0.9587826220 0.3349794326 0.0011677036 0.0623655691 0.2187077373 0.0001271577 0.7898577491 0.2901250938 0.0003603692 0.0507856438 0.6953351942 0.4164052358 0.6397023506 0.3168768148 0.0001886777 1.4848865318 1.4708658363 1.5430299986 0.0001797574 11.5072169909 11.5068941491 11.5069098190 136.4163195736 0.0000746578 0.0004803546 0.7208570774 0.6202246759 0.1281845620 0.0138505080
-83.4968758042 0.0009161095 0.9948971045 0.9998483851 0.0000175605 0.9986254633 0.6884601137 0.9587645882 0.3349532512 0.0011677604 0.0623405016 0.2184562896 0.0001271659 0.7897832055 0.2903305046 0.0003604036 0.0507902397 0.6953105932 0.4163794313 0.6397073167 0.3168917237 0.0001887715 1.4846277947 1.4706376789 1.5430122029 0.0001798372 11.5068945400 11.5065720713 11.5065877520 136.4163386241 0.0000747283 0.0004804006 0.7208096544 0.6203429025 0.1282101987 0.0138688176
-83.4962046297 0.0009162141 0.9948962702 0.9998483585 0.0000175620 0.9986251845 0.6883662130 0.9587464642 0.3349106229 0.0011678175 0.0623125336 0.2181655801 0.0001271742 0.7897064266 0.2905752083 0.0003604381 0.0507948589 0.6952838811 0.4163540031 0.6397107576 0.3169059125 0.0001888679 1.4843763297 1.4704149282 1.5429978709 0.0001799194 11.5067590916 11.5064369802 11.5064526715 136.4163620559 0.0000747985 0.0004804468 0.7207618992 0.6204643196 0.1282383010 0.0138868619
-83.4955324590 0.0009163188 0.9948954342 0.9998483319 0.0000175636 0.9986249042 0.6882728174 0.9587280398 0.3348519968 0.0011678747 0.0622829301 0.2178490641 0.0001271825 0.7896275732 0.2908487845 0.0003604727 0.0507994852 0.6952558811 0.4163280580 0.6397145100 0.3169188977 0.0001889678 1.4841262297 1.4701910725 1.5429868668 0.0001800048 11.5067185360 11.5063967819 11.5064124841 136.4163888812 0.0000748702 0.0004804931 0.7207139610 0.6205900103 0.1282683025 0.0139053963
-83.4948616995 0.0009164233 0.9948945996 0.9998483053 0.0000175651 0.9986246234 0.6881807710 0.9587094694 0.3347744492 0.0011679317 0.0622526916 0.2175157718 0.0001271908 0.7895468127 0.2911450406 0.0003605072 0.0508041020 0.6952280556 0.4163013225 0.6397205639 0.3169306513 0.0001890705 1.4838783648 1.4699653664 1.5429797269 0.0001800927 11.5067172464 11.5063958553 11.5064115686 136.4164185072 0.0000749440 0.0004805393 0.7206659955 0.6207192192 0.1282999134 0.0139246011
-83.4941948660 0.0009165272 0.9948937696 0.9998482789 0.0000175667 0.9986243429 0.6880909695 0.9586910627 0.3346742245 0.0011679885 0.0622227174 0.2171731944 0.0001271990 0.7894643177 0.2914591728 0.0003605415 0.0508086920 0.6952019111 0.4162738661 0.6397309581 0.3169414436 0.0001891749 1.4836384551 1.4697407741 1.5429776975 0.0001801820 11.5067340172 11.5064129934 11.5064287178 136.4164506643 0.0000750191 0.0004805852 0.7206181627 0.6208503855 0.1283329758 0.0139443326
-83.4935345543 0.0009166301 0.9948929472 0.9998482527 0.0000175682 0.9986240638 0.6880041267 0.9586732953 0.3345476598 0.0011680446 0.0621937592 0.2168287064 0.0001272072 0.7893802649 0.2917863041 0.0003605755 0.0508132373 0.6951790108 0.4162458623 0.6397480068 0.3169516772 0.0001892789 1.4834165756 1.4695235014 1.5429825560 0.0001802711 11.5067627562 11.5064420974 11.5064578329 136.4164851504 0.0000750940 0.0004806307 0.7205706251 0.6209809156 0.1283673983 0.0139641609
-83.4928833821 0.0009167316 0.9948921357 0.9998482269 0.0000175697 0.9986237870 0.6879206293 0.9586568511 0.3343917568 0.0011681001 0.0621661833 0.2164902069 0.0001272153 0.7892948327 0.2921207159 0.0003606090 0.0508177202 0.6951611072 0.4162174644 0.6397745595 0.3169618047 0.0001893793 1.4832269535 1.4693228464 1.5429964313 0.0001803572 11.5067930699 11.5064727636 11.5064885098 136.4165216677 0.0000751660 0.0004806756 0.7205235451 0.6211068026 0.1284031246 0.0139833617
-83.4922439137 0.0009168312 0.9948913383 0.9998482016 0.0000175712 0.9986235135 0.6878403307 0.9586425535 0.3342050401 0.0011681545 0.0621396697 0.2161668487 0.0001272232 0.7892082000 0.2924548906 0.0003606419 0.0508221233 0.6951502155 0.4161887327 0.6398142060 0.3169723118 0.0001894720 1.4830877621 1.4691510021 1.5430217631 0.0001804369 11.5068250602 11.5065050794 11.5065208355 136.4165597194 0.0000752318 0.0004807196 0.7204770818 0.6212229988 0.1284400851 0.0140009326
-83.4916185468 0.0009169288 0.9948905577 0.9998481767 0.0000175726 0.9986232441 0.6877623811 0.9586314121 0.3339881788 0.0011682077 0.0621130001 0.2158689305 0.0001272309 0.7891205432 0.2927792746 0.0003606740 0.0508264303 0.6951486391 0.4161595604 0.6398715011 0.3169837418 0.0001895519 1.4830214071 1.4690234552 1.5430611647 0.0001805057 11.5068607572 11.5065410555 11.5065568199 136.4165985514 0.0000752866 0.0004807627 0.7204313873 0.6213230202 0.1284781858 0.0140155354
-83.4910093633 0.0009170238 0.9948897967 0.9998481526 0.0000175741 0.9986229796 0.6876851260 0.9586246259 0.3337445049 0.0011682596 0.0620843072 0.2156076586 0.0001272384 0.7890320339 0.2930822084 0.0003607054 0.0508306272 0.6951589069 0.4161295502 0.6399522133 0.3169967460 0.0001896125 1.4830537962 1.4689586017 1.5431172228 0.0001805582 11.5068914607 11.5065719694 11.5065877400 136.4166370845 0.0000753250 0.0004808048 0.7203866018 0.6213988345 0.1285173014 0.0140255082
-83.4904179630 0.0009171161 0.9948890569 0.9998481291 0.0000175754 0.9986227207 0.6876060228 0.9586234127 0.3334805944 0.0011683099 0.0620518792 0.2153953255 0.0001272458 0.7889428361 0.2933494973 0.0003607359 0.0508347036 0.6951835003 0.4160977868 0.6400634735 0.3170121573 0.0001896471 1.4832125610 1.4689765168 1.5431924117 0.0001805886 11.5069215602 11.5066021850 11.5066179589 136.4166738277 0.0000753407 0.0004808456 0.7203428489 0.6214419259 0.1285572347 0.0140289927
-83.4898452582 0.0009172055 0.9948883397 0.9998481063 0.0000175768 0.9986224680 0.6875217740 0.9586289777 0.3332060410 0.0011683587 0.0620149863 0.2152446556 0.0001272528 0.7888531034 0.2935649646 0.0003607654 0.0508386535 0.6952243449 0.4160624312 0.6402138281 0.3170311032 0.0001896484 1.4835247652 1.4690974979 1.5432888524 0.0001805907 11.5069425388 11.5066231602 11.5066389339 136.4167068472 0.0000753272 0.0004808851 0.7203002295 0.6214434575 0.1285977225 0.0140240650
-83.4892912809 0.0009172921 0.9948876450 0.9998480843 0.0000175781 0.9986222218 0.6874285854 0.9586423146 0.3329328232 0.0011684060 0.0619743770 0.2151688167 0.0001272597 0.7887629756 0.2937106236 0.0003607940 0.0508424772 0.6952819959 0.4160200584 0.6404129067 0.3170551748 0.0001896104 1.4840141878 1.4693402119 1.5434082753 0.0001805593 11.5069564185 11.5066368936 11.5066526626 136.4167337589 0.0000752787 0.0004809234 0.7202588162 0.6213956521 0.1286383990 0.0140089462
-83.4887549973 0.0009173759 0.9948869715 0.9998480629 0.0000175793 0.9986219821 0.6873226789 0.9586644401 0.3326730771 0.0011684518 0.0619322314 0.2151808489 0.0001272664 0.7886725757 0.2937677910 0.0003608217 0.0508461821 0.6953550364 0.4159648223 0.6406705271 0.3170866889 0.0001895266 1.4847027918 1.4697235103 1.5435519967 0.0001804889 11.5069546391 11.5066348023 11.5066505615 136.4167518526 0.0000751893 0.0004809605 0.7202186472 0.6212904905 0.1286787994 0.0139818426
-83.4882341575 0.0009174575 0.9948863165 0.9998480421 0.0000175805 0.9986217488 0.6872009124 0.9586971172 0.3324352043 0.0011684963 0.0618919189 0.2152937890 0.0001272728 0.7885820043 0.2937179369 0.0003608486 0.0508497846 0.6954412844 0.4158882224 0.6409948383 0.3171290939 0.0001893872 1.4856209967 1.4702758989 1.5437213049 0.0001803711 11.5069353183 11.5066149669 11.5066307102 136.4167583865 0.0000750498 0.0004809965 0.7201797202 0.6211155455 0.1287183307 0.0139400787
-83.4877250819 0.0009175374 0.9948856754 0.9998480218 0.0000175817 0.9986215213 0.6870615677 0.9587445653 0.3322173980 0.0011685398 0.0618577020 0.2155205470 0.0001272792 0.7884913327 0.2935442007 0.0003608750 0.0508533114 0.6955438555 0.4157818870 0.6413893400 0.3171875992 0.0001891708 1.4868341065 1.4710586552 1.5439193543 0.0001801874 11.5069028860 11.5065817371 11.5065974559 136.4167512705 0.0000748409 0.0004810318 0.7201419841 0.6208437224 0.1287562758 0.0138780212
-83.4872221316 0.0009176164 0.9948850410 0.9998480016 0.0000175829 0.9986212986 0.6869054043 0.9588146081 0.3320026000 0.0011685830 0.0618344148 0.2158742238 0.0001272854 0.7884005934 0.2932330126 0.0003609011 0.0508568036 0.6956820204 0.4156467474 0.6418490371 0.3172701490 0.0001888391 1.4884722760 1.4721889702 1.5441579396 0.0001799054 11.5068660775 11.5065437062 11.5065593878 136.4167301585 0.0000745278 0.0004810668 0.7201053272 0.6204264030 0.1287918224 0.0137853793
-83.4867165014 0.0009176962 0.9948844024 0.9998479813 0.0000175841 0.9986210790 0.6867370365 0.9589125875 0.3317898353 0.0011686265 0.0618269693 0.2163706395 0.0001272918 0.7883097738 0.2927743142 0.0003609274 0.0508603238 0.6958934788 0.4155059219 0.6423568690 0.3173888993 0.0001883653 1.4906868002 1.4737925111 1.5444691213 0.0001795022 11.5068722115 11.5065480905 11.5065637189 136.4166965839 0.0000740810 0.0004811020 0.7200695590 0.6198286838 0.1288241165 0.0136520852
-83.4861945883 0.0009177785 0.9948837443 0.9998479604 0.0000175853 0.9986208601 0.6865661896 0.9590156090 0.3317841845 0.0011686714 0.0618397957 0.2170362841 0.0001272983 0.7882188277 0.2921578252 0.0003609545 0.0508639606 0.6962088859 0.4154061564 0.6428834684 0.3175623809 0.0001878464 1.4932552501 1.4756969356 1.5448503545 0.0001790611 11.5071160396 11.5067899771 11.5068055467 136.4166491964 0.0000735607 0.0004811384 0.7200344014 0.6191716626 0.1288524569 0.0134880490
-83.4856378630 0.0009178658 0.9948830493 0.9998479381 0.0000175866 0.9986206390 0.6864039795 0.9590223347 0.3322075234 0.0011687190 0.0618780678 0.2179231729 0.0001273052 0.7881277327 0.2913586219 0.0003609833 0.0508678139 0.6966138953 0.4153971128 0.6433971459 0.3178187219 0.0001877819 1.4935105391 1.4760293737 1.5447388523 0.0001790077 11.5082004443 11.5078740103 11.5078895701 136.4165800709 0.0000734050 0.0004811770 0.7199995284 0.6190894421 0.1288768940 0.0133854682
-83.4850347196 0.0009179587 0.9948823114 0.9998479145 0.0000175880 0.9986204148 0.6862424934 0.9587610739 0.3332968203 0.0011687697 0.0619418446 0.2190789637 0.0001273126 0.7880366367 0.2903268888 0.0003610140 0.0508719168 0.6970526837 0.4155029418 0.6438946733 0.3182016077 0.0001890327 1.4873663719 1.4716935758 1.5433768712 0.0001800768 11.5117097051 11.5113874190 11.5114031102 136.4164846878 0.0000743919 0.0004812180 0.7199647507 0.6206681480 0.1288998619 0.0135362216
-83.4844215794 0.0009180535 0.9948815593 0.9998478904 0.0000175894 0.9986201908 0.6860732831 0.9586126300 0.3344509380 0.0011688214 0.0620289834 0.2204252170 0.0001273201 0.7879460931 0.2890901536 0.0003610453 0.0508761041 0.6975059534 0.4157530495 0.6443666428 0.3188128907 0.0001896702 1.4835103966 1.4690673777 1.5423983280 0.0001806113 11.5066735864 11.5063544596 11.5063702334 136.4163586723 0.0000749361 0.0004812599 0.7199303236 0.6214703743 0.1289330763 0.0136262263
-83.4838197503 0.0009181474 0.9948808144 0.9998478665 0.0000175908 0.9986199698 0.6859301175 0.9585885006 0.3346476449 0.0011688727 0.0621438920 0.2217381278 0.0001273275 0.7878566096 0.2878959869 0.0003610763 0.0508802527 0.6977262624 0.4162183893 0.6445108672 0.3196345814 0.0001897756 1.4830099346 1.4687013150 1.5422443812 0.0001806994 11.5060506221 11.5057321326 11.5057479196 136.4162300577 0.0000750010 0.0004813014 0.7198964082 0.6216026097 0.1290117238 0.0136329776
-83.4838066935 0.0009181495 0.9948807982 0.9998478660 0.0000175908 0.9986199650 0.6859272293 0.9585884600 0.3346498519 0.0011688738 0.0621464234 0.2217651816 0.0001273277 0.7878546662 0.2878715680 0.0003610770 0.0508803428 0.6977283695 0.4162277794 0.6445117870 0.3196509762 0.0001897756 1.4830096675 1.4687014512 1.5422431090 0.0001806993 11.5060401962 11.5057217119 11.5057374990 136.4162278465 0.0000750004 0.0004813023 0.7198956716 0.6216026263 0.1290144658 0.0136326796
-83.4838066936 0.0009181495 0.9948807982 0.9998478660 0.0000175908 0.9986199650 0.6859272293 0.9585884600 0.3346498519 0.0011688738 0.0621464234 0.2217651816 0.0001273277 0.7878546662 0.2878715680 0.0003610770 0.0508803428 0.6977283695 0.4162277794 0.6445117870 0.3196509762 0.0001897756 1.4830096675 1.4687014512 1.5422431090 0.0001806993 11.5060401962 11.5057217119 11.5057374990 136.4162278465 0.0000750004 0.0004813023 0.7198956716 0.6216026263 0.1290144658 0.0136326796
