-68.8177319380 0.0105829248 0.6166522268 0.3582163401 0.0001202391 0.9915273054 0.6549457478 0.9308173014 0.2596431685 0.0034042218 0.0647377065 0.2292615045 0.0005302522 0.7294388264 0.2632885871 0.0029310030 0.3037559571 0.6270056377 0.2338201187 0.6009805073 0.2217437284 0.0002114988 1.4930648521 1.4780488734 1.5448124927 0.0002015702 11.5061583822 11.5054652798 11.5054800263 136.4222763497 0.0000728991 0.0039486199 0.3958868110 0.6463817156 0.1221294191 0.0134176880
-68.8172849592 0.0105836906 0.6166215990 0.3581699535 0.0001202461 0.9915267104 0.6549210933 0.9308118230 0.2596458501 0.0034043324 0.0647267691 0.2291765908 0.0005302752 0.7294196858 0.2633628020 0.0029311894 0.3037694517 0.6270002048 0.2338133342 0.6009835205 0.2217445429 0.0002115220 1.4930257636 1.4780063879 1.5448145920 0.0002015901 11.5061117405 11.5054187125 11.5054334610 136.4222847323 0.0000729138 0.0039488724 0.3958702660 0.6464069421 0.1221506536 0.0134223701
-68.8163924771 0.0105852198 0.6165604612 0.3580774033 0.0001202601 0.9915255218 0.6548715893 0.9308006791 0.2596519433 0.0034045534 0.0647049852 0.2290063256 0.0005303212 0.7293814393 0.2635119246 0.0029315618 0.3037963974 0.6269894971 0.2338005530 0.6009893876 0.2217470480 0.0002115689 1.4929473306 1.4779210404 1.5448191299 0.0002016305 11.5060369778 11.5053440977 11.5053588505 136.4223013338 0.0000729433 0.0039493764 0.3958372296 0.6464581155 0.1221923353 0.0134318397
-68.8150574312 0.0105875077 0.6164690144 0.3579390243 0.0001202810 0.9915237432 0.6547967391 0.9307833693 0.2596633546 0.0034048839 0.0646724926 0.2287495809 0.0005303899 0.7293241562 0.2637376924 0.0029321189 0.3038367069 0.6269736369 0.2337833577 0.6009977230 0.2217529929 0.0002116414 1.4928275315 1.4777905253 1.5448267486 0.0002016930 11.5059567087 11.5052640520 11.5052788111 136.4223259092 0.0000729888 0.0039501305 0.3957878087 0.6465371044 0.1222530536 0.0134464392
-68.8132842426 0.0105905471 0.6163475441 0.3577552646 0.0001203087 0.9915213793 0.6546952650 0.9307587135 0.2596845918 0.0034053230 0.0646294112 0.2284041151 0.0005304812 0.7292479416 0.2640434091 0.0029328590 0.3038902488 0.6269523623 0.2337639793 0.6010078731 0.2217648998 0.0002117436 1.4926608850 1.4776087607 1.5448385215 0.0002017811 11.5059213186 11.5052289653 11.5052437333 136.4223583155 0.0000730526 0.0039511323 0.3957221650 0.6466482929 0.1223310516 0.0134669410
-68.8110782938 0.0105943284 0.6161964760 0.3575268567 0.0001203432 0.9915184368 0.6545640640 0.9307249661 0.2597247443 0.0034058692 0.0645756152 0.2279637048 0.0005305947 0.7291529371 0.2644363006 0.0029337797 0.3039568462 0.6269248491 0.2337447747 0.6010191320 0.2217856659 0.0002118802 1.4924399031 1.4773676868 1.5448558688 0.0002018989 11.5059555564 11.5052635978 11.5052783776 136.4160858533 0.0000731381 0.0039523786 0.3956405160 0.6467968085 0.1224246496 0.0134944233
-68.8084497650 0.0105988375 0.6160163579 0.3572546840 0.0001203843 0.9915149250 0.6544104000 0.9306872676 0.2597590710 0.0034065203 0.0645206198 0.2274789299 0.0005307301 0.7290393266 0.2648705808 0.0029348776 0.3040362426 0.6268809006 0.2337148365 0.6010215746 0.2217975336 0.0002120374 1.4921781421 1.4770906063 1.5448717791 0.0002020347 11.5060495070 11.5053579741 11.5053727673 136.4161267284 0.0000732351 0.0039538647 0.3955431548 0.6469675917 0.1225114579 0.0135248852
-68.8054065542 0.0106040608 0.6158077815 0.3569397537 0.0001204320 0.9915108533 0.6542353376 0.9306471793 0.2597842042 0.0034072744 0.0644646622 0.2269543830 0.0005308869 0.7289073060 0.2653427644 0.0029361493 0.3041281899 0.6268222044 0.2336740693 0.6010167483 0.2218006409 0.0002122088 1.4918873556 1.4767904990 1.5448857508 0.0002021827 11.5061557491 11.5054646627 11.5054794705 136.4161681907 0.0000733394 0.0039555862 0.3954303880 0.6471536212 0.1225928555 0.0135571503
-68.8019577650 0.0106099839 0.6155713677 0.3565830976 0.0001204860 0.9915062317 0.6540403153 0.9306059279 0.2597965274 0.0034081293 0.0644078749 0.2263940701 0.0005310646 0.7287570847 0.2658500381 0.0029375914 0.3042324201 0.6267501861 0.2336227492 0.6010059451 0.2217953895 0.0002123899 1.4915774896 1.4764776924 1.5448978623 0.0002023391 11.5062597734 11.5055691442 11.5055839673 136.4162104765 0.0000734474 0.0039575382 0.3953025483 0.6473499535 0.1226699588 0.0135903294
-68.7981130840 0.0106165913 0.6153077611 0.3561857625 0.0001205463 0.9915010710 0.6538268873 0.9305644885 0.2597925851 0.0034090827 0.0643503080 0.2258019128 0.0005312629 0.7285888844 0.2663897700 0.0029391999 0.3043486485 0.6266660217 0.2335612904 0.6009903518 0.2217823068 0.0002125774 1.4912569444 1.4761603863 1.5449085191 0.0002025009 11.5063609030 11.5056707331 11.5056855720 136.4162538121 0.0000735567 0.0039597155 0.3951599912 0.6475530062 0.1227436774 0.0136237516
-68.7938827005 0.0106238666 0.6150176595 0.3557489123 0.0001206126 0.9914953828 0.6535965300 0.9305236690 0.2597693384 0.0034101321 0.0642919204 0.2251817753 0.0005314811 0.7284029386 0.2669594572 0.0029409709 0.3044765751 0.6265707649 0.2334901220 0.6009711825 0.2217619518 0.0002127687 1.4909327398 1.4758451228 1.5449182126 0.0002026660 11.5064557644 11.5057660497 11.5057809047 136.4162983586 0.0000736652 0.0039621128 0.3950030926 0.6477599215 0.1228147688 0.0136568989
-68.7892772414 0.0106317930 0.6147018108 0.3552738213 0.0001206849 0.9914891788 0.6533504947 0.9304840934 0.2597244143 0.0034112750 0.0642325874 0.2245375992 0.0005317189 0.7281994909 0.2675565664 0.0029429003 0.3046158874 0.6264654411 0.2334096380 0.6009497488 0.2217348667 0.0002129618 1.4906104538 1.4755369013 1.5449274108 0.0002028326 11.5065434720 11.5058542037 11.5058690749 136.4163441913 0.0000737715 0.0039647245 0.3948322462 0.6479685544 0.1228838675 0.0136893878
-68.7843077111 0.0106403529 0.6143609724 0.3547617535 0.0001207630 0.9914824715 0.6530897164 0.9304462054 0.2596562325 0.0034125087 0.0641720965 0.2238733833 0.0005319755 0.7279787947 0.2681784890 0.0029449838 0.3047662616 0.6263510957 0.2333201797 0.6009274922 0.2217015591 0.0002131554 1.4902943961 1.4752394807 1.5449365099 0.0002029996 11.5066302661 11.5059414309 11.5059563184 136.4163913232 0.0000738743 0.0039675447 0.3946478613 0.6481774009 0.1229515090 0.0137209409
-68.7789854257 0.0106495283 0.6139959249 0.3542140113 0.0001208466 0.9914752735 0.6528148107 0.9304103419 0.2595639684 0.0034138306 0.0641101243 0.2231929349 0.0005322505 0.7277411123 0.2688227282 0.0029472169 0.3049273648 0.6262288340 0.2332220314 0.6009060287 0.2216625041 0.0002133481 1.4899876768 1.4749556105 1.5449457249 0.0002031658 11.5067140505 11.5060256331 11.5060405365 136.4164397367 0.0000739728 0.0039705675 0.3944503610 0.6483851656 0.1230181615 0.0137513527
-68.7733219657 0.0106593008 0.6136074500 0.3536318719 0.0001209357 0.9914675979 0.6525260796 0.9303767142 0.2594475277 0.0034152378 0.0640462487 0.2224999710 0.0005325433 0.7274867142 0.2694867543 0.0029495951 0.3050988561 0.6260998332 0.2331154197 0.6008871698 0.2216181537 0.0002135393 1.4896923254 1.4746871809 1.5449551062 0.0002033305 11.5067956827 11.5061076654 11.5061225846 136.4164894005 0.0000740665 0.0039737867 0.3942401796 0.6485909111 0.1230842319 0.0137804801
-68.7673291268 0.0106696516 0.6131963828 0.3530167523 0.0001210300 0.9914594582 0.6522235343 0.9303454438 0.2593074709 0.0034167276 0.0639799575 0.2217981085 0.0005328533 0.7272158789 0.2701679579 0.0029521138 0.3052803881 0.6259653492 0.2330005105 0.6008729439 0.2215689486 0.0002137280 1.4894094858 1.4744354738 1.5449645169 0.0002034931 11.5068758442 11.5061882084 11.5062031430 136.4165402779 0.0000741548 0.0039771961 0.3940177611 0.6487938808 0.1231500769 0.0138082176
-68.7610188749 0.0106805616 0.6127635343 0.3523699749 0.0001211294 0.9914508678 0.6519069206 0.9303165885 0.2591449383 0.0034182971 0.0639106662 0.2210908726 0.0005331800 0.7269288924 0.2708635909 0.0029547684 0.3054716086 0.6258267161 0.2328774039 0.6008656175 0.2215153307 0.0002139138 1.4891396171 1.4742013935 1.5449736259 0.0002036531 11.5069550625 11.5062677880 11.5062827378 136.4165923313 0.0000742373 0.0039807894 0.3937835577 0.6489933949 0.1232160102 0.0138344761
-68.7544033018 0.0106920116 0.6123097632 0.3516929909 0.0001212337 0.9914418407 0.6515757423 0.9302901642 0.2589615844 0.0034199433 0.0638377474 0.2203817140 0.0005335227 0.7266260484 0.2715706992 0.0029575541 0.3056721614 0.6256853398 0.2327461248 0.6008677137 0.2214577551 0.0002140959 1.4888826889 1.4739856797 1.5449819035 0.0002038098 11.5070337468 11.5063468123 11.5063617768 136.4166455231 0.0000743136 0.0039845601 0.3935380277 0.6491887556 0.1232823086 0.0138591628
-68.7474945820 0.0107039820 0.6118359167 0.3509872031 0.0001213427 0.9914323908 0.6512292807 0.9302661660 0.2587595224 0.0034216634 0.0637605699 0.2196740277 0.0005338808 0.7263076477 0.2722860574 0.0029604661 0.3058816876 0.6255426841 0.2326066076 0.6008820293 0.2213967020 0.0002142735 1.4886383857 1.4737891088 1.5449886251 0.0002039626 11.5071122344 11.5064256170 11.5064405957 136.4166998158 0.0000743833 0.0039885018 0.3932816343 0.6493791611 0.1233492165 0.0138821623
-68.7403049271 0.0107164535 0.6113428265 0.3502539586 0.0001214562 0.9914225322 0.6508666143 0.9302445835 0.2585412779 0.0034234544 0.0636785459 0.2189711672 0.0005342538 0.7259739985 0.2730061124 0.0029634997 0.3060998274 0.6254002485 0.2324586749 0.6009116496 0.2213326881 0.0002144458 1.4884062715 1.4736126589 1.5449928727 0.0002041107 11.5071908611 11.5065045357 11.5065195281 136.4167551694 0.0000744456 0.0039926080 0.3930148434 0.6495636378 0.1234169485 0.0139033202
-68.7328465389 0.0107294065 0.6108313837 0.3494947770 0.0001215742 0.9914122792 0.6504866423 0.9302254169 0.2583097362 0.0034253134 0.0635911817 0.2182764481 0.0005346409 0.7256254167 0.2737269427 0.0029666500 0.3063262207 0.6252595376 0.2323020080 0.6009599580 0.2212662804 0.0002146116 1.4881859917 1.4734576757 1.5449935516 0.0002042531 11.5072700829 11.5065840219 11.5065990272 136.4168115391 0.0000744999 0.0039968723 0.3927381225 0.6497409788 0.1234856918 0.0139224270
-68.7251315580 0.0107428215 0.6103023779 0.3487108759 0.0001216962 0.9914016459 0.6500881220 0.9302086864 0.2580680803 0.0034272375 0.0634981265 0.2175931394 0.0005350418 0.7252622255 0.2744442414 0.0029699124 0.3065605096 0.6251220216 0.2321361088 0.6010306416 0.2211981115 0.0002147695 1.4879773926 1.4733259678 1.5449894051 0.0002043884 11.5073506948 11.5066648666 11.5066798842 136.4168688680 0.0000745450 0.0040012882 0.3924519385 0.6499097205 0.1235556064 0.0139392071
-68.7171720101 0.0107566794 0.6097567120 0.3479038107 0.0001218223 0.9913906466 0.6496697320 0.9301944414 0.2578196926 0.0034292239 0.0633992125 0.2169244458 0.0005354556 0.7248847558 0.2751533269 0.0029732821 0.3068023391 0.6249890903 0.2319602523 0.6011276902 0.2211288988 0.0002149179 1.4877807158 1.4732199173 1.5449790713 0.0002045154 11.5074342259 11.5067485946 11.5067636235 136.4169270739 0.0000745799 0.0040058492 0.3921567559 0.6500681391 0.1236268253 0.0139533084
-68.7089797464 0.0107709610 0.6091951990 0.3470748801 0.0001219522 0.9913792954 0.6492301814 0.9301827543 0.2575680118 0.0034312695 0.0632944828 0.2162735039 0.0005358819 0.7244933463 0.2758491762 0.0029767544 0.3070513593 0.6248620089 0.2317734309 0.6012553914 0.2210594728 0.0002150549 1.4875966469 1.4731424216 1.5449611656 0.0002046324 11.5075236404 11.5068381648 11.5068532039 136.4169860237 0.0000746031 0.0040105492 0.3918530349 0.6502143504 0.1236994525 0.0139643066
-68.7005663811 0.0107856478 0.6086186365 0.3462253535 0.0001220857 0.9913676063 0.6487683994 0.9301736850 0.2573163236 0.0034333717 0.0631842048 0.2156434792 0.0005363200 0.7240883432 0.2765264333 0.0029803247 0.3073072272 0.6247418903 0.2315742920 0.6014183302 0.2209908166 0.0002151789 1.4874261072 1.4730965325 1.5449344172 0.0002047380 11.5076245827 11.5069392159 11.5069542640 136.4170454840 0.0000746133 0.0040153818 0.3915412292 0.6503466002 0.1237735609 0.0139717378
-68.6919432271 0.0108007215 0.6080278452 0.3453565848 0.0001222228 0.9913555931 0.6482838442 0.9301671791 0.2570674978 0.0034355278 0.0630688822 0.2150380337 0.0005367695 0.7236701009 0.2771792144 0.0029839887 0.3075696084 0.6246297204 0.2313610790 0.6016214143 0.2209241312 0.0002152890 1.4872692685 1.4730843362 1.5448978002 0.0002048314 11.5077475960 11.5070622873 11.5070773429 136.4171050434 0.0000746093 0.0040203411 0.3912217840 0.6504639358 0.1238491880 0.0139751899
-68.6831212354 0.0108161645 0.6074235810 0.3444697665 0.0001223631 0.9913432694 0.6477769140 0.9301628064 0.2568238871 0.0034377351 0.0629493034 0.2144629277 0.0005372298 0.7232389813 0.2778001540 0.0029877419 0.3078381793 0.6245265026 0.2311315929 0.6018699818 0.2208609460 0.0002153863 1.4871223664 1.4731040326 1.5448503035 0.0002049136 11.5079165284 11.5072312267 11.5072462886 136.4171640176 0.0000745916 0.0040254212 0.3908951337 0.6505676555 0.1239263338 0.0139745140
-68.6741109260 0.0108319599 0.6068066372 0.3435662245 0.0001225066 0.9913306483 0.6472490491 0.9301589784 0.2565888592 0.0034399910 0.0628267409 0.2139301922 0.0005377003 0.7227953540 0.2783773820 0.0029915803 0.3081126287 0.6244336738 0.2308832036 0.6021701676 0.2208033321 0.0002154774 1.4869664530 1.4731406424 1.5447892106 0.0002049902 11.5081618301 11.5074764992 11.5074915665 136.4172214071 0.0000745642 0.0040306165 0.3905616994 0.6506646760 0.1240049736 0.0139704987
-68.6649222775 0.0108480914 0.6061776883 0.3426469871 0.0001226531 0.9913177426 0.6467005845 0.9301491502 0.2563769390 0.0034422932 0.0627036043 0.2134649078 0.0005381805 0.7223395960 0.2788871967 0.0029954998 0.3083926597 0.6243539875 0.2306129548 0.6025297961 0.2207543575 0.0002155886 1.4867242091 1.4731325737 1.5447060439 0.0002050840 11.5085595516 11.5078742214 11.5078892957 136.4172760701 0.0000745450 0.0040359216 0.3902218864 0.6507829204 0.1240850854 0.0139679916
-68.6555645809 0.0108645437 0.6055374426 0.3417132130 0.0001228025 0.9913045647 0.6461237902 0.9301160026 0.2562382794 0.0034446393 0.0625837329 0.2130998176 0.0005386700 0.7218720924 0.2792895353 0.0029994967 0.3086779877 0.6242929125 0.2303177810 0.6029600862 0.2207192284 0.0002157829 1.4862188931 1.4729370980 1.5445898872 0.0002052493 11.5091105986 11.5084254884 11.5084405769 136.4173269960 0.0000745790 0.0040413314 0.3898760829 0.6509895003 0.1241668440 0.0139810120
-68.6460475267 0.0108813009 0.6048865858 0.3407659962 0.0001229546 0.9912911270 0.6455010728 0.9300599636 0.2562350017 0.0034470270 0.0624665469 0.2128413963 0.0005391683 0.7213932478 0.2795519692 0.0030035672 0.3089683231 0.6242568771 0.2299956577 0.6034711621 0.2207081925 0.0002160236 1.4855324061 1.4726223877 1.5444473402 0.0002054529 11.5090242144 11.5083395675 11.5083546760 136.4173729746 0.0000746453 0.0040468406 0.3895246733 0.6512451137 0.1242511292 0.0140063978
-68.6412144390 0.0108898206 0.6045561862 0.3402859351 0.0001230319 0.9912842876 0.6451701653 0.9300330941 0.2562777883 0.0034482402 0.0624081731 0.2127295909 0.0005394216 0.7211483314 0.2796512605 0.0030056364 0.3091158265 0.6242482728 0.2298261113 0.6037529373 0.2207156712 0.0002161136 1.4852295705 1.4725258307 1.5443672059 0.0002055277 11.5085040836 11.5078196592 11.5078347761 136.4173953973 0.0000746556 0.0040496412 0.3893463203 0.6513408697 0.1242955894 0.0140137322
-68.6362367302 0.0108986017 0.6042161383 0.3397923963 0.0001231115 0.9912772255 0.6448233661 0.9300029218 0.2563450061 0.0034494902 0.0623434089 0.2125752599 0.0005396825 0.7208924983 0.2797949929 0.0030077690 0.3092677802 0.6242473228 0.2296425399 0.6040663744 0.2207275473 0.0002162082 1.4849252679 1.4724467685 1.5442833384 0.0002056062 11.5081800743 11.5074958511 11.5075109763 136.4174228440 0.0000746594 0.0040525275 0.3891627131 0.6514413654 0.1243450587 0.0140194340
-68.6311196579 0.0109076356 0.6038668078 0.3392859536 0.0001231934 0.9912699477 0.6444575849 0.9299664912 0.2564589889 0.0034507755 0.0622736590 0.2123944482 0.0005399509 0.7206259991 0.2799635700 0.0030099628 0.3094240282 0.6242542729 0.2294433789 0.6044123529 0.2207443073 0.0002163105 1.4846144585 1.4723814365 1.5441956347 0.0002056912 11.5080020102 11.5073179839 11.5073331177 136.4174543440 0.0000746581 0.0040554966 0.3889740575 0.6515499641 0.1243987669 0.0140241815
-68.6258687513 0.0109169132 0.6035085593 0.3387671481 0.0001232776 0.9912624615 0.6440710463 0.9299208091 0.2566415536 0.0034520950 0.0622001314 0.2122001438 0.0005402264 0.7203491072 0.2801415203 0.0030122157 0.3095844057 0.6242712360 0.2292272532 0.6047926234 0.2207667179 0.0002164239 1.4842923928 1.4723260608 1.5441041177 0.0002057854 11.5079081614 11.5072243477 11.5072394910 136.4174890046 0.0000746528 0.0040585455 0.3887805721 0.6516702761 0.1244561565 0.0140285446
-68.6204897968 0.0109264248 0.6031418237 0.3382366718 0.0001233638 0.9912547748 0.6436625140 0.9298629397 0.2569145166 0.0034534472 0.0621238648 0.2120024510 0.0005405087 0.7200621196 0.2803166429 0.0030145252 0.3097487395 0.6243016048 0.2289935861 0.6052088011 0.2207959331 0.0002165515 1.4839577766 1.4722796525 1.5440093697 0.0002058914 11.5078569972 11.5071734282 11.5071885821 136.4175260685 0.0000746443 0.0040616709 0.3885824864 0.6518055743 0.1245168231 0.0140328267
-68.6149888238 0.0109361604 0.6027670258 0.3376951769 0.0001234520 0.9912468958 0.6432309563 0.9297903251 0.2572973855 0.0034548305 0.0620458044 0.2118096833 0.0005407977 0.7197653577 0.2804786665 0.0030168889 0.3099168490 0.6243496522 0.2287427692 0.6056620207 0.2208334975 0.0002166959 1.4836119359 1.4722432001 1.5439123917 0.0002060112 11.5078245563 11.5071412764 11.5071564423 136.4175648685 0.0000746324 0.0040648696 0.3883800396 0.6519585099 0.1245804565 0.0140371467
-68.6093720938 0.0109461095 0.6023846059 0.3371433350 0.0001235421 0.9912388332 0.6427754173 0.9297014615 0.2578027499 0.0034562436 0.0619668599 0.2116292442 0.0005410928 0.7194591692 0.2806182610 0.0030193042 0.3100885465 0.6244204018 0.2284762466 0.6061528458 0.2208813036 0.0002168581 1.4832581213 1.4722190924 1.5438142202 0.0002061458 11.5077990241 11.5071160842 11.5071312639 136.4176047491 0.0000746166 0.0040681381 0.3881734797 0.6521302067 0.1246467994 0.0140414485
-68.6036460712 0.0109562611 0.6019950167 0.3365818335 0.0001236341 0.9912305961 0.6422949738 0.9295966102 0.2584315981 0.0034576847 0.0618879353 0.2114681295 0.0005413939 0.7191439285 0.2807264941 0.0030217684 0.3102636384 0.6245195311 0.2281966166 0.6066812271 0.2209415614 0.0002170369 1.4829011982 1.4722109212 1.5437155323 0.0002062940 11.5077748658 11.5070923156 11.5071075106 136.4176450268 0.0000745960 0.0040714728 0.3879630618 0.6523191746 0.1247156256 0.0140454627
-68.5978173583 0.0109666043 0.6015987192 0.3360113680 0.0001237277 0.9912221938 0.6417887207 0.9294781011 0.2591713982 0.0034591523 0.0618099409 0.2113331870 0.0005417005 0.7188200373 0.2807945630 0.0030242790 0.3104419276 0.6246531499 0.2279077174 0.6072464545 0.2210167981 0.0002172278 1.4825475406 1.4722234255 1.5436164325 0.0002064520 11.5077495547 11.5070674340 11.5070826453 136.4176849969 0.0000745690 0.0040748700 0.3877490459 0.6525207745 0.1247867280 0.0140486814
-68.5918925847 0.0109771278 0.6011961503 0.3354325677 0.0001238230 0.9912136357 0.6412557658 0.9293499745 0.2599985662 0.0034606447 0.0617337957 0.2112312456 0.0005420124 0.7184879228 0.2808136732 0.0030268331 0.3106232162 0.6248274121 0.2276146418 0.6078471030 0.2211098829 0.0002174239 1.4822049703 1.4722624284 1.5435165427 0.0002066139 11.5077220508 11.5070403819 11.5070556102 136.4177239573 0.0000745334 0.0040783261 0.3875316933 0.6527276480 0.1248599126 0.0140503802
-68.5858782579 0.0109878207 0.6007878142 0.3348462397 0.0001239197 0.9912049314 0.6406952296 0.9292170902 0.2608844149 0.0034621604 0.0616604250 0.2111691732 0.0005423291 0.7181480353 0.2807750000 0.0030294281 0.3108073102 0.6250479849 0.2273236467 0.6084809814 0.2212240701 0.0002176168 1.4818826222 1.4723346536 1.5434153530 0.0002067728 11.5076921249 11.5070109090 11.5070261539 136.4177612157 0.0000744867 0.0040818374 0.3873112625 0.6529309848 0.1249349961 0.0140496954
-68.5797805949 0.0109986725 0.6003740968 0.3342529032 0.0001240179 0.9911960902 0.6401062495 0.9290841001 0.2618018668 0.0034636979 0.0615907586 0.2111538944 0.0005426505 0.7178008453 0.2806697018 0.0030320614 0.3109940243 0.6253194441 0.2270419518 0.6091450913 0.2213630528 0.0002177982 1.4815906369 1.4724473861 1.5433126748 0.0002069215 11.5076600406 11.5069792581 11.5069945187 136.4177960649 0.0000744262 0.0040854005 0.3870880040 0.6531220970 0.1250118067 0.0140457322
-68.5736053609 0.0110096735 0.5999554584 0.3336532923 0.0001241174 0.9911871213 0.6394879937 0.9289546645 0.2627303811 0.0034652557 0.0615257297 0.2111923834 0.0005429762 0.7174468402 0.2804889721 0.0030347307 0.3111831863 0.6256446874 0.2267774539 0.6098356019 0.2215310241 0.0002179613 1.4813396264 1.4726079322 1.5432090091 0.0002070542 11.5076263852 11.5069460001 11.5069612746 136.4178277368 0.0000743497 0.0040890122 0.3868621560 0.6532937576 0.1250901869 0.0140376769
-68.5673577334 0.0110208150 0.5995322212 0.3330478252 0.0001242181 0.9911780331 0.6388396847 0.9288310666 0.2636580827 0.0034668325 0.0614662768 0.2112916418 0.0005433059 0.7170865212 0.2802241240 0.0030374338 0.3113746414 0.6260244605 0.2265384065 0.6105478393 0.2217327431 0.0002181012 1.4811398491 1.4728228760 1.5431057219 0.0002071668 11.5075919498 11.5069119159 11.5069272024 136.4178553642 0.0000742553 0.0040926696 0.3866339400 0.6534410556 0.1251700004 0.0140248974
-68.5610422040 0.0110320894 0.5991047432 0.3324370509 0.0001243200 0.9911688337 0.6381606357 0.9287141651 0.2645815269 0.0034684273 0.0614133475 0.2114586666 0.0005436393 0.7167204001 0.2798667041 0.0030401690 0.3115682550 0.6264570685 0.2263331196 0.6112762908 0.2219736036 0.0002182159 1.4810002646 1.4730972355 1.5430050350 0.0002072576 11.5075606735 11.5068809419 11.5068962382 136.4178779648 0.0000741420 0.0040963702 0.3864035582 0.6535618213 0.1252511411 0.0140070191
-68.5546625172 0.0110434904 0.5986733117 0.3318213839 0.0001244231 0.9911595305 0.6374503055 0.9286035842 0.2655040938 0.0034700392 0.0613679011 0.2117004020 0.0005439765 0.7163489975 0.2794086491 0.0030429345 0.3117639146 0.6269383461 0.2261697387 0.6120146480 0.2222597195 0.0002183057 1.4809275396 1.4734336549 1.5429098215 0.0002073270 11.5075352185 11.5068557454 11.5068710492 136.4178944319 0.0000740099 0.0041001119 0.3861711916 0.6536565453 0.1253335494 0.0139839677
-68.5482216505 0.0110550130 0.5982381674 0.3312011679 0.0001245271 0.9911501300 0.6367083881 0.9284980332 0.2664337274 0.0034716674 0.0613309077 0.2120236445 0.0005443170 0.7159728390 0.2788425486 0.0030457293 0.3119615305 0.6274617960 0.2260561255 0.6127558200 0.2225979824 0.0002183733 1.4809254203 1.4738319893 1.5428233073 0.0002073772 11.5075126190 11.5068333726 11.5068486820 136.4179035360 0.0000738602 0.0041038931 0.3859369988 0.6537279657 0.1254172341 0.0139559571
-68.5417218411 0.0110666535 0.5977995052 0.3305766771 0.0001246323 0.9911406384 0.6359348763 0.9283956530 0.2673805918 0.0034733113 0.0613033778 0.2124352716 0.0005446610 0.7155924533 0.2781615421 0.0030485525 0.3121610354 0.6280189127 0.2259998537 0.6134919506 0.2229961174 0.0002184229 1.4809949179 1.4742897554 1.5427487717 0.0002074120 11.5074982694 11.5068192340 11.5068345474 136.4179039054 0.0000736948 0.0041077125 0.3857011168 0.6537805983 0.1255022835 0.0139234005
-68.5351646297 0.0110784094 0.5973574761 0.3299481202 0.0001247384 0.9911310610 0.6351301843 0.9282946455 0.2683543951 0.0034749707 0.0612863680 0.2129421367 0.0005450081 0.7152083685 0.2773596497 0.0030514033 0.3123623832 0.6285996015 0.2260082970 0.6142144484 0.2234627109 0.0002184587 1.4811369530 1.4748052114 1.5426893407 0.0002074351 11.5074948347 11.5068160108 11.5068313269 136.4178940271 0.0000735152 0.0041115693 0.3854636610 0.6538188371 0.1255889051 0.0138865897
-68.5285509176 0.0110902795 0.5969121898 0.3293156444 0.0001248455 0.9911214022 0.6342953082 0.9281939752 0.2693618778 0.0034766452 0.0612810102 0.2135511496 0.0005453586 0.7148211082 0.2764319575 0.0030542816 0.3125655477 0.6291925846 0.2260887552 0.6149140069 0.2240071850 0.0002184827 1.4813577007 1.4753833644 1.5426482032 0.0002074479 11.5075056027 11.5068270000 11.5068423178 136.4178722424 0.0000733211 0.0041154630 0.3852247265 0.6538445943 0.1256774674 0.0138451549
-68.5218809932 0.0111022635 0.5964637144 0.3286793359 0.0001249537 0.9911116663 0.6334320573 0.9280939440 0.2704053612 0.0034783349 0.0612885451 0.2142694468 0.0005457122 0.7144311865 0.2753748008 0.0030571872 0.3127705228 0.6297857377 0.2262485529 0.6155806206 0.2246396858 0.0002184919 1.4816759110 1.4760442242 1.5426295988 0.0002074481 11.5075358641 11.5068574880 11.5068728062 136.4178367440 0.0000731072 0.0041193937 0.3849843879 0.6538550243 0.1257685569 0.0137973723
-68.5151544754 0.0111143627 0.5960120731 0.3280392161 0.0001250628 0.9911018562 0.6325434047 0.9279959938 0.2714835786 0.0034800398 0.0613103428 0.2151047538 0.0005460691 0.7140391017 0.2741859102 0.0030601204 0.3129773238 0.6303663808 0.2264950740 0.6162036142 0.2253708343 0.0002184799 1.4821277095 1.4768280052 1.5426410892 0.0002074300 11.5075952577 11.5069170976 11.5069324142 136.4177855839 0.0000728632 0.0041233617 0.3847426972 0.6538432107 0.1258630587 0.0137397144
-68.5083701463 0.0111265796 0.5955572375 0.3273952316 0.0001251730 0.9910919744 0.6316340204 0.9279007694 0.2725950789 0.0034817603 0.0613478926 0.2160662133 0.0005464293 0.7136453280 0.2728643751 0.0030630819 0.3131859911 0.6309215482 0.2268357212 0.6167717554 0.2262112605 0.0002184446 1.4827589444 1.4777847380 1.5426973590 0.0002073919 11.5077042264 11.5070262675 11.5070415804 136.4177167134 0.0000725779 0.0041273677 0.3844996800 0.6538071066 0.1259622732 0.0136673688
-68.5015257417 0.0111389183 0.5950991225 0.3267472485 0.0001252842 0.9910820219 0.6307110248 0.9278035610 0.2737434348 0.0034834971 0.0614027715 0.2171664245 0.0005467930 0.7132503082 0.2714099372 0.0030660727 0.3133965922 0.6314380640 0.2272776238 0.6172737278 0.2271707989 0.0002184108 1.4835884937 1.4789283728 1.5428219690 0.0002073557 11.5079105669 11.5072328657 11.5072481747 136.4176280940 0.0000722544 0.0041314132 0.3842553337 0.6537724539 0.1260680940 0.0135758439
-68.4946178885 0.0111513844 0.5946376005 0.3260950743 0.0001253965 0.9910719991 0.6297846062 0.9276847928 0.2749484072 0.0034852507 0.0614766872 0.2184262182 0.0005471602 0.7128544497 0.2698202825 0.0030690939 0.3136092138 0.6319020831 0.2278263661 0.6176997166 0.2282571482 0.0002184770 1.4844838564 1.4800857412 1.5430237391 0.0002074081 11.5083050353 11.5076279307 11.5076432444 136.4175179380 0.0000719470 0.0041354999 0.3840096324 0.6538419351 0.1261832978 0.0134615437
-68.4876416088 0.0111639820 0.5941725674 0.3254385576 0.0001255100 0.9910619066 0.6288661156 0.9274614963 0.2763129724 0.0034870218 0.0615720620 0.2198818030 0.0005475312 0.7124581310 0.2680836019 0.0030721468 0.3138239268 0.6322990932 0.2284825178 0.6180456466 0.2294736777 0.0002190503 1.4845677223 1.4799635926 1.5431651328 0.0002079090 11.5091296431 11.5084546447 11.5084700080 136.4173851221 0.0000719912 0.0041396292 0.3837625565 0.6544381652 0.1263119908 0.0133322518
-68.4805904480 0.0111767055 0.5937042432 0.3247780358 0.0001256246 0.9910517499 0.6279583949 0.9268432089 0.2782165930 0.0034888095 0.0616910526 0.2215724673 0.0005479058 0.7120617573 0.2661733526 0.0030752298 0.3140406266 0.6326191067 0.2292355731 0.6183235719 0.2308163911 0.0002215355 1.4808433607 1.4728790174 1.5426624056 0.0002101118 11.5111541145 11.5104867706 11.5105023527 136.4172297476 0.0000738714 0.0041437992 0.3835142280 0.6569959206 0.1264604168 0.0132928619
-68.4734967002 0.0111895048 0.5932342644 0.3241159513 0.0001257398 0.9910415577 0.6270528876 0.9259493011 0.2806841159 0.0034906068 0.0618190858 0.2234823328 0.0005482823 0.7116659775 0.2640809158 0.0030783309 0.3142584578 0.6328651944 0.2300531565 0.6185756439 0.2322766952 0.0002252090 1.4741534749 1.4609188558 1.5415397218 0.0002133684 11.5122502341 11.5115942864 11.5116101961 136.4170523669 0.0000770731 0.0041479935 0.3832654046 0.6607077618 0.1266387493 0.0134170009
-68.4664227226 0.0112023006 0.5927651965 0.3234561100 0.0001258550 0.9910313742 0.6261703354 0.9253941914 0.2828236137 0.0034924026 0.0619760433 0.2255297700 0.0005486587 0.7112716095 0.2618910934 0.0030814308 0.3144760710 0.6330625559 0.2309742472 0.6187109557 0.2338758924 0.0002271227 1.4701666554 1.4551646831 1.5408386647 0.0002150438 11.5058180847 11.5051696842 11.5051857827 136.4168590336 0.0000786240 0.0041521863 0.3830172605 0.6626125525 0.1268636811 0.0135163920
-68.4593990055 0.0112150477 0.5922985021 0.3228006602 0.0001259697 0.9910212253 0.6253395419 0.9252534058 0.2840134330 0.0034941905 0.0621493150 0.2275988962 0.0005490334 0.7108792312 0.2597523360 0.0030845186 0.3146926975 0.6330284826 0.2319350846 0.6186004620 0.2354566374 0.0002272773 1.4706918676 1.4552710814 1.5409127250 0.0002151756 11.5058457311 11.5051985961 11.5052147077 136.4166904877 0.0000785991 0.0041563626 0.3827704705 0.6627656621 0.1271691837 0.0135013774
-68.6412144390 0.0108898206 0.6045561862 0.3402859351 0.0001230319 0.9912842876 0.6451701653 0.9300330941 0.2562777883 0.0034482402 0.0624081731 0.2127295909 0.0005394216 0.7211483314 0.2796512605 0.0030056364 0.3091158265 0.6242482728 0.2298261113 0.6037529373 0.2207156712 0.0002161136 1.4852295705 1.4725258307 1.5443672059 0.0002055277 11.5085040836 11.5078196592 11.5078347761 136.4173953973 0.0000746556 0.0040496412 0.3893463203 0.6513408697 0.1242955894 0.0140137322
-68.6362367302 0.0108986017 0.6042161383 0.3397923963 0.0001231115 0.9912772255 0.6448233661 0.9300029218 0.2563450061 0.0034494902 0.0623434089 0.2125752599 0.0005396825 0.7208924983 0.2797949929 0.0030077690 0.3092677802 0.6242473228 0.2296425399 0.6040663744 0.2207275473 0.0002162082 1.4849252679 1.4724467685 1.5442833384 0.0002056062 11.5081800743 11.5074958511 11.5075109763 136.4174228440 0.0000746594 0.0040525275 0.3891627131 0.6514413654 0.1243450587 0.0140194340
-68.6311196579 0.0109076356 0.6038668078 0.3392859536 0.0001231934 0.9912699477 0.6444575849 0.9299664912 0.2564589889 0.0034507755 0.0622736590 0.2123944482 0.0005399509 0.7206259991 0.2799635700 0.0030099628 0.3094240282 0.6242542729 0.2294433789 0.6044123529 0.2207443073 0.0002163105 1.4846144585 1.4723814365 1.5441956347 0.0002056912 11.5080020102 11.5073179839 11.5073331177 136.4174543440 0.0000746581 0.0040554966 0.3889740575 0.6515499641 0.1243987669 0.0140241815
-68.6258687513 0.0109169132 0.6035085593 0.3387671481 0.0001232776 0.9912624615 0.6440710463 0.9299208091 0.2566415536 0.0034520950 0.0622001314 0.2122001438 0.0005402264 0.7203491072 0.2801415203 0.0030122157 0.3095844057 0.6242712360 0.2292272532 0.6047926234 0.2207667179 0.0002164239 1.4842923928 1.4723260608 1.5441041177 0.0002057854 11.5079081614 11.5072243477 11.5072394910 136.4174890046 0.0000746528 0.0040585455 0.3887805721 0.6516702761 0.1244561565 0.0140285446
-68.6204897968 0.0109264248 0.6031418237 0.3382366718 0.0001233638 0.9912547748 0.6436625140 0.9298629397 0.2569145166 0.0034534472 0.0621238648 0.2120024510 0.0005405087 0.7200621196 0.2803166429 0.0030145252 0.3097487395 0.6243016048 0.2289935861 0.6052088011 0.2207959331 0.0002165515 1.4839577767 1.4722796525 1.5440093697 0.0002058914 11.5078569972 11.5071734282 11.5071885821 136.4175260685 0.0000746443 0.0040616709 0.3885824864 0.6518055743 0.1245168231 0.0140328267
-68.6149888238 0.0109361604 0.6027670258 0.3376951769 0.0001234520 0.9912468958 0.6432309563 0.9297903251 0.2572973855 0.0034548305 0.0620458044 0.2118096833 0.0005407977 0.7197653577 0.2804786665 0.0030168889 0.3099168490 0.6243496522 0.2287427692 0.6056620207 0.2208334975 0.0002166959 1.4836119359 1.4722432001 1.5439123916 0.0002060112 11.5078245563 11.5071412764 11.5071564423 136.4175648685 0.0000746324 0.0040648696 0.3883800396 0.6519585099 0.1245804565 0.0140371467
-68.6093720938 0.0109461095 0.6023846059 0.3371433350 0.0001235421 0.9912388332 0.6427754173 0.9297014615 0.2578027499 0.0034562436 0.0619668599 0.2116292442 0.0005410928 0.7194591692 0.2806182610 0.0030193042 0.3100885465 0.6244204018 0.2284762466 0.6061528458 0.2208813036 0.0002168581 1.4832581213 1.4722190924 1.5438142202 0.0002061458 11.5077990241 11.5071160842 11.5071312639 136.4176047491 0.0000746166 0.0040681381 0.3881734797 0.6521302067 0.1246467994 0.0140414485
-68.6036460712 0.0109562611 0.6019950167 0.3365818335 0.0001236341 0.9912305961 0.6422949738 0.9295966102 0.2584315981 0.0034576847 0.0618879353 0.2114681295 0.0005413939 0.7191439285 0.2807264941 0.0030217684 0.3102636384 0.6245195311 0.2281966166 0.6066812271 0.2209415614 0.0002170369 1.4829011982 1.4722109212 1.5437155323 0.0002062940 11.5077748658 11.5070923156 11.5071075106 136.4176450268 0.0000745960 0.0040714728 0.3879630618 0.6523191746 0.1247156256 0.0140454627
-68.5978173583 0.0109666043 0.6015987192 0.3360113680 0.0001237277 0.9912221938 0.6417887207 0.9294781011 0.2591713982 0.0034591523 0.0618099409 0.2113331870 0.0005417005 0.7188200373 0.2807945630 0.0030242790 0.3104419276 0.6246531499 0.2279077174 0.6072464545 0.2210167981 0.0002172278 1.4825475406 1.4722234256 1.5436164325 0.0002064520 11.5077495547 11.5070674340 11.5070826453 136.4176849969 0.0000745690 0.0040748700 0.3877490459 0.6525207745 0.1247867280 0.0140486814
-68.5918925847 0.0109771278 0.6011961503 0.3354325677 0.0001238230 0.9912136357 0.6412557658 0.9293499745 0.2599985662 0.0034606447 0.0617337957 0.2112312456 0.0005420124 0.7184879228 0.2808136732 0.0030268331 0.3106232162 0.6248274121 0.2276146418 0.6078471030 0.2211098829 0.0002174239 1.4822049703 1.4722624284 1.5435165427 0.0002066139 11.5077220508 11.5070403819 11.5070556102 136.4177239573 0.0000745334 0.0040783261 0.3875316933 0.6527276480 0.1248599126 0.0140503802
-68.5858782578 0.0109878207 0.6007878142 0.3348462397 0.0001239197 0.9912049314 0.6406952296 0.9292170902 0.2608844149 0.0034621604 0.0616604250 0.2111691732 0.0005423291 0.7181480353 0.2807750000 0.0030294281 0.3108073102 0.6250479849 0.2273236467 0.6084809814 0.2212240701 0.0002176168 1.4818826222 1.4723346537 1.5434153530 0.0002067728 11.5076921249 11.5070109090 11.5070261539 136.4177612157 0.0000744867 0.0040818374 0.3873112625 0.6529309848 0.1249349961 0.0140496954
-68.5797805948 0.0109986725 0.6003740968 0.3342529032 0.0001240179 0.9911960902 0.6401062495 0.9290841001 0.2618018668 0.0034636979 0.0615907586 0.2111538944 0.0005426505 0.7178008453 0.2806697018 0.0030320614 0.3109940243 0.6253194441 0.2270419518 0.6091450913 0.2213630528 0.0002177982 1.4815906369 1.4724473860 1.5433126748 0.0002069215 11.5076600406 11.5069792581 11.5069945187 136.4177960649 0.0000744262 0.0040854005 0.3870880040 0.6531220970 0.1250118067 0.0140457322
-68.5736053609 0.0110096735 0.5999554584 0.3336532923 0.0001241174 0.9911871213 0.6394879937 0.9289546645 0.2627303811 0.0034652557 0.0615257297 0.2111923834 0.0005429762 0.7174468402 0.2804889721 0.0030347307 0.3111831863 0.6256446874 0.2267774539 0.6098356019 0.2215310241 0.0002179613 1.4813396264 1.4726079321 1.5432090091 0.0002070542 11.5076263852 11.5069460001 11.5069612746 136.4178277368 0.0000743497 0.0040890122 0.3868621560 0.6532937576 0.1250901869 0.0140376769
-68.5673577334 0.0110208150 0.5995322212 0.3330478252 0.0001242181 0.9911780331 0.6388396847 0.9288310666 0.2636580827 0.0034668325 0.0614662768 0.2112916418 0.0005433059 0.7170865212 0.2802241240 0.0030374338 0.3113746414 0.6260244605 0.2265384065 0.6105478393 0.2217327431 0.0002181012 1.4811398491 1.4728228760 1.5431057219 0.0002071668 11.5075919498 11.5069119159 11.5069272024 136.4178553642 0.0000742553 0.0040926696 0.3866339400 0.6534410556 0.1251700004 0.0140248974
-68.5610422040 0.0110320894 0.5991047432 0.3324370509 0.0001243200 0.9911688337 0.6381606357 0.9287141651 0.2645815269 0.0034684273 0.0614133475 0.2114586666 0.0005436393 0.7167204001 0.2798667041 0.0030401690 0.3115682550 0.6264570685 0.2263331196 0.6112762908 0.2219736036 0.0002182159 1.4810002646 1.4730972355 1.5430050350 0.0002072576 11.5075606735 11.5068809419 11.5068962382 136.4178779648 0.0000741420 0.0040963702 0.3864035582 0.6535618213 0.1252511411 0.0140070191
-68.5546625172 0.0110434904 0.5986733117 0.3318213839 0.0001244231 0.9911595305 0.6374503055 0.9286035842 0.2655040938 0.0034700392 0.0613679011 0.2117004020 0.0005439765 0.7163489975 0.2794086491 0.0030429345 0.3117639146 0.6269383461 0.2261697387 0.6120146480 0.2222597195 0.0002183057 1.4809275396 1.4734336549 1.5429098215 0.0002073270 11.5075352185 11.5068557454 11.5068710492 136.4178944319 0.0000740099 0.0041001119 0.3861711916 0.6536565453 0.1253335494 0.0139839677
-68.5482216505 0.0110550130 0.5982381674 0.3312011679 0.0001245271 0.9911501300 0.6367083881 0.9284980332 0.2664337274 0.0034716674 0.0613309077 0.2120236445 0.0005443170 0.7159728390 0.2788425486 0.0030457293 0.3119615305 0.6274617960 0.2260561255 0.6127558200 0.2225979824 0.0002183733 1.4809254203 1.4738319893 1.5428233073 0.0002073772 11.5075126190 11.5068333726 11.5068486820 136.4179035360 0.0000738602 0.0041038931 0.3859369988 0.6537279657 0.1254172341 0.0139559571
-68.5417218411 0.0110666535 0.5977995052 0.3305766771 0.0001246323 0.9911406384 0.6359348763 0.9283956530 0.2673805918 0.0034733113 0.0613033778 0.2124352716 0.0005446610 0.7155924533 0.2781615421 0.0030485525 0.3121610354 0.6280189127 0.2259998537 0.6134919506 0.2229961174 0.0002184229 1.4809949179 1.4742897554 1.5427487717 0.0002074120 11.5074982694 11.5068192340 11.5068345474 136.4179039054 0.0000736948 0.0041077125 0.3857011168 0.6537805983 0.1255022835 0.0139234005
-68.5351646296 0.0110784094 0.5973574761 0.3299481202 0.0001247384 0.9911310610 0.6351301843 0.9282946455 0.2683543951 0.0034749707 0.0612863680 0.2129421367 0.0005450081 0.7152083685 0.2773596497 0.0030514033 0.3123623832 0.6285996015 0.2260082970 0.6142144484 0.2234627109 0.0002184587 1.4811369530 1.4748052114 1.5426893407 0.0002074351 11.5074948347 11.5068160108 11.5068313269 136.4178940271 0.0000735152 0.0041115693 0.3854636610 0.6538188371 0.1255889051 0.0138865897
-68.5285509176 0.0110902795 0.5969121898 0.3293156444 0.0001248455 0.9911214022 0.6342953082 0.9281939752 0.2693618778 0.0034766452 0.0612810102 0.2135511496 0.0005453586 0.7148211082 0.2764319575 0.0030542816 0.3125655477 0.6291925846 0.2260887552 0.6149140069 0.2240071850 0.0002184827 1.4813577008 1.4753833644 1.5426482032 0.0002074479 11.5075056027 11.5068270000 11.5068423178 136.4178722424 0.0000733211 0.0041154630 0.3852247265 0.6538445943 0.1256774674 0.0138451549
-68.5218809932 0.0111022635 0.5964637144 0.3286793359 0.0001249537 0.9911116663 0.6334320573 0.9280939440 0.2704053612 0.0034783349 0.0612885451 0.2142694468 0.0005457122 0.7144311865 0.2753748008 0.0030571872 0.3127705228 0.6297857377 0.2262485529 0.6155806206 0.2246396858 0.0002184919 1.4816759110 1.4760442242 1.5426295987 0.0002074481 11.5075358641 11.5068574880 11.5068728062 136.4178367440 0.0000731072 0.0041193937 0.3849843879 0.6538550243 0.1257685569 0.0137973723
-68.5151544754 0.0111143627 0.5960120731 0.3280392161 0.0001250628 0.9911018562 0.6325434047 0.9279959938 0.2714835786 0.0034800398 0.0613103428 0.2151047538 0.0005460691 0.7140391017 0.2741859102 0.0030601204 0.3129773238 0.6303663808 0.2264950740 0.6162036142 0.2253708343 0.0002184799 1.4821277095 1.4768280052 1.5426410893 0.0002074300 11.5075952577 11.5069170976 11.5069324142 136.4177855839 0.0000728632 0.0041233617 0.3847426972 0.6538432107 0.1258630587 0.0137397144
-68.5083701462 0.0111265796 0.5955572375 0.3273952316 0.0001251730 0.9910919744 0.6316340204 0.9279007694 0.2725950789 0.0034817603 0.0613478926 0.2160662133 0.0005464293 0.7136453280 0.2728643751 0.0030630819 0.3131859911 0.6309215482 0.2268357212 0.6167717554 0.2262112605 0.0002184446 1.4827589444 1.4777847379 1.5426973590 0.0002073919 11.5077042264 11.5070262675 11.5070415804 136.4177167134 0.0000725779 0.0041273677 0.3844996800 0.6538071066 0.1259622732 0.0136673688
-68.5015257417 0.0111389183 0.5950991225 0.3267472485 0.0001252842 0.9910820219 0.6307110248 0.9278035610 0.2737434348 0.0034834971 0.0614027715 0.2171664245 0.0005467930 0.7132503082 0.2714099372 0.0030660727 0.3133965922 0.6314380640 0.2272776238 0.6172737278 0.2271707989 0.0002184108 1.4835884938 1.4789283729 1.5428219691 0.0002073557 11.5079105669 11.5072328657 11.5072481747 136.4176280940 0.0000722544 0.0041314132 0.3842553337 0.6537724539 0.1260680940 0.0135758439
-68.4946178885 0.0111513844 0.5946376005 0.3260950743 0.0001253965 0.9910719991 0.6297846062 0.9276847928 0.2749484072 0.0034852507 0.0614766872 0.2184262182 0.0005471602 0.7128544497 0.2698202825 0.0030690939 0.3136092138 0.6319020831 0.2278263661 0.6176997166 0.2282571482 0.0002184770 1.4844838564 1.4800857412 1.5430237391 0.0002074081 11.5083050353 11.5076279307 11.5076432444 136.4175179380 0.0000719470 0.0041354999 0.3840096324 0.6538419351 0.1261832978 0.0134615437
-68.4876416088 0.0111639820 0.5941725674 0.3254385576 0.0001255100 0.9910619066 0.6288661156 0.9274614963 0.2763129724 0.0034870218 0.0615720620 0.2198818030 0.0005475312 0.7124581310 0.2680836019 0.0030721468 0.3138239268 0.6322990932 0.2284825178 0.6180456466 0.2294736777 0.0002190503 1.4845677222 1.4799635925 1.5431651328 0.0002079090 11.5091296431 11.5084546447 11.5084700080 136.4173851221 0.0000719912 0.0041396292 0.3837625565 0.6544381652 0.1263119908 0.0133322518
-68.4805904480 0.0111767055 0.5937042432 0.3247780358 0.0001256246 0.9910517499 0.6279583949 0.9268432089 0.2782165930 0.0034888095 0.0616910526 0.2215724673 0.0005479058 0.7120617573 0.2661733526 0.0030752298 0.3140406266 0.6326191067 0.2292355731 0.6183235719 0.2308163911 0.0002215355 1.4808433607 1.4728790174 1.5426624056 0.0002101118 11.5111541145 11.5104867706 11.5105023527 136.4172297476 0.0000738714 0.0041437992 0.3835142280 0.6569959206 0.1264604168 0.0132928619
-68.4734967002 0.0111895048 0.5932342644 0.3241159513 0.0001257398 0.9910415577 0.6270528876 0.9259493011 0.2806841159 0.0034906068 0.0618190858 0.2234823328 0.0005482823 0.7116659775 0.2640809158 0.0030783309 0.3142584578 0.6328651944 0.2300531565 0.6185756439 0.2322766952 0.0002252090 1.4741534749 1.4609188559 1.5415397219 0.0002133684 11.5122502341 11.5115942864 11.5116101961 136.4170523669 0.0000770731 0.0041479935 0.3832654046 0.6607077618 0.1266387493 0.0134170009
-68.4664227226 0.0112023006 0.5927651965 0.3234561100 0.0001258550 0.9910313742 0.6261703354 0.9253941915 0.2828236137 0.0034924026 0.0619760433 0.2255297700 0.0005486587 0.7112716095 0.2618910934 0.0030814308 0.3144760710 0.6330625559 0.2309742472 0.6187109557 0.2338758924 0.0002271227 1.4701666554 1.4551646832 1.5408386647 0.0002150438 11.5058180847 11.5051696842 11.5051857827 136.4168590336 0.0000786240 0.0041521863 0.3830172605 0.6626125525 0.1268636811 0.0135163920
-68.4593990055 0.0112150477 0.5922985021 0.3228006602 0.0001259697 0.9910212253 0.6253395419 0.9252534058 0.2840134330 0.0034941905 0.0621493150 0.2275988962 0.0005490334 0.7108792312 0.2597523360 0.0030845186 0.3146926975 0.6330284826 0.2319350846 0.6186004620 0.2354566374 0.0002272773 1.4706918676 1.4552710814 1.5409127250 0.0002151756 11.5058457311 11.5051985961 11.5052147077 136.4166904877 0.0000785991 0.0041563626 0.3827704705 0.6627656620 0.1271691837 0.0135013774
-68.4592451151 0.0112153270 0.5922882844 0.3227863257 0.0001259722 0.9910210028 0.6253219084 0.9252495171 0.2840381156 0.0034942297 0.0621531557 0.2276437479 0.0005490416 0.7108706396 0.2597065806 0.0030845863 0.3146974438 0.6330259970 0.2319542296 0.6185966773 0.2354879919 0.0002272857 1.4706815384 1.4552606650 1.5409109938 0.0002151828 11.5058467554 11.5051996615 11.5052157738 136.4166879657 0.0000786019 0.0041564542 0.3827650661 0.6627739486 0.1271769156 0.0135017453
-68.4592451150 0.0112153270 0.5922882844 0.3227863257 0.0001259722 0.9910210028 0.6253219084 0.9252495171 0.2840381156 0.0034942297 0.0621531557 0.2276437479 0.0005490416 0.7108706396 0.2597065806 0.0030845863 0.3146974438 0.6330259970 0.2319542296 0.6185966773 0.2354879919 0.0002272857 1.4706815385 1.4552606650 1.5409109939 0.0002151828 11.5058467554 11.5051996615 11.5052157738 136.4166879657 0.0000786019 0.0041564542 0.3827650661 0.6627739486 0.1271769156 0.0135017453
