-83.1988362272 0.0396381274 0.8846363365 0.4988183890 
-83.1995948665 0.0396364351 0.8846476854 0.4988028304 
-83.2011126771 0.0396330495 0.8846703886 0.4987716943 
-83.2033907242 0.0396279687 0.8847044565 0.4987249713 
-83.2064306067 0.0396211896 0.8847499051 0.4986627124 
-83.2102344589 0.0396127083 0.8848067554 0.4985850975 
-83.2148047976 0.0396025202 0.8848750315 0.4984741417 
-83.2201454191 0.0395906181 0.8849547743 0.4983843255 
-83.2262597534 0.0395769958 0.8850460154 0.4982959381 
-83.2331517986 0.0395616460 0.8851487924 0.4982083347 
-83.2408259700 0.0395445607 0.8852631456 0.4981209775 
-83.2492871082 0.0395257312 0.8853891188 0.4980334150 
-83.2585404857 0.0395051482 0.8855267589 0.4979452610 
-83.2685918137 0.0394828014 0.8856761159 0.4978561742 
-83.2794472489 0.0394586801 0.8858372432 0.4977658395 
-83.2911134008 0.0394327724 0.8860101972 0.4976739498 
-83.3035973385 0.0394050661 0.8861950378 0.4975801901 
-83.3169065988 0.0393755479 0.8863918278 0.4974842209 
-83.3310491944 0.0393442039 0.8866006334 0.4973856629 
-83.3460336230 0.0393110192 0.8868215239 0.4972840802 
-83.3618688770 0.0392759785 0.8870545717 0.4971789640 
-83.3785644544 0.0392390653 0.8872998524 0.4970697164 
-83.3961303707 0.0392002624 0.8875574448 0.4969556363 
-83.4145771722 0.0391595519 0.8878274308 0.4968359100 
-83.4339159503 0.0391169148 0.8881098956 0.4967096154 
-83.4541583578 0.0390723314 0.8884049275 0.4965757507 
-83.4753166263 0.0390257811 0.8887126180 0.4964333132 
-83.4974035849 0.0389772423 0.8890330619 0.4962814766 
-83.5204326795 0.0389266925 0.8893663573 0.4961199528 
-83.5444179906 0.0388741082 0.8897126056 0.4959496609 
-83.5693742448 0.0388194651 0.8900719112 0.4957735836 
-83.5823455186 0.0387910918 0.8902582831 0.4956838519 
-83.5963110446 0.0387605651 0.8904586737 0.4955878379 
-83.6112794035 0.0387278709 0.8906731404 0.4954862174 
-83.6272597889 0.0386929944 0.8909017438 0.4953794037 
-83.6442620128 0.0386559196 0.8911445477 0.4952676014 
-83.6622965117 0.0386166297 0.8914016189 0.4951508473 
-83.6813743561 0.0385751070 0.8916730273 0.4950290389 
-83.7015072604 0.0385313327 0.8919588454 0.4949019535 
-83.7227075947 0.0384852872 0.8922591489 0.4947692565 
-83.7449883977 0.0384369499 0.8925740157 0.4946305028 
-83.7683633911 0.0383862992 0.8929035267 0.4944851297 
-83.7928469958 0.0383333124 0.8932477651 0.4943324427 
-83.8184543489 0.0382779661 0.8936068165 0.4941715942 
-83.8452013227 0.0382202356 0.8939807689 0.4940015544 
-83.8731045463 0.0381600955 0.8943697126 0.4938210741 
-83.9021814283 0.0380975189 0.8947737401 0.4936286380 
-83.9324501826 0.0380324782 0.8951929461 0.4934224083 
-83.9639298575 0.0379649446 0.8956274272 0.4932001575 
-83.9966403672 0.0378948882 0.8960772824 0.4929591931 
-84.0306025282 0.0378222778 0.8965426125 0.4926962774 
-84.0658380998 0.0377470811 0.8970235207 0.4924075537 
-84.1023698301 0.0376692646 0.8975201123 0.4920885022 
-84.1402215072 0.0375887932 0.8980324948 0.4917339678 
-84.1794180172 0.0375056306 0.8985607785 0.4913383197 
-84.2199854064 0.0374197390 0.8991050761 0.4908958383 
-84.2619509631 0.0373310791 0.8996655034 0.4904035266 
-84.3053434604 0.0372396092 0.9002421819 0.4898884549 
-84.3501931227 0.0371452861 0.9008352372 0.4894269067 
-84.3965304961 0.0370480669 0.9014447828 0.4890596685 
-84.4443861254 0.0369479100 0.9020709148 0.4887801263 
-83.5823455186 0.0387910918 0.8902582831 0.4956838519 
-83.5963110446 0.0387605651 0.8904586737 0.4955878379 
-83.6112794035 0.0387278709 0.8906731404 0.4954862174 
-83.6272597889 0.0386929944 0.8909017438 0.4953794037 
-83.6442620128 0.0386559196 0.8911445477 0.4952676014 
-83.6622965117 0.0386166297 0.8914016189 0.4951508473 
-83.6813743561 0.0385751070 0.8916730273 0.4950290389 
-83.7015072604 0.0385313327 0.8919588454 0.4949019535 
-83.7227075947 0.0384852872 0.8922591489 0.4947692565 
-83.7449883977 0.0384369499 0.8925740157 0.4946305028 
-83.7683633911 0.0383862992 0.8929035267 0.4944851297 
-83.7928469959 0.0383333124 0.8932477651 0.4943324427 
-83.8184543489 0.0382779661 0.8936068165 0.4941715942 
-83.8452013227 0.0382202356 0.8939807689 0.4940015544 
-83.8731045463 0.0381600955 0.8943697126 0.4938210741 
-83.9021814283 0.0380975189 0.8947737401 0.4936286380 
-83.9324501826 0.0380324782 0.8951929461 0.4934224083 
-83.9639298575 0.0379649446 0.8956274272 0.4932001575 
-83.9966403672 0.0378948882 0.8960772824 0.4929591931 
-84.0306025282 0.0378222778 0.8965426125 0.4926962774 
-84.0658380998 0.0377470811 0.8970235207 0.4924075537 
-84.1023698301 0.0376692646 0.8975201123 0.4920885022 
-84.1402215072 0.0375887932 0.8980324948 0.4917339678 
-84.1794180172 0.0375056306 0.8985607785 0.4913383197 
-84.2199854064 0.0374197390 0.8991050761 0.4908958383 
-84.2619509631 0.0373310791 0.8996655034 0.4904035266 
-84.3053434604 0.0372396092 0.9002421819 0.4898884549 
-84.3501931227 0.0371452861 0.9008352372 0.4894269067 
-84.3965304961 0.0370480669 0.9014447828 0.4890596685 
-84.4443861255 0.0369479100 0.9020709148 0.4887801263 
-84.4467835083 0.0369428990 0.9021022849 0.4887692621 
-84.4467835083 0.0369428990 0.9021022849 0.4887692621 
