-81.9329497142 0.0425557287 0.8648857095 0.5092054763 
-81.9329457668 0.0425557381 0.8648856335 0.5091914838 
-81.9329380545 0.0425557565 0.8648854846 0.5091632309 
-81.9329269469 0.0425557830 0.8648852696 0.5091202516 
-81.9329130081 0.0425558163 0.8648849987 0.5090620140 
-81.9328970057 0.0425558545 0.8648846856 0.5089881022 
-81.9328797414 0.0425558957 0.8648843449 0.5088798100 
-81.9328632521 0.0425559351 0.8648840133 0.5088000305 
-81.9328483952 0.0425559705 0.8648837063 0.5087277828 
-81.9328361163 0.0425559999 0.8648834408 0.5086617783 
-81.9328272828 0.0425560210 0.8648832326 0.5086010638 
-81.9328226960 0.0425560321 0.8648830960 0.5085449405 
-81.9328231006 0.0425560312 0.8648830445 0.5084928950 
-81.9328291915 0.0425560168 0.8648830905 0.5084445465 
-81.9328416187 0.0425559873 0.8648832459 0.5083996072 
-81.9328609916 0.0425559413 0.8648835215 0.5083578542 
-81.9328878822 0.0425558773 0.8648839276 0.5083191096 
-81.9329228272 0.0425557941 0.8648844739 0.5082832272 
-81.9329663309 0.0425556906 0.8648851694 0.5082500832 
-81.9330188664 0.0425555655 0.8648860227 0.5082195697 
-81.9330808779 0.0425554179 0.8648870417 0.5081915903 
-81.9331527819 0.0425552467 0.8648882339 0.5081660577 
-81.9332349687 0.0425550509 0.8648896064 0.5081428910 
-81.9333278036 0.0425548298 0.8648911655 0.5081220147 
-81.9334316284 0.0425545826 0.8648929176 0.5081033573 
-81.9335467621 0.0425543083 0.8648948682 0.5080868510 
-81.9336735025 0.0425540065 0.8648970228 0.5080724311 
-81.9338121269 0.0425536763 0.8648993863 0.5080600359 
-81.9339628931 0.0425533171 0.8649019633 0.5080496059 
-81.9341260408 0.0425529285 0.8649047580 0.5080410843 
-81.9343017918 0.0425525098 0.8649077745 0.5080344167 
-81.9344903512 0.0425520607 0.8649110163 0.5080295507 
-81.9346919085 0.0425515805 0.8649144869 0.5080264359 
-81.9349066379 0.0425510690 0.8649181894 0.5080250242 
-81.9351346993 0.0425505257 0.8649221265 0.5080252691 
-81.9353762389 0.0425499503 0.8649263010 0.5080271259 
-81.9356313903 0.0425493425 0.8649307151 0.5080305518 
-81.9359002743 0.0425487019 0.8649353709 0.5080355055 
-81.9361830004 0.0425480284 0.8649402705 0.5080419472 
-81.9364796668 0.0425473217 0.8649454154 0.5080498388 
-81.9367903613 0.0425465816 0.8649508074 0.5080591436 
-81.9371151618 0.0425458078 0.8649564476 0.5080698260 
-81.9374541366 0.0425450004 0.8649623373 0.5080818521 
-81.9378073451 0.0425441590 0.8649684775 0.5080951890 
-81.9381748381 0.0425432836 0.8649748692 0.5081098052 
-81.9385566586 0.0425423741 0.8649815129 0.5081256701 
-81.9389528417 0.0425414304 0.8649884092 0.5081427545 
-81.9393634155 0.0425404524 0.8649955587 0.5081610301 
-81.9397884013 0.0425394401 0.8650029617 0.5081804695 
-81.9402278138 0.0425383934 0.8650106184 0.5082010467 
-81.9406816617 0.0425373124 0.8650185288 0.5082227361 
-81.9411499481 0.0425361971 0.8650266930 0.5082455134 
-81.9416326704 0.0425350474 0.8650351109 0.5082693549 
-81.9421298211 0.0425338633 0.8650437822 0.5082942380 
-81.9426413880 0.0425326449 0.8650527068 0.5083201408 
-81.9431673541 0.0425313923 0.8650618842 0.5083470419 
-81.9437076983 0.0425301054 0.8650713141 0.5083749210 
-81.9442623955 0.0425287844 0.8650809958 0.5084037583 
-81.9448314169 0.0425274293 0.8650909289 0.5084335347 
-81.9454147301 0.0425260403 0.8651011126 0.5084642319 
-81.9460122994 0.0425246173 0.8651115464 0.5084958319 
-81.9466240861 0.0425231605 0.8651222294 0.5085283177 
-81.9472500487 0.0425216700 0.8651331608 0.5085616726 
-81.9478901429 0.0425201459 0.8651443398 0.5085958805 
-81.9485443219 0.0425185883 0.8651557654 0.5086309259 
-81.9492125367 0.0425169973 0.8651674368 0.5086667938 
-81.9498947361 0.0425153731 0.8651793530 0.5087034696 
-81.9505908670 0.0425137158 0.8651915129 0.5087409393 
-81.9513008743 0.0425120255 0.8652039154 0.5087791893 
-81.9520247015 0.0425103024 0.8652165596 0.5088182064 
-81.9527622902 0.0425085466 0.8652294443 0.5088579779 
-81.9535135811 0.0425067582 0.8652425683 0.5088984914 
-81.9542785130 0.0425049374 0.8652559306 0.5089397351 
-81.9550570242 0.0425030844 0.8652695299 0.5089816974 
-81.9558490514 0.0425011993 0.8652833651 0.5090243670 
-81.9566545308 0.0424992822 0.8652974348 0.5090677332 
-81.9574733976 0.0424973333 0.8653117380 0.5091117855 
-81.9583055862 0.0424953529 0.8653262734 0.5091565136 
-81.9591510305 0.0424933409 0.8653410396 0.5092019077 
-81.9600096639 0.0424912977 0.8653560355 0.5092479583 
-81.9608814192 0.0424892233 0.8653712598 0.5092946561 
-81.9617662291 0.0424871180 0.8653867112 0.5093419921 
-81.9626640256 0.0424849819 0.8654023885 0.5093899576 
-81.9635747410 0.0424828151 0.8654182903 0.5094385443 
-81.9644983070 0.0424806178 0.8654344153 0.5094877439 
-81.9654346555 0.0424783903 0.8654507623 0.5095375484 
-81.9663837184 0.0424761326 0.8654673301 0.5095879503 
-81.9673454275 0.0424738450 0.8654841172 0.5096389421 
-81.9683197148 0.0424715275 0.8655011224 0.5096905165 
-81.9693065125 0.0424691804 0.8655183444 0.5097426665 
-81.9703057529 0.0424668038 0.8655357820 0.5097953854 
-81.9713173688 0.0424643979 0.8655534339 0.5098486665 
-81.9723412930 0.0424619629 0.8655712988 0.5099025034 
-81.9733774588 0.0424594989 0.8655893754 0.5099568900 
-81.9744258002 0.0424570060 0.8656076626 0.5100118202 
-81.9754862511 0.0424544845 0.8656261590 0.5100672883 
-81.9765587463 0.0424519346 0.8656448633 0.5101232885 
-81.9776432209 0.0424493562 0.8656637745 0.5101798154 
-81.9787396107 0.0424467497 0.8656828912 0.5102368637 
-81.9798478520 0.0424441152 0.8657022123 0.5102944282 
-81.9809678817 0.0424414528 0.8657217366 0.5103525039 
-81.9820996373 0.0424387627 0.8657414628 0.5104110861 
-81.9832430571 0.0424360450 0.8657613898 0.5104701700 
-81.9843980801 0.0424332999 0.8657815165 0.5105297512 
-81.9855646457 0.0424305275 0.8658018416 0.5105898251 
-81.9867426946 0.0424277280 0.8658223641 0.5106503876 
-81.9879321676 0.0424249015 0.8658430828 0.5107114346 
-81.9891330069 0.0424220482 0.8658639966 0.5107729621 
-81.9903451550 0.0424191683 0.8658851045 0.5108349662 
-81.9915685556 0.0424162617 0.8659064053 0.5108974433 
-81.9928031529 0.0424133288 0.8659278979 0.5109603897 
-81.9940488922 0.0424103695 0.8659495814 0.5110238020 
-81.9953057195 0.0424073841 0.8659714547 0.5110876768 
-81.9965735817 0.0424043727 0.8659935168 0.5111520110 
-81.9978524266 0.0424013355 0.8660157666 0.5112168013 
-81.9991422028 0.0423982724 0.8660382033 0.5112820449 
-82.0004428601 0.0423951837 0.8660608257 0.5113477389 
-82.0017543488 0.0423920696 0.8660836330 0.5114138804 
-82.0030766203 0.0423889300 0.8661066242 0.5114804668 
-82.0044096270 0.0423857651 0.8661297983 0.5115474957 
-82.0057533220 0.0423825751 0.8661531546 0.5116149644 
-82.0071076596 0.0423793601 0.8661766920 0.5116828708 
-82.0084725947 0.0423761201 0.8662004098 0.5117512125 
-82.0098480835 0.0423728553 0.8662243070 0.5118199875 
-82.0112340829 0.0423695658 0.8662483828 0.5118891937 
-82.0126305507 0.0423662517 0.8662726364 0.5119588291 
-82.0140374458 0.0423629131 0.8662970670 0.5120288920 
-82.0154547280 0.0423595501 0.8663216738 0.5120993806 
-82.0168823578 0.0423561628 0.8663464560 0.5121702934 
-82.0183202970 0.0423527512 0.8663714128 0.5122416286 
-82.0197685081 0.0423493156 0.8663965436 0.5123133850 
-82.0212269545 0.0423458559 0.8664218475 0.5123855612 
-82.0226956007 0.0423423723 0.8664473239 0.5124581559 
-82.0241744119 0.0423388649 0.8664729721 0.5125311680 
-82.0256633543 0.0423353337 0.8664987913 0.5126045963 
-82.0271623951 0.0423317788 0.8665247810 0.5126784401 
-82.0286715023 0.0423282003 0.8665509405 0.5127526983 
-82.0301906447 0.0423245984 0.8665772691 0.5128273702 
-82.0317197921 0.0423209730 0.8666037663 0.5129024552 
-82.0332589152 0.0423173242 0.8666304314 0.5129779526 
-82.0348079855 0.0423136521 0.8666572639 0.5130538619 
-82.0363669753 0.0423099568 0.8666842631 0.5131301828 
-82.0379358577 0.0423062384 0.8667114286 0.5132069149 
-82.0395146069 0.0423024969 0.8667387597 0.5132840581 
-82.0411031975 0.0422987324 0.8667662560 0.5133616122 
-82.0427016052 0.0422949449 0.8667939169 0.5134395772 
-82.0443098064 0.0422911345 0.8668217420 0.5135179532 
-82.0459277782 0.0422873013 0.8668497307 0.5135967404 
-82.0475554985 0.0422834454 0.8668778826 0.5136759390 
-82.0491929459 0.0422795667 0.8669061972 0.5137555494 
-82.0508400997 0.0422756654 0.8669346740 0.5138355721 
-82.0524969400 0.0422717414 0.8669633127 0.5139160077 
-82.0541634475 0.0422677949 0.8669921128 0.5139968568 
-82.0558396034 0.0422638259 0.8670210739 0.5140781203 
-82.0575253898 0.0422598344 0.8670501955 0.5141597990 
-82.0592207892 0.0422558206 0.8670794773 0.5142418939 
-82.0609257847 0.0422517843 0.8671089190 0.5143244061 
-82.0626403601 0.0422477258 0.8671385200 0.5144073368 
-82.0643644995 0.0422436449 0.8671682801 0.5144906874 
-82.0660981877 0.0422395419 0.8671981990 0.5145744593 
-82.0678414097 0.0422354166 0.8672282761 0.5146586540 
-82.0695941513 0.0422312692 0.8672585113 0.5147432733 
-82.0713563984 0.0422270997 0.8672889042 0.5148283189 
-82.0731281374 0.0422229081 0.8673194544 0.5149137927 
-82.0749093550 0.0422186945 0.8673501617 0.5149996968 
-82.0767000381 0.0422144588 0.8673810256 0.5150860334 
-82.0785001741 0.0422102012 0.8674120460 0.5151728048 
-82.0803097504 0.0422059217 0.8674432224 0.5152600133 
-82.0821287546 0.0422016203 0.8674745546 0.5153476617 
-82.0839571745 0.0421972970 0.8675060422 0.5154357526 
-82.0857949980 0.0421929519 0.8675376851 0.5155242888 
-82.0876422128 0.0421885850 0.8675694828 0.5156132735 
-82.0894988069 0.0421841964 0.8676014350 0.5157027098 
-82.0913647681 0.0421797860 0.8676335415 0.5157926010 
-82.0932400841 0.0421753540 0.8676658019 0.5158829506 
-82.0951247422 0.0421709003 0.8676982160 0.5159737623 
-82.0970187298 0.0421664250 0.8677307833 0.5160650400 
-82.0989220338 0.0421619282 0.8677635036 0.5161567876 
-82.1008346408 0.0421574098 0.8677963766 0.5162490094 
-82.1027565369 0.0421528699 0.8678294019 0.5163417098 
-82.1046877077 0.0421483085 0.8678625792 0.5164348933 
-82.1066281383 0.0421437258 0.8678959081 0.5165285648 
-82.1085778130 0.0421391216 0.8679293882 0.5166227292 
-82.1105367155 0.0421344962 0.8679630191 0.5167173919 
-82.1125048285 0.0421298495 0.8679968006 0.5168125582 
-82.1144821340 0.0421251815 0.8680307320 0.5169082339 
-82.1164686129 0.0421204924 0.8680648131 0.5170044248 
-82.1184642450 0.0421157821 0.8680990434 0.5171011372 
-82.1204690087 0.0421110508 0.8681334223 0.5171983776 
-82.1224828814 0.0421062985 0.8681679494 0.5172961525 
-82.1245058389 0.0421015252 0.8682026242 0.5173944690 
-82.1265378554 0.0420967311 0.8682374462 0.5174933344 
-82.1285789037 0.0420919162 0.8682724146 0.5175927562 
-82.1306289546 0.0420870805 0.8683075290 0.5176927423 
-82.1326879771 0.0420822242 0.8683427887 0.5177933009 
-82.1347559379 0.0420773474 0.8683781931 0.5178944406 
-82.1368328019 0.0420724500 0.8684137413 0.5179961702 
-82.1389185313 0.0420675323 0.8684494326 0.5180984990 
-82.1410130860 0.0420625943 0.8684852663 0.5182014365 
-82.1431164232 0.0420576362 0.8685212415 0.5183049928 
-82.1452284972 0.0420526580 0.8685573572 0.5184091782 
-82.1473492593 0.0420476599 0.8685936126 0.5185140035 
-82.1494786577 0.0420426419 0.8686300066 0.5186194799 
-82.1516166370 0.0420376043 0.8686665382 0.5187256191 
-82.1537631384 0.0420325472 0.8687032062 0.5188324331 
-82.1559180991 0.0420274707 0.8687400095 0.5189399346 
-82.1580814525 0.0420223750 0.8687769467 0.5190481366 
-82.1602531275 0.0420172603 0.8688140166 0.5191570526 
-82.1624330486 0.0420121268 0.8688512176 0.5192666967 
-82.1646211355 0.0420069746 0.8688885484 0.5193770835 
-82.1668173030 0.0420018039 0.8689260073 0.5194882280 
-82.1690214603 0.0419966151 0.8689635926 0.5196001460 
-82.1712335115 0.0419914082 0.8690013026 0.5197128535 
-82.1734533543 0.0419861836 0.8690391354 0.5198263675 
-82.1756808804 0.0419809416 0.8690770889 0.5199407052 
-82.1779159752 0.0419756823 0.8691151612 0.5200558845 
-82.1801585170 0.0419704061 0.8691533499 0.5201719237 
-82.1824083770 0.0419651133 0.8691916528 0.5202888419 
-82.1846654187 0.0419598043 0.8692300673 0.5204066584 
-82.1869294979 0.0419544793 0.8692685908 0.5205253931 
-82.1892004619 0.0419491387 0.8693072207 0.5206450662 
-82.1914781494 0.0419437830 0.8693459539 0.5207656982 
-82.1937623898 0.0419384125 0.8693847874 0.5208873095 
-82.1960530032 0.0419330277 0.8694237180 0.5210099207 
-82.1983497997 0.0419276289 0.8694627423 0.5211335519 
-82.2006525788 0.0419222168 0.8695018567 0.5212582223 
-82.2029611295 0.0419167917 0.8695410575 0.5213839500 
-82.2052752292 0.0419113542 0.8695803406 0.5215107513 
-82.2075946441 0.0419059049 0.8696197020 0.5216386394 
-82.2099191282 0.0419004444 0.8696591372 0.5217676235 
-82.2122484230 0.0418949732 0.8696986417 0.5218977071 
-82.2145822579 0.0418894920 0.8697382107 0.5220288859 
-82.2169203491 0.0418840015 0.8697778391 0.5221611444 
-82.2192624003 0.0418785024 0.8698175218 0.5222944527 
-82.2216081025 0.0418729953 0.8698572533 0.5224287604 
-82.2239571345 0.0418674812 0.8698970279 0.5225639903 
-82.2263091639 0.0418619606 0.8699368399 0.5227000289 
-82.2286638480 0.0418564345 0.8699766831 0.5228367147 
-82.2310208358 0.0418509037 0.8700165514 0.5229738219 
-82.2333797710 0.0418453690 0.8700564385 0.5231110412 
-82.2357402958 0.0418398312 0.8700963382 0.5232479541 
-82.2381020559 0.0418342912 0.8701362444 0.5233840026 
-82.2404647089 0.0418287499 0.8701761509 0.5235184534 
-82.2428279329 0.0418232078 0.8702160521 0.5236503602 
-82.2451914406 0.0418176658 0.8702559431 0.5237785313 
-82.2475549955 0.0418121244 0.8702958197 0.5239015196 
-82.2499184334 0.0418065839 0.8703356791 0.5240176738 
-82.2522816878 0.0418010445 0.8703755199 0.5241253335 
-82.2546448192 0.0417955061 0.8704153434 0.5242233552 
-82.2570080447 0.0417899682 0.8704551533 0.5243123630 
-82.2593717529 0.0417844298 0.8704949562 0.5243970431 
-82.2605540777 0.0417816598 0.8705148596 0.5244399141 
-82.2617374978 0.0417788873 0.8705347744 0.5244798507 
-82.2629222667 0.0417761119 0.8705547051 0.5245183433 
-82.2641086543 0.0417733329 0.8705746564 0.5245563666 
-82.2652969355 0.0417705496 0.8705946330 0.5245945388 
-82.2664873819 0.0417677615 0.8706146397 0.5246332389 
-82.2676802582 0.0417649678 0.8706346810 0.5246726911 
-82.2688758191 0.0417621680 0.8706547612 0.5247130222 
-82.2700743086 0.0417593615 0.8706748847 0.5247542992 
-82.2712759587 0.0417565478 0.8706950553 0.5247965530 
-82.2724809899 0.0417537264 0.8707152769 0.5248397930 
-82.2736896111 0.0417508967 0.8707355531 0.5248840155 
-82.2749020197 0.0417480584 0.8707558872 0.5249292091 
-82.2761184019 0.0417452109 0.8707762824 0.5249753575 
-82.2773389334 0.0417423539 0.8707967418 0.5250224417 
-82.2785637794 0.0417394870 0.8708172681 0.5250704409 
-82.2797930952 0.0417366098 0.8708378640 0.5251193336 
-82.2810270265 0.0417337220 0.8708585319 0.5251690977 
-82.2822657101 0.0417308233 0.8708792742 0.5252197110 
-82.2835092739 0.0417279133 0.8709000930 0.5252711518 
-82.2847578375 0.0417249918 0.8709209904 0.5253233984 
-82.2860115126 0.0417220586 0.8709419681 0.5253764296 
-82.2872704034 0.0417191134 0.8709630280 0.5254302248 
-82.2885346069 0.0417161559 0.8709841717 0.5254847640 
-82.2898042132 0.0417131860 0.8710054006 0.5255400275 
-82.2910793058 0.0417102034 0.8710267162 0.5255959966 
-82.2923599622 0.0417072080 0.8710481196 0.5256526529 
-82.2936462539 0.0417041997 0.8710696122 0.5257099788 
-82.2949382469 0.0417011782 0.8710911948 0.5257679572 
-82.2962360018 0.0416981435 0.8711128686 0.5258265717 
-82.2975395743 0.0416950953 0.8711346344 0.5258858063 
-82.2988490152 0.0416920337 0.8711564930 0.5259456458 
-82.3001643710 0.0416889584 0.8711784451 0.5260060754 
-82.3014856838 0.0416858694 0.8712004914 0.5260670810 
-82.3028129916 0.0416827666 0.8712226325 0.5261286489 
-82.3041463288 0.0416796499 0.8712448688 0.5261907659 
-82.3054857260 0.0416765193 0.8712672009 0.5262534194 
-82.3068312106 0.0416733747 0.8712896291 0.5263165972 
-82.3081828066 0.0416702160 0.8713121537 0.5263802876 
-82.3095405350 0.0416670432 0.8713347751 0.5264444793 
-82.3109044142 0.0416638563 0.8713574934 0.5265091615 
-82.3122744597 0.0416606552 0.8713803088 0.5265743237 
-82.3136506845 0.0416574399 0.8714032215 0.5266399560 
-82.3150330993 0.0416542103 0.8714262316 0.5267060487 
-82.3164217126 0.0416509665 0.8714493392 0.5267725926 
-82.3178165308 0.0416477085 0.8714725441 0.5268395787 
-82.3192175584 0.0416444362 0.8714958466 0.5269069986 
-82.3206247981 0.0416411496 0.8715192464 0.5269748439 
-82.3220382508 0.0416378488 0.8715427435 0.5270431069 
-82.3234579159 0.0416345337 0.8715663379 0.5271117799 
-82.3248837915 0.0416312043 0.8715900293 0.5271808557 
-82.3263158741 0.0416278607 0.8716138177 0.5272503272 
-82.3277541591 0.0416245029 0.8716377029 0.5273201878 
-82.3291986406 0.0416211308 0.8716616846 0.5273904309 
-82.3306493120 0.0416177446 0.8716857627 0.5274610505 
-82.3321061652 0.0416143442 0.8717099369 0.5275320405 
-82.3335691918 0.0416109296 0.8717342069 0.5276033953 
-82.3350383820 0.0416075009 0.8717585726 0.5276751094 
-82.3365137257 0.0416040582 0.8717830336 0.5277471776 
-82.3379952119 0.0416006013 0.8718075896 0.5278195948 
-82.3394828293 0.0415971305 0.8718322404 0.5278923563 
-82.3409765657 0.0415936456 0.8718569856 0.5279654574 
-82.3424764088 0.0415901467 0.8718818250 0.5280388937 
-82.3439823456 0.0415866339 0.8719067581 0.5281126609 
-82.3454943629 0.0415831073 0.8719317847 0.5281867552 
-82.3470124472 0.0415795667 0.8719569043 0.5282611725 
-82.3485365848 0.0415760123 0.8719821168 0.5283359092 
-82.3500667618 0.0415724441 0.8720074217 0.5284109617 
-82.3516029641 0.0415688622 0.8720328186 0.5284863268 
-82.3531451775 0.0415652665 0.8720583073 0.5285620012 
-82.3546933879 0.0415616571 0.8720838873 0.5286379818 
-82.3562475811 0.0415580341 0.8721095583 0.5287142658 
-82.3578077427 0.0415543975 0.8721353200 0.5287908504 
-82.3593738588 0.0415507473 0.8721611719 0.5288677329 
-82.3609459152 0.0415470835 0.8721871137 0.5289449110 
-82.3625238981 0.0415434063 0.8722131451 0.5290223821 
-82.3641077937 0.0415397156 0.8722392657 0.5291001442 
-82.3656975885 0.0415360114 0.8722654752 0.5291781950 
-82.3672932692 0.0415322938 0.8722917732 0.5292565327 
-82.3688948226 0.0415285629 0.8723181593 0.5293351553 
-82.3705022359 0.0415248186 0.8723446332 0.5294140612 
-82.3721154967 0.0415210611 0.8723711945 0.5294932487 
-82.3737345927 0.0415172902 0.8723978430 0.5295727162 
-82.3753595120 0.0415135062 0.8724245783 0.5296524625 
-82.3769902433 0.0415097089 0.8724514000 0.5297324861 
-82.3786267752 0.0415058984 0.8724783078 0.5298127859 
-82.3802690972 0.0415020748 0.8725053015 0.5298933608 
-82.3819171988 0.0414982381 0.8725323806 0.5299742098 
-82.3835710702 0.0414943882 0.8725595449 0.5300553321 
-82.3852307020 0.0414905253 0.8725867941 0.5301367267 
-82.3868960851 0.0414866494 0.8726141278 0.5302183930 
-82.3885672111 0.0414827604 0.8726415458 0.5303003304 
-82.3902440719 0.0414788585 0.8726690478 0.5303825385 
-82.3919266599 0.0414749435 0.8726966336 0.5304650166 
-82.3936149682 0.0414710156 0.8727243027 0.5305477647 
-82.3953089902 0.0414670748 0.8727520551 0.5306307823 
-82.3970087198 0.0414631210 0.8727798903 0.5307140693 
-82.3987141518 0.0414591543 0.8728078082 0.5307976257 
-82.4004252810 0.0414551748 0.8728358085 0.5308814515 
-82.4021421032 0.0414511823 0.8728638909 0.5309655467 
-82.4038646145 0.0414471770 0.8728920553 0.5310499117 
-82.4055928116 0.0414431589 0.8729203014 0.5311345465 
-82.4073266919 0.0414391279 0.8729486289 0.5312194517 
-82.4090662532 0.0414350841 0.8729770377 0.5313046275 
-82.4108114940 0.0414310274 0.8730055276 0.5313900746 
-82.4125624132 0.0414269579 0.8730340983 0.5314757936 
-82.4143190105 0.0414228756 0.8730627496 0.5315617850 
-82.4160812861 0.0414187805 0.8730914815 0.5316480497 
-82.4178492407 0.0414146726 0.8731202936 0.5317345886 
-82.4196228757 0.0414105519 0.8731491859 0.5318214024 
-82.4214021929 0.0414064183 0.8731781580 0.5319084924 
-82.4231871950 0.0414022720 0.8732072100 0.5319958594 
-82.4249778851 0.0413981128 0.8732363416 0.5320835047 
-82.4267742668 0.0413939408 0.8732655527 0.5321714295 
-82.4285763445 0.0413897560 0.8732948431 0.5322596352 
-82.4303841229 0.0413855584 0.8733242127 0.5323481231 
-82.4321976077 0.0413813479 0.8733536614 0.5324368948 
-82.4340168048 0.0413771246 0.8733831890 0.5325259517 
-82.4358417207 0.0413728884 0.8734127954 0.5326152956 
-82.4376723629 0.0413686393 0.8734424806 0.5327049281 
-82.4395087389 0.0413643773 0.8734722443 0.5327948511 
-82.4413508571 0.0413601024 0.8735020865 0.5328850665 
-82.4431987265 0.0413558146 0.8735320071 0.5329755761 
-82.4450523565 0.0413515139 0.8735620060 0.5330663822 
-82.4469117570 0.0413472002 0.8735920831 0.5331574868 
-82.4487769388 0.0413428735 0.8736222383 0.5332488921 
-82.4506479128 0.0413385339 0.8736524716 0.5333406005 
-82.4525246908 0.0413341812 0.8736827828 0.5334326144 
-82.4544072849 0.0413298154 0.8737131718 0.5335249361 
-82.4562957078 0.0413254366 0.8737436387 0.5336175684 
-82.4581899727 0.0413210447 0.8737741833 0.5337105138 
-82.4600900934 0.0413166396 0.8738048055 0.5338037751 
-82.4619960840 0.0413122215 0.8738355054 0.5338973551 
-82.4639079593 0.0413077901 0.8738662827 0.5339912568 
-82.4658257346 0.0413033455 0.8738971376 0.5340854832 
-82.4677494253 0.0412988876 0.8739280698 0.5341800373 
-82.4696790477 0.0412944165 0.8739590794 0.5342749225 
-82.4716146184 0.0412899321 0.8739901662 0.5343701419 
-82.4735561543 0.0412854343 0.8740213303 0.5344656990 
-82.4755036728 0.0412809231 0.8740525715 0.5345615973 
-82.4774571919 0.0412763985 0.8740838899 0.5346578404 
-82.4794167297 0.0412718605 0.8741152853 0.5347544320 
-82.4813823049 0.0412673089 0.8741467576 0.5348513759 
-82.4833539365 0.0412627438 0.8741783069 0.5349486760 
-82.4853316438 0.0412581652 0.8742099330 0.5350463363 
-82.4873154465 0.0412535729 0.8742416359 0.5351443610 
-82.4893053647 0.0412489670 0.8742734155 0.5352427542 
-82.4913014185 0.0412443473 0.8743052717 0.5353415204 
-82.4933036287 0.0412397140 0.8743372044 0.5354406639 
-82.4953120161 0.0412350668 0.8743692136 0.5355401895 
-82.4973266018 0.0412304058 0.8744012991 0.5356401017 
-82.4993474072 0.0412257310 0.8744334609 0.5357404054 
-82.5013744537 0.0412210422 0.8744656989 0.5358411056 
-82.5034077632 0.0412163394 0.8744980129 0.5359422072 
-82.5054473574 0.0412116227 0.8745304028 0.5360437156 
-82.5074932586 0.0412068919 0.8745628685 0.5361456361 
-82.5095454886 0.0412021470 0.8745954099 0.5362479741 
-82.5116040699 0.0411973879 0.8746280267 0.5363507352 
-82.5136690246 0.0411926146 0.8746607189 0.5364539252 
-82.5157403751 0.0411878272 0.8746934863 0.5365575500 
-82.5178181435 0.0411830254 0.8747263286 0.5366616157 
-82.5199023523 0.0411782093 0.8747592458 0.5367661284 
-82.5219930236 0.0411733788 0.8747922375 0.5368710946 
-82.5240901795 0.0411685339 0.8748253036 0.5369765206 
-82.5261938418 0.0411636745 0.8748584438 0.5370824133 
-82.5283040325 0.0411588007 0.8748916578 0.5371887794 
-82.5304207730 0.0411539122 0.8749249455 0.5372956261 
-82.5325440846 0.0411490092 0.8749583064 0.5374029604 
-82.5346739884 0.0411440915 0.8749917403 0.5375107899 
-82.5368105049 0.0411391592 0.8750252469 0.5376191220 
-82.5389536546 0.0411342121 0.8750588257 0.5377279646 
-82.5411034571 0.0411292503 0.8750924764 0.5378373256 
-82.5432599319 0.0411242736 0.8751261987 0.5379472132 
-82.5454230977 0.0411192822 0.8751599920 0.5380576358 
-82.5475929727 0.0411142758 0.8751938559 0.5381686020 
-82.5497695745 0.0411092546 0.8752277900 0.5382801206 
-82.5519529199 0.0411042184 0.8752617937 0.5383922008 
-82.5541430249 0.0410991672 0.8752958665 0.5385048518 
-82.5563399047 0.0410941010 0.8753300078 0.5386180832 
-82.5585435737 0.0410890199 0.8753642169 0.5387319047 
-82.5607540450 0.0410839236 0.8753984934 0.5388463265 
-82.5629713310 0.0410788123 0.8754328364 0.5389613589 
-82.5651954426 0.0410736859 0.8754672452 0.5390770125 
-82.5674263898 0.0410685444 0.8755017191 0.5391932982 
-82.5696641810 0.0410633878 0.8755362573 0.5393102273 
-82.5719088234 0.0410582160 0.8755708589 0.5394278112 
-82.5741603225 0.0410530291 0.8756055231 0.5395460617 
-82.5764186825 0.0410478271 0.8756402488 0.5396649911 
-82.5786839055 0.0410426100 0.8756750351 0.5397846119 
-82.5809559920 0.0410373777 0.8757098810 0.5399049368 
-82.5832349406 0.0410321303 0.8757447853 0.5400259791 
-82.5855207478 0.0410268678 0.8757797468 0.5401477524 
-82.5878134077 0.0410215902 0.8758147644 0.5402702707 
-82.5901129125 0.0410162976 0.8758498367 0.5403935483 
-82.5924192517 0.0410109899 0.8758849625 0.5405176000 
-82.5947324120 0.0410056673 0.8759201402 0.5406424411 
-82.5970523778 0.0410003297 0.8759553684 0.5407680872 
-82.5993791302 0.0409949772 0.8759906455 0.5408945544 
-82.6017126475 0.0409896099 0.8760259699 0.5410218594 
-82.6040529044 0.0409842278 0.8760613398 0.5411500191 
-82.6063998726 0.0409788310 0.8760967534 0.5412790512 
-82.6087535198 0.0409734196 0.8761322088 0.5414089738 
-82.6111138101 0.0409679937 0.8761677040 0.5415398055 
-82.6134807034 0.0409625534 0.8762032368 0.5416715655 
-82.6158541555 0.0409570987 0.8762388052 0.5418042735 
-82.6182341174 0.0409516299 0.8762744068 0.5419379500 
-82.6206205358 0.0409461469 0.8763100392 0.5420726159 
-82.6230133521 0.0409406501 0.8763456998 0.5422082927 
-82.6254125025 0.0409351395 0.8763813860 0.5423450026 
-82.6278179178 0.0409296153 0.8764170950 0.5424827686 
-82.6302295228 0.0409240777 0.8764528239 0.5426216142 
-82.6326472364 0.0409185269 0.8764885696 0.5427615635 
-82.6350709708 0.0409129630 0.8765243291 0.5429026415 
-82.6375006317 0.0409073864 0.8765600988 0.5430448736 
-82.6399361174 0.0409017972 0.8765958754 0.5431882863 
-82.6423773192 0.0408961957 0.8766316552 0.5433329065 
-82.6448241200 0.0408905822 0.8766674343 0.5434787617 
-82.6472763949 0.0408849570 0.8767032088 0.5436258803 
-82.6497340103 0.0408793204 0.8767389745 0.5437742911 
-82.6521968233 0.0408736727 0.8767747270 0.5439240234 
-82.6546646820 0.0408680143 0.8768104618 0.5440751071 
-82.6571374241 0.0408623456 0.8768461740 0.5442275723 
-82.6596148773 0.0408566669 0.8768818587 0.5443814490 
-82.6620968583 0.0408509788 0.8769175107 0.5445367674 
-82.6645831726 0.0408452816 0.8769531245 0.5446935568 
-82.6670736138 0.0408395758 0.8769886945 0.5448518458 
-82.6695679636 0.0408338620 0.8770242147 0.5450116609 
-82.6720659907 0.0408281406 0.8770596789 0.5451730263 
-82.6745674509 0.0408224123 0.8770950807 0.5453359622 
-82.6770720866 0.0408166776 0.8771304134 0.5455004833 
-82.6795796265 0.0408109372 0.8771656700 0.5456665966 
-82.6820897853 0.0408051918 0.8772008433 0.5458342981 
-82.6846022637 0.0407994419 0.8772359255 0.5460035692 
-82.6871167489 0.0407936884 0.8772709091 0.5461743708 
-82.6896329145 0.0407879320 0.8773057857 0.5463466363 
-82.6921504220 0.0407821735 0.8773405471 0.5465202622 
-82.6946689217 0.0407764137 0.8773751848 0.5466950949 
-82.6971880551 0.0407706534 0.8774096898 0.5468709144 
-82.6997074581 0.0407648934 0.8774440532 0.5470474128 
-82.7022267654 0.0407591346 0.8774782661 0.5472241674 
-82.7047456169 0.0407533779 0.8775123195 0.5474006069 
-82.7072636661 0.0407476240 0.8775462045 0.5475759721 
-82.7097805921 0.0407418736 0.8775799127 0.5477492731 
-82.7122961144 0.0407361274 0.8776134363 0.5479192506 
-82.7148100132 0.0407303860 0.8776467684 0.5480843596 
-82.7173221551 0.0407246495 0.8776799034 0.5482428162 
-82.7198325233 0.0407189182 0.8777128378 0.5483927970 
-82.7223412545 0.0407131915 0.8777455704 0.5485329982 
-82.7248486755 0.0407074689 0.8777781030 0.5486640029 
-82.7273553245 0.0407017491 0.8778104412 0.5487908897 
-82.7286085775 0.0406988897 0.8778265172 0.5488552841 
-82.7298619097 0.0406960307 0.8778424127 0.5489172065 
-82.7311156665 0.0406931711 0.8778581313 0.5489782818 
-82.7323702160 0.0406903102 0.8778736771 0.5490395565 
-82.7336259344 0.0406874471 0.8778890544 0.5491016836 
-82.7348831976 0.0406845809 0.8779042673 0.5491650570 
-82.7361423764 0.0406817108 0.8779193196 0.5492299062 
-82.7374038339 0.0406788360 0.8779342151 0.5492963600 
-82.7386679245 0.0406759556 0.8779489574 0.5493644871 
-82.7399349931 0.0406730689 0.8779635497 0.5494343206 
-82.7412053754 0.0406701752 0.8779779951 0.5495058735 
-82.7424793981 0.0406672736 0.8779922964 0.5495791467 
-82.7437573791 0.0406643634 0.8780064563 0.5496541341 
-82.7450396285 0.0406614441 0.8780204771 0.5497308257 
-82.7463264486 0.0406585147 0.8780343612 0.5498092093 
-82.7476181347 0.0406555748 0.8780481105 0.5498892715 
-82.7489149760 0.0406526236 0.8780617269 0.5499709985 
-82.7502172554 0.0406496605 0.8780752120 0.5500543764 
-82.7515252509 0.0406466848 0.8780885675 0.5501393918 
-82.7528392358 0.0406436960 0.8781017946 0.5502260315 
-82.7541594793 0.0406406934 0.8781148946 0.5503142833 
-82.7554862468 0.0406376765 0.8781278685 0.5504041356 
-82.7568198010 0.0406346446 0.8781407174 0.5504955776 
-82.7581604021 0.0406315972 0.8781534421 0.5505885995 
-82.7595083082 0.0406285337 0.8781660433 0.5506831922 
-82.7608637761 0.0406254534 0.8781785217 0.5507793477 
-82.7622270614 0.0406223559 0.8781908778 0.5508770587 
-82.7635984194 0.0406192405 0.8782031121 0.5509763189 
-82.7649781053 0.0406161067 0.8782152250 0.5510771230 
-82.7663663747 0.0406129539 0.8782272169 0.5511794666 
-82.7677634842 0.0406097815 0.8782390879 0.5512833458 
-82.7691696915 0.0406065889 0.8782508384 0.5513887581 
-82.7705852560 0.0406033756 0.8782624684 0.5514957015 
-82.7720104393 0.0406001409 0.8782739780 0.5516041750 
-82.7734455053 0.0405968843 0.8782853674 0.5517141782 
-82.7748907210 0.0405936052 0.8782966367 0.5518257119 
-82.7763463565 0.0405903030 0.8783077858 0.5519387773 
-82.7778126856 0.0405869770 0.8783188148 0.5520533766 
-82.7792899857 0.0405836266 0.8783297236 0.5521695126 
-82.7807785390 0.0405802512 0.8783405124 0.5522871891 
-82.7822786321 0.0405768501 0.8783511810 0.5524064104 
-82.7837905564 0.0405734228 0.8783617296 0.5525271815 
-82.7853146088 0.0405699685 0.8783721581 0.5526495082 
-82.7868510917 0.0405664865 0.8783824665 0.5527733972 
-82.7884003135 0.0405629762 0.8783926550 0.5528988553 
-82.7899625886 0.0405594368 0.8784027236 0.5530258906 
-82.7915382381 0.0405558676 0.8784126726 0.5531545115 
-82.7931275897 0.0405522680 0.8784225019 0.5532847271 
-82.7947309782 0.0405486371 0.8784322119 0.5534165471 
-82.7963487458 0.0405449741 0.8784418027 0.5535499818 
-82.7979812423 0.0405412784 0.8784512748 0.5536850424 
-82.7996288252 0.0405375490 0.8784606285 0.5538217402 
-82.8012918603 0.0405337852 0.8784698641 0.5539600875 
-82.8029707217 0.0405299861 0.8784789823 0.5541000970 
-82.8046657920 0.0405261509 0.8784879835 0.5542417821 
-82.8063774628 0.0405222787 0.8784968684 0.5543851565 
-82.8081061349 0.0405183686 0.8785056378 0.5545302347 
-82.8098522181 0.0405144196 0.8785142925 0.5546770318 
-82.8116161321 0.0405104309 0.8785228333 0.5548255630 
-82.8133983062 0.0405064014 0.8785312612 0.5549758447 
-82.8151991797 0.0405023302 0.8785395774 0.5551278932 
-82.8170192022 0.0404982163 0.8785477829 0.5552817256 
-82.8188588338 0.0404940586 0.8785558793 0.5554373596 
-82.8207185450 0.0404898562 0.8785638677 0.5555948133 
-82.8225988173 0.0404856078 0.8785717498 0.5557541051 
-82.8245001434 0.0404813124 0.8785795273 0.5559152543 
-82.8264230270 0.0404769690 0.8785872017 0.5560782802 
-82.8283679833 0.0404725762 0.8785947752 0.5562432030 
-82.8303355392 0.0404681330 0.8786022496 0.5564100432 
-82.8323262334 0.0404636381 0.8786096272 0.5565788216 
-82.8343406166 0.0404590903 0.8786169102 0.5567495597 
-82.8363792517 0.0404544884 0.8786241011 0.5569222793 
-82.8384427138 0.0404498310 0.8786312024 0.5570970027 
-82.8405315908 0.0404451168 0.8786382170 0.5572737526 
-82.8426464832 0.0404403446 0.8786451476 0.5574525521 
-82.8447880041 0.0404355128 0.8786519974 0.5576334247 
-82.8469567800 0.0404306202 0.8786587695 0.5578163945 
-82.8491534505 0.0404256653 0.8786654673 0.5580014857 
-82.8513786685 0.0404206466 0.8786720944 0.5581887230 
-82.8536331002 0.0404155626 0.8786786545 0.5583781316 
-82.8559174259 0.0404104119 0.8786851514 0.5585697369 
-82.8582323394 0.0404051929 0.8786915893 0.5587635647 
-82.8605785485 0.0403999039 0.8786979724 0.5589596411 
-82.8629567750 0.0403945434 0.8787043051 0.5591579928 
-82.8653677553 0.0403891098 0.8787105920 0.5593586465 
-82.8678122397 0.0403836013 0.8787168380 0.5595616292 
-82.8702909934 0.0403780162 0.8787230482 0.5597669685 
-82.8728047960 0.0403723529 0.8787292276 0.5599746919 
-82.8753544421 0.0403666095 0.8787353818 0.5601848276 
-82.8779407409 0.0403607843 0.8787415164 0.5603974036 
-82.8805645171 0.0403548754 0.8787476371 0.5606124484 
-82.8832266101 0.0403488809 0.8787537502 0.5608299906 
-82.8859278750 0.0403427989 0.8787598617 0.5610500592 
-82.8886691820 0.0403366275 0.8787659783 0.5612726830 
-82.8914514172 0.0403303648 0.8787721066 0.5614978914 
-82.8942754822 0.0403240086 0.8787782536 0.5617257135 
-82.8971422943 0.0403175571 0.8787844265 0.5619561789 
-82.9000527871 0.0403110080 0.8787906326 0.5621893170 
-82.9030079100 0.0403043594 0.8787968795 0.5624251574 
-82.9060086287 0.0402976090 0.8788031752 0.5626637297 
-82.9090559252 0.0402907547 0.8788095278 0.5629050635 
-82.9121507981 0.0402837943 0.8788159456 0.5631491884 
-82.9152942625 0.0402767255 0.8788224372 0.5633961338 
-82.9184873505 0.0402695460 0.8788290115 0.5636459293 
-82.9217311108 0.0402622535 0.8788356777 0.5638986041 
-82.9250266094 0.0402548457 0.8788424450 0.5641541874 
-82.9283749295 0.0402473202 0.8788493232 0.5644127082 
-82.9317771718 0.0402396745 0.8788563221 0.5646741950 
-82.9352344543 0.0402319061 0.8788634519 0.5649386764 
-82.9387479131 0.0402240126 0.8788707232 0.5652061805 
-82.9423187021 0.0402159914 0.8788781465 0.5654767349 
-82.9459479933 0.0402078400 0.8788857330 0.5657503669 
-82.9496369773 0.0401995556 0.8788934938 0.5660271035 
-82.9533868631 0.0401911357 0.8789014407 0.5663069707 
-82.9571988788 0.0401825776 0.8789095855 0.5665899945 
-82.9610742713 0.0401738785 0.8789179405 0.5668761997 
-82.9650143073 0.0401650356 0.8789265180 0.5671656108 
-82.9690202728 0.0401560462 0.8789353310 0.5674582513 
-82.9730934741 0.0401469073 0.8789443925 0.5677541440 
-82.9772352377 0.0401376160 0.8789537161 0.5680533106 
-82.9814469110 0.0401281695 0.8789633156 0.5683557720 
-82.9857298622 0.0401185646 0.8789732051 0.5686615480 
-82.9900854814 0.0401087985 0.8789833991 0.5689706571 
-82.9945151804 0.0400988679 0.8789939125 0.5692831168 
-82.9990203936 0.0400887699 0.8790047606 0.5695989431 
-83.0036025782 0.0400785011 0.8790159589 0.5699181508 
-83.0082632151 0.0400680584 0.8790275235 0.5702407529 
-83.0130038093 0.0400574386 0.8790394708 0.5705667611 
-83.0178258904 0.0400466382 0.8790518177 0.5708961852 
-83.0227310135 0.0400356540 0.8790645815 0.5712290333 
-83.0277207600 0.0400244824 0.8790777799 0.5715653115 
-83.0327967380 0.0400131201 0.8790914310 0.5719050239 
-83.0379605837 0.0400015635 0.8791055538 0.5722481725 
-83.0432139615 0.0399898089 0.8791201672 0.5725947571 
-83.0485585660 0.0399778528 0.8791352911 0.5729447749 
-83.0539961220 0.0399656914 0.8791509458 0.5732982206 
-83.0595283863 0.0399533210 0.8791671521 0.5736550865 
-83.0651571486 0.0399407376 0.8791839315 0.5740153618 
-83.0708842327 0.0399279375 0.8792013062 0.5743790330 
-83.0767114982 0.0399149165 0.8792192987 0.5747460834 
-83.0826408412 0.0399016706 0.8792379327 0.5751164931 
-83.0886741968 0.0398881957 0.8792572323 0.5754902389 
-83.0948135397 0.0398744876 0.8792772224 0.5758672938 
-83.1010608868 0.0398605420 0.8792979288 0.5762476275 
-83.1074182986 0.0398463544 0.8793193782 0.5766312057 
-83.1138878811 0.0398319203 0.8793415979 0.5770179899 
-83.1204717881 0.0398172353 0.8793646164 0.5774079377 
-83.1271722232 0.0398022946 0.8793884631 0.5778010023 
-83.1339914425 0.0397870934 0.8794131686 0.5781971323 
-83.1409317566 0.0397716269 0.8794387643 0.5785962718 
-83.1479955338 0.0397558899 0.8794652829 0.5789983598 
-83.1551852021 0.0397398774 0.8794927584 0.5794033306 
-83.1625032532 0.0397235841 0.8795212259 0.5798111133 
-83.1699522447 0.0397070046 0.8795507222 0.5802216315 
-83.1775348039 0.0396901334 0.8795812850 0.5806348034 
-83.1852536314 0.0396729647 0.8796129541 0.5810505417 
-83.1931115044 0.0396554928 0.8796457703 0.5814687533 
-83.2011112807 0.0396377116 0.8796797765 0.5818893391 
-83.2092559033 0.0396196149 0.8797150171 0.5823121941 
-83.2175484040 0.0396011964 0.8797515386 0.5827372070 
-83.2259919086 0.0395824495 0.8797893891 0.5831642605 
-83.2345896412 0.0395633675 0.8798286191 0.5835932307 
-83.2433449297 0.0395439434 0.8798692809 0.5840239874 
-83.2522612108 0.0395241700 0.8799114293 0.5844563942 
-83.2613420358 0.0395040399 0.8799551212 0.5848903078 
-83.2705910761 0.0394835455 0.8800004163 0.5853255787 
-83.2800121297 0.0394626788 0.8800473766 0.5857620508 
-83.2896091275 0.0394414317 0.8800960669 0.5861995617 
-83.2993861399 0.0394197957 0.8801465548 0.5866379426 
-83.3093473839 0.0393977621 0.8801989109 0.5870770185 
-83.3194972305 0.0393753217 0.8802532088 0.5875166083 
-83.3298402122 0.0393524651 0.8803095254 0.5879565252 
-83.3403810309 0.0393291827 0.8803679407 0.5883965767 
-83.3511245665 0.0393054643 0.8804285385 0.5888365649 
-83.3620758853 0.0392812995 0.8804914059 0.5892762870 
-83.3732402490 0.0392566773 0.8805566341 0.5897155358 
-83.3846231240 0.0392315866 0.8806243178 0.5901540997 
-83.3962301911 0.0392060156 0.8806945559 0.5905917635 
-83.4080673554 0.0391799521 0.8807674517 0.5910283092 
-83.4201407568 0.0391533836 0.8808431124 0.5914635162 
-83.4324567805 0.0391262969 0.8809216500 0.5918971621 
-83.4450220683 0.0390986784 0.8810031810 0.5923290237 
-83.4578435298 0.0390705140 0.8810878265 0.5927588773 
-83.4709283539 0.0390417889 0.8811757128 0.5931865001 
-83.4842840215 0.0390124878 0.8812669711 0.5936116708 
-83.4979183172 0.0389825949 0.8813617377 0.5940341705 
-83.5118393427 0.0389520938 0.8814601544 0.5944537839 
-83.5260555293 0.0389209671 0.8815623684 0.5948703001 
-83.5405756515 0.0388891971 0.8816685325 0.5952835137 
-83.5554088409 0.0388567654 0.8817788054 0.5956932261 
-83.5705646000 0.0388236526 0.8818933515 0.5960992462 
-83.5860528166 0.0387898388 0.8820123413 0.5965013914 
-83.6018837783 0.0387553032 0.8821359516 0.5968994891 
-83.6180681879 0.0387200244 0.8822643652 0.5972933772 
-83.6346171778 0.0386839799 0.8823977717 0.5976829053 
-83.6515423267 0.0386471465 0.8825363667 0.5980679353 
-83.6688556743 0.0386095002 0.8826803530 0.5984483427 
-83.6865697382 0.0385710160 0.8828299397 0.5988240166 
-83.7046975301 0.0385316680 0.8829853431 0.5991948611 
-83.7232525729 0.0384914293 0.8831467860 0.5995607949 
-83.7422489173 0.0384502722 0.8833144988 0.5999217526 
-83.7617011598 0.0384081677 0.8834887185 0.6002776844 
-83.7816244603 0.0383650861 0.8836696895 0.6006285561 
-83.8020345608 0.0383209964 0.8838576636 0.6009743496 
-83.8229478035 0.0382758668 0.8840528998 0.6013150625 
-83.8443811505 0.0382296639 0.8842556643 0.6016507076 
-83.8663522032 0.0381823538 0.8844662310 0.6019813131 
-83.8888792226 0.0381339009 0.8846848811 0.6023069214 
-83.9119811502 0.0380842687 0.8849119034 0.6026275889 
-83.9356776294 0.0380334195 0.8851475940 0.6029433852 
-83.9599890276 0.0379813143 0.8853922568 0.6032543923 
-83.9849364591 0.0379279127 0.8856462030 0.6035607032 
-84.0105418087 0.0378731732 0.8859097514 0.6038624219 
-84.0368277563 0.0378170530 0.8861832281 0.6041596613 
-84.0638178028 0.0377595078 0.8864669670 0.6044525425 
-84.0915362958 0.0377004920 0.8867613091 0.6047411936 
-84.1200084582 0.0376399586 0.8870666030 0.6050257484 
-84.1492604159 0.0375778593 0.8873832042 0.6053063449 
-84.1793192288 0.0375141440 0.8877114759 0.6055831236 
-84.2102129218 0.0374487615 0.8880517881 0.6058562261 
-84.2419705176 0.0373816588 0.8884045178 0.6061257933 
-84.2746220711 0.0373127815 0.8887700492 0.6063919626 
-84.3081987056 0.0372420736 0.8891487728 0.6066548660 
-84.3427326508 0.0371694774 0.8895410861 0.6069146263 
-84.3782572823 0.0370949336 0.8899473927 0.6071713538 
-84.4148071636 0.0370183812 0.8903681028 0.6074251409 
-84.4524180908 0.0369397576 0.8908036323 0.6076760560 
-84.4911271385 0.0368589983 0.8912544031 0.6079241359 
-84.5309727097 0.0367760370 0.8917208426 0.6081693749 
-84.5719945885 0.0366908057 0.8922033837 0.6084117117 
-84.6142339955 0.0366032344 0.8927024640 0.6086510118 
-84.6577336476 0.0365132511 0.8932185263 0.6088870449 
-84.7025378226 0.0364207822 0.8937520175 0.6091194547 
-84.7486924276 0.0363257516 0.8943033889 0.6093477198 
-84.7962450747 0.0362280814 0.8948730956 0.6095711029 
-84.8452451624 0.0361276916 0.8954615962 0.6097885836 
-84.8957439664 0.0360244997 0.8960693529 0.6099987715 
-84.9477947395 0.0359184212 0.8966968306 0.6101997929 
-85.0014528247 0.0358093689 0.8973444976 0.6103891460 
-85.0567757818 0.0356972534 0.8980128247 0.6105635179 
-85.1138235343 0.0355819823 0.8987022859 0.6107185615 
-85.1726585375 0.0354634605 0.8994133585 0.6108486417 
-85.2333459758 0.0353415897 0.9001465234 0.6109465895 
-85.2959539931 0.0352162685 0.9009022663 0.6110035696 
-85.3605539620 0.0350873914 0.9016810784 0.6110092459 
-85.4272207856 0.0349548491 0.9024834581 0.6109521173 
-85.4960333422 0.0348185276 0.9033099142 0.6108289058 
-85.5670764316 0.0346783045 0.9041609920 0.6107798648 
-85.6404365886 0.0345340579 0.9050372031 0.6109612952 
-85.7161967140 0.0343856767 0.9059389407 0.6113410643 
-82.7286085775 0.0406988897 0.8778265172 0.5488552841 
-82.7298619097 0.0406960307 0.8778424127 0.5489172065 
-82.7311156665 0.0406931711 0.8778581313 0.5489782818 
-82.7323702160 0.0406903102 0.8778736771 0.5490395565 
-82.7336259344 0.0406874471 0.8778890544 0.5491016836 
-82.7348831976 0.0406845809 0.8779042673 0.5491650570 
-82.7361423764 0.0406817108 0.8779193196 0.5492299062 
-82.7374038339 0.0406788360 0.8779342151 0.5492963600 
-82.7386679245 0.0406759556 0.8779489574 0.5493644871 
-82.7399349931 0.0406730689 0.8779635497 0.5494343206 
-82.7412053754 0.0406701752 0.8779779951 0.5495058735 
-82.7424793981 0.0406672736 0.8779922964 0.5495791467 
-82.7437573791 0.0406643634 0.8780064563 0.5496541341 
-82.7450396285 0.0406614441 0.8780204771 0.5497308257 
-82.7463264486 0.0406585147 0.8780343612 0.5498092093 
-82.7476181347 0.0406555748 0.8780481105 0.5498892715 
-82.7489149760 0.0406526236 0.8780617269 0.5499709985 
-82.7502172554 0.0406496605 0.8780752120 0.5500543764 
-82.7515252509 0.0406466848 0.8780885675 0.5501393918 
-82.7528392358 0.0406436960 0.8781017946 0.5502260315 
-82.7541594793 0.0406406934 0.8781148946 0.5503142833 
-82.7554862468 0.0406376765 0.8781278685 0.5504041356 
-82.7568198010 0.0406346446 0.8781407174 0.5504955776 
-82.7581604021 0.0406315972 0.8781534421 0.5505885995 
-82.7595083082 0.0406285337 0.8781660433 0.5506831922 
-82.7608637761 0.0406254534 0.8781785217 0.5507793477 
-82.7622270614 0.0406223559 0.8781908778 0.5508770587 
-82.7635984194 0.0406192405 0.8782031121 0.5509763189 
-82.7649781053 0.0406161067 0.8782152250 0.5510771230 
-82.7663663747 0.0406129539 0.8782272169 0.5511794666 
-82.7677634842 0.0406097815 0.8782390879 0.5512833458 
-82.7691696915 0.0406065889 0.8782508384 0.5513887581 
-82.7705852560 0.0406033756 0.8782624684 0.5514957015 
-82.7720104393 0.0406001409 0.8782739780 0.5516041750 
-82.7734455053 0.0405968843 0.8782853674 0.5517141782 
-82.7748907210 0.0405936052 0.8782966367 0.5518257119 
-82.7763463565 0.0405903030 0.8783077858 0.5519387773 
-82.7778126856 0.0405869770 0.8783188148 0.5520533766 
-82.7792899857 0.0405836266 0.8783297236 0.5521695126 
-82.7807785390 0.0405802512 0.8783405124 0.5522871891 
-82.7822786321 0.0405768501 0.8783511810 0.5524064104 
-82.7837905564 0.0405734228 0.8783617296 0.5525271815 
-82.7853146088 0.0405699685 0.8783721581 0.5526495082 
-82.7868510917 0.0405664865 0.8783824665 0.5527733972 
-82.7884003135 0.0405629762 0.8783926550 0.5528988553 
-82.7899625886 0.0405594368 0.8784027236 0.5530258906 
-82.7915382381 0.0405558676 0.8784126726 0.5531545115 
-82.7931275897 0.0405522680 0.8784225019 0.5532847271 
-82.7947309782 0.0405486371 0.8784322119 0.5534165471 
-82.7963487458 0.0405449741 0.8784418027 0.5535499818 
-82.7979812423 0.0405412784 0.8784512748 0.5536850424 
-82.7996288252 0.0405375490 0.8784606285 0.5538217402 
-82.8012918603 0.0405337852 0.8784698641 0.5539600875 
-82.8029707217 0.0405299861 0.8784789823 0.5541000970 
-82.8046657920 0.0405261509 0.8784879835 0.5542417821 
-82.8063774628 0.0405222787 0.8784968684 0.5543851565 
-82.8081061349 0.0405183686 0.8785056378 0.5545302347 
-82.8098522181 0.0405144196 0.8785142925 0.5546770318 
-82.8116161321 0.0405104309 0.8785228333 0.5548255630 
-82.8133983062 0.0405064014 0.8785312612 0.5549758447 
-82.8151991797 0.0405023302 0.8785395774 0.5551278932 
-82.8170192022 0.0404982163 0.8785477829 0.5552817256 
-82.8188588338 0.0404940586 0.8785558793 0.5554373596 
-82.8207185450 0.0404898562 0.8785638677 0.5555948133 
-82.8225988173 0.0404856078 0.8785717498 0.5557541051 
-82.8245001434 0.0404813124 0.8785795273 0.5559152543 
-82.8264230270 0.0404769690 0.8785872017 0.5560782802 
-82.8283679833 0.0404725762 0.8785947752 0.5562432030 
-82.8303355392 0.0404681330 0.8786022496 0.5564100432 
-82.8323262334 0.0404636381 0.8786096272 0.5565788216 
-82.8343406166 0.0404590903 0.8786169102 0.5567495597 
-82.8363792517 0.0404544884 0.8786241011 0.5569222793 
-82.8384427138 0.0404498310 0.8786312024 0.5570970027 
-82.8405315908 0.0404451168 0.8786382170 0.5572737526 
-82.8426464832 0.0404403446 0.8786451476 0.5574525521 
-82.8447880041 0.0404355128 0.8786519974 0.5576334247 
-82.8469567800 0.0404306202 0.8786587695 0.5578163945 
-82.8491534505 0.0404256653 0.8786654673 0.5580014857 
-82.8513786685 0.0404206466 0.8786720944 0.5581887230 
-82.8536331002 0.0404155626 0.8786786545 0.5583781316 
-82.8559174259 0.0404104119 0.8786851514 0.5585697369 
-82.8582323394 0.0404051929 0.8786915893 0.5587635647 
-82.8605785485 0.0403999039 0.8786979724 0.5589596411 
-82.8629567750 0.0403945434 0.8787043051 0.5591579928 
-82.8653677553 0.0403891098 0.8787105920 0.5593586465 
-82.8678122397 0.0403836013 0.8787168380 0.5595616292 
-82.8702909934 0.0403780162 0.8787230482 0.5597669685 
-82.8728047960 0.0403723529 0.8787292276 0.5599746919 
-82.8753544421 0.0403666095 0.8787353818 0.5601848276 
-82.8779407409 0.0403607843 0.8787415164 0.5603974036 
-82.8805645171 0.0403548754 0.8787476371 0.5606124484 
-82.8832266101 0.0403488809 0.8787537502 0.5608299906 
-82.8859278750 0.0403427989 0.8787598617 0.5610500592 
-82.8886691820 0.0403366275 0.8787659783 0.5612726830 
-82.8914514172 0.0403303648 0.8787721066 0.5614978914 
-82.8942754822 0.0403240086 0.8787782536 0.5617257135 
-82.8971422943 0.0403175571 0.8787844265 0.5619561789 
-82.9000527871 0.0403110080 0.8787906326 0.5621893170 
-82.9030079100 0.0403043594 0.8787968795 0.5624251574 
-82.9060086287 0.0402976090 0.8788031752 0.5626637297 
-82.9090559252 0.0402907547 0.8788095278 0.5629050635 
-82.9121507981 0.0402837943 0.8788159456 0.5631491884 
-82.9152942625 0.0402767255 0.8788224372 0.5633961338 
-82.9184873505 0.0402695460 0.8788290115 0.5636459293 
-82.9217311108 0.0402622535 0.8788356777 0.5638986041 
-82.9250266094 0.0402548457 0.8788424450 0.5641541874 
-82.9283749295 0.0402473202 0.8788493232 0.5644127082 
-82.9317771718 0.0402396745 0.8788563221 0.5646741950 
-82.9352344543 0.0402319061 0.8788634519 0.5649386764 
-82.9387479131 0.0402240126 0.8788707232 0.5652061805 
-82.9423187021 0.0402159914 0.8788781465 0.5654767349 
-82.9459479933 0.0402078400 0.8788857330 0.5657503669 
-82.9496369773 0.0401995556 0.8788934938 0.5660271035 
-82.9533868631 0.0401911357 0.8789014407 0.5663069707 
-82.9571988788 0.0401825776 0.8789095855 0.5665899945 
-82.9610742713 0.0401738785 0.8789179405 0.5668761997 
-82.9650143073 0.0401650356 0.8789265180 0.5671656108 
-82.9690202728 0.0401560462 0.8789353310 0.5674582513 
-82.9730934741 0.0401469073 0.8789443925 0.5677541440 
-82.9772352377 0.0401376160 0.8789537161 0.5680533106 
-82.9814469110 0.0401281695 0.8789633156 0.5683557720 
-82.9857298622 0.0401185646 0.8789732051 0.5686615480 
-82.9900854814 0.0401087985 0.8789833991 0.5689706571 
-82.9945151804 0.0400988679 0.8789939125 0.5692831168 
-82.9990203936 0.0400887699 0.8790047606 0.5695989431 
-83.0036025782 0.0400785011 0.8790159589 0.5699181508 
-83.0082632151 0.0400680584 0.8790275235 0.5702407529 
-83.0130038093 0.0400574386 0.8790394708 0.5705667611 
-83.0178258904 0.0400466382 0.8790518177 0.5708961852 
-83.0227310135 0.0400356540 0.8790645815 0.5712290333 
-83.0277207600 0.0400244824 0.8790777799 0.5715653115 
-83.0327967380 0.0400131201 0.8790914310 0.5719050239 
-83.0379605837 0.0400015635 0.8791055538 0.5722481725 
-83.0432139615 0.0399898089 0.8791201672 0.5725947571 
-83.0485585660 0.0399778528 0.8791352911 0.5729447749 
-83.0539961220 0.0399656914 0.8791509458 0.5732982206 
-83.0595283863 0.0399533210 0.8791671521 0.5736550865 
-83.0651571486 0.0399407376 0.8791839315 0.5740153618 
-83.0708842327 0.0399279375 0.8792013062 0.5743790330 
-83.0767114982 0.0399149165 0.8792192987 0.5747460834 
-83.0826408412 0.0399016706 0.8792379327 0.5751164931 
-83.0886741968 0.0398881957 0.8792572323 0.5754902389 
-83.0948135397 0.0398744876 0.8792772224 0.5758672938 
-83.1010608868 0.0398605420 0.8792979288 0.5762476275 
-83.1074182986 0.0398463544 0.8793193782 0.5766312057 
-83.1138878811 0.0398319203 0.8793415979 0.5770179899 
-83.1204717881 0.0398172353 0.8793646164 0.5774079377 
-83.1271722232 0.0398022946 0.8793884631 0.5778010023 
-83.1339914425 0.0397870934 0.8794131686 0.5781971323 
-83.1409317566 0.0397716269 0.8794387643 0.5785962718 
-83.1479955338 0.0397558899 0.8794652829 0.5789983598 
-83.1551852021 0.0397398774 0.8794927584 0.5794033306 
-83.1625032532 0.0397235841 0.8795212259 0.5798111133 
-83.1699522447 0.0397070046 0.8795507222 0.5802216315 
-83.1775348039 0.0396901334 0.8795812850 0.5806348034 
-83.1852536314 0.0396729647 0.8796129541 0.5810505417 
-83.1931115044 0.0396554928 0.8796457703 0.5814687533 
-83.2011112807 0.0396377116 0.8796797765 0.5818893391 
-83.2092559033 0.0396196149 0.8797150171 0.5823121941 
-83.2175484040 0.0396011964 0.8797515386 0.5827372070 
-83.2259919086 0.0395824495 0.8797893891 0.5831642605 
-83.2345896412 0.0395633675 0.8798286191 0.5835932307 
-83.2433449297 0.0395439434 0.8798692809 0.5840239874 
-83.2522612108 0.0395241700 0.8799114293 0.5844563942 
-83.2613420358 0.0395040399 0.8799551212 0.5848903078 
-83.2705910761 0.0394835455 0.8800004163 0.5853255787 
-83.2800121297 0.0394626788 0.8800473766 0.5857620508 
-83.2896091275 0.0394414317 0.8800960669 0.5861995617 
-83.2993861399 0.0394197957 0.8801465548 0.5866379426 
-83.3093473839 0.0393977621 0.8801989109 0.5870770185 
-83.3194972305 0.0393753217 0.8802532088 0.5875166083 
-83.3298402122 0.0393524651 0.8803095254 0.5879565252 
-83.3403810309 0.0393291827 0.8803679407 0.5883965767 
-83.3511245665 0.0393054643 0.8804285385 0.5888365649 
-83.3620758853 0.0392812995 0.8804914059 0.5892762870 
-83.3732402490 0.0392566773 0.8805566341 0.5897155358 
-83.3846231240 0.0392315866 0.8806243178 0.5901540997 
-83.3962301911 0.0392060156 0.8806945559 0.5905917635 
-83.4080673554 0.0391799521 0.8807674517 0.5910283092 
-83.4201407568 0.0391533836 0.8808431124 0.5914635162 
-83.4324567805 0.0391262969 0.8809216500 0.5918971621 
-83.4450220683 0.0390986784 0.8810031810 0.5923290237 
-83.4578435298 0.0390705140 0.8810878265 0.5927588773 
-83.4709283539 0.0390417889 0.8811757128 0.5931865001 
-83.4842840215 0.0390124878 0.8812669711 0.5936116708 
-83.4979183172 0.0389825949 0.8813617377 0.5940341705 
-83.5118393427 0.0389520938 0.8814601544 0.5944537839 
-83.5260555293 0.0389209671 0.8815623684 0.5948703001 
-83.5405756515 0.0388891971 0.8816685325 0.5952835137 
-83.5554088409 0.0388567654 0.8817788054 0.5956932261 
-83.5705646000 0.0388236526 0.8818933515 0.5960992462 
-83.5860528166 0.0387898388 0.8820123413 0.5965013914 
-83.6018837783 0.0387553032 0.8821359516 0.5968994891 
-83.6180681879 0.0387200244 0.8822643652 0.5972933772 
-83.6346171778 0.0386839799 0.8823977717 0.5976829053 
-83.6515423267 0.0386471465 0.8825363667 0.5980679353 
-83.6688556743 0.0386095002 0.8826803530 0.5984483427 
-83.6865697382 0.0385710160 0.8828299397 0.5988240166 
-83.7046975301 0.0385316680 0.8829853431 0.5991948611 
-83.7232525729 0.0384914293 0.8831467860 0.5995607949 
-83.7422489173 0.0384502722 0.8833144988 0.5999217526 
-83.7617011598 0.0384081677 0.8834887185 0.6002776844 
-83.7816244603 0.0383650861 0.8836696895 0.6006285561 
-83.8020345608 0.0383209964 0.8838576636 0.6009743496 
-83.8229478035 0.0382758668 0.8840528998 0.6013150625 
-83.8443811505 0.0382296639 0.8842556643 0.6016507076 
-83.8663522032 0.0381823538 0.8844662310 0.6019813131 
-83.8888792226 0.0381339009 0.8846848811 0.6023069214 
-83.9119811502 0.0380842687 0.8849119034 0.6026275889 
-83.9356776294 0.0380334195 0.8851475940 0.6029433852 
-83.9599890276 0.0379813143 0.8853922568 0.6032543923 
-83.9849364591 0.0379279127 0.8856462030 0.6035607032 
-84.0105418087 0.0378731732 0.8859097514 0.6038624219 
-84.0368277563 0.0378170530 0.8861832281 0.6041596613 
-84.0638178028 0.0377595078 0.8864669670 0.6044525425 
-84.0915362958 0.0377004920 0.8867613091 0.6047411936 
-84.1200084582 0.0376399586 0.8870666030 0.6050257484 
-84.1492604159 0.0375778593 0.8873832042 0.6053063449 
-84.1793192288 0.0375141440 0.8877114759 0.6055831236 
-84.2102129218 0.0374487615 0.8880517881 0.6058562261 
-84.2419705176 0.0373816588 0.8884045178 0.6061257933 
-84.2746220711 0.0373127815 0.8887700492 0.6063919626 
-84.3081987056 0.0372420736 0.8891487728 0.6066548660 
-84.3427326508 0.0371694774 0.8895410861 0.6069146263 
-84.3782572823 0.0370949336 0.8899473927 0.6071713538 
-84.4148071636 0.0370183812 0.8903681028 0.6074251409 
-84.4524180908 0.0369397576 0.8908036323 0.6076760560 
-84.4911271385 0.0368589983 0.8912544031 0.6079241359 
-84.5309727097 0.0367760370 0.8917208426 0.6081693749 
-84.5719945885 0.0366908057 0.8922033837 0.6084117117 
-84.6142339955 0.0366032344 0.8927024640 0.6086510118 
-84.6577336476 0.0365132511 0.8932185263 0.6088870449 
-84.7025378226 0.0364207822 0.8937520175 0.6091194547 
-84.7486924276 0.0363257516 0.8943033889 0.6093477198 
-84.7962450747 0.0362280814 0.8948730956 0.6095711029 
-84.8452451624 0.0361276916 0.8954615962 0.6097885836 
-84.8957439664 0.0360244997 0.8960693529 0.6099987715 
-84.9477947395 0.0359184212 0.8966968306 0.6101997929 
-85.0014528247 0.0358093689 0.8973444976 0.6103891460 
-85.0567757818 0.0356972534 0.8980128247 0.6105635179 
-85.1138235343 0.0355819823 0.8987022859 0.6107185615 
-85.1726585375 0.0354634605 0.8994133585 0.6108486417 
-85.2333459758 0.0353415897 0.9001465234 0.6109465895 
-85.2959539931 0.0352162685 0.9009022663 0.6110035696 
-85.3605539620 0.0350873914 0.9016810784 0.6110092459 
-85.4272207856 0.0349548491 0.9024834581 0.6109521173 
-85.4960333422 0.0348185276 0.9033099142 0.6108289058 
-85.5670764316 0.0346783045 0.9041609920 0.6107798648 
-85.6404365886 0.0345340579 0.9050372031 0.6109612952 
-85.7161967140 0.0343856767 0.9059389407 0.6113410643 
-82.2605540777 0.0417816598 0.8705148596 0.5244399141 
-82.2617374978 0.0417788873 0.8705347744 0.5244798507 
-82.2629222667 0.0417761119 0.8705547051 0.5245183433 
-82.2641086543 0.0417733329 0.8705746564 0.5245563666 
-82.2652969355 0.0417705496 0.8705946330 0.5245945388 
-82.2664873819 0.0417677615 0.8706146397 0.5246332389 
-82.2676802582 0.0417649678 0.8706346810 0.5246726911 
-82.2688758191 0.0417621680 0.8706547612 0.5247130222 
-82.2700743086 0.0417593615 0.8706748847 0.5247542992 
-82.2712759587 0.0417565478 0.8706950553 0.5247965530 
-82.2724809899 0.0417537264 0.8707152769 0.5248397930 
-82.2736896111 0.0417508967 0.8707355531 0.5248840155 
-82.2749020197 0.0417480584 0.8707558872 0.5249292091 
-82.2761184019 0.0417452109 0.8707762824 0.5249753575 
-82.2773389334 0.0417423539 0.8707967418 0.5250224417 
-82.2785637794 0.0417394870 0.8708172681 0.5250704409 
-82.2797930952 0.0417366098 0.8708378640 0.5251193336 
-82.2810270265 0.0417337220 0.8708585319 0.5251690977 
-82.2822657101 0.0417308233 0.8708792742 0.5252197110 
-82.2835092739 0.0417279133 0.8709000930 0.5252711518 
-82.2847578375 0.0417249918 0.8709209904 0.5253233984 
-82.2860115126 0.0417220586 0.8709419681 0.5253764296 
-82.2872704034 0.0417191134 0.8709630280 0.5254302248 
-82.2885346069 0.0417161559 0.8709841717 0.5254847640 
-82.2898042132 0.0417131860 0.8710054006 0.5255400275 
-82.2910793058 0.0417102034 0.8710267162 0.5255959966 
-82.2923599622 0.0417072080 0.8710481196 0.5256526529 
-82.2936462539 0.0417041997 0.8710696122 0.5257099788 
-82.2949382469 0.0417011782 0.8710911948 0.5257679572 
-82.2962360018 0.0416981435 0.8711128686 0.5258265717 
-82.2975395743 0.0416950953 0.8711346344 0.5258858063 
-82.2988490152 0.0416920337 0.8711564930 0.5259456458 
-82.3001643710 0.0416889584 0.8711784451 0.5260060754 
-82.3014856838 0.0416858694 0.8712004914 0.5260670810 
-82.3028129916 0.0416827666 0.8712226325 0.5261286489 
-82.3041463288 0.0416796499 0.8712448688 0.5261907659 
-82.3054857260 0.0416765193 0.8712672009 0.5262534194 
-82.3068312106 0.0416733747 0.8712896291 0.5263165972 
-82.3081828066 0.0416702160 0.8713121537 0.5263802876 
-82.3095405350 0.0416670432 0.8713347751 0.5264444793 
-82.3109044142 0.0416638563 0.8713574934 0.5265091615 
-82.3122744597 0.0416606552 0.8713803088 0.5265743237 
-82.3136506845 0.0416574399 0.8714032215 0.5266399560 
-82.3150330993 0.0416542103 0.8714262316 0.5267060487 
-82.3164217126 0.0416509665 0.8714493392 0.5267725926 
-82.3178165308 0.0416477085 0.8714725441 0.5268395787 
-82.3192175584 0.0416444362 0.8714958466 0.5269069986 
-82.3206247981 0.0416411496 0.8715192464 0.5269748439 
-82.3220382508 0.0416378488 0.8715427435 0.5270431069 
-82.3234579159 0.0416345337 0.8715663379 0.5271117799 
-82.3248837915 0.0416312043 0.8715900293 0.5271808557 
-82.3263158741 0.0416278607 0.8716138177 0.5272503272 
-82.3277541591 0.0416245029 0.8716377029 0.5273201878 
-82.3291986406 0.0416211308 0.8716616846 0.5273904309 
-82.3306493120 0.0416177446 0.8716857627 0.5274610505 
-82.3321061652 0.0416143442 0.8717099369 0.5275320405 
-82.3335691918 0.0416109296 0.8717342069 0.5276033953 
-82.3350383820 0.0416075009 0.8717585726 0.5276751094 
-82.3365137257 0.0416040582 0.8717830336 0.5277471776 
-82.3379952119 0.0416006013 0.8718075896 0.5278195948 
-82.3394828293 0.0415971305 0.8718322404 0.5278923563 
-82.3409765657 0.0415936456 0.8718569856 0.5279654574 
-82.3424764088 0.0415901467 0.8718818250 0.5280388937 
-82.3439823456 0.0415866339 0.8719067581 0.5281126609 
-82.3454943629 0.0415831073 0.8719317847 0.5281867552 
-82.3470124472 0.0415795667 0.8719569043 0.5282611725 
-82.3485365848 0.0415760123 0.8719821168 0.5283359092 
-82.3500667618 0.0415724441 0.8720074217 0.5284109617 
-82.3516029641 0.0415688622 0.8720328186 0.5284863268 
-82.3531451775 0.0415652665 0.8720583073 0.5285620012 
-82.3546933879 0.0415616571 0.8720838873 0.5286379818 
-82.3562475811 0.0415580341 0.8721095583 0.5287142658 
-82.3578077427 0.0415543975 0.8721353200 0.5287908504 
-82.3593738588 0.0415507473 0.8721611719 0.5288677329 
-82.3609459152 0.0415470835 0.8721871137 0.5289449110 
-82.3625238981 0.0415434063 0.8722131451 0.5290223821 
-82.3641077937 0.0415397156 0.8722392657 0.5291001442 
-82.3656975885 0.0415360114 0.8722654752 0.5291781950 
-82.3672932692 0.0415322938 0.8722917732 0.5292565327 
-82.3688948226 0.0415285629 0.8723181593 0.5293351553 
-82.3705022359 0.0415248186 0.8723446332 0.5294140612 
-82.3721154967 0.0415210611 0.8723711945 0.5294932487 
-82.3737345927 0.0415172902 0.8723978430 0.5295727162 
-82.3753595120 0.0415135062 0.8724245783 0.5296524625 
-82.3769902433 0.0415097089 0.8724514000 0.5297324861 
-82.3786267752 0.0415058984 0.8724783078 0.5298127859 
-82.3802690972 0.0415020748 0.8725053015 0.5298933608 
-82.3819171988 0.0414982381 0.8725323806 0.5299742098 
-82.3835710702 0.0414943882 0.8725595449 0.5300553321 
-82.3852307020 0.0414905253 0.8725867941 0.5301367267 
-82.3868960851 0.0414866494 0.8726141278 0.5302183930 
-82.3885672111 0.0414827604 0.8726415458 0.5303003304 
-82.3902440719 0.0414788585 0.8726690478 0.5303825385 
-82.3919266599 0.0414749435 0.8726966336 0.5304650166 
-82.3936149682 0.0414710156 0.8727243027 0.5305477647 
-82.3953089902 0.0414670748 0.8727520551 0.5306307823 
-82.3970087198 0.0414631210 0.8727798903 0.5307140693 
-82.3987141518 0.0414591543 0.8728078082 0.5307976257 
-82.4004252810 0.0414551748 0.8728358085 0.5308814515 
-82.4021421032 0.0414511823 0.8728638909 0.5309655467 
-82.4038646145 0.0414471770 0.8728920553 0.5310499117 
-82.4055928116 0.0414431589 0.8729203014 0.5311345465 
-82.4073266919 0.0414391279 0.8729486289 0.5312194517 
-82.4090662532 0.0414350841 0.8729770377 0.5313046275 
-82.4108114940 0.0414310274 0.8730055276 0.5313900746 
-82.4125624132 0.0414269579 0.8730340983 0.5314757936 
-82.4143190105 0.0414228756 0.8730627496 0.5315617850 
-82.4160812861 0.0414187805 0.8730914815 0.5316480497 
-82.4178492407 0.0414146726 0.8731202936 0.5317345886 
-82.4196228757 0.0414105519 0.8731491859 0.5318214024 
-82.4214021929 0.0414064183 0.8731781580 0.5319084924 
-82.4231871950 0.0414022720 0.8732072100 0.5319958594 
-82.4249778851 0.0413981128 0.8732363416 0.5320835047 
-82.4267742668 0.0413939408 0.8732655527 0.5321714295 
-82.4285763445 0.0413897560 0.8732948431 0.5322596352 
-82.4303841229 0.0413855584 0.8733242127 0.5323481231 
-82.4321976077 0.0413813479 0.8733536614 0.5324368948 
-82.4340168048 0.0413771246 0.8733831890 0.5325259517 
-82.4358417207 0.0413728884 0.8734127954 0.5326152956 
-82.4376723629 0.0413686393 0.8734424806 0.5327049281 
-82.4395087389 0.0413643773 0.8734722443 0.5327948511 
-82.4413508571 0.0413601024 0.8735020865 0.5328850665 
-82.4431987265 0.0413558146 0.8735320071 0.5329755761 
-82.4450523565 0.0413515139 0.8735620060 0.5330663822 
-82.4469117570 0.0413472002 0.8735920831 0.5331574868 
-82.4487769388 0.0413428735 0.8736222383 0.5332488921 
-82.4506479128 0.0413385339 0.8736524716 0.5333406005 
-82.4525246908 0.0413341812 0.8736827828 0.5334326144 
-82.4544072849 0.0413298154 0.8737131718 0.5335249361 
-82.4562957078 0.0413254366 0.8737436387 0.5336175684 
-82.4581899727 0.0413210447 0.8737741833 0.5337105138 
-82.4600900934 0.0413166396 0.8738048055 0.5338037751 
-82.4619960840 0.0413122215 0.8738355054 0.5338973551 
-82.4639079593 0.0413077901 0.8738662827 0.5339912568 
-82.4658257346 0.0413033455 0.8738971376 0.5340854832 
-82.4677494253 0.0412988876 0.8739280698 0.5341800373 
-82.4696790477 0.0412944165 0.8739590794 0.5342749225 
-82.4716146184 0.0412899321 0.8739901662 0.5343701419 
-82.4735561543 0.0412854343 0.8740213303 0.5344656990 
-82.4755036728 0.0412809231 0.8740525715 0.5345615973 
-82.4774571919 0.0412763985 0.8740838899 0.5346578404 
-82.4794167297 0.0412718605 0.8741152853 0.5347544320 
-82.4813823049 0.0412673089 0.8741467576 0.5348513759 
-82.4833539365 0.0412627438 0.8741783069 0.5349486760 
-82.4853316438 0.0412581652 0.8742099330 0.5350463363 
-82.4873154465 0.0412535729 0.8742416359 0.5351443610 
-82.4893053647 0.0412489670 0.8742734155 0.5352427542 
-82.4913014185 0.0412443473 0.8743052717 0.5353415204 
-82.4933036287 0.0412397140 0.8743372044 0.5354406639 
-82.4953120161 0.0412350668 0.8743692136 0.5355401895 
-82.4973266018 0.0412304058 0.8744012991 0.5356401017 
-82.4993474072 0.0412257310 0.8744334609 0.5357404054 
-82.5013744537 0.0412210422 0.8744656989 0.5358411056 
-82.5034077632 0.0412163394 0.8744980129 0.5359422072 
-82.5054473574 0.0412116227 0.8745304028 0.5360437156 
-82.5074932586 0.0412068919 0.8745628685 0.5361456361 
-82.5095454886 0.0412021470 0.8745954099 0.5362479741 
-82.5116040699 0.0411973879 0.8746280267 0.5363507352 
-82.5136690246 0.0411926146 0.8746607189 0.5364539252 
-82.5157403751 0.0411878272 0.8746934863 0.5365575500 
-82.5178181435 0.0411830254 0.8747263286 0.5366616157 
-82.5199023523 0.0411782093 0.8747592458 0.5367661284 
-82.5219930236 0.0411733788 0.8747922375 0.5368710946 
-82.5240901795 0.0411685339 0.8748253036 0.5369765206 
-82.5261938418 0.0411636745 0.8748584438 0.5370824133 
-82.5283040325 0.0411588007 0.8748916578 0.5371887794 
-82.5304207730 0.0411539122 0.8749249455 0.5372956261 
-82.5325440846 0.0411490092 0.8749583064 0.5374029604 
-82.5346739884 0.0411440915 0.8749917403 0.5375107899 
-82.5368105049 0.0411391592 0.8750252469 0.5376191220 
-82.5389536546 0.0411342121 0.8750588257 0.5377279646 
-82.5411034571 0.0411292503 0.8750924764 0.5378373256 
-82.5432599319 0.0411242736 0.8751261987 0.5379472132 
-82.5454230977 0.0411192822 0.8751599920 0.5380576358 
-82.5475929727 0.0411142758 0.8751938559 0.5381686020 
-82.5497695745 0.0411092546 0.8752277900 0.5382801206 
-82.5519529199 0.0411042184 0.8752617937 0.5383922008 
-82.5541430249 0.0410991672 0.8752958665 0.5385048518 
-82.5563399047 0.0410941010 0.8753300078 0.5386180832 
-82.5585435737 0.0410890199 0.8753642169 0.5387319047 
-82.5607540450 0.0410839236 0.8753984934 0.5388463265 
-82.5629713310 0.0410788123 0.8754328364 0.5389613589 
-82.5651954426 0.0410736859 0.8754672452 0.5390770125 
-82.5674263898 0.0410685444 0.8755017191 0.5391932982 
-82.5696641810 0.0410633878 0.8755362573 0.5393102273 
-82.5719088234 0.0410582160 0.8755708589 0.5394278112 
-82.5741603225 0.0410530291 0.8756055231 0.5395460617 
-82.5764186825 0.0410478271 0.8756402488 0.5396649911 
-82.5786839055 0.0410426100 0.8756750351 0.5397846119 
-82.5809559920 0.0410373777 0.8757098810 0.5399049368 
-82.5832349406 0.0410321303 0.8757447853 0.5400259791 
-82.5855207478 0.0410268678 0.8757797468 0.5401477524 
-82.5878134077 0.0410215902 0.8758147644 0.5402702707 
-82.5901129125 0.0410162976 0.8758498367 0.5403935483 
-82.5924192517 0.0410109899 0.8758849625 0.5405176000 
-82.5947324120 0.0410056673 0.8759201402 0.5406424411 
-82.5970523778 0.0410003297 0.8759553684 0.5407680872 
-82.5993791302 0.0409949772 0.8759906455 0.5408945544 
-82.6017126475 0.0409896099 0.8760259699 0.5410218594 
-82.6040529044 0.0409842278 0.8760613398 0.5411500191 
-82.6063998726 0.0409788310 0.8760967534 0.5412790512 
-82.6087535198 0.0409734196 0.8761322088 0.5414089738 
-82.6111138101 0.0409679937 0.8761677040 0.5415398055 
-82.6134807034 0.0409625534 0.8762032368 0.5416715655 
-82.6158541555 0.0409570987 0.8762388052 0.5418042735 
-82.6182341174 0.0409516299 0.8762744068 0.5419379500 
-82.6206205358 0.0409461469 0.8763100392 0.5420726159 
-82.6230133521 0.0409406501 0.8763456998 0.5422082927 
-82.6254125025 0.0409351395 0.8763813860 0.5423450026 
-82.6278179178 0.0409296153 0.8764170950 0.5424827686 
-82.6302295228 0.0409240777 0.8764528239 0.5426216142 
-82.6326472364 0.0409185269 0.8764885696 0.5427615635 
-82.6350709708 0.0409129630 0.8765243291 0.5429026415 
-82.6375006317 0.0409073864 0.8765600988 0.5430448736 
-82.6399361174 0.0409017972 0.8765958754 0.5431882863 
-82.6423773192 0.0408961957 0.8766316552 0.5433329065 
-82.6448241200 0.0408905822 0.8766674343 0.5434787617 
-82.6472763949 0.0408849570 0.8767032088 0.5436258803 
-82.6497340103 0.0408793204 0.8767389745 0.5437742911 
-82.6521968233 0.0408736727 0.8767747270 0.5439240234 
-82.6546646820 0.0408680143 0.8768104618 0.5440751071 
-82.6571374241 0.0408623456 0.8768461740 0.5442275723 
-82.6596148773 0.0408566669 0.8768818587 0.5443814490 
-82.6620968583 0.0408509788 0.8769175107 0.5445367674 
-82.6645831726 0.0408452816 0.8769531245 0.5446935568 
-82.6670736138 0.0408395758 0.8769886945 0.5448518458 
-82.6695679636 0.0408338620 0.8770242147 0.5450116609 
-82.6720659907 0.0408281406 0.8770596789 0.5451730263 
-82.6745674509 0.0408224123 0.8770950807 0.5453359622 
-82.6770720866 0.0408166776 0.8771304134 0.5455004833 
-82.6795796265 0.0408109372 0.8771656700 0.5456665966 
-82.6820897853 0.0408051918 0.8772008433 0.5458342981 
-82.6846022637 0.0407994419 0.8772359255 0.5460035692 
-82.6871167489 0.0407936884 0.8772709091 0.5461743708 
-82.6896329145 0.0407879320 0.8773057857 0.5463466363 
-82.6921504220 0.0407821735 0.8773405471 0.5465202622 
-82.6946689217 0.0407764137 0.8773751848 0.5466950949 
-82.6971880551 0.0407706534 0.8774096898 0.5468709144 
-82.6997074581 0.0407648934 0.8774440532 0.5470474128 
-82.7022267654 0.0407591346 0.8774782661 0.5472241674 
-82.7047456169 0.0407533779 0.8775123195 0.5474006069 
-82.7072636661 0.0407476240 0.8775462045 0.5475759721 
-82.7097805921 0.0407418736 0.8775799127 0.5477492731 
-82.7122961144 0.0407361274 0.8776134363 0.5479192506 
-82.7148100132 0.0407303860 0.8776467684 0.5480843596 
-82.7173221551 0.0407246495 0.8776799034 0.5482428162 
-82.7198325233 0.0407189182 0.8777128378 0.5483927970 
-82.7223412545 0.0407131915 0.8777455704 0.5485329982 
-82.7248486755 0.0407074689 0.8777781030 0.5486640029 
-82.7273553245 0.0407017491 0.8778104412 0.5487908897 
-82.7286085775 0.0406988897 0.8778265172 0.5488552841 
-82.7298619097 0.0406960307 0.8778424127 0.5489172065 
-82.7311156665 0.0406931711 0.8778581313 0.5489782818 
-82.7323702160 0.0406903102 0.8778736771 0.5490395565 
-82.7336259344 0.0406874471 0.8778890544 0.5491016836 
-82.7348831976 0.0406845809 0.8779042673 0.5491650570 
-82.7361423764 0.0406817108 0.8779193196 0.5492299062 
-82.7374038339 0.0406788360 0.8779342151 0.5492963600 
-82.7386679245 0.0406759556 0.8779489574 0.5493644871 
-82.7399349931 0.0406730689 0.8779635497 0.5494343206 
-82.7412053754 0.0406701752 0.8779779951 0.5495058735 
-82.7424793981 0.0406672736 0.8779922964 0.5495791467 
-82.7437573791 0.0406643634 0.8780064563 0.5496541341 
-82.7450396285 0.0406614441 0.8780204771 0.5497308257 
-82.7463264486 0.0406585147 0.8780343612 0.5498092093 
-82.7476181347 0.0406555748 0.8780481105 0.5498892715 
-82.7489149760 0.0406526236 0.8780617269 0.5499709985 
-82.7502172554 0.0406496605 0.8780752120 0.5500543764 
-82.7515252509 0.0406466848 0.8780885675 0.5501393918 
-82.7528392358 0.0406436960 0.8781017946 0.5502260315 
-82.7541594793 0.0406406934 0.8781148946 0.5503142833 
-82.7554862468 0.0406376765 0.8781278685 0.5504041356 
-82.7568198010 0.0406346446 0.8781407174 0.5504955776 
-82.7581604021 0.0406315972 0.8781534421 0.5505885995 
-82.7595083082 0.0406285337 0.8781660433 0.5506831922 
-82.7608637761 0.0406254534 0.8781785217 0.5507793477 
-82.7622270614 0.0406223559 0.8781908778 0.5508770587 
-82.7635984194 0.0406192405 0.8782031121 0.5509763189 
-82.7649781053 0.0406161067 0.8782152250 0.5510771230 
-82.7663663747 0.0406129539 0.8782272169 0.5511794666 
-82.7677634842 0.0406097815 0.8782390879 0.5512833458 
-82.7691696915 0.0406065889 0.8782508384 0.5513887581 
-82.7705852560 0.0406033756 0.8782624684 0.5514957015 
-82.7720104393 0.0406001409 0.8782739780 0.5516041750 
-82.7734455053 0.0405968843 0.8782853674 0.5517141782 
-82.7748907210 0.0405936052 0.8782966367 0.5518257119 
-82.7763463565 0.0405903030 0.8783077858 0.5519387773 
-82.7778126856 0.0405869770 0.8783188148 0.5520533766 
-82.7792899857 0.0405836266 0.8783297236 0.5521695126 
-82.7807785390 0.0405802512 0.8783405124 0.5522871891 
-82.7822786321 0.0405768501 0.8783511810 0.5524064104 
-82.7837905564 0.0405734228 0.8783617296 0.5525271815 
-82.7853146088 0.0405699685 0.8783721581 0.5526495082 
-82.7868510917 0.0405664865 0.8783824665 0.5527733972 
-82.7884003135 0.0405629762 0.8783926550 0.5528988553 
-82.7899625886 0.0405594368 0.8784027236 0.5530258906 
-82.7915382381 0.0405558676 0.8784126726 0.5531545115 
-82.7931275897 0.0405522680 0.8784225019 0.5532847271 
-82.7947309782 0.0405486371 0.8784322119 0.5534165471 
-82.7963487458 0.0405449741 0.8784418027 0.5535499818 
-82.7979812423 0.0405412784 0.8784512748 0.5536850424 
-82.7996288252 0.0405375490 0.8784606285 0.5538217402 
-82.8012918603 0.0405337852 0.8784698641 0.5539600875 
-82.8029707217 0.0405299861 0.8784789823 0.5541000970 
-82.8046657920 0.0405261509 0.8784879835 0.5542417821 
-82.8063774628 0.0405222787 0.8784968684 0.5543851565 
-82.8081061349 0.0405183686 0.8785056378 0.5545302347 
-82.8098522181 0.0405144196 0.8785142925 0.5546770318 
-82.8116161321 0.0405104309 0.8785228333 0.5548255630 
-82.8133983062 0.0405064014 0.8785312612 0.5549758447 
-82.8151991797 0.0405023302 0.8785395774 0.5551278932 
-82.8170192022 0.0404982163 0.8785477829 0.5552817256 
-82.8188588338 0.0404940586 0.8785558793 0.5554373596 
-82.8207185450 0.0404898562 0.8785638677 0.5555948133 
-82.8225988173 0.0404856078 0.8785717498 0.5557541051 
-82.8245001434 0.0404813124 0.8785795273 0.5559152543 
-82.8264230270 0.0404769690 0.8785872017 0.5560782802 
-82.8283679833 0.0404725762 0.8785947752 0.5562432030 
-82.8303355392 0.0404681330 0.8786022496 0.5564100432 
-82.8323262334 0.0404636381 0.8786096272 0.5565788216 
-82.8343406166 0.0404590903 0.8786169102 0.5567495597 
-82.8363792517 0.0404544884 0.8786241011 0.5569222793 
-82.8384427138 0.0404498310 0.8786312024 0.5570970027 
-82.8405315908 0.0404451168 0.8786382170 0.5572737526 
-82.8426464832 0.0404403446 0.8786451476 0.5574525521 
-82.8447880041 0.0404355128 0.8786519974 0.5576334247 
-82.8469567800 0.0404306202 0.8786587695 0.5578163945 
-82.8491534505 0.0404256653 0.8786654673 0.5580014857 
-82.8513786685 0.0404206466 0.8786720944 0.5581887230 
-82.8536331002 0.0404155626 0.8786786545 0.5583781316 
-82.8559174259 0.0404104119 0.8786851514 0.5585697369 
-82.8582323394 0.0404051929 0.8786915893 0.5587635647 
-82.8605785485 0.0403999039 0.8786979724 0.5589596411 
-82.8629567750 0.0403945434 0.8787043051 0.5591579928 
-82.8653677553 0.0403891098 0.8787105920 0.5593586465 
-82.8678122397 0.0403836013 0.8787168380 0.5595616292 
-82.8702909934 0.0403780162 0.8787230482 0.5597669685 
-82.8728047960 0.0403723529 0.8787292276 0.5599746919 
-82.8753544421 0.0403666095 0.8787353818 0.5601848276 
-82.8779407409 0.0403607843 0.8787415164 0.5603974036 
-82.8805645171 0.0403548754 0.8787476371 0.5606124484 
-82.8832266101 0.0403488809 0.8787537502 0.5608299906 
-82.8859278750 0.0403427989 0.8787598617 0.5610500592 
-82.8886691820 0.0403366275 0.8787659783 0.5612726830 
-82.8914514172 0.0403303648 0.8787721066 0.5614978914 
-82.8942754822 0.0403240086 0.8787782536 0.5617257135 
-82.8971422943 0.0403175571 0.8787844265 0.5619561789 
-82.9000527871 0.0403110080 0.8787906326 0.5621893170 
-82.9030079100 0.0403043594 0.8787968795 0.5624251574 
-82.9060086287 0.0402976090 0.8788031752 0.5626637297 
-82.9090559252 0.0402907547 0.8788095278 0.5629050635 
-82.9121507981 0.0402837943 0.8788159456 0.5631491884 
-82.9152942625 0.0402767255 0.8788224372 0.5633961338 
-82.9184873505 0.0402695460 0.8788290115 0.5636459293 
-82.9217311108 0.0402622535 0.8788356777 0.5638986041 
-82.9250266094 0.0402548457 0.8788424450 0.5641541874 
-82.9283749295 0.0402473202 0.8788493232 0.5644127082 
-82.9317771718 0.0402396745 0.8788563221 0.5646741950 
-82.9352344543 0.0402319061 0.8788634519 0.5649386764 
-82.9387479131 0.0402240126 0.8788707232 0.5652061805 
-82.9423187021 0.0402159914 0.8788781465 0.5654767349 
-82.9459479933 0.0402078400 0.8788857330 0.5657503669 
-82.9496369773 0.0401995556 0.8788934938 0.5660271035 
-82.9533868631 0.0401911357 0.8789014407 0.5663069707 
-82.9571988788 0.0401825776 0.8789095855 0.5665899945 
-82.9610742713 0.0401738785 0.8789179405 0.5668761997 
-82.9650143073 0.0401650356 0.8789265180 0.5671656108 
-82.9690202728 0.0401560462 0.8789353310 0.5674582513 
-82.9730934741 0.0401469073 0.8789443925 0.5677541440 
-82.9772352377 0.0401376160 0.8789537161 0.5680533106 
-82.9814469110 0.0401281695 0.8789633156 0.5683557720 
-82.9857298622 0.0401185646 0.8789732051 0.5686615480 
-82.9900854814 0.0401087985 0.8789833991 0.5689706571 
-82.9945151804 0.0400988679 0.8789939125 0.5692831168 
-82.9990203936 0.0400887699 0.8790047606 0.5695989431 
-83.0036025782 0.0400785011 0.8790159589 0.5699181508 
-83.0082632151 0.0400680584 0.8790275235 0.5702407529 
-83.0130038093 0.0400574386 0.8790394708 0.5705667611 
-83.0178258904 0.0400466382 0.8790518177 0.5708961852 
-83.0227310135 0.0400356540 0.8790645815 0.5712290333 
-83.0277207600 0.0400244824 0.8790777799 0.5715653115 
-83.0327967380 0.0400131201 0.8790914310 0.5719050239 
-83.0379605837 0.0400015635 0.8791055538 0.5722481725 
-83.0432139615 0.0399898089 0.8791201672 0.5725947571 
-83.0485585660 0.0399778528 0.8791352911 0.5729447749 
-83.0539961220 0.0399656914 0.8791509458 0.5732982206 
-83.0595283863 0.0399533210 0.8791671521 0.5736550865 
-83.0651571486 0.0399407376 0.8791839315 0.5740153618 
-83.0708842327 0.0399279375 0.8792013062 0.5743790330 
-83.0767114982 0.0399149165 0.8792192987 0.5747460834 
-83.0826408412 0.0399016706 0.8792379327 0.5751164931 
-83.0886741968 0.0398881957 0.8792572323 0.5754902389 
-83.0948135397 0.0398744876 0.8792772224 0.5758672938 
-83.1010608868 0.0398605420 0.8792979288 0.5762476275 
-83.1074182986 0.0398463544 0.8793193782 0.5766312057 
-83.1138878811 0.0398319203 0.8793415979 0.5770179899 
-83.1204717881 0.0398172353 0.8793646164 0.5774079377 
-83.1271722232 0.0398022946 0.8793884631 0.5778010023 
-83.1339914425 0.0397870934 0.8794131686 0.5781971323 
-83.1409317566 0.0397716269 0.8794387643 0.5785962718 
-83.1479955338 0.0397558899 0.8794652829 0.5789983598 
-83.1551852021 0.0397398774 0.8794927584 0.5794033306 
-83.1625032532 0.0397235841 0.8795212259 0.5798111133 
-83.1699522447 0.0397070046 0.8795507222 0.5802216315 
-83.1775348039 0.0396901334 0.8795812850 0.5806348034 
-83.1852536314 0.0396729647 0.8796129541 0.5810505417 
-83.1931115044 0.0396554928 0.8796457703 0.5814687533 
-83.2011112807 0.0396377116 0.8796797765 0.5818893391 
-83.2092559033 0.0396196149 0.8797150171 0.5823121941 
-83.2175484040 0.0396011964 0.8797515386 0.5827372070 
-83.2259919086 0.0395824495 0.8797893891 0.5831642605 
-83.2345896412 0.0395633675 0.8798286191 0.5835932307 
-83.2433449297 0.0395439434 0.8798692809 0.5840239874 
-83.2522612108 0.0395241700 0.8799114293 0.5844563942 
-83.2613420358 0.0395040399 0.8799551212 0.5848903078 
-83.2705910761 0.0394835455 0.8800004163 0.5853255787 
-83.2800121297 0.0394626788 0.8800473766 0.5857620508 
-83.2896091275 0.0394414317 0.8800960669 0.5861995617 
-83.2993861399 0.0394197957 0.8801465548 0.5866379426 
-83.3093473839 0.0393977621 0.8801989109 0.5870770185 
-83.3194972305 0.0393753217 0.8802532088 0.5875166083 
-83.3298402122 0.0393524651 0.8803095254 0.5879565252 
-83.3403810309 0.0393291827 0.8803679407 0.5883965767 
-83.3511245665 0.0393054643 0.8804285385 0.5888365649 
-83.3620758853 0.0392812995 0.8804914059 0.5892762870 
-83.3732402490 0.0392566773 0.8805566341 0.5897155358 
-83.3846231240 0.0392315866 0.8806243178 0.5901540997 
-83.3962301911 0.0392060156 0.8806945559 0.5905917635 
-83.4080673554 0.0391799521 0.8807674517 0.5910283092 
-83.4201407568 0.0391533836 0.8808431124 0.5914635162 
-83.4324567805 0.0391262969 0.8809216500 0.5918971621 
-83.4450220683 0.0390986784 0.8810031810 0.5923290237 
-83.4578435298 0.0390705140 0.8810878265 0.5927588773 
-83.4709283539 0.0390417889 0.8811757128 0.5931865001 
-83.4842840215 0.0390124878 0.8812669711 0.5936116708 
-83.4979183172 0.0389825949 0.8813617377 0.5940341705 
-83.5118393427 0.0389520938 0.8814601544 0.5944537839 
-83.5260555293 0.0389209671 0.8815623684 0.5948703001 
-83.5405756515 0.0388891971 0.8816685325 0.5952835137 
-83.5554088409 0.0388567654 0.8817788054 0.5956932261 
-83.5705646000 0.0388236526 0.8818933515 0.5960992462 
-83.5860528166 0.0387898388 0.8820123413 0.5965013914 
-83.6018837783 0.0387553032 0.8821359516 0.5968994891 
-83.6180681879 0.0387200244 0.8822643652 0.5972933772 
-83.6346171778 0.0386839799 0.8823977717 0.5976829053 
-83.6515423267 0.0386471465 0.8825363667 0.5980679353 
-83.6688556743 0.0386095002 0.8826803530 0.5984483427 
-83.6865697382 0.0385710160 0.8828299397 0.5988240166 
-83.7046975301 0.0385316680 0.8829853431 0.5991948611 
-83.7232525729 0.0384914293 0.8831467860 0.5995607949 
-83.7422489173 0.0384502722 0.8833144988 0.5999217526 
-83.7617011598 0.0384081677 0.8834887185 0.6002776844 
-83.7816244603 0.0383650861 0.8836696895 0.6006285561 
-83.8020345608 0.0383209964 0.8838576636 0.6009743496 
-83.8229478035 0.0382758668 0.8840528998 0.6013150625 
-83.8443811505 0.0382296639 0.8842556643 0.6016507076 
-83.8663522032 0.0381823538 0.8844662310 0.6019813131 
-83.8888792226 0.0381339009 0.8846848811 0.6023069214 
-83.9119811502 0.0380842687 0.8849119034 0.6026275889 
-83.9356776294 0.0380334195 0.8851475940 0.6029433852 
-83.9599890276 0.0379813143 0.8853922568 0.6032543923 
-83.9849364591 0.0379279127 0.8856462030 0.6035607032 
-84.0105418087 0.0378731732 0.8859097514 0.6038624219 
-84.0368277563 0.0378170530 0.8861832281 0.6041596613 
-84.0638178028 0.0377595078 0.8864669670 0.6044525425 
-84.0915362958 0.0377004920 0.8867613091 0.6047411936 
-84.1200084582 0.0376399586 0.8870666030 0.6050257484 
-84.1492604159 0.0375778593 0.8873832042 0.6053063449 
-84.1793192288 0.0375141440 0.8877114759 0.6055831236 
-84.2102129218 0.0374487615 0.8880517881 0.6058562261 
-84.2419705176 0.0373816588 0.8884045178 0.6061257933 
-84.2746220711 0.0373127815 0.8887700492 0.6063919626 
-84.3081987056 0.0372420736 0.8891487728 0.6066548660 
-84.3427326508 0.0371694774 0.8895410861 0.6069146263 
-84.3782572823 0.0370949336 0.8899473927 0.6071713538 
-84.4148071636 0.0370183812 0.8903681028 0.6074251409 
-84.4524180908 0.0369397576 0.8908036323 0.6076760560 
-84.4911271385 0.0368589983 0.8912544031 0.6079241359 
-84.5309727097 0.0367760370 0.8917208426 0.6081693749 
-84.5719945885 0.0366908057 0.8922033837 0.6084117117 
-84.6142339955 0.0366032344 0.8927024640 0.6086510118 
-84.6577336476 0.0365132511 0.8932185263 0.6088870449 
-84.7025378226 0.0364207822 0.8937520175 0.6091194547 
-84.7486924276 0.0363257516 0.8943033889 0.6093477198 
-84.7962450747 0.0362280814 0.8948730956 0.6095711029 
-84.8452451624 0.0361276916 0.8954615962 0.6097885836 
-84.8957439664 0.0360244997 0.8960693529 0.6099987715 
-84.9477947395 0.0359184212 0.8966968306 0.6101997929 
-85.0014528247 0.0358093689 0.8973444976 0.6103891460 
-85.0567757818 0.0356972534 0.8980128247 0.6105635179 
-85.1138235343 0.0355819823 0.8987022859 0.6107185615 
-85.1726585375 0.0354634605 0.8994133585 0.6108486417 
-85.2333459758 0.0353415897 0.9001465234 0.6109465895 
-85.2959539931 0.0352162685 0.9009022663 0.6110035696 
-85.3605539620 0.0350873914 0.9016810784 0.6110092459 
-85.4272207856 0.0349548491 0.9024834581 0.6109521173 
-85.4960333422 0.0348185276 0.9033099142 0.6108289058 
-85.5670764316 0.0346783045 0.9041609920 0.6107798648 
-85.6404365886 0.0345340579 0.9050372031 0.6109612952 
-85.7161967140 0.0343856767 0.9059389407 0.6113410643 
-82.7286085775 0.0406988897 0.8778265172 0.5488552841 
-82.7298619097 0.0406960307 0.8778424127 0.5489172065 
-82.7311156665 0.0406931711 0.8778581313 0.5489782818 
-82.7323702160 0.0406903102 0.8778736771 0.5490395565 
-82.7336259344 0.0406874471 0.8778890544 0.5491016836 
-82.7348831976 0.0406845809 0.8779042673 0.5491650570 
-82.7361423764 0.0406817108 0.8779193196 0.5492299062 
-82.7374038339 0.0406788360 0.8779342151 0.5492963600 
-82.7386679245 0.0406759556 0.8779489574 0.5493644871 
-82.7399349931 0.0406730689 0.8779635497 0.5494343206 
-82.7412053754 0.0406701752 0.8779779951 0.5495058735 
-82.7424793981 0.0406672736 0.8779922964 0.5495791467 
-82.7437573791 0.0406643634 0.8780064563 0.5496541341 
-82.7450396285 0.0406614441 0.8780204771 0.5497308257 
-82.7463264486 0.0406585147 0.8780343612 0.5498092093 
-82.7476181347 0.0406555748 0.8780481105 0.5498892715 
-82.7489149760 0.0406526236 0.8780617269 0.5499709985 
-82.7502172554 0.0406496605 0.8780752120 0.5500543764 
-82.7515252509 0.0406466848 0.8780885675 0.5501393918 
-82.7528392358 0.0406436960 0.8781017946 0.5502260315 
-82.7541594793 0.0406406934 0.8781148946 0.5503142833 
-82.7554862468 0.0406376765 0.8781278685 0.5504041356 
-82.7568198010 0.0406346446 0.8781407174 0.5504955776 
-82.7581604021 0.0406315972 0.8781534421 0.5505885995 
-82.7595083082 0.0406285337 0.8781660433 0.5506831922 
-82.7608637761 0.0406254534 0.8781785217 0.5507793477 
-82.7622270614 0.0406223559 0.8781908778 0.5508770587 
-82.7635984194 0.0406192405 0.8782031121 0.5509763189 
-82.7649781053 0.0406161067 0.8782152250 0.5510771230 
-82.7663663747 0.0406129539 0.8782272169 0.5511794666 
-82.7677634842 0.0406097815 0.8782390879 0.5512833458 
-82.7691696915 0.0406065889 0.8782508384 0.5513887581 
-82.7705852560 0.0406033756 0.8782624684 0.5514957015 
-82.7720104393 0.0406001409 0.8782739780 0.5516041750 
-82.7734455053 0.0405968843 0.8782853674 0.5517141782 
-82.7748907210 0.0405936052 0.8782966367 0.5518257119 
-82.7763463566 0.0405903030 0.8783077858 0.5519387773 
-82.7778126856 0.0405869770 0.8783188148 0.5520533766 
-82.7792899857 0.0405836266 0.8783297236 0.5521695126 
-82.7807785390 0.0405802512 0.8783405124 0.5522871891 
-82.7822786321 0.0405768501 0.8783511810 0.5524064104 
-82.7837905564 0.0405734228 0.8783617296 0.5525271815 
-82.7853146088 0.0405699685 0.8783721581 0.5526495082 
-82.7868510917 0.0405664865 0.8783824665 0.5527733972 
-82.7884003135 0.0405629762 0.8783926550 0.5528988553 
-82.7899625886 0.0405594368 0.8784027236 0.5530258906 
-82.7915382381 0.0405558676 0.8784126726 0.5531545115 
-82.7931275897 0.0405522680 0.8784225019 0.5532847271 
-82.7947309782 0.0405486371 0.8784322119 0.5534165471 
-82.7963487458 0.0405449741 0.8784418027 0.5535499818 
-82.7979812423 0.0405412784 0.8784512748 0.5536850424 
-82.7996288252 0.0405375490 0.8784606285 0.5538217402 
-82.8012918603 0.0405337852 0.8784698641 0.5539600875 
-82.8029707217 0.0405299861 0.8784789823 0.5541000970 
-82.8046657920 0.0405261509 0.8784879835 0.5542417821 
-82.8063774628 0.0405222787 0.8784968684 0.5543851565 
-82.8081061349 0.0405183686 0.8785056378 0.5545302347 
-82.8098522181 0.0405144196 0.8785142925 0.5546770318 
-82.8116161321 0.0405104309 0.8785228333 0.5548255630 
-82.8133983062 0.0405064014 0.8785312612 0.5549758447 
-82.8151991797 0.0405023302 0.8785395774 0.5551278932 
-82.8170192022 0.0404982163 0.8785477829 0.5552817256 
-82.8188588338 0.0404940586 0.8785558793 0.5554373596 
-82.8207185450 0.0404898562 0.8785638677 0.5555948133 
-82.8225988173 0.0404856078 0.8785717498 0.5557541051 
-82.8245001434 0.0404813124 0.8785795273 0.5559152543 
-82.8264230270 0.0404769690 0.8785872017 0.5560782802 
-82.8283679833 0.0404725762 0.8785947752 0.5562432030 
-82.8303355392 0.0404681330 0.8786022496 0.5564100432 
-82.8323262334 0.0404636381 0.8786096272 0.5565788216 
-82.8343406166 0.0404590903 0.8786169102 0.5567495597 
-82.8363792517 0.0404544884 0.8786241011 0.5569222793 
-82.8384427139 0.0404498310 0.8786312024 0.5570970027 
-82.8405315909 0.0404451168 0.8786382170 0.5572737526 
-82.8426464832 0.0404403446 0.8786451476 0.5574525521 
-82.8447880041 0.0404355128 0.8786519974 0.5576334247 
-82.8469567800 0.0404306202 0.8786587695 0.5578163945 
-82.8491534505 0.0404256653 0.8786654673 0.5580014857 
-82.8513786685 0.0404206466 0.8786720944 0.5581887230 
-82.8536331002 0.0404155626 0.8786786545 0.5583781316 
-82.8559174259 0.0404104119 0.8786851514 0.5585697369 
-82.8582323394 0.0404051929 0.8786915893 0.5587635647 
-82.8605785485 0.0403999039 0.8786979724 0.5589596411 
-82.8629567750 0.0403945434 0.8787043051 0.5591579928 
-82.8653677553 0.0403891098 0.8787105920 0.5593586465 
-82.8678122397 0.0403836013 0.8787168380 0.5595616292 
-82.8702909934 0.0403780162 0.8787230482 0.5597669685 
-82.8728047960 0.0403723529 0.8787292276 0.5599746919 
-82.8753544421 0.0403666095 0.8787353818 0.5601848276 
-82.8779407409 0.0403607843 0.8787415164 0.5603974036 
-82.8805645171 0.0403548754 0.8787476371 0.5606124484 
-82.8832266101 0.0403488809 0.8787537502 0.5608299906 
-82.8859278750 0.0403427989 0.8787598617 0.5610500592 
-82.8886691820 0.0403366275 0.8787659783 0.5612726830 
-82.8914514172 0.0403303648 0.8787721066 0.5614978914 
-82.8942754822 0.0403240086 0.8787782536 0.5617257135 
-82.8971422944 0.0403175571 0.8787844265 0.5619561789 
-82.9000527871 0.0403110080 0.8787906326 0.5621893170 
-82.9030079100 0.0403043594 0.8787968795 0.5624251574 
-82.9060086287 0.0402976090 0.8788031752 0.5626637297 
-82.9090559252 0.0402907547 0.8788095278 0.5629050635 
-82.9121507981 0.0402837943 0.8788159456 0.5631491884 
-82.9152942625 0.0402767255 0.8788224372 0.5633961338 
-82.9184873505 0.0402695460 0.8788290115 0.5636459293 
-82.9217311108 0.0402622535 0.8788356777 0.5638986041 
-82.9250266094 0.0402548457 0.8788424450 0.5641541874 
-82.9283749296 0.0402473202 0.8788493232 0.5644127082 
-82.9317771718 0.0402396745 0.8788563221 0.5646741950 
-82.9352344543 0.0402319061 0.8788634519 0.5649386764 
-82.9387479131 0.0402240126 0.8788707232 0.5652061805 
-82.9423187021 0.0402159914 0.8788781465 0.5654767349 
-82.9459479933 0.0402078400 0.8788857330 0.5657503669 
-82.9496369773 0.0401995556 0.8788934938 0.5660271035 
-82.9533868632 0.0401911357 0.8789014407 0.5663069707 
-82.9571988788 0.0401825776 0.8789095855 0.5665899945 
-82.9610742714 0.0401738785 0.8789179405 0.5668761997 
-82.9650143073 0.0401650356 0.8789265180 0.5671656108 
-82.9690202728 0.0401560462 0.8789353310 0.5674582513 
-82.9730934741 0.0401469073 0.8789443925 0.5677541440 
-82.9772352377 0.0401376160 0.8789537161 0.5680533106 
-82.9814469110 0.0401281695 0.8789633156 0.5683557720 
-82.9857298622 0.0401185646 0.8789732051 0.5686615480 
-82.9900854814 0.0401087985 0.8789833991 0.5689706571 
-82.9945151804 0.0400988679 0.8789939125 0.5692831168 
-82.9990203936 0.0400887699 0.8790047606 0.5695989431 
-83.0036025782 0.0400785011 0.8790159589 0.5699181508 
-83.0082632151 0.0400680584 0.8790275235 0.5702407529 
-83.0130038093 0.0400574386 0.8790394708 0.5705667611 
-83.0178258904 0.0400466382 0.8790518177 0.5708961852 
-83.0227310135 0.0400356540 0.8790645815 0.5712290333 
-83.0277207600 0.0400244824 0.8790777799 0.5715653115 
-83.0327967381 0.0400131201 0.8790914310 0.5719050239 
-83.0379605837 0.0400015635 0.8791055538 0.5722481725 
-83.0432139616 0.0399898089 0.8791201672 0.5725947571 
-83.0485585660 0.0399778528 0.8791352911 0.5729447749 
-83.0539961220 0.0399656914 0.8791509458 0.5732982206 
-83.0595283863 0.0399533210 0.8791671521 0.5736550865 
-83.0651571486 0.0399407376 0.8791839315 0.5740153618 
-83.0708842328 0.0399279375 0.8792013062 0.5743790330 
-83.0767114982 0.0399149165 0.8792192987 0.5747460834 
-83.0826408412 0.0399016706 0.8792379327 0.5751164931 
-83.0886741968 0.0398881957 0.8792572323 0.5754902389 
-83.0948135397 0.0398744876 0.8792772224 0.5758672938 
-83.1010608869 0.0398605420 0.8792979288 0.5762476275 
-83.1074182986 0.0398463544 0.8793193782 0.5766312057 
-83.1138878811 0.0398319203 0.8793415979 0.5770179899 
-83.1204717881 0.0398172353 0.8793646164 0.5774079377 
-83.1271722232 0.0398022946 0.8793884632 0.5778010023 
-83.1339914425 0.0397870934 0.8794131686 0.5781971323 
-83.1409317567 0.0397716269 0.8794387643 0.5785962718 
-83.1479955338 0.0397558899 0.8794652829 0.5789983598 
-83.1551852021 0.0397398774 0.8794927584 0.5794033306 
-83.1625032532 0.0397235841 0.8795212259 0.5798111133 
-83.1699522447 0.0397070046 0.8795507222 0.5802216315 
-83.1775348040 0.0396901334 0.8795812850 0.5806348034 
-83.1852536314 0.0396729647 0.8796129541 0.5810505417 
-83.1931115044 0.0396554928 0.8796457703 0.5814687533 
-83.2011112808 0.0396377116 0.8796797765 0.5818893391 
-83.2092559033 0.0396196149 0.8797150171 0.5823121941 
-83.2175484040 0.0396011964 0.8797515386 0.5827372070 
-83.2259919086 0.0395824495 0.8797893891 0.5831642605 
-83.2345896412 0.0395633675 0.8798286191 0.5835932307 
-83.2433449297 0.0395439434 0.8798692809 0.5840239874 
-83.2522612109 0.0395241700 0.8799114293 0.5844563942 
-83.2613420358 0.0395040399 0.8799551212 0.5848903078 
-83.2705910761 0.0394835455 0.8800004163 0.5853255787 
-83.2800121297 0.0394626788 0.8800473766 0.5857620508 
-83.2896091275 0.0394414317 0.8800960669 0.5861995617 
-83.2993861399 0.0394197957 0.8801465548 0.5866379426 
-83.3093473840 0.0393977621 0.8801989109 0.5870770185 
-83.3194972305 0.0393753217 0.8802532088 0.5875166083 
-83.3298402122 0.0393524651 0.8803095254 0.5879565252 
-83.3403810309 0.0393291827 0.8803679407 0.5883965767 
-83.3511245665 0.0393054643 0.8804285385 0.5888365649 
-83.3620758853 0.0392812995 0.8804914059 0.5892762870 
-83.3732402490 0.0392566773 0.8805566341 0.5897155358 
-83.3846231240 0.0392315866 0.8806243178 0.5901540997 
-83.3962301911 0.0392060156 0.8806945559 0.5905917635 
-83.4080673554 0.0391799521 0.8807674517 0.5910283092 
-83.4201407568 0.0391533836 0.8808431124 0.5914635162 
-83.4324567805 0.0391262969 0.8809216500 0.5918971621 
-83.4450220684 0.0390986784 0.8810031810 0.5923290237 
-83.4578435298 0.0390705140 0.8810878265 0.5927588773 
-83.4709283539 0.0390417889 0.8811757129 0.5931865001 
-83.4842840215 0.0390124878 0.8812669711 0.5936116708 
-83.4979183173 0.0389825949 0.8813617377 0.5940341705 
-83.5118393427 0.0389520938 0.8814601544 0.5944537839 
-83.5260555293 0.0389209671 0.8815623684 0.5948703001 
-83.5405756515 0.0388891971 0.8816685325 0.5952835137 
-83.5554088409 0.0388567654 0.8817788054 0.5956932261 
-83.5705646000 0.0388236526 0.8818933515 0.5960992462 
-83.5860528166 0.0387898388 0.8820123413 0.5965013914 
-83.6018837784 0.0387553032 0.8821359516 0.5968994891 
-83.6180681879 0.0387200244 0.8822643652 0.5972933772 
-83.6346171779 0.0386839799 0.8823977717 0.5976829052 
-83.6515423267 0.0386471465 0.8825363667 0.5980679353 
-83.6688556743 0.0386095002 0.8826803530 0.5984483427 
-83.6865697382 0.0385710160 0.8828299397 0.5988240166 
-83.7046975302 0.0385316680 0.8829853431 0.5991948611 
-83.7232525729 0.0384914293 0.8831467860 0.5995607949 
-83.7422489173 0.0384502722 0.8833144988 0.5999217526 
-83.7617011598 0.0384081677 0.8834887185 0.6002776844 
-83.7816244604 0.0383650861 0.8836696895 0.6006285561 
-83.8020345609 0.0383209964 0.8838576636 0.6009743496 
-83.8229478036 0.0382758668 0.8840528998 0.6013150625 
-83.8443811505 0.0382296639 0.8842556643 0.6016507076 
-83.8663522032 0.0381823538 0.8844662310 0.6019813131 
-83.8888792226 0.0381339009 0.8846848811 0.6023069214 
-83.9119811502 0.0380842687 0.8849119034 0.6026275889 
-83.9356776295 0.0380334195 0.8851475940 0.6029433852 
-83.9599890277 0.0379813143 0.8853922568 0.6032543923 
-83.9849364591 0.0379279127 0.8856462030 0.6035607032 
-84.0105418087 0.0378731732 0.8859097514 0.6038624219 
-84.0368277564 0.0378170530 0.8861832281 0.6041596613 
-84.0638178028 0.0377595078 0.8864669670 0.6044525425 
-84.0915362959 0.0377004920 0.8867613091 0.6047411936 
-84.1200084582 0.0376399586 0.8870666030 0.6050257484 
-84.1492604159 0.0375778593 0.8873832042 0.6053063449 
-84.1793192289 0.0375141440 0.8877114759 0.6055831236 
-84.2102129219 0.0374487615 0.8880517881 0.6058562261 
-84.2419705176 0.0373816588 0.8884045178 0.6061257933 
-84.2746220711 0.0373127815 0.8887700492 0.6063919626 
-84.3081987057 0.0372420736 0.8891487728 0.6066548660 
-84.3427326508 0.0371694774 0.8895410861 0.6069146263 
-84.3782572823 0.0370949336 0.8899473927 0.6071713538 
-84.4148071637 0.0370183812 0.8903681028 0.6074251409 
-84.4524180908 0.0369397576 0.8908036323 0.6076760560 
-84.4911271385 0.0368589983 0.8912544031 0.6079241359 
-84.5309727098 0.0367760370 0.8917208426 0.6081693749 
-84.5719945886 0.0366908057 0.8922033837 0.6084117117 
-84.6142339955 0.0366032344 0.8927024640 0.6086510118 
-84.6577336477 0.0365132511 0.8932185263 0.6088870449 
-84.7025378226 0.0364207822 0.8937520175 0.6091194547 
-84.7486924277 0.0363257516 0.8943033889 0.6093477198 
-84.7962450747 0.0362280814 0.8948730956 0.6095711029 
-84.8452451624 0.0361276916 0.8954615963 0.6097885836 
-84.8957439664 0.0360244997 0.8960693529 0.6099987715 
-84.9477947396 0.0359184212 0.8966968306 0.6101997929 
-85.0014528247 0.0358093689 0.8973444976 0.6103891460 
-85.0567757818 0.0356972534 0.8980128247 0.6105635179 
-85.1138235343 0.0355819823 0.8987022859 0.6107185615 
-85.1726585375 0.0354634605 0.8994133585 0.6108486417 
-85.2333459758 0.0353415897 0.9001465234 0.6109465895 
-85.2959539931 0.0352162685 0.9009022663 0.6110035696 
-85.3605539620 0.0350873914 0.9016810784 0.6110092459 
-85.4272207856 0.0349548491 0.9024834581 0.6109521173 
-85.4960333422 0.0348185276 0.9033099142 0.6108289058 
-85.5670764317 0.0346783045 0.9041609920 0.6107798648 
-85.6404365886 0.0345340579 0.9050372031 0.6109612952 
-85.7161967140 0.0343856767 0.9059389407 0.6113410643 
-85.7191586724 0.0343798863 0.9059766490 0.6113397110 
-85.7191586724 0.0343798863 0.9059766490 0.6113397110 
-85.7191586724 0.0343798863 0.9059766490 0.6113397110 
-85.7191586725 0.0343798863 0.9059766490 0.6113397110 
