-82.8832855759 0.0403477567 0.8798772691 0.4982218880 
-82.8835058291 0.0403472572 0.8798806751 0.4982140214 
-82.8839464020 0.0403462582 0.8798874877 0.4981983615 
-82.8846074276 0.0403447593 0.8798977087 0.4981750557 
-82.8854891050 0.0403427602 0.8799113405 0.4981443289 
-82.8865916985 0.0403402603 0.8799283864 0.4981064868 
-82.8879153999 0.0403372592 0.8799488480 0.4980457017 
-82.8894609754 0.0403337554 0.8799727363 0.4980009606 
-82.8912287166 0.0403297483 0.8800000541 0.4979557019 
-82.8932191004 0.0403252370 0.8800308070 0.4979099768 
-82.8954326478 0.0403202203 0.8800650010 0.4978638269 
-82.8978699244 0.0403146973 0.8801026426 0.4978172851 
-82.9005315403 0.0403086668 0.8801437387 0.4977703769 
-82.9034181501 0.0403021274 0.8801882966 0.4977231211 
-82.9065304532 0.0402950777 0.8802363240 0.4976755313 
-82.9098691934 0.0402875165 0.8802878292 0.4976276166 
-82.9134351600 0.0402794421 0.8803428208 0.4975793823 
-82.9172291871 0.0402708529 0.8804013078 0.4975308307 
-82.9212521541 0.0402617474 0.8804632998 0.4974819615 
-82.9255049863 0.0402521235 0.8805288065 0.4974327719 
-82.9299886545 0.0402419797 0.8805978385 0.4973832575 
-82.9347041757 0.0402313138 0.8806704063 0.4973334121 
-82.9396526132 0.0402201239 0.8807465212 0.4972832280 
-82.9448350771 0.0402084079 0.8808261948 0.4972326962 
-82.9502527244 0.0401961635 0.8809094391 0.4971818068 
-82.9559067592 0.0401833886 0.8809962665 0.4971305487 
-82.9617984334 0.0401700807 0.8810866900 0.4970789103 
-82.9679290469 0.0401562375 0.8811807227 0.4970268789 
-82.9742999479 0.0401418563 0.8812783784 0.4969744414 
-82.9809125334 0.0401269346 0.8813796712 0.4969215842 
-82.9877682496 0.0401114696 0.8814846156 0.4968682932 
-82.9948685921 0.0400954587 0.8815932265 0.4968145537 
-83.0022151068 0.0400788988 0.8817055193 0.4967603508 
-83.0098093898 0.0400617871 0.8818215097 0.4967056690 
-83.0176530883 0.0400441204 0.8819412139 0.4966504925 
-83.0257479009 0.0400258957 0.8820646484 0.4965948053 
-83.0340955781 0.0400071098 0.8821918302 0.4965385908 
-83.0426979229 0.0399877592 0.8823227767 0.4964818320 
-83.0515567912 0.0399678406 0.8824575056 0.4964245117 
-83.0606740924 0.0399473505 0.8825960351 0.4963666120 
-83.0700517902 0.0399262854 0.8827383838 0.4963081147 
-83.0796919027 0.0399046414 0.8828845705 0.4962490010 
-83.0895965036 0.0398824149 0.8830346146 0.4961892516 
-83.0997677222 0.0398596020 0.8831885358 0.4961288465 
-83.1102077445 0.0398361988 0.8833463543 0.4960677650 
-83.1209188138 0.0398122011 0.8835080904 0.4960059858 
-83.1319032311 0.0397876049 0.8836737651 0.4959434867 
-83.1431633562 0.0397624059 0.8838433996 0.4958802443 
-83.1547016080 0.0397365997 0.8840170154 0.4958162346 
-83.1665204657 0.0397101820 0.8841946345 0.4957514322 
-83.1786224691 0.0396831482 0.8843762792 0.4956858103 
-83.1910102198 0.0396554938 0.8845619722 0.4956193409 
-83.2036863817 0.0396272139 0.8847517366 0.4955519942 
-83.2166536821 0.0395983037 0.8849455956 0.4954837386 
-83.2299149124 0.0395687584 0.8851435729 0.4954145405 
-83.2434729289 0.0395385730 0.8853456927 0.4953443640 
-83.2573306540 0.0395077423 0.8855519794 0.4952731706 
-83.2714910769 0.0394762610 0.8857624575 0.4952009189 
-83.2859572548 0.0394441240 0.8859771522 0.4951275642 
-83.3007323137 0.0394113257 0.8861960887 0.4950530580 
-83.3158194494 0.0393778607 0.8864192928 0.4949773478 
-83.3312219289 0.0393437234 0.8866467904 0.4949003761 
-83.3469430913 0.0393089079 0.8868786078 0.4948220803 
-83.3629863487 0.0392734084 0.8871147715 0.4947423914 
-83.3793551882 0.0392372191 0.8873553083 0.4946612338 
-83.3960531720 0.0392003339 0.8876002453 0.4945785236 
-83.4130839396 0.0391627466 0.8878496100 0.4944941681 
-83.4304512090 0.0391244510 0.8881034300 0.4944080646 
-83.4481587775 0.0390854406 0.8883617332 0.4943200984 
-83.4662105239 0.0390457090 0.8886245477 0.4942301416 
-83.4846104095 0.0390052496 0.8888919021 0.4941380510 
-83.5033624799 0.0389640557 0.8891638249 0.4940436661 
-83.5224708667 0.0389221204 0.8894403450 0.4939468063 
-83.5419397891 0.0388794368 0.8897214915 0.4938472683 
-83.5617735557 0.0388359979 0.8900072938 0.4937448226 
-83.5819765665 0.0387917965 0.8902977815 0.4936392095 
-83.6025533150 0.0387468252 0.8905929842 0.4935301352 
-83.6235083904 0.0387010766 0.8908929320 0.4934172663 
-83.6448464795 0.0386545432 0.8911976550 0.4933002242 
-83.6665723696 0.0386072173 0.8915071836 0.4931785783 
-83.6886909508 0.0385590911 0.8918215484 0.4930518390 
-83.7112072189 0.0385101566 0.8921407802 0.4929194483 
-83.7341262785 0.0384604057 0.8924649099 0.4927807714 
-83.7574533458 0.0384098303 0.8927939686 0.4926350849 
-83.7811937527 0.0383584219 0.8931279879 0.4924815661 
-83.8053529500 0.0383061721 0.8934669992 0.4923192798 
-83.8299365118 0.0382530721 0.8938110345 0.4921471660 
-83.8549501399 0.0381991131 0.8941601257 0.4919640268 
-83.8803996684 0.0381442861 0.8945143052 0.4917685148 
-83.9062910696 0.0380885820 0.8948736055 0.4915591236 
-83.9326304589 0.0380319914 0.8952380597 0.4913341815 
-83.9594241017 0.0379745046 0.8956077008 0.4910918513 
-83.9866784199 0.0379161121 0.8959825626 0.4908301690 
-84.0144000018 0.0378568038 0.8963626789 0.4905473809 
-84.0425956231 0.0377965694 0.8967480847 0.4902439463 
-84.0712722922 0.0377353985 0.8971388157 0.4899285120 
-84.1004372375 0.0376732801 0.8975349090 0.4896192001 
-84.1300977685 0.0376102033 0.8979364003 0.4893311733 
-84.1602612026 0.0375461575 0.8983433234 0.4890716863 
-84.1909348659 0.0374811319 0.8987557096 0.4888421665 
-84.2221261052 0.0374151161 0.8991735884 0.4886397827 
-84.2248621703 0.0374093301 0.8992102946 0.4886263257 
