-81.1244512057 0.0445269285 0.8479275918 0.2995100135 
-81.1257251911 0.0445237644 0.8479518141 0.2994551868 
-81.1282739633 0.0445174347 0.8480002647 0.2993451003 
-81.1320991269 0.0445079368 0.8480729559 0.2991789998 
-81.1372030937 0.0444952665 0.8481699058 0.2989560239 
-81.1435890873 0.0444794184 0.8482911389 0.2986754971 
-81.1512610879 0.0444603856 0.8484366843 0.2983072402 
-81.1602242424 0.0444381592 0.8486065845 0.2979527365 
-81.1704840475 0.0444127299 0.8488008779 0.2975781945 
-81.1820467866 0.0443840873 0.8490196082 0.2971815527 
-81.1949194786 0.0443522198 0.8492628229 0.2967612757 
-81.2091098893 0.0443171146 0.8495305731 0.2963162243 
-81.2246265421 0.0442787576 0.8498229136 0.2958455478 
-81.2414787289 0.0442371338 0.8501399028 0.2953486008 
-81.2596765213 0.0441922270 0.8504816027 0.2948248813 
-81.2792307828 0.0441440194 0.8508480785 0.2942739869 
-81.3001531810 0.0440924926 0.8512393988 0.2936955849 
-81.3224562006 0.0440376266 0.8516556351 0.2930893919 
-81.3461531584 0.0439794004 0.8520968619 0.2924551606 
-81.3712582177 0.0439177915 0.8525631564 0.2917926704 
-81.3977864047 0.0438527766 0.8530545984 0.2911017221 
-81.4257536257 0.0437843309 0.8535712697 0.2903821337 
-81.4551766852 0.0437124284 0.8541132545 0.2896337374 
-81.4860733056 0.0436370419 0.8546806385 0.2888563775 
-81.5184621475 0.0435581430 0.8552735090 0.2880499072 
-81.5523628319 0.0434757020 0.8558919547 0.2872141861 
-81.5877959635 0.0433896880 0.8565360649 0.2863490755 
-81.6247831548 0.0433000687 0.8572059299 0.2854544330 
-81.6633470531 0.0432068107 0.8579016398 0.2845301036 
-81.7035113671 0.0431098792 0.8586232851 0.2835759088 
-81.7453008973 0.0430092381 0.8593709552 0.2825916305 
-81.7887415663 0.0429048502 0.8601447391 0.2815769892 
-81.8338604519 0.0427966768 0.8609447243 0.2805316159 
-81.8806858223 0.0426846779 0.8617709962 0.2794550132 
-81.9292471731 0.0425688124 0.8626236384 0.2783465051 
-81.9795752665 0.0424490374 0.8635027314 0.2772051715 
-82.0317021737 0.0423253092 0.8644083526 0.2760297623 
-82.0856613195 0.0421975825 0.8653405755 0.2748185877 
-82.1414875302 0.0420658104 0.8662994691 0.2735693787 
-82.1992170847 0.0419299451 0.8672850977 0.2722791130 
-82.2588877699 0.0417899370 0.8682975199 0.2709438051 
-82.3205389395 0.0416457352 0.8693367880 0.2695582659 
-82.3842115780 0.0414972874 0.8704029478 0.2681158614 
-82.4499483698 0.0413445399 0.8714960376 0.2666083456 
-82.5177937734 0.0411874372 0.8726160876 0.2650259459 
-82.5877941015 0.0410259226 0.8737631193 0.2633580052 
-82.6599976055 0.0408599377 0.8749371449 0.2615947005 
-82.7344545883 0.0406894222 0.8761381668 0.2597517396 
-82.8112176021 0.0405143143 0.8773661787 0.2580066769 
-82.8903410053 0.0403345511 0.8786211554 0.2565244838 
-82.9718806169 0.0401500701 0.8799030450 0.2552933169 
-82.9744651935 0.0401442352 0.8799435348 0.2552760510 
