-75.5700726152 0.0604305273 0.7266255684 0.4704550439 
-75.5700756557 0.0604305174 0.7266256229 0.4704461168 
-75.5700817718 0.0604304975 0.7266257329 0.4704282860 
-75.5700910346 0.0604304673 0.7266259005 0.4704016105 
-75.5701035531 0.0604304265 0.7266261289 0.4703662001 
-75.5701194731 0.0604303745 0.7266264226 0.4703222160 
-75.5701147758 0.0604303904 0.7266260642 0.4700334273 
-75.5701408276 0.0604303053 0.7266265877 0.4699914518 
-75.5701726238 0.0604302015 0.7266272464 0.4699505774 
-75.5702103040 0.0604300784 0.7266280443 0.4699107053 
-75.5702540066 0.0604299356 0.7266289858 0.4698717606 
-75.5703038705 0.0604297727 0.7266300747 0.4698336996 
-75.5703600345 0.0604295891 0.7266313154 0.4697965057 
-75.5704226366 0.0604293845 0.7266327118 0.4697601841 
-75.5704918133 0.0604291584 0.7266342681 0.4697247493 
-75.5705676983 0.0604289103 0.7266359883 0.4696902205 
-75.5706504218 0.0604286398 0.7266378761 0.4696566075 
-75.5707401100 0.0604283465 0.7266399353 0.4696239128 
-75.5708368861 0.0604280301 0.7266421696 0.4695921382 
-75.5709408703 0.0604276900 0.7266445826 0.4695612850 
-75.5710521799 0.0604273260 0.7266471778 0.4695313540 
-75.5711709280 0.0604269376 0.7266499584 0.4695023379 
-75.5712972249 0.0604265245 0.7266529278 0.4694742283 
-75.5714311774 0.0604260863 0.7266560891 0.4694470120 
-75.5715728891 0.0604256227 0.7266594454 0.4694206733 
-75.5717224607 0.0604251334 0.7266629997 0.4693951961 
-75.5718799899 0.0604246181 0.7266667549 0.4693705617 
-75.5720455719 0.0604240764 0.7266707137 0.4693467538 
-75.5722192989 0.0604235080 0.7266748790 0.4693237540 
-75.5724012609 0.0604229127 0.7266792533 0.4693015460 
-75.5725915451 0.0604222901 0.7266838392 0.4692801135 
-75.5727902365 0.0604216400 0.7266886393 0.4692594402 
-75.5729974176 0.0604209621 0.7266936560 0.4692395119 
-75.5732131685 0.0604202562 0.7266988917 0.4692203125 
-75.5734375672 0.0604195219 0.7267043486 0.4692018291 
-75.5736706892 0.0604187591 0.7267100290 0.4691840465 
-75.5739126079 0.0604179675 0.7267159350 0.4691669518 
-75.5741633948 0.0604171468 0.7267220688 0.4691505316 
-75.5744231187 0.0604162969 0.7267284323 0.4691347725 
-75.5746918469 0.0604154176 0.7267350276 0.4691196628 
-75.5749696444 0.0604145085 0.7267418565 0.4691051886 
-75.5752565742 0.0604135695 0.7267489210 0.4690913393 
-75.5755526974 0.0604126005 0.7267562227 0.4690781018 
-75.5758580733 0.0604116012 0.7267637635 0.4690654651 
-75.5761727592 0.0604105714 0.7267715451 0.4690534179 
-75.5764968105 0.0604095109 0.7267795689 0.4690419483 
-75.5768302810 0.0604084196 0.7267878368 0.4690310468 
-75.5771732226 0.0604072973 0.7267963500 0.4690207012 
-75.5775256858 0.0604061439 0.7268051102 0.4690109025 
-75.5778877188 0.0604049591 0.7268141187 0.4690016394 
-75.5782593688 0.0604037429 0.7268233769 0.4689929026 
-75.5786406810 0.0604024950 0.7268328862 0.4689846824 
-75.5790316991 0.0604012154 0.7268426477 0.4689769684 
-75.5794324655 0.0603999039 0.7268526628 0.4689697528 
-75.5798430206 0.0603985604 0.7268629326 0.4689630248 
-75.5802634038 0.0603971847 0.7268734583 0.4689567769 
-75.5806936527 0.0603957767 0.7268842410 0.4689509994 
-75.5811338037 0.0603943363 0.7268952817 0.4689456842 
-75.5815838918 0.0603928635 0.7269065814 0.4689408233 
-75.5820439504 0.0603913580 0.7269181411 0.4689364075 
-75.5825140118 0.0603898198 0.7269299617 0.4689324302 
-75.5829941070 0.0603882488 0.7269420442 0.4689288821 
-75.5834842656 0.0603866449 0.7269543894 0.4689257569 
-75.5839845159 0.0603850079 0.7269669981 0.4689230463 
-75.5844948852 0.0603833379 0.7269798710 0.4689207431 
-75.5850153993 0.0603816347 0.7269930091 0.4689188406 
-75.5855460831 0.0603798983 0.7270064128 0.4689173309 
-75.5860869602 0.0603781285 0.7270200831 0.4689162085 
-75.5866380530 0.0603763254 0.7270340203 0.4689154652 
-75.5871993830 0.0603744888 0.7270482253 0.4689150956 
-75.5877709703 0.0603726186 0.7270626986 0.4689150927 
-75.5883528344 0.0603707149 0.7270774407 0.4689154503 
-75.5889449933 0.0603687775 0.7270924521 0.4689161627 
-75.5895474642 0.0603668064 0.7271077333 0.4689172229 
-75.5901602633 0.0603648016 0.7271232848 0.4689186264 
-75.5907834058 0.0603627629 0.7271391071 0.4689203660 
-75.5914169058 0.0603606905 0.7271552004 0.4689224373 
-75.5920607768 0.0603585841 0.7271715653 0.4689248341 
-75.5927150310 0.0603564439 0.7271882019 0.4689275509 
-75.5933796800 0.0603542697 0.7272051108 0.4689305833 
-75.5940547343 0.0603520615 0.7272222921 0.4689339248 
-75.5947402037 0.0603498193 0.7272397461 0.4689375718 
-75.5954360969 0.0603475430 0.7272574730 0.4689415181 
-75.5961424222 0.0603452327 0.7272754732 0.4689457597 
-75.5968591866 0.0603428884 0.7272937467 0.4689502916 
-75.5975863967 0.0603405099 0.7273122937 0.4689551088 
-75.5983240581 0.0603380973 0.7273311145 0.4689602077 
-75.5990721756 0.0603356506 0.7273502091 0.4689655824 
-75.5998307536 0.0603331698 0.7273695776 0.4689712303 
-75.6005997953 0.0603306548 0.7273892201 0.4689771456 
-75.6013793035 0.0603281056 0.7274091367 0.4689833251 
-75.6021692801 0.0603255223 0.7274293274 0.4689897644 
-75.6029697264 0.0603229049 0.7274497923 0.4689964593 
-75.6037806433 0.0603202533 0.7274705313 0.4690034066 
-75.6046020304 0.0603175676 0.7274915444 0.4690106012 
-75.6054338873 0.0603148477 0.7275128316 0.4690180410 
-75.6062762126 0.0603120938 0.7275343929 0.4690257208 
-75.6071290043 0.0603093056 0.7275562281 0.4690336380 
-75.6079922601 0.0603064834 0.7275783371 0.4690417888 
-75.6088659766 0.0603036271 0.7276007200 0.4690501693 
-75.6097501503 0.0603007367 0.7276233765 0.4690587772 
-75.6106447768 0.0602978123 0.7276463065 0.4690676077 
-75.6115498515 0.0602948538 0.7276695098 0.4690766592 
-75.6124653687 0.0602918613 0.7276929863 0.4690859272 
-75.6133913227 0.0602888348 0.7277167358 0.4690954093 
-75.6143277071 0.0602857744 0.7277407580 0.4691051025 
-75.6152745147 0.0602826800 0.7277650528 0.4691150031 
-75.6162317384 0.0602795517 0.7277896200 0.4691251094 
-75.6171993701 0.0602763895 0.7278144592 0.4691354170 
-75.6181774014 0.0602731935 0.7278395703 0.4691459247 
-75.6191658233 0.0602699637 0.7278649529 0.4691566285 
-75.6201646267 0.0602667001 0.7278906068 0.4691675264 
-75.6211738017 0.0602634027 0.7279165316 0.4691786158 
-75.6221933380 0.0602600717 0.7279427271 0.4691898934 
-75.6232232251 0.0602567070 0.7279691929 0.4692013578 
-75.6242634517 0.0602533087 0.7279959287 0.4692130052 
-75.6253140066 0.0602498768 0.7280229341 0.4692248346 
-75.6263748777 0.0602464113 0.7280502088 0.4692368424 
-75.6274460528 0.0602429124 0.7280777524 0.4692490269 
-75.6285275192 0.0602393800 0.7281055645 0.4692613859 
-75.6296192638 0.0602358143 0.7281336448 0.4692739165 
-75.6307212734 0.0602322152 0.7281619928 0.4692866176 
-75.6318335340 0.0602285828 0.7281906081 0.4692994858 
-75.6329560317 0.0602249171 0.7282194903 0.4693125201 
-75.6340887519 0.0602212183 0.7282486389 0.4693257177 
-75.6352316797 0.0602174864 0.7282780536 0.4693390767 
-75.6363848002 0.0602137213 0.7283077338 0.4693525957 
-75.6375480979 0.0602099232 0.7283376791 0.4693662717 
-75.6387215570 0.0602060922 0.7283678890 0.4693801041 
-75.6399051613 0.0602022283 0.7283983631 0.4693940896 
-75.6410988948 0.0601983315 0.7284291009 0.4694082277 
-75.6423027405 0.0601944019 0.7284601018 0.4694225156 
-75.6435166817 0.0601904396 0.7284913653 0.4694369520 
-75.6447407011 0.0601864446 0.7285228911 0.4694515355 
-75.6459747811 0.0601824170 0.7285546784 0.4694662633 
-75.6472189043 0.0601783569 0.7285867268 0.4694811352 
-75.6484730524 0.0601742643 0.7286190358 0.4694961482 
-75.6497372072 0.0601701393 0.7286516049 0.4695113018 
-75.6510113503 0.0601659820 0.7286844334 0.4695265938 
-75.6522954629 0.0601617923 0.7287175208 0.4695420227 
-75.6535895262 0.0601575705 0.7287508666 0.4695575875 
-75.6548935207 0.0601533165 0.7287844702 0.4695732857 
-75.6562074273 0.0601490305 0.7288183311 0.4695891173 
-75.6575312262 0.0601447125 0.7288524485 0.4696050793 
-75.6588648976 0.0601403625 0.7288868221 0.4696211716 
-75.6602084215 0.0601359807 0.7289214511 0.4696373922 
-75.6615617777 0.0601315671 0.7289563349 0.4696537396 
-75.6629249458 0.0601271217 0.7289914731 0.4696702132 
-75.6642979050 0.0601226448 0.7290268649 0.4696868107 
-75.6656806347 0.0601181363 0.7290625097 0.4697035320 
-75.6670731139 0.0601135963 0.7290984070 0.4697203747 
-75.6684753214 0.0601090248 0.7291345561 0.4697373384 
-75.6698872360 0.0601044221 0.7291709564 0.4697544216 
-75.6713088362 0.0600997881 0.7292076073 0.4697716229 
-75.6727401003 0.0600951229 0.7292445081 0.4697889419 
-75.6741810066 0.0600904265 0.7292816581 0.4698063763 
-75.6756315332 0.0600856992 0.7293190568 0.4698239263 
-75.6770916580 0.0600809409 0.7293567035 0.4698415896 
-75.6785613588 0.0600761518 0.7293945976 0.4698593660 
-75.6800406133 0.0600713318 0.7294327384 0.4698772542 
-75.6815293990 0.0600664812 0.7294711251 0.4698952527 
-75.6830276935 0.0600615999 0.7295097573 0.4699133614 
-75.6845354738 0.0600566880 0.7295486342 0.4699315782 
-75.6860527173 0.0600517457 0.7295877551 0.4699499033 
-75.6875794009 0.0600467730 0.7296271194 0.4699683347 
-75.6891155018 0.0600417700 0.7296667264 0.4699868721 
-75.6906609966 0.0600367368 0.7297065754 0.4700055145 
-75.6922158623 0.0600316735 0.7297466658 0.4700242605 
-75.6937800754 0.0600265800 0.7297869968 0.4700431101 
-75.6953536125 0.0600214566 0.7298275679 0.4700620613 
-75.6969364501 0.0600163034 0.7298683782 0.4700811145 
-75.6985285646 0.0600111203 0.7299094272 0.4701002677 
-75.7001299324 0.0600059075 0.7299507140 0.4701195208 
-75.7017405296 0.0600006650 0.7299922381 0.4701388729 
-75.7033603325 0.0599953930 0.7300339988 0.4701583226 
-75.7049893172 0.0599900915 0.7300759953 0.4701778703 
-75.7066274595 0.0599847607 0.7301182269 0.4701975138 
-75.7082747357 0.0599794005 0.7301606930 0.4702172536 
-75.7099311216 0.0599740112 0.7302033928 0.4702370881 
-75.7115965929 0.0599685927 0.7302463257 0.4702570169 
-75.7132711256 0.0599631452 0.7302894909 0.4702770395 
-75.7149546954 0.0599576687 0.7303328878 0.4702971545 
-75.7166472780 0.0599521633 0.7303765156 0.4703173624 
-75.7183488490 0.0599466292 0.7304203736 0.4703376610 
-75.7200593841 0.0599410664 0.7304644612 0.4703580510 
-75.7217788589 0.0599354749 0.7305087775 0.4703785309 
-75.7235072489 0.0599298550 0.7305533220 0.4703991003 
-75.7252445296 0.0599242066 0.7305980939 0.4704197589 
-75.7269906766 0.0599185298 0.7306430925 0.4704405053 
-75.7287456653 0.0599128248 0.7306883170 0.4704613400 
-75.7305094711 0.0599070916 0.7307337668 0.4704822611 
-75.7322820696 0.0599013304 0.7307794412 0.4705032692 
-75.7340634360 0.0598955411 0.7308253394 0.4705243629 
-75.7358535458 0.0598897240 0.7308714607 0.4705455419 
-75.7376523745 0.0598838790 0.7309178045 0.4705668061 
-75.7394598972 0.0598780062 0.7309643700 0.4705881539 
-75.7412760895 0.0598721058 0.7310111565 0.4706095862 
-75.7431009266 0.0598661779 0.7310581632 0.4706311009 
-75.7449343840 0.0598602225 0.7311053895 0.4706526987 
-75.7467764370 0.0598542397 0.7311528347 0.4706743785 
-75.7486270610 0.0598482296 0.7312004981 0.4706961398 
-75.7504862314 0.0598421923 0.7312483789 0.4707179828 
-75.7523539234 0.0598361278 0.7312964764 0.4707399057 
-75.7542301127 0.0598300364 0.7313447899 0.4707619096 
-75.7561147745 0.0598239179 0.7313933188 0.4707839925 
-75.7580078842 0.0598177726 0.7314420622 0.4708061552 
-75.7599094174 0.0598116006 0.7314910195 0.4708283966 
-75.7618193494 0.0598054018 0.7315401901 0.4708507162 
-75.7637376559 0.0597991765 0.7315895731 0.4708731142 
-75.7656643121 0.0597929246 0.7316391679 0.4708955891 
-75.7675992938 0.0597866464 0.7316889737 0.4709181419 
-75.7695425765 0.0597803417 0.7317389899 0.4709407707 
-75.7714941357 0.0597740109 0.7317892158 0.4709634763 
-75.7734539471 0.0597676538 0.7318396506 0.4709862577 
-75.7754219863 0.0597612707 0.7318902937 0.4710091144 
-75.7773982292 0.0597548616 0.7319411444 0.4710320469 
-75.7793826512 0.0597484266 0.7319922019 0.4710550534 
-75.7813752284 0.0597419657 0.7320434656 0.4710781351 
-75.7833759365 0.0597354792 0.7320949347 0.4711012903 
-75.7853847513 0.0597289669 0.7321466086 0.4711245195 
-75.7874016488 0.0597224292 0.7321984866 0.4711478221 
-75.7894266049 0.0597158659 0.7322505680 0.4711711975 
-75.7914595957 0.0597092773 0.7323028521 0.4711946462 
-75.7935005971 0.0597026633 0.7323553382 0.4712181665 
-75.7955495854 0.0596960241 0.7324080256 0.4712417597 
-75.7976065366 0.0596893598 0.7324609137 0.4712654241 
-75.7996714271 0.0596826705 0.7325140017 0.4712891602 
-75.8017442331 0.0596759562 0.7325672890 0.4713129676 
-75.8038249309 0.0596692169 0.7326207749 0.4713368455 
-75.8059134970 0.0596624529 0.7326744587 0.4713607946 
-75.8080099078 0.0596556642 0.7327283397 0.4713848133 
-75.8101141399 0.0596488509 0.7327824173 0.4714089028 
-75.8122261699 0.0596420130 0.7328366908 0.4714330616 
-75.8143459744 0.0596351506 0.7328911595 0.4714572900 
-75.8164735302 0.0596282639 0.7329458228 0.4714815880 
-75.8186088140 0.0596213529 0.7330006799 0.4715059545 
-75.8207518030 0.0596144176 0.7330557303 0.4715303904 
-75.8229024737 0.0596074582 0.7331109733 0.4715548942 
-75.8250608036 0.0596004748 0.7331664081 0.4715794669 
-75.8272267694 0.0595934674 0.7332220342 0.4716041073 
-75.8294003486 0.0595864361 0.7332778509 0.4716288157 
-75.8315815183 0.0595793810 0.7333338575 0.4716535919 
-75.8337702559 0.0595723022 0.7333900534 0.4716784351 
-75.8359665389 0.0595651998 0.7334464379 0.4717033462 
-75.8381703447 0.0595580737 0.7335030105 0.4717283237 
-75.8403816510 0.0595509242 0.7335597703 0.4717533686 
-75.8426004354 0.0595437513 0.7336167169 0.4717784798 
-75.8448266757 0.0595365551 0.7336738496 0.4718036575 
-75.8470603499 0.0595293356 0.7337311676 0.4718289018 
-75.8493014357 0.0595220930 0.7337886705 0.4718542117 
-75.8515499114 0.0595148272 0.7338463575 0.4718795883 
-75.8538057549 0.0595075385 0.7339042281 0.4719050299 
-75.8560689446 0.0595002269 0.7339622816 0.4719305377 
-75.8583394588 0.0594928923 0.7340205174 0.4719561108 
-75.8606172758 0.0594855351 0.7340789348 0.4719817491 
-75.8629023744 0.0594781551 0.7341375333 0.4720074530 
-75.8651947328 0.0594707525 0.7341963122 0.4720332214 
-75.8674943301 0.0594633273 0.7342552710 0.4720590554 
-75.8698011449 0.0594558797 0.7343144089 0.4720849535 
-75.8721151562 0.0594484097 0.7343737255 0.4721109168 
-75.8744363429 0.0594409174 0.7344332201 0.4721369444 
-75.8767646842 0.0594334028 0.7344928920 0.4721630364 
-75.8791001594 0.0594258661 0.7345527408 0.4721891931 
-75.8814427477 0.0594183073 0.7346127658 0.4722154134 
-75.8837924286 0.0594107264 0.7346729664 0.4722416986 
-75.8861491816 0.0594031236 0.7347333420 0.4722680472 
-75.8885129864 0.0593954990 0.7347938920 0.4722944601 
-75.8908838227 0.0593878525 0.7348546159 0.4723209369 
-75.8932616703 0.0593801844 0.7349155131 0.4723474771 
-75.8956465094 0.0593724945 0.7349765829 0.4723740817 
-75.8980383198 0.0593647831 0.7350378249 0.4724007491 
-75.9004370819 0.0593570502 0.7350992385 0.4724274809 
-75.9028427759 0.0593492959 0.7351608230 0.4724542756 
-75.9052553823 0.0593415202 0.7352225779 0.4724811341 
-75.9076748816 0.0593337232 0.7352845027 0.4725080560 
-75.9101012544 0.0593259049 0.7353465967 0.4725350409 
-75.9125344816 0.0593180655 0.7354088595 0.4725620898 
-75.9149745439 0.0593102051 0.7354712905 0.4725892013 
-75.9174214224 0.0593023236 0.7355338891 0.4726163767 
-75.9198750982 0.0592944211 0.7355966548 0.4726436148 
-75.9223355526 0.0592864978 0.7356595871 0.4726709163 
-75.9248027668 0.0592785537 0.7357226853 0.4726982812 
-75.9272767224 0.0592705888 0.7357859490 0.4727257089 
-75.9297574010 0.0592626033 0.7358493776 0.4727532003 
-75.9322447841 0.0592545971 0.7359129706 0.4727807542 
-75.9347388538 0.0592465704 0.7359767275 0.4728083720 
-75.9372395919 0.0592385232 0.7360406478 0.4728360525 
-75.9397469806 0.0592304556 0.7361047308 0.4728637964 
-75.9422610019 0.0592223676 0.7361689762 0.4728916036 
-75.9447816383 0.0592142594 0.7362333833 0.4729194737 
-75.9473088722 0.0592061310 0.7362979518 0.4729474076 
-75.9498426861 0.0591979823 0.7363626810 0.4729754042 
-75.9523830628 0.0591898136 0.7364275704 0.4730034647 
-75.9549299850 0.0591816249 0.7364926197 0.4730315883 
-75.9574834357 0.0591734162 0.7365578282 0.4730597753 
-75.9600433981 0.0591651876 0.7366231954 0.4730880262 
-75.9626098551 0.0591569392 0.7366887209 0.4731163400 
-75.9651827904 0.0591486709 0.7367544043 0.4731447181 
-75.9677621871 0.0591403830 0.7368202449 0.4731731593 
-75.9703480290 0.0591320754 0.7368862423 0.4732016648 
-75.9729402997 0.0591237482 0.7369523961 0.4732302338 
-75.9755389830 0.0591154014 0.7370187058 0.4732588667 
-75.9781440631 0.0591070352 0.7370851708 0.4732875640 
-75.9807555238 0.0590986496 0.7371517908 0.4733163249 
-75.9833733495 0.0590902445 0.7372185653 0.4733451507 
-75.9859975244 0.0590818202 0.7372854937 0.4733740401 
-75.9886280331 0.0590733766 0.7373525757 0.4734029946 
-75.9912648602 0.0590649139 0.7374198107 0.4734320134 
-75.9939079903 0.0590564320 0.7374871984 0.4734610968 
-75.9965574085 0.0590479310 0.7375547383 0.4734902454 
-75.9992130996 0.0590394110 0.7376224299 0.4735194584 
-76.0018750489 0.0590308721 0.7376902728 0.4735487373 
-76.0045432415 0.0590223142 0.7377582665 0.4735780807 
-76.0072176628 0.0590137375 0.7378264107 0.4736074901 
-76.0098982984 0.0590051419 0.7378947049 0.4736369649 
-76.0125851339 0.0589965276 0.7379631486 0.4736665054 
-76.0152781552 0.0589878947 0.7380317414 0.4736961122 
-76.0179773479 0.0589792430 0.7381004830 0.4737257845 
-76.0206826984 0.0589705728 0.7381693728 0.4737555239 
-76.0233941927 0.0589618841 0.7382384106 0.4737853292 
-76.0261118171 0.0589531768 0.7383075957 0.4738152017 
-76.0288355580 0.0589444512 0.7383769280 0.4738451410 
-76.0315654020 0.0589357071 0.7384464069 0.4738751472 
-76.0343013359 0.0589269447 0.7385160320 0.4739052213 
-76.0370433464 0.0589181640 0.7385858029 0.4739353624 
-76.0397914205 0.0589093651 0.7386557193 0.4739655721 
-76.0425455452 0.0589005480 0.7387257808 0.4739958493 
-76.0453057078 0.0588917128 0.7387959869 0.4740261953 
-76.0480718957 0.0588828595 0.7388663373 0.4740566099 
-76.0508440962 0.0588739881 0.7389368316 0.4740870930 
-76.0536222971 0.0588650987 0.7390074694 0.4741176460 
-76.0564064859 0.0588561914 0.7390782503 0.4741482677 
-76.0591966507 0.0588472662 0.7391491740 0.4741789600 
-76.0619927794 0.0588383232 0.7392202401 0.4742097218 
-76.0647948600 0.0588293623 0.7392914482 0.4742405542 
-76.0676028810 0.0588203836 0.7393627979 0.4742714575 
-76.0704168304 0.0588113873 0.7394342889 0.4743024315 
-76.0732366971 0.0588023733 0.7395059209 0.4743334775 
-76.0760624694 0.0587933416 0.7395776934 0.4743645946 
-76.0788941363 0.0587842924 0.7396496062 0.4743957844 
-76.0817316865 0.0587752256 0.7397216588 0.4744270463 
-76.0845751090 0.0587661413 0.7397938509 0.4744583812 
-76.0874243931 0.0587570395 0.7398661822 0.4744897896 
-76.0902795279 0.0587479204 0.7399386524 0.4745212712 
-76.0931405028 0.0587387838 0.7400112610 0.4745528275 
-76.0960073073 0.0587296299 0.7400840079 0.4745844576 
-76.0988799310 0.0587204588 0.7401568925 0.4746161633 
-76.1017583637 0.0587112704 0.7402299146 0.4746479439 
-76.1046425952 0.0587020647 0.7403030739 0.4746798005 
-76.1075326155 0.0586928419 0.7403763701 0.4747117336 
-76.1104284146 0.0586836020 0.7404498027 0.4747437430 
-76.1133299830 0.0586743450 0.7405233716 0.4747758304 
-76.1162373107 0.0586650709 0.7405970764 0.4748079948 
-76.1191503883 0.0586557798 0.7406709167 0.4748402381 
-76.1220692064 0.0586464717 0.7407448923 0.4748725599 
-76.1249937556 0.0586371467 0.7408190028 0.4749049611 
-76.1279240268 0.0586278048 0.7408932480 0.4749374425 
-76.1308600107 0.0586184460 0.7409676275 0.4749700038 
-76.1338016986 0.0586090704 0.7410421411 0.4750026468 
-76.1367490814 0.0585996779 0.7411167883 0.4750353708 
-76.1397021505 0.0585902688 0.7411915691 0.4750681777 
-76.1426608971 0.0585808428 0.7412664829 0.4751010671 
-76.1456253127 0.0585714003 0.7413415297 0.4751340400 
-76.1485953890 0.0585619410 0.7414167090 0.4751670975 
-76.1515711174 0.0585524651 0.7414920205 0.4752002391 
-76.1545524899 0.0585429727 0.7415674641 0.4752334671 
-76.1575394982 0.0585334637 0.7416430393 0.4752667806 
-76.1605321344 0.0585239381 0.7417187460 0.4753001815 
-76.1635303905 0.0585143961 0.7417945838 0.4753336699 
-76.1665342587 0.0585048376 0.7418705524 0.4753672466 
-76.1695437312 0.0584952627 0.7419466517 0.4754009130 
-76.1725588003 0.0584856715 0.7420228812 0.4754346686 
-76.1755794587 0.0584760638 0.7420992408 0.4754685158 
-76.1786056986 0.0584664399 0.7421757302 0.4755024540 
-76.1816375129 0.0584567996 0.7422523490 0.4755364850 
-76.1846748942 0.0584471431 0.7423290971 0.4755706093 
-76.1877178352 0.0584374703 0.7424059741 0.4756048275 
-76.1907663290 0.0584277813 0.7424829799 0.4756391413 
-76.1938203683 0.0584180762 0.7425601140 0.4756735505 
-76.1968799464 0.0584083549 0.7426373764 0.4757080573 
-76.1999450562 0.0583986175 0.7427147666 0.4757426615 
-76.2030156910 0.0583888640 0.7427922845 0.4757773649 
-76.2060918441 0.0583790945 0.7428699298 0.4758121682 
-76.2091735087 0.0583693089 0.7429477022 0.4758470722 
-76.2122606783 0.0583595074 0.7430256015 0.4758820788 
-76.2153533463 0.0583496899 0.7431036273 0.4759171877 
-76.2184515064 0.0583398564 0.7431817796 0.4759524016 
-76.2215551519 0.0583300070 0.7432600580 0.4759877202 
-76.2246642767 0.0583201417 0.7433384622 0.4760231455 
-76.2277788743 0.0583102606 0.7434169920 0.4760586786 
-76.2308989386 0.0583003637 0.7434956471 0.4760943202 
-76.2340244633 0.0582904509 0.7435744273 0.4761300725 
-76.2371554423 0.0582805224 0.7436533324 0.4761659354 
-76.2402918695 0.0582705781 0.7437323620 0.4762019116 
-76.2434337388 0.0582606181 0.7438115160 0.4762380014 
-76.2465810441 0.0582506425 0.7438907941 0.4762742066 
-76.2497337795 0.0582406511 0.7439701960 0.4763105287 
-76.2528919389 0.0582306441 0.7440497214 0.4763469685 
-76.2560555165 0.0582206215 0.7441293702 0.4763835284 
-76.2592245062 0.0582105833 0.7442091420 0.4764202087 
-76.2623989023 0.0582005296 0.7442890366 0.4764570121 
-76.2655786986 0.0581904603 0.7443690538 0.4764939392 
-76.2687638895 0.0581803755 0.7444491933 0.4765309921 
-76.2719544690 0.0581702753 0.7445294548 0.4765681724 
-76.2751504312 0.0581601596 0.7446098381 0.4766054811 
-76.2783517704 0.0581500284 0.7446903429 0.4766429210 
-76.2815584803 0.0581398819 0.7447709690 0.4766804926 
-76.2847705555 0.0581297200 0.7448517161 0.4767181987 
-76.2879879897 0.0581195427 0.7449325838 0.4767560404 
-76.2912107771 0.0581093501 0.7450135721 0.4767940198 
-76.2944389118 0.0580991422 0.7450946805 0.4768321390 
-76.2976723877 0.0580889191 0.7451759089 0.4768703991 
-76.3009111989 0.0580786807 0.7452572569 0.4769088033 
-76.3041553392 0.0580684271 0.7453387242 0.4769473522 
-76.3074048026 0.0580581584 0.7454203107 0.4769860491 
-76.3106595828 0.0580478744 0.7455020160 0.4770248952 
-76.3139196737 0.0580375754 0.7455838398 0.4770638930 
-76.3171850690 0.0580272612 0.7456657819 0.4771030449 
-76.3204557622 0.0580169320 0.7457478419 0.4771423523 
-76.3237317471 0.0580065877 0.7458300195 0.4771818186 
-76.3270130170 0.0579962284 0.7459123145 0.4772214449 
-76.3302995654 0.0579858541 0.7459947266 0.4772612347 
-76.3335913855 0.0579754648 0.7460772555 0.4773011896 
-76.3368884707 0.0579650606 0.7461599007 0.4773413122 
-76.3401908139 0.0579546416 0.7462426621 0.4773816055 
-76.3434984081 0.0579442076 0.7463255393 0.4774220711 
-76.3468112463 0.0579337588 0.7464085320 0.4774627129 
-76.3501293211 0.0579232952 0.7464916399 0.4775035321 
-76.3534526251 0.0579128169 0.7465748626 0.4775445327 
-76.3567811508 0.0579023237 0.7466581997 0.4775857167 
-76.3601148905 0.0578918159 0.7467416510 0.4776270869 
-76.3634538363 0.0578812934 0.7468252161 0.4776686468 
-76.3667979801 0.0578707562 0.7469088946 0.4777103982 
-76.3701473138 0.0578602045 0.7469926862 0.4777523455 
-76.3735018289 0.0578496381 0.7470765904 0.4777944902 
-76.3768615169 0.0578390572 0.7471606070 0.4778368366 
-76.3802263689 0.0578284618 0.7472447355 0.4778793871 
-76.3835963759 0.0578178519 0.7473289755 0.4779221448 
-76.3869715288 0.0578072276 0.7474133267 0.4779651137 
-76.3903518179 0.0577965889 0.7474977885 0.4780082958 
-76.3937372338 0.0577859359 0.7475823607 0.4780516957 
-76.3971277661 0.0577752685 0.7476670428 0.4780953155 
-76.4005234050 0.0577645868 0.7477518343 0.4781391595 
-76.4039241398 0.0577538909 0.7478367348 0.4781832306 
-76.4073299597 0.0577431808 0.7479217438 0.4782275320 
-76.4107408537 0.0577324566 0.7480068609 0.4782720681 
-76.4141568103 0.0577217182 0.7480920856 0.4783168408 
-76.4175778180 0.0577109658 0.7481774174 0.4783618552 
-76.4210038647 0.0577001994 0.7482628559 0.4784071133 
-76.4244349380 0.0576894190 0.7483484005 0.4784526195 
-76.4278710252 0.0576786247 0.7484340506 0.4784983769 
-76.4313121132 0.0576678165 0.7485198058 0.4785443885 
-76.4347581887 0.0576569944 0.7486056656 0.4785906584 
-76.4382092378 0.0576461586 0.7486916293 0.4786371887 
-76.4416652463 0.0576353091 0.7487776964 0.4786839838 
-76.4451261996 0.0576244459 0.7488638663 0.4787310456 
-76.4485920826 0.0576135691 0.7489501384 0.4787783777 
-76.4520628800 0.0576026788 0.7490365121 0.4788259825 
-76.4555385757 0.0575917749 0.7491229869 0.4788738622 
-76.4590191536 0.0575808576 0.7492095619 0.4789220199 
-76.4625045967 0.0575699270 0.7492962367 0.4789704562 
-76.4659948879 0.0575589830 0.7493830105 0.4790191740 
-76.4694900092 0.0575480257 0.7494698827 0.4790681733 
-76.4729899427 0.0575370553 0.7495568525 0.4791174555 
-76.4764946694 0.0575260718 0.7496439192 0.4791670205 
-76.4800041702 0.0575150752 0.7497310821 0.4792168671 
-76.4835184255 0.0575040656 0.7498183405 0.4792669951 
-76.4870374147 0.0574930431 0.7499056936 0.4793174007 
-76.4905611174 0.0574820078 0.7499931406 0.4793680820 
-76.4940895120 0.0574709597 0.7500806808 0.4794190332 
-76.4976225769 0.0574598989 0.7501683132 0.4794702492 
-76.5011602898 0.0574488255 0.7502560371 0.4795217221 
-76.5047026277 0.0574377396 0.7503438517 0.4795734419 
-76.5082495674 0.0574266412 0.7504317561 0.4796253979 
-76.5118010850 0.0574155305 0.7505197493 0.4796775746 
-76.5153571562 0.0574044075 0.7506078305 0.4797299562 
-76.5189177561 0.0573932722 0.7506959989 0.4797825206 
-76.5224828596 0.0573821249 0.7507842534 0.4798352442 
-76.5260524409 0.0573709655 0.7508725932 0.4798880971 
-76.5296264740 0.0573597942 0.7509610172 0.4799410445 
-76.5332049324 0.0573486111 0.7510495246 0.4799940457 
-76.5367877893 0.0573374162 0.7511381143 0.4800470508 
-76.5403750177 0.0573262096 0.7512267854 0.4801000033 
-76.5439665901 0.0573149915 0.7513155369 0.4801528332 
-76.5475624791 0.0573037619 0.7514043677 0.4802054607 
-76.5511626568 0.0572925209 0.7514932769 0.4802577878 
-76.5547670953 0.0572812686 0.7515822635 0.4803097003 
-76.5583757663 0.0572700052 0.7516713264 0.4803610591 
-76.5619886416 0.0572587306 0.7517604645 0.4804116992 
-76.5656056924 0.0572474450 0.7518496769 0.4804614189 
-76.5692268897 0.0572361486 0.7519389625 0.4805099753 
-76.5728522034 0.0572248413 0.7520283202 0.4805570696 
-76.5764816027 0.0572135233 0.7521177489 0.4806023365 
-76.5801150551 0.0572021948 0.7522072474 0.4806453242 
-76.5837525263 0.0571908558 0.7522968145 0.4806854771 
-76.5873939798 0.0571795064 0.7523864489 0.4807221144 
-76.5910393788 0.0571681468 0.7524761494 0.4807544204 
-76.5946886917 0.0571567770 0.7525659148 0.4807814696 
-76.5983419072 0.0571453972 0.7526557445 0.4808023421 
-76.6019990727 0.0571340071 0.7527456396 0.4808164490 
-76.6056603669 0.0571226063 0.7528356049 0.4808242145 
-76.6074933344 0.0571168994 0.7528806324 0.4808266001 
-76.6093314047 0.0571111772 0.7529257729 0.4808295346 
-76.6111746720 0.0571054393 0.7529710289 0.4808331200 
-76.6130232235 0.0570996856 0.7530164028 0.4808374124 
-76.6148771404 0.0570939156 0.7530618967 0.4808424293 
-76.6167364992 0.0570881293 0.7531075126 0.4808481626 
-76.6186013720 0.0570823263 0.7531532523 0.4808545858 
-76.6204718277 0.0570765066 0.7531991177 0.4808616597 
-76.6223479327 0.0570706698 0.7532451104 0.4808693409 
-76.6242297514 0.0570648157 0.7532912321 0.4808775810 
-76.6261173465 0.0570589443 0.7533374844 0.4808863337 
-76.6280107797 0.0570530553 0.7533838689 0.4808955551 
-76.6299101119 0.0570471484 0.7534303871 0.4809052048 
-76.6318154036 0.0570412236 0.7534770406 0.4809152492 
-76.6337267146 0.0570352807 0.7535238308 0.4809256579 
-76.6356441047 0.0570293194 0.7535707593 0.4809364085 
-76.6375676332 0.0570233396 0.7536178275 0.4809474809 
-76.6394973592 0.0570173412 0.7536650370 0.4809588602 
-76.6414333418 0.0570113238 0.7537123892 0.4809705349 
-76.6433756392 0.0570052874 0.7537598856 0.4809824944 
-76.6453243097 0.0569992319 0.7538075276 0.4809947321 
-76.6472794110 0.0569931569 0.7538553168 0.4810072401 
-76.6492410005 0.0569870623 0.7539032544 0.4810200137 
-76.6512091351 0.0569809480 0.7539513419 0.4810330471 
-76.6531838713 0.0569748138 0.7539995807 0.4810463353 
-76.6551652654 0.0569686596 0.7540479723 0.4810598745 
-76.6571533729 0.0569624851 0.7540965179 0.4810736589 
-76.6591482494 0.0569562901 0.7541452189 0.4810876855 
-76.6611499499 0.0569500747 0.7541940768 0.4811019488 
-76.6631585290 0.0569438384 0.7542430927 0.4811164454 
-76.6651740412 0.0569375813 0.7542922681 0.4811311711 
-76.6671965405 0.0569313031 0.7543416042 0.4811461212 
-76.6692260807 0.0569250037 0.7543911024 0.4811612927 
-76.6712627153 0.0569186829 0.7544407640 0.4811766804 
-76.6733064977 0.0569123406 0.7544905902 0.4811922817 
-76.6753574808 0.0569059766 0.7545405823 0.4812080919 
-76.6774157175 0.0568995907 0.7545907416 0.4812241075 
-76.6794812605 0.0568931828 0.7546410694 0.4812403252 
-76.6815541621 0.0568867528 0.7546915669 0.4812567404 
-76.6836344747 0.0568803004 0.7547422353 0.4812733509 
-76.6857222504 0.0568738256 0.7547930760 0.4812901517 
-76.6878175413 0.0568673281 0.7548440901 0.4813071407 
-76.6899203992 0.0568608078 0.7548952789 0.4813243137 
-76.6920308759 0.0568542646 0.7549466435 0.4813416675 
-76.6941490231 0.0568476983 0.7549981853 0.4813591993 
-76.6962748925 0.0568411088 0.7550499054 0.4813769050 
-76.6984085357 0.0568344959 0.7551018051 0.4813947826 
-76.7005500041 0.0568278594 0.7551538856 0.4814128277 
-76.7026993494 0.0568211992 0.7552061480 0.4814310385 
-76.7048566230 0.0568145151 0.7552585936 0.4814494112 
-76.7070218764 0.0568078071 0.7553112235 0.4814679430 
-76.7091951612 0.0568010749 0.7553640391 0.4814866317 
-76.7113765290 0.0567943184 0.7554170415 0.4815054732 
-76.7135660313 0.0567875374 0.7554702318 0.4815244662 
-76.7157637199 0.0567807318 0.7555236113 0.4815436066 
-76.7179696464 0.0567739015 0.7555771812 0.4815628928 
-76.7201838627 0.0567670462 0.7556309427 0.4815823217 
-76.7224064208 0.0567601659 0.7556848970 0.4816018905 
-76.7246373727 0.0567532603 0.7557390453 0.4816215976 
-76.7268767705 0.0567463294 0.7557933887 0.4816414392 
-76.7291246666 0.0567393730 0.7558479286 0.4816614142 
-76.7313811134 0.0567323908 0.7559026661 0.4816815191 
-76.7336461637 0.0567253828 0.7559576023 0.4817017523 
-76.7359198701 0.0567183489 0.7560127386 0.4817221114 
-76.7382022856 0.0567112888 0.7560680762 0.4817425936 
-76.7404934636 0.0567042024 0.7561236161 0.4817631977 
-76.7427934573 0.0566970895 0.7561793598 0.4817839203 
-76.7451023205 0.0566899500 0.7562353083 0.4818047605 
-76.7474201069 0.0566827838 0.7562914630 0.4818257152 
-76.7497468708 0.0566755906 0.7563478251 0.4818467830 
-76.7520826665 0.0566683703 0.7564043957 0.4818679618 
-76.7544275487 0.0566611228 0.7564611762 0.4818892490 
-76.7567815723 0.0566538478 0.7565181678 0.4819106439 
-76.7591447925 0.0566465454 0.7565753717 0.4819321431 
-76.7615172650 0.0566392151 0.7566327893 0.4819537462 
-76.7638990455 0.0566318570 0.7566904217 0.4819754501 
-76.7662901903 0.0566244708 0.7567482703 0.4819972538 
-76.7686907559 0.0566170564 0.7568063363 0.4820191555 
-76.7711007991 0.0566096137 0.7568646211 0.4820411527 
-76.7735203773 0.0566021423 0.7569231259 0.4820632450 
-76.7759495480 0.0565946423 0.7569818520 0.4820854292 
-76.7783883692 0.0565871133 0.7570408007 0.4821077050 
-76.7808368994 0.0565795553 0.7570999734 0.4821300700 
-76.7832951973 0.0565719681 0.7571593714 0.4821525227 
-76.7857633222 0.0565643514 0.7572189960 0.4821750621 
-76.7882413336 0.0565567052 0.7572788486 0.4821976856 
-76.7907292918 0.0565490293 0.7573389305 0.4822203930 
-76.7932272571 0.0565413234 0.7573992431 0.4822431815 
-76.7957352906 0.0565335874 0.7574597878 0.4822660508 
-76.7982534537 0.0565258212 0.7575205660 0.4822889986 
-76.8007818084 0.0565180244 0.7575815790 0.4823120238 
-76.8033204170 0.0565101971 0.7576428282 0.4823351255 
-76.8058693425 0.0565023389 0.7577043152 0.4823583012 
-76.8084286483 0.0564944497 0.7577660413 0.4823815510 
-76.8109983982 0.0564865294 0.7578280079 0.4824048721 
-76.8135786569 0.0564785776 0.7578902165 0.4824282644 
-76.8161694892 0.0564705943 0.7579526686 0.4824517260 
-76.8187709608 0.0564625792 0.7580153657 0.4824752556 
-76.8213831377 0.0564545322 0.7580783092 0.4824988526 
-76.8240060866 0.0564464531 0.7581415006 0.4825225146 
-76.8266398748 0.0564383416 0.7582049415 0.4825462418 
-76.8292845700 0.0564301976 0.7582686334 0.4825700317 
-76.8319402408 0.0564220208 0.7583325779 0.4825938843 
-76.8346069561 0.0564138111 0.7583967764 0.4826177976 
-76.8372847856 0.0564055684 0.7584612306 0.4826417706 
-76.8399737997 0.0563972922 0.7585259420 0.4826658029 
-76.8426740692 0.0563889826 0.7585909122 0.4826898921 
-76.8453856657 0.0563806392 0.7586561430 0.4827140385 
-76.8481086613 0.0563722618 0.7587216358 0.4827382398 
-76.8508431292 0.0563638503 0.7587873923 0.4827624959 
-76.8535891426 0.0563554044 0.7588534143 0.4827868053 
-76.8563467760 0.0563469240 0.7589197033 0.4828111668 
-76.8591161043 0.0563384087 0.7589862610 0.4828355801 
-76.8618972030 0.0563298584 0.7590530893 0.4828600429 
-76.8646901487 0.0563212729 0.7591201897 0.4828845559 
-76.8674950182 0.0563126519 0.7591875640 0.4829091165 
-76.8703118897 0.0563039952 0.7592552140 0.4829337248 
-76.8731408414 0.0562953026 0.7593231415 0.4829583794 
-76.8759819528 0.0562865739 0.7593913482 0.4829830792 
-76.8788353041 0.0562778088 0.7594598360 0.4830078241 
-76.8817009759 0.0562690071 0.7595286067 0.4830326118 
-76.8845790501 0.0562601686 0.7595976621 0.4830574428 
-76.8874696089 0.0562512929 0.7596670041 0.4830823151 
-76.8903727357 0.0562423800 0.7597366346 0.4831072284 
-76.8932885145 0.0562334295 0.7598065554 0.4831321817 
-76.8962170302 0.0562244412 0.7598767685 0.4831571737 
-76.8991583686 0.0562154149 0.7599472759 0.4831822045 
-76.9021126160 0.0562063502 0.7600180795 0.4832072719 
-76.9050798601 0.0561972470 0.7600891812 0.4832323765 
-76.9080601890 0.0561881050 0.7601605831 0.4832575161 
-76.9110536920 0.0561789240 0.7602322871 0.4832826907 
-76.9140604590 0.0561697036 0.7603042954 0.4833078993 
-76.9170805809 0.0561604437 0.7603766100 0.4833331406 
-76.9201141497 0.0561511439 0.7604492329 0.4833584148 
-76.9231612580 0.0561418041 0.7605221663 0.4833837197 
-76.9262219997 0.0561324238 0.7605954122 0.4834090560 
-76.9292964691 0.0561230029 0.7606689729 0.4834344216 
-76.9323847620 0.0561135411 0.7607428505 0.4834598163 
-76.9354869748 0.0561040381 0.7608170471 0.4834852395 
-76.9386032050 0.0560944936 0.7608915650 0.4835106896 
-76.9417335512 0.0560849073 0.7609664065 0.4835361671 
-76.9448781126 0.0560752790 0.7610415737 0.4835616697 
-76.9480369899 0.0560656084 0.7611170689 0.4835871980 
-76.9512102845 0.0560558951 0.7611928946 0.4836127502 
-76.9543980988 0.0560461390 0.7612690528 0.4836383261 
-76.9576005364 0.0560363396 0.7613455461 0.4836639250 
-76.9608177018 0.0560264967 0.7614223768 0.4836895453 
-76.9640497008 0.0560166101 0.7614995473 0.4837151877 
-76.9672966398 0.0560066793 0.7615770600 0.4837408498 
-76.9705586268 0.0559967040 0.7616549174 0.4837665322 
-76.9738357706 0.0559866841 0.7617331219 0.4837922333 
-76.9771281810 0.0559766191 0.7618116760 0.4838179526 
-76.9804359693 0.0559665087 0.7618905823 0.4838436898 
-76.9837592475 0.0559563526 0.7619698432 0.4838694431 
-76.9870981290 0.0559461505 0.7620494615 0.4838952132 
-76.9904527282 0.0559359021 0.7621294395 0.4839209977 
-76.9938231609 0.0559256071 0.7622097801 0.4839467974 
-76.9972095437 0.0559152650 0.7622904859 0.4839726106 
-77.0006119946 0.0559048756 0.7623715594 0.4839984367 
-77.0040306328 0.0558944385 0.7624530035 0.4840242756 
-77.0074655787 0.0558839534 0.7625348208 0.4840501254 
-77.0109169539 0.0558734200 0.7626170142 0.4840759868 
-77.0143848811 0.0558628378 0.7626995864 0.4841018575 
-77.0178694846 0.0558522065 0.7627825403 0.4841277382 
-77.0213708894 0.0558415259 0.7628658786 0.4841536272 
-77.0248892224 0.0558307954 0.7629496043 0.4841795240 
-77.0284246112 0.0558200148 0.7630337202 0.4842054284 
-77.0319771850 0.0558091837 0.7631182294 0.4842313386 
-77.0355470745 0.0557983018 0.7632031347 0.4842572552 
-77.0391344112 0.0557873685 0.7632884392 0.4842831760 
-77.0427393283 0.0557763836 0.7633741459 0.4843091016 
-77.0463619602 0.0557653468 0.7634602578 0.4843350304 
-77.0500024428 0.0557542575 0.7635467781 0.4843609618 
-77.0536609133 0.0557431154 0.7636337098 0.4843868956 
-77.0573375102 0.0557319201 0.7637210561 0.4844128300 
-77.0610323735 0.0557206712 0.7638088202 0.4844387657 
-77.0647456444 0.0557093684 0.7638970052 0.4844647004 
-77.0684774660 0.0556980112 0.7639856145 0.4844906346 
-77.0722279823 0.0556865992 0.7640746513 0.4845165668 
-77.0759973391 0.0556751320 0.7641641189 0.4845424964 
-77.0797856836 0.0556636091 0.7642540207 0.4845684232 
-77.0835931642 0.0556520303 0.7643443600 0.4845943453 
-77.0874199314 0.0556403949 0.7644351403 0.4846202633 
-77.0912661365 0.0556287027 0.7645263649 0.4846461751 
-77.0951319329 0.0556169531 0.7646180374 0.4846720811 
-77.0990174752 0.0556051458 0.7647101613 0.4846979798 
-77.1029229197 0.0555932802 0.7648027402 0.4847238705 
-77.1068484242 0.0555813561 0.7648957775 0.4847497530 
-77.1107941482 0.0555693728 0.7649892769 0.4847756254 
-77.1147602527 0.0555573299 0.7650832422 0.4848014884 
-77.1187469003 0.0555452271 0.7651776769 0.4848273397 
-77.1227542553 0.0555330638 0.7652725848 0.4848531796 
-77.1267824837 0.0555208395 0.7653679697 0.4848790069 
-77.1308317529 0.0555085539 0.7654638353 0.4849048205 
-77.1349022323 0.0554962063 0.7655601855 0.4849306205 
-77.1389940928 0.0554837964 0.7656570242 0.4849564047 
-77.1431075071 0.0554713236 0.7657543553 0.4849821740 
-77.1472426495 0.0554587875 0.7658521827 0.4850079259 
-77.1513996964 0.0554461875 0.7659505105 0.4850336608 
-77.1555788255 0.0554335232 0.7660493426 0.4850593773 
-77.1597802165 0.0554207941 0.7661486831 0.4850850744 
-77.1640040510 0.0554079996 0.7662485362 0.4851107522 
-77.1682505121 0.0553951393 0.7663489059 0.4851364083 
-77.1725197852 0.0553822126 0.7664497965 0.4851620436 
-77.1768120571 0.0553692189 0.7665512122 0.4851876558 
-77.1811275168 0.0553561579 0.7666531573 0.4852132449 
-77.1854663549 0.0553430289 0.7667556360 0.4852388098 
-77.1898287640 0.0553298314 0.7668586528 0.4852643493 
-77.1942149389 0.0553165648 0.7669622119 0.4852898633 
-77.1986250759 0.0553032286 0.7670663180 0.4853153497 
-77.2030593737 0.0552898223 0.7671709754 0.4853408091 
-77.2075180325 0.0552763453 0.7672761886 0.4853662392 
-77.2120012548 0.0552627971 0.7673819623 0.4853916400 
-77.2165092453 0.0552491769 0.7674883010 0.4854170104 
-77.2210422102 0.0552354844 0.7675952094 0.4854423489 
-77.2256003584 0.0552217189 0.7677026922 0.4854676558 
-77.2301839002 0.0552078798 0.7678107541 0.4854929285 
-77.2347930487 0.0551939665 0.7679194000 0.4855181679 
-77.2394280185 0.0551799785 0.7680286346 0.4855433713 
-77.2440890268 0.0551659151 0.7681384629 0.4855685390 
-77.2487762926 0.0551517757 0.7682488897 0.4855936696 
-77.2534900374 0.0551375597 0.7683599201 0.4856187617 
-77.2582304848 0.0551232665 0.7684715590 0.4856438154 
-77.2629978605 0.0551088955 0.7685838116 0.4856688282 
-77.2677923926 0.0550944460 0.7686966829 0.4856938008 
-77.2726143113 0.0550799174 0.7688101781 0.4857187306 
-77.2774638494 0.0550653091 0.7689243024 0.4857436177 
-77.2823412417 0.0550506203 0.7690390612 0.4857684606 
-77.2872467255 0.0550358505 0.7691544596 0.4857932580 
-77.2921805405 0.0550209991 0.7692705031 0.4858180098 
-77.2971429285 0.0550060652 0.7693871971 0.4858427136 
-77.3021341343 0.0549910483 0.7695045471 0.4858673698 
-77.3071544044 0.0549759476 0.7696225585 0.4858919759 
-77.3122039884 0.0549607625 0.7697412369 0.4859165319 
-77.3172831381 0.0549454924 0.7698605879 0.4859410363 
-77.3223921076 0.0549301364 0.7699806173 0.4859654876 
-77.3275311540 0.0549146939 0.7701013307 0.4859898857 
-77.3327005365 0.0548991642 0.7702227339 0.4860142280 
-77.3379005174 0.0548835465 0.7703448328 0.4860385151 
-77.3431313611 0.0548678402 0.7704676332 0.4860627443 
-77.3483933349 0.0548520444 0.7705911411 0.4860869153 
-77.3536867089 0.0548361586 0.7707153624 0.4861110269 
-77.3590117554 0.0548201818 0.7708403033 0.4861350772 
-77.3643687501 0.0548041134 0.7709659698 0.4861590663 
-77.3697579708 0.0547879527 0.7710923681 0.4861829914 
-77.3751796986 0.0547716987 0.7712195044 0.4862068528 
-77.3806342171 0.0547553509 0.7713473849 0.4862306480 
-77.3861218128 0.0547389083 0.7714760161 0.4862543767 
-77.3916427751 0.0547223702 0.7716054043 0.4862780372 
-77.3971973962 0.0547057358 0.7717355560 0.4863016279 
-77.4027859715 0.0546890043 0.7718664777 0.4863251486 
-77.4084087989 0.0546721749 0.7719981759 0.4863485965 
-77.4140661798 0.0546552468 0.7721306573 0.4863719719 
-77.4197584181 0.0546382191 0.7722639285 0.4863952720 
-77.4254858213 0.0546210911 0.7723979964 0.4864184965 
-77.4312486994 0.0546038618 0.7725328677 0.4864416436 
-77.4370473659 0.0545865305 0.7726685494 0.4864647117 
-77.4428821375 0.0545690962 0.7728050483 0.4864877004 
-77.4487533337 0.0545515582 0.7729423714 0.4865106067 
-77.4546612777 0.0545339155 0.7730805259 0.4865334310 
-77.4606062953 0.0545161672 0.7732195189 0.4865561703 
-77.4665887163 0.0544983125 0.7733593574 0.4865788242 
-77.4726088734 0.0544803505 0.7735000490 0.4866013909 
-77.4786671026 0.0544622803 0.7736416007 0.4866238685 
-77.4847637436 0.0544441010 0.7737840201 0.4866462566 
-77.4908991392 0.0544258115 0.7739273146 0.4866685522 
-77.4970736359 0.0544074111 0.7740714916 0.4866907554 
-77.5032875835 0.0543888988 0.7742165589 0.4867128631 
-77.5095413355 0.0543702736 0.7743625241 0.4867348749 
-77.5158352489 0.0543515346 0.7745093949 0.4867567888 
-77.5221696843 0.0543326808 0.7746571791 0.4867786028 
-77.5285450060 0.0543137112 0.7748058845 0.4868003165 
-77.5349615818 0.0542946249 0.7749555192 0.4868219265 
-77.5414197837 0.0542754208 0.7751060911 0.4868434331 
-77.5479199868 0.0542560981 0.7752576083 0.4868648329 
-77.5544625707 0.0542366556 0.7754100790 0.4868861253 
-77.5610479183 0.0542170923 0.7755635114 0.4869073083 
-77.5676764167 0.0541974072 0.7757179137 0.4869283798 
-77.5743484570 0.0541775993 0.7758732945 0.4869493391 
-77.5810644339 0.0541576676 0.7760296621 0.4869701829 
-77.5878247467 0.0541376109 0.7761870250 0.4869909111 
-77.5946297981 0.0541174282 0.7763453919 0.4870115204 
-77.6014799955 0.0540971185 0.7765047714 0.4870320100 
-77.6083757502 0.0540766806 0.7766651723 0.4870523776 
-77.6153174777 0.0540561135 0.7768266035 0.4870726211 
-77.6223055979 0.0540354160 0.7769890737 0.4870927397 
-77.6293405349 0.0540145871 0.7771525921 0.4871127298 
-77.6364227171 0.0539936255 0.7773171677 0.4871325912 
-77.6435525774 0.0539725303 0.7774828096 0.4871523205 
-77.6507305532 0.0539513001 0.7776495271 0.4871719167 
-77.6579570863 0.0539299340 0.7778173294 0.4871913775 
-77.6652326231 0.0539084306 0.7779862260 0.4872107004 
-77.6725576146 0.0538867889 0.7781562263 0.4872298845 
-77.6799325165 0.0538650076 0.7783273400 0.4872489261 
-77.6873577892 0.0538430855 0.7784995765 0.4872678250 
-77.6948338978 0.0538210214 0.7786729457 0.4872865773 
-77.7023613123 0.0537988142 0.7788474574 0.4873051820 
-77.7099405076 0.0537764625 0.7790231215 0.4873236366 
-77.7175719636 0.0537539651 0.7791999479 0.4873419385 
-77.7252561650 0.0537313208 0.7793779467 0.4873600864 
-77.7329936015 0.0537085282 0.7795571281 0.4873780767 
-77.7407847685 0.0536855862 0.7797375023 0.4873959088 
-77.7486301657 0.0536624935 0.7799190797 0.4874135787 
-77.7565302988 0.0536392486 0.7801018706 0.4874310854 
-77.7644856784 0.0536158503 0.7802858856 0.4874484259 
-77.7724968205 0.0535922973 0.7804711353 0.4874655975 
-77.7805642467 0.0535685883 0.7806576303 0.4874825989 
-77.7886884837 0.0535447218 0.7808453816 0.4874994260 
-77.7968700643 0.0535206966 0.7810343999 0.4875160783 
-77.8051095265 0.0534965111 0.7812246962 0.4875325512 
-77.8134074142 0.0534721642 0.7814162816 0.4875488439 
-77.8217642769 0.0534476542 0.7816091672 0.4875649529 
-77.8301806700 0.0534229799 0.7818033644 0.4875808756 
-77.8386571550 0.0533981398 0.7819988845 0.4875966102 
-77.8471942990 0.0533731325 0.7821957388 0.4876121525 
-77.8557926755 0.0533479564 0.7823939391 0.4876275017 
-77.8644528638 0.0533226102 0.7825934968 0.4876426531 
-77.8731754496 0.0532970923 0.7827944239 0.4876576056 
-77.8819610247 0.0532714013 0.7829967321 0.4876723554 
-77.8908101875 0.0532455355 0.7832004333 0.4876868999 
-77.8997235428 0.0532194936 0.7834055396 0.4877012367 
-77.9087017014 0.0531932740 0.7836120633 0.4877153617 
-77.9177452814 0.0531668751 0.7838200164 0.4877292737 
-77.9268549071 0.0531402953 0.7840294115 0.4877429678 
-77.9360312097 0.0531135331 0.7842402609 0.4877564427 
-77.9452748273 0.0530865868 0.7844525772 0.4877696941 
-77.9545864048 0.0530594549 0.7846663732 0.4877827195 
-77.9639665941 0.0530321357 0.7848816615 0.4877955160 
-77.9734160543 0.0530046276 0.7850984551 0.4878080792 
-77.9829354517 0.0529769289 0.7853167669 0.4878204079 
-77.9925254597 0.0529490379 0.7855366102 0.4878324966 
-78.0021867593 0.0529209530 0.7857579980 0.4878443440 
-78.0119200388 0.0528926725 0.7859809437 0.4878559454 
-78.0217259942 0.0528641945 0.7862054608 0.4878672979 
-78.0316053291 0.0528355174 0.7864315628 0.4878783985 
-78.0415587546 0.0528066395 0.7866592634 0.4878892427 
-78.0515869903 0.0527775589 0.7868885763 0.4878998285 
-78.0616907631 0.0527482739 0.7871195154 0.4879101504 
-78.0718708083 0.0527187826 0.7873520948 0.4879202069 
-78.0821278693 0.0526890833 0.7875863285 0.4879299927 
-78.0924626979 0.0526591741 0.7878222308 0.4879395050 
-78.1028760540 0.0526290531 0.7880598160 0.4879487400 
-78.1133687062 0.0525987184 0.7882990987 0.4879576932 
-78.1239414318 0.0525681683 0.7885400933 0.4879663622 
-78.1345950166 0.0525374007 0.7887828147 0.4879747413 
-78.1453302555 0.0525064137 0.7890272776 0.4879828285 
-78.1561479520 0.0524752054 0.7892734970 0.4879906182 
-78.1670489190 0.0524437739 0.7895214880 0.4879981074 
-78.1780339785 0.0524121170 0.7897712657 0.4880052917 
-78.1891039616 0.0523802329 0.7900228455 0.4880121666 
-78.2002597095 0.0523481195 0.7902762428 0.4880187291 
-78.2115020721 0.0523157748 0.7905314732 0.4880249731 
-78.2228319097 0.0522831966 0.7907885523 0.4880308965 
-78.2342500920 0.0522503830 0.7910474961 0.4880364930 
-78.2457574990 0.0522173318 0.7913083204 0.4880417596 
-78.2573550206 0.0521840409 0.7915710412 0.4880466914 
-78.2690435571 0.0521505081 0.7918356749 0.4880512834 
-78.2808240190 0.0521167314 0.7921022377 0.4880555323 
-78.2926973274 0.0520827084 0.7923707461 0.4880594316 
-78.3046644144 0.0520484370 0.7926412167 0.4880629790 
-78.3167262223 0.0520139150 0.7929136662 0.4880661674 
-78.3288837049 0.0519791402 0.7931881114 0.4880689940 
-78.3411378269 0.0519441101 0.7934645694 0.4880714527 
-78.3534895644 0.0519088227 0.7937430572 0.4880735389 
-78.3659399049 0.0518732755 0.7940235921 0.4880752483 
-78.3784898474 0.0518374662 0.7943061915 0.4880765744 
-78.3911404028 0.0518013925 0.7945908729 0.4880775142 
-78.4038925939 0.0517650519 0.7948776540 0.4880780603 
-78.4167474558 0.0517284421 0.7951665525 0.4880782094 
-78.4297060353 0.0516915607 0.7954575863 0.4880779550 
-78.4427693924 0.0516544051 0.7957507737 0.4880772921 
-78.4559385993 0.0516169729 0.7960461326 0.4880762159 
-78.4692147409 0.0515792617 0.7963436816 0.4880747195 
-78.4825989155 0.0515412688 0.7966434390 0.4880727994 
-78.4960922343 0.0515029918 0.7969454236 0.4880704476 
-78.5096958220 0.0514644280 0.7972496540 0.4880676608 
-78.5234108167 0.0514255749 0.7975561491 0.4880644314 
-78.5372383705 0.0513864298 0.7978649281 0.4880607546 
-78.5511796495 0.0513469901 0.7981760100 0.4880566244 
-78.5652358335 0.0513072531 0.7984894142 0.4880520340 
-78.5794081174 0.0512672161 0.7988051603 0.4880469791 
-78.5936977101 0.0512268764 0.7991232677 0.4880414513 
-78.6081058357 0.0511862312 0.7994437563 0.4880354468 
-78.6226337329 0.0511452777 0.7997666459 0.4880289573 
-78.6372826562 0.0511040131 0.8000919567 0.4880219779 
-78.6520538752 0.0510624346 0.8004197087 0.4880145016 
-78.6669486752 0.0510205392 0.8007499224 0.4880065215 
-78.6819683578 0.0509783242 0.8010826181 0.4879980325 
-78.6971142404 0.0509357866 0.8014178166 0.4879890257 
-78.7123876570 0.0508929234 0.8017555386 0.4879794969 
-78.7277899583 0.0508497316 0.8020958049 0.4879694370 
-78.7433225119 0.0508062083 0.8024386368 0.4879588409 
-78.7589867025 0.0507623503 0.8027840553 0.4879477005 
-78.7747839325 0.0507181547 0.8031320819 0.4879360090 
-78.7907156218 0.0506736182 0.8034827380 0.4879237600 
-78.8067832082 0.0506287378 0.8038360453 0.4879109446 
-78.8229881482 0.0505835103 0.8041920255 0.4878975577 
-78.8393319163 0.0505379325 0.8045507006 0.4878835896 
-78.8558160063 0.0504920011 0.8049120928 0.4878690349 
-78.8724419308 0.0504457129 0.8052762241 0.4878538843 
-78.8892112220 0.0503990646 0.8056431171 0.4878381311 
-78.9061254318 0.0503520529 0.8060127941 0.4878217675 
-78.9231861320 0.0503046744 0.8063852779 0.4878047847 
-78.9403949152 0.0502569257 0.8067605913 0.4877871764 
-78.9577533939 0.0502088033 0.8071387573 0.4877689323 
-78.9752632023 0.0501603039 0.8075197989 0.4877500467 
-78.9929259956 0.0501114238 0.8079037393 0.4877305091 
-79.0107434507 0.0500621596 0.8082906021 0.4877103126 
-79.0287172666 0.0500125077 0.8086804106 0.4876894482 
-79.0468491645 0.0499624645 0.8090731885 0.4876679068 
-79.0651408885 0.0499120262 0.8094689598 0.4876456810 
-79.0835942056 0.0498611894 0.8098677482 0.4876227600 
-79.1022109065 0.0498099501 0.8102695779 0.4875991374 
-79.1209928053 0.0497583047 0.8106744732 0.4875748014 
-79.1399417409 0.0497062493 0.8110824583 0.4875497451 
-79.1590595764 0.0496537802 0.8114935578 0.4875239577 
-79.1783482000 0.0496008934 0.8119077963 0.4874974303 
-79.1978095253 0.0495475851 0.8123251986 0.4874701538 
-79.2174454918 0.0494938512 0.8127457896 0.4874421170 
-79.2372580653 0.0494396878 0.8131695943 0.4874133124 
-79.2572492381 0.0493850908 0.8135966378 0.4873837271 
-79.2774210299 0.0493300562 0.8140269455 0.4873533538 
-79.2977754877 0.0492745799 0.8144605428 0.4873221798 
-79.3183146867 0.0492186576 0.8148974551 0.4872901963 
-79.3390407306 0.0491622852 0.8153377082 0.4872573920 
-79.3599557521 0.0491054584 0.8157813278 0.4872237554 
-79.3810619133 0.0490481730 0.8162283399 0.4871892773 
-79.4023614061 0.0489904245 0.8166787703 0.4871539440 
-79.4238564534 0.0489322087 0.8171326453 0.4871177469 
-79.4455493084 0.0488735211 0.8175899911 0.4870806715 
-79.4674422564 0.0488143571 0.8180508340 0.4870427084 
-79.4895376144 0.0487547124 0.8185152005 0.4870038439 
-79.5118377320 0.0486945823 0.8189831172 0.4869640662 
-79.5343449922 0.0486339623 0.8194546106 0.4869233633 
-79.5570618114 0.0485728476 0.8199297075 0.4868817205 
-79.5799906406 0.0485112335 0.8204084347 0.4868391272 
-79.6031339653 0.0484491154 0.8208908193 0.4867955669 
-79.6264943071 0.0483864884 0.8213768882 0.4867510287 
-79.6500742229 0.0483233476 0.8218666684 0.4867054957 
-79.6738763073 0.0482596882 0.8223601872 0.4866589550 
-79.6979031914 0.0481955051 0.8228574719 0.4866113909 
-79.7221575450 0.0481307934 0.8233585497 0.4865627872 
-79.7466420763 0.0480655481 0.8238634479 0.4865131295 
-79.7713595328 0.0479997639 0.8243721942 0.4864623987 
-79.7963127027 0.0479334358 0.8248848159 0.4864105805 
-79.8215044141 0.0478665586 0.8254013407 0.4863576538 
-79.8469375375 0.0477991269 0.8259217961 0.4863036029 
-79.8726149853 0.0477311354 0.8264462097 0.4862484063 
-79.8985397130 0.0476625788 0.8269746092 0.4861920447 
-79.9247147200 0.0475934516 0.8275070224 0.4861344971 
-79.9511430501 0.0475237483 0.8280434769 0.4860757398 
-79.9778277932 0.0474534634 0.8285840006 0.4860157519 
-80.0047720847 0.0473825913 0.8291286211 0.4859545054 
-80.0319791079 0.0473111263 0.8296773662 0.4858919778 
-80.0594520933 0.0472390627 0.8302302637 0.4858281381 
-80.0871943212 0.0471663946 0.8307873413 0.4857629597 
-80.1152091210 0.0470931164 0.8313486268 0.4856964094 
-80.1434998734 0.0470192219 0.8319141478 0.4856284546 
-80.1720700105 0.0469447054 0.8324839320 0.4855590601 
-80.2009230173 0.0468695607 0.8330580071 0.4854881857 
-80.2300624325 0.0467937818 0.8336364007 0.4854157929 
-80.2594918493 0.0467173626 0.8342191402 0.4853418336 
-80.2892149173 0.0466402967 0.8348062531 0.4852662633 
-80.3192353424 0.0465625779 0.8353977668 0.4851890263 
-80.3495568891 0.0464841999 0.8359937086 0.4851100686 
-80.3801833806 0.0464051563 0.8365941058 0.4850293261 
-80.4111187008 0.0463254406 0.8371989853 0.4849467323 
-80.4423667949 0.0462450462 0.8378083743 0.4848622131 
-80.4739316713 0.0461639665 0.8384222996 0.4847756862 
-80.5058174023 0.0460821949 0.8390407878 0.4846870643 
-80.5380281255 0.0459997245 0.8396638657 0.4845962462 
-80.5705680459 0.0459165486 0.8402915596 0.4845031267 
-80.6034414359 0.0458326603 0.8409238957 0.4844075822 
-80.6366526385 0.0457480525 0.8415609003 0.4843094832 
-80.6702060671 0.0456627183 0.8422025992 0.4842086789 
-80.7041062086 0.0455766504 0.8428490181 0.4841050080 
-80.7383576234 0.0454898418 0.8435001825 0.4839982850 
-80.7729649489 0.0454022852 0.8441561177 0.4838883077 
-80.8079328995 0.0453139731 0.8448168486 0.4837748450 
-80.8432662695 0.0452248983 0.8454824002 0.4836576414 
-80.8789699343 0.0451350530 0.8461527970 0.4835364044 
-80.9150488527 0.0450444299 0.8468280631 0.4834108069 
-80.9515080680 0.0449530211 0.8475082226 0.4832804704 
-80.9883527110 0.0448608189 0.8481932991 0.4831449648 
-81.0255880001 0.0447678155 0.8488833161 0.4830037845 
-81.0632192444 0.0446740030 0.8495782964 0.4828563370 
-81.1012518431 0.0445793732 0.8502782627 0.4827019082 
-81.1396912868 0.0444839183 0.8509832371 0.4825396183 
-81.1785431552 0.0443876299 0.8516932412 0.4823683538 
-81.2178131130 0.0442904999 0.8524082961 0.4821866503 
-81.2575068999 0.0441925200 0.8531284216 0.4819925003 
-81.2976303111 0.0440936820 0.8538536364 0.4817830171 
-81.3381891567 0.0439939779 0.8545839570 0.4815538166 
-81.3791891762 0.0438933998 0.8553193960 0.4812977841 
-81.4206358286 0.0437919409 0.8560599582 0.4810022220 
-81.4625336135 0.0436895969 0.8568056278 0.4806400361 
-81.5048822237 0.0435863750 0.8575562962 0.4801215844 
-81.5476602014 0.0434823344 0.8583114575 0.4790888332 
-81.5909719456 0.0433772282 0.8590729630 0.4787074496 
-81.6347792171 0.0432711572 0.8598399762 0.4784235040 
-76.6074933344 0.0571168994 0.7528806324 0.4808266001 
-76.6093314047 0.0571111772 0.7529257729 0.4808295346 
-76.6111746720 0.0571054393 0.7529710289 0.4808331200 
-76.6130232235 0.0570996856 0.7530164028 0.4808374124 
-76.6148771404 0.0570939156 0.7530618967 0.4808424293 
-76.6167364992 0.0570881293 0.7531075126 0.4808481626 
-76.6186013720 0.0570823263 0.7531532523 0.4808545858 
-76.6204718277 0.0570765066 0.7531991177 0.4808616597 
-76.6223479327 0.0570706698 0.7532451104 0.4808693409 
-76.6242297514 0.0570648157 0.7532912321 0.4808775810 
-76.6261173465 0.0570589443 0.7533374844 0.4808863337 
-76.6280107797 0.0570530553 0.7533838689 0.4808955551 
-76.6299101119 0.0570471484 0.7534303871 0.4809052048 
-76.6318154036 0.0570412236 0.7534770406 0.4809152492 
-76.6337267146 0.0570352807 0.7535238308 0.4809256579 
-76.6356441047 0.0570293194 0.7535707593 0.4809364085 
-76.6375676332 0.0570233396 0.7536178275 0.4809474809 
-76.6394973592 0.0570173412 0.7536650370 0.4809588602 
-76.6414333418 0.0570113238 0.7537123892 0.4809705349 
-76.6433756392 0.0570052874 0.7537598856 0.4809824944 
-76.6453243097 0.0569992319 0.7538075276 0.4809947321 
-76.6472794110 0.0569931569 0.7538553168 0.4810072401 
-76.6492410005 0.0569870623 0.7539032544 0.4810200137 
-76.6512091351 0.0569809480 0.7539513419 0.4810330471 
-76.6531838713 0.0569748138 0.7539995807 0.4810463353 
-76.6551652654 0.0569686596 0.7540479723 0.4810598745 
-76.6571533729 0.0569624851 0.7540965179 0.4810736589 
-76.6591482494 0.0569562901 0.7541452189 0.4810876855 
-76.6611499499 0.0569500746 0.7541940768 0.4811019488 
-76.6631585290 0.0569438384 0.7542430927 0.4811164454 
-76.6651740412 0.0569375813 0.7542922681 0.4811311711 
-76.6671965405 0.0569313031 0.7543416042 0.4811461212 
-76.6692260807 0.0569250037 0.7543911024 0.4811612927 
-76.6712627153 0.0569186829 0.7544407640 0.4811766804 
-76.6733064977 0.0569123406 0.7544905902 0.4811922817 
-76.6753574808 0.0569059766 0.7545405823 0.4812080919 
-76.6774157175 0.0568995907 0.7545907416 0.4812241075 
-76.6794812605 0.0568931828 0.7546410694 0.4812403252 
-76.6815541621 0.0568867528 0.7546915669 0.4812567404 
-76.6836344748 0.0568803004 0.7547422353 0.4812733509 
-76.6857222504 0.0568738256 0.7547930760 0.4812901517 
-76.6878175413 0.0568673281 0.7548440901 0.4813071407 
-76.6899203992 0.0568608078 0.7548952789 0.4813243137 
-76.6920308759 0.0568542646 0.7549466435 0.4813416675 
-76.6941490231 0.0568476983 0.7549981853 0.4813591993 
-76.6962748925 0.0568411088 0.7550499054 0.4813769050 
-76.6984085357 0.0568344959 0.7551018051 0.4813947826 
-76.7005500041 0.0568278594 0.7551538856 0.4814128277 
-76.7026993494 0.0568211992 0.7552061480 0.4814310385 
-76.7048566230 0.0568145151 0.7552585936 0.4814494112 
-76.7070218764 0.0568078071 0.7553112235 0.4814679430 
-76.7091951613 0.0568010749 0.7553640391 0.4814866317 
-76.7113765290 0.0567943184 0.7554170415 0.4815054732 
-76.7135660313 0.0567875374 0.7554702318 0.4815244662 
-76.7157637199 0.0567807318 0.7555236113 0.4815436066 
-76.7179696464 0.0567739015 0.7555771812 0.4815628928 
-76.7201838627 0.0567670462 0.7556309427 0.4815823217 
-76.7224064208 0.0567601659 0.7556848970 0.4816018905 
-76.7246373727 0.0567532603 0.7557390453 0.4816215976 
-76.7268767705 0.0567463294 0.7557933887 0.4816414392 
-76.7291246666 0.0567393730 0.7558479286 0.4816614142 
-76.7313811134 0.0567323908 0.7559026661 0.4816815191 
-76.7336461637 0.0567253828 0.7559576023 0.4817017523 
-76.7359198701 0.0567183489 0.7560127386 0.4817221114 
-76.7382022856 0.0567112888 0.7560680762 0.4817425936 
-76.7404934636 0.0567042024 0.7561236161 0.4817631977 
-76.7427934573 0.0566970895 0.7561793598 0.4817839203 
-76.7451023205 0.0566899500 0.7562353083 0.4818047605 
-76.7474201069 0.0566827838 0.7562914630 0.4818257152 
-76.7497468708 0.0566755906 0.7563478251 0.4818467830 
-76.7520826665 0.0566683703 0.7564043957 0.4818679618 
-76.7544275487 0.0566611228 0.7564611762 0.4818892490 
-76.7567815723 0.0566538478 0.7565181678 0.4819106439 
-76.7591447925 0.0566465454 0.7565753717 0.4819321431 
-76.7615172650 0.0566392151 0.7566327893 0.4819537462 
-76.7638990455 0.0566318570 0.7566904217 0.4819754501 
-76.7662901903 0.0566244708 0.7567482703 0.4819972538 
-76.7686907559 0.0566170564 0.7568063363 0.4820191555 
-76.7711007991 0.0566096137 0.7568646211 0.4820411527 
-76.7735203773 0.0566021423 0.7569231259 0.4820632450 
-76.7759495480 0.0565946423 0.7569818520 0.4820854292 
-76.7783883692 0.0565871133 0.7570408007 0.4821077050 
-76.7808368994 0.0565795553 0.7570999734 0.4821300700 
-76.7832951973 0.0565719681 0.7571593714 0.4821525227 
-76.7857633222 0.0565643514 0.7572189960 0.4821750621 
-76.7882413336 0.0565567052 0.7572788486 0.4821976856 
-76.7907292918 0.0565490293 0.7573389305 0.4822203930 
-76.7932272571 0.0565413234 0.7573992431 0.4822431815 
-76.7957352906 0.0565335874 0.7574597878 0.4822660508 
-76.7982534537 0.0565258212 0.7575205660 0.4822889986 
-76.8007818084 0.0565180244 0.7575815790 0.4823120238 
-76.8033204170 0.0565101971 0.7576428282 0.4823351255 
-76.8058693425 0.0565023389 0.7577043152 0.4823583012 
-76.8084286483 0.0564944497 0.7577660413 0.4823815510 
-76.8109983982 0.0564865294 0.7578280079 0.4824048721 
-76.8135786569 0.0564785776 0.7578902165 0.4824282644 
-76.8161694893 0.0564705943 0.7579526686 0.4824517260 
-76.8187709608 0.0564625792 0.7580153657 0.4824752556 
-76.8213831377 0.0564545322 0.7580783092 0.4824988526 
-76.8240060866 0.0564464531 0.7581415006 0.4825225146 
-76.8266398748 0.0564383416 0.7582049415 0.4825462418 
-76.8292845700 0.0564301976 0.7582686334 0.4825700317 
-76.8319402408 0.0564220208 0.7583325779 0.4825938843 
-76.8346069561 0.0564138111 0.7583967764 0.4826177976 
-76.8372847857 0.0564055684 0.7584612306 0.4826417706 
-76.8399737997 0.0563972922 0.7585259420 0.4826658029 
-76.8426740692 0.0563889826 0.7585909123 0.4826898921 
-76.8453856657 0.0563806392 0.7586561430 0.4827140385 
-76.8481086614 0.0563722618 0.7587216358 0.4827382398 
-76.8508431292 0.0563638503 0.7587873923 0.4827624959 
-76.8535891426 0.0563554044 0.7588534143 0.4827868053 
-76.8563467760 0.0563469240 0.7589197033 0.4828111668 
-76.8591161043 0.0563384087 0.7589862610 0.4828355801 
-76.8618972030 0.0563298584 0.7590530893 0.4828600429 
-76.8646901487 0.0563212729 0.7591201897 0.4828845559 
-76.8674950183 0.0563126519 0.7591875640 0.4829091165 
-76.8703118897 0.0563039952 0.7592552140 0.4829337248 
-76.8731408414 0.0562953026 0.7593231415 0.4829583794 
-76.8759819529 0.0562865739 0.7593913482 0.4829830792 
-76.8788353041 0.0562778088 0.7594598360 0.4830078241 
-76.8817009759 0.0562690071 0.7595286067 0.4830326118 
-76.8845790501 0.0562601686 0.7595976621 0.4830574428 
-76.8874696089 0.0562512929 0.7596670041 0.4830823151 
-76.8903727357 0.0562423800 0.7597366346 0.4831072284 
-76.8932885145 0.0562334295 0.7598065554 0.4831321817 
-76.8962170302 0.0562244412 0.7598767685 0.4831571737 
-76.8991583686 0.0562154149 0.7599472759 0.4831822045 
-76.9021126160 0.0562063502 0.7600180795 0.4832072719 
-76.9050798601 0.0561972470 0.7600891812 0.4832323765 
-76.9080601890 0.0561881050 0.7601605831 0.4832575161 
-76.9110536920 0.0561789240 0.7602322871 0.4832826907 
-76.9140604590 0.0561697036 0.7603042954 0.4833078993 
-76.9170805809 0.0561604437 0.7603766100 0.4833331406 
-76.9201141497 0.0561511439 0.7604492329 0.4833584148 
-76.9231612580 0.0561418041 0.7605221663 0.4833837197 
-76.9262219997 0.0561324238 0.7605954122 0.4834090560 
-76.9292964691 0.0561230029 0.7606689729 0.4834344216 
-76.9323847620 0.0561135411 0.7607428505 0.4834598163 
-76.9354869748 0.0561040381 0.7608170471 0.4834852395 
-76.9386032050 0.0560944936 0.7608915650 0.4835106896 
-76.9417335512 0.0560849073 0.7609664065 0.4835361671 
-76.9448781126 0.0560752790 0.7610415737 0.4835616697 
-76.9480369900 0.0560656084 0.7611170689 0.4835871980 
-76.9512102845 0.0560558951 0.7611928946 0.4836127502 
-76.9543980988 0.0560461390 0.7612690528 0.4836383261 
-76.9576005364 0.0560363396 0.7613455461 0.4836639250 
-76.9608177018 0.0560264967 0.7614223768 0.4836895453 
-76.9640497008 0.0560166101 0.7614995473 0.4837151877 
-76.9672966398 0.0560066793 0.7615770600 0.4837408498 
-76.9705586268 0.0559967040 0.7616549174 0.4837665322 
-76.9738357706 0.0559866841 0.7617331219 0.4837922333 
-76.9771281810 0.0559766191 0.7618116760 0.4838179526 
-76.9804359693 0.0559665087 0.7618905823 0.4838436898 
-76.9837592475 0.0559563526 0.7619698432 0.4838694431 
-76.9870981290 0.0559461505 0.7620494615 0.4838952132 
-76.9904527282 0.0559359021 0.7621294395 0.4839209977 
-76.9938231609 0.0559256071 0.7622097801 0.4839467974 
-76.9972095437 0.0559152650 0.7622904859 0.4839726106 
-77.0006119946 0.0559048756 0.7623715594 0.4839984367 
-77.0040306328 0.0558944385 0.7624530035 0.4840242756 
-77.0074655787 0.0558839534 0.7625348208 0.4840501254 
-77.0109169539 0.0558734200 0.7626170142 0.4840759868 
-77.0143848812 0.0558628378 0.7626995864 0.4841018575 
-77.0178694846 0.0558522065 0.7627825403 0.4841277382 
-77.0213708895 0.0558415259 0.7628658786 0.4841536272 
-77.0248892224 0.0558307954 0.7629496043 0.4841795240 
-77.0284246112 0.0558200148 0.7630337202 0.4842054284 
-77.0319771851 0.0558091837 0.7631182294 0.4842313386 
-77.0355470745 0.0557983018 0.7632031347 0.4842572552 
-77.0391344112 0.0557873685 0.7632884392 0.4842831760 
-77.0427393283 0.0557763836 0.7633741459 0.4843091016 
-77.0463619602 0.0557653468 0.7634602578 0.4843350304 
-77.0500024428 0.0557542575 0.7635467781 0.4843609618 
-77.0536609134 0.0557431154 0.7636337098 0.4843868956 
-77.0573375102 0.0557319201 0.7637210561 0.4844128300 
-77.0610323735 0.0557206712 0.7638088202 0.4844387657 
-77.0647456444 0.0557093684 0.7638970052 0.4844647004 
-77.0684774660 0.0556980112 0.7639856145 0.4844906346 
-77.0722279823 0.0556865992 0.7640746513 0.4845165668 
-77.0759973391 0.0556751320 0.7641641189 0.4845424964 
-77.0797856836 0.0556636091 0.7642540207 0.4845684232 
-77.0835931642 0.0556520303 0.7643443600 0.4845943453 
-77.0874199314 0.0556403949 0.7644351403 0.4846202633 
-77.0912661365 0.0556287027 0.7645263649 0.4846461751 
-77.0951319329 0.0556169531 0.7646180374 0.4846720811 
-77.0990174752 0.0556051458 0.7647101613 0.4846979798 
-77.1029229197 0.0555932802 0.7648027402 0.4847238705 
-77.1068484242 0.0555813561 0.7648957775 0.4847497530 
-77.1107941482 0.0555693728 0.7649892769 0.4847756254 
-77.1147602527 0.0555573299 0.7650832422 0.4848014884 
-77.1187469003 0.0555452271 0.7651776769 0.4848273397 
-77.1227542554 0.0555330638 0.7652725848 0.4848531796 
-77.1267824837 0.0555208395 0.7653679697 0.4848790069 
-77.1308317529 0.0555085539 0.7654638353 0.4849048205 
-77.1349022323 0.0554962063 0.7655601855 0.4849306205 
-77.1389940928 0.0554837964 0.7656570242 0.4849564047 
-77.1431075071 0.0554713236 0.7657543553 0.4849821740 
-77.1472426496 0.0554587875 0.7658521827 0.4850079259 
-77.1513996964 0.0554461875 0.7659505105 0.4850336608 
-77.1555788255 0.0554335232 0.7660493426 0.4850593773 
-77.1597802165 0.0554207941 0.7661486831 0.4850850744 
-77.1640040510 0.0554079996 0.7662485362 0.4851107522 
-77.1682505121 0.0553951393 0.7663489059 0.4851364083 
-77.1725197852 0.0553822126 0.7664497965 0.4851620436 
-77.1768120571 0.0553692189 0.7665512122 0.4851876558 
-77.1811275168 0.0553561579 0.7666531573 0.4852132449 
-77.1854663549 0.0553430289 0.7667556360 0.4852388098 
-77.1898287640 0.0553298314 0.7668586528 0.4852643493 
-77.1942149389 0.0553165648 0.7669622119 0.4852898633 
-77.1986250759 0.0553032286 0.7670663180 0.4853153497 
-77.2030593737 0.0552898223 0.7671709754 0.4853408091 
-77.2075180325 0.0552763453 0.7672761886 0.4853662392 
-77.2120012548 0.0552627971 0.7673819623 0.4853916400 
-77.2165092453 0.0552491769 0.7674883010 0.4854170104 
-77.2210422102 0.0552354844 0.7675952094 0.4854423489 
-77.2256003584 0.0552217189 0.7677026922 0.4854676558 
-77.2301839002 0.0552078798 0.7678107541 0.4854929285 
-77.2347930487 0.0551939665 0.7679194000 0.4855181679 
-77.2394280185 0.0551799785 0.7680286346 0.4855433713 
-77.2440890268 0.0551659151 0.7681384629 0.4855685390 
-77.2487762926 0.0551517757 0.7682488897 0.4855936696 
-77.2534900374 0.0551375597 0.7683599201 0.4856187617 
-77.2582304848 0.0551232665 0.7684715590 0.4856438154 
-77.2629978605 0.0551088955 0.7685838116 0.4856688282 
-77.2677923926 0.0550944460 0.7686966829 0.4856938008 
-77.2726143113 0.0550799174 0.7688101781 0.4857187306 
-77.2774638494 0.0550653091 0.7689243024 0.4857436177 
-77.2823412417 0.0550506203 0.7690390612 0.4857684606 
-77.2872467255 0.0550358505 0.7691544596 0.4857932580 
-77.2921805405 0.0550209991 0.7692705031 0.4858180098 
-77.2971429285 0.0550060652 0.7693871971 0.4858427136 
-77.3021341343 0.0549910483 0.7695045471 0.4858673698 
-77.3071544044 0.0549759476 0.7696225585 0.4858919759 
-77.3122039884 0.0549607625 0.7697412369 0.4859165319 
-77.3172831381 0.0549454924 0.7698605879 0.4859410363 
-77.3223921076 0.0549301364 0.7699806173 0.4859654876 
-77.3275311540 0.0549146939 0.7701013307 0.4859898857 
-77.3327005365 0.0548991642 0.7702227339 0.4860142280 
-77.3379005174 0.0548835465 0.7703448328 0.4860385151 
-77.3431313611 0.0548678402 0.7704676332 0.4860627443 
-77.3483933349 0.0548520444 0.7705911411 0.4860869153 
-77.3536867089 0.0548361586 0.7707153624 0.4861110269 
-77.3590117554 0.0548201818 0.7708403033 0.4861350772 
-77.3643687501 0.0548041134 0.7709659698 0.4861590663 
-77.3697579708 0.0547879527 0.7710923681 0.4861829914 
-77.3751796986 0.0547716987 0.7712195044 0.4862068528 
-77.3806342171 0.0547553509 0.7713473849 0.4862306480 
-77.3861218128 0.0547389083 0.7714760161 0.4862543767 
-77.3916427751 0.0547223702 0.7716054043 0.4862780372 
-77.3971973962 0.0547057358 0.7717355560 0.4863016279 
-77.4027859715 0.0546890043 0.7718664777 0.4863251486 
-77.4084087989 0.0546721749 0.7719981759 0.4863485965 
-77.4140661798 0.0546552468 0.7721306573 0.4863719719 
-77.4197584181 0.0546382191 0.7722639285 0.4863952720 
-77.4254858213 0.0546210911 0.7723979964 0.4864184965 
-77.4312486994 0.0546038618 0.7725328677 0.4864416436 
-77.4370473659 0.0545865305 0.7726685494 0.4864647117 
-77.4428821375 0.0545690962 0.7728050483 0.4864877004 
-77.4487533337 0.0545515582 0.7729423714 0.4865106067 
-77.4546612777 0.0545339155 0.7730805259 0.4865334310 
-77.4606062953 0.0545161672 0.7732195189 0.4865561703 
-77.4665887163 0.0544983125 0.7733593574 0.4865788242 
-77.4726088734 0.0544803505 0.7735000490 0.4866013909 
-77.4786671026 0.0544622803 0.7736416007 0.4866238685 
-77.4847637436 0.0544441010 0.7737840201 0.4866462566 
-77.4908991392 0.0544258115 0.7739273146 0.4866685522 
-77.4970736359 0.0544074111 0.7740714916 0.4866907554 
-77.5032875835 0.0543888988 0.7742165589 0.4867128631 
-77.5095413355 0.0543702736 0.7743625241 0.4867348749 
-77.5158352489 0.0543515346 0.7745093949 0.4867567888 
-77.5221696843 0.0543326808 0.7746571791 0.4867786028 
-77.5285450060 0.0543137112 0.7748058845 0.4868003165 
-77.5349615818 0.0542946249 0.7749555192 0.4868219265 
-77.5414197837 0.0542754208 0.7751060911 0.4868434331 
-77.5479199868 0.0542560981 0.7752576083 0.4868648329 
-77.5544625707 0.0542366556 0.7754100790 0.4868861253 
-77.5610479183 0.0542170923 0.7755635114 0.4869073083 
-77.5676764167 0.0541974072 0.7757179137 0.4869283798 
-77.5743484570 0.0541775993 0.7758732945 0.4869493391 
-77.5810644339 0.0541576676 0.7760296621 0.4869701829 
-77.5878247467 0.0541376109 0.7761870250 0.4869909111 
-77.5946297981 0.0541174282 0.7763453919 0.4870115204 
-77.6014799955 0.0540971185 0.7765047714 0.4870320100 
-77.6083757502 0.0540766806 0.7766651723 0.4870523776 
-77.6153174777 0.0540561135 0.7768266035 0.4870726211 
-77.6223055979 0.0540354160 0.7769890737 0.4870927397 
-77.6293405348 0.0540145871 0.7771525921 0.4871127298 
-77.6364227171 0.0539936255 0.7773171677 0.4871325912 
-77.6435525774 0.0539725303 0.7774828096 0.4871523205 
-77.6507305532 0.0539513001 0.7776495271 0.4871719167 
-77.6579570863 0.0539299340 0.7778173294 0.4871913775 
-77.6652326231 0.0539084306 0.7779862260 0.4872107004 
-77.6725576146 0.0538867889 0.7781562263 0.4872298845 
-77.6799325165 0.0538650076 0.7783273400 0.4872489261 
-77.6873577892 0.0538430855 0.7784995765 0.4872678250 
-77.6948338978 0.0538210214 0.7786729457 0.4872865773 
-77.7023613123 0.0537988142 0.7788474574 0.4873051820 
-77.7099405076 0.0537764625 0.7790231215 0.4873236366 
-77.7175719636 0.0537539651 0.7791999479 0.4873419385 
-77.7252561650 0.0537313208 0.7793779467 0.4873600864 
-77.7329936015 0.0537085282 0.7795571281 0.4873780767 
-77.7407847685 0.0536855862 0.7797375023 0.4873959088 
-77.7486301657 0.0536624935 0.7799190797 0.4874135787 
-77.7565302988 0.0536392486 0.7801018706 0.4874310854 
-77.7644856784 0.0536158503 0.7802858856 0.4874484259 
-77.7724968205 0.0535922973 0.7804711353 0.4874655975 
-77.7805642466 0.0535685883 0.7806576303 0.4874825989 
-77.7886884837 0.0535447218 0.7808453816 0.4874994260 
-77.7968700643 0.0535206966 0.7810343999 0.4875160783 
-77.8051095265 0.0534965111 0.7812246962 0.4875325512 
-77.8134074142 0.0534721642 0.7814162816 0.4875488439 
-77.8217642769 0.0534476542 0.7816091672 0.4875649529 
-77.8301806700 0.0534229799 0.7818033644 0.4875808756 
-77.8386571550 0.0533981398 0.7819988845 0.4875966102 
-77.8471942990 0.0533731325 0.7821957388 0.4876121525 
-77.8557926755 0.0533479564 0.7823939391 0.4876275017 
-77.8644528638 0.0533226102 0.7825934968 0.4876426531 
-77.8731754496 0.0532970923 0.7827944239 0.4876576056 
-77.8819610247 0.0532714013 0.7829967320 0.4876723554 
-77.8908101875 0.0532455355 0.7832004333 0.4876868999 
-77.8997235427 0.0532194936 0.7834055396 0.4877012367 
-77.9087017014 0.0531932740 0.7836120633 0.4877153617 
-77.9177452814 0.0531668751 0.7838200164 0.4877292737 
-77.9268549071 0.0531402953 0.7840294115 0.4877429678 
-77.9360312097 0.0531135331 0.7842402609 0.4877564427 
-77.9452748273 0.0530865868 0.7844525772 0.4877696941 
-77.9545864047 0.0530594549 0.7846663732 0.4877827195 
-77.9639665941 0.0530321357 0.7848816615 0.4877955160 
-77.9734160543 0.0530046276 0.7850984551 0.4878080792 
-77.9829354517 0.0529769289 0.7853167669 0.4878204079 
-77.9925254597 0.0529490379 0.7855366102 0.4878324966 
-78.0021867593 0.0529209530 0.7857579980 0.4878443440 
-78.0119200388 0.0528926725 0.7859809437 0.4878559454 
-78.0217259942 0.0528641945 0.7862054608 0.4878672979 
-78.0316053291 0.0528355174 0.7864315628 0.4878783985 
-78.0415587546 0.0528066395 0.7866592634 0.4878892427 
-78.0515869903 0.0527775589 0.7868885763 0.4878998285 
-78.0616907631 0.0527482739 0.7871195154 0.4879101504 
-78.0718708083 0.0527187826 0.7873520948 0.4879202069 
-78.0821278693 0.0526890833 0.7875863285 0.4879299927 
-78.0924626979 0.0526591741 0.7878222308 0.4879395050 
-78.1028760540 0.0526290531 0.7880598160 0.4879487400 
-78.1133687062 0.0525987184 0.7882990987 0.4879576932 
-78.1239414318 0.0525681683 0.7885400933 0.4879663622 
-78.1345950166 0.0525374007 0.7887828147 0.4879747413 
-78.1453302555 0.0525064137 0.7890272776 0.4879828285 
-78.1561479520 0.0524752054 0.7892734970 0.4879906182 
-78.1670489190 0.0524437739 0.7895214880 0.4879981074 
-78.1780339784 0.0524121170 0.7897712657 0.4880052917 
-78.1891039616 0.0523802329 0.7900228455 0.4880121666 
-78.2002597095 0.0523481195 0.7902762428 0.4880187291 
-78.2115020720 0.0523157748 0.7905314732 0.4880249731 
-78.2228319096 0.0522831966 0.7907885523 0.4880308965 
-78.2342500920 0.0522503830 0.7910474961 0.4880364930 
-78.2457574990 0.0522173318 0.7913083204 0.4880417596 
-78.2573550206 0.0521840409 0.7915710412 0.4880466914 
-78.2690435570 0.0521505081 0.7918356749 0.4880512834 
-78.2808240190 0.0521167314 0.7921022377 0.4880555323 
-78.2926973274 0.0520827084 0.7923707461 0.4880594316 
-78.3046644144 0.0520484370 0.7926412167 0.4880629790 
-78.3167262223 0.0520139150 0.7929136662 0.4880661674 
-78.3288837049 0.0519791402 0.7931881114 0.4880689940 
-78.3411378269 0.0519441101 0.7934645694 0.4880714527 
-78.3534895644 0.0519088227 0.7937430572 0.4880735389 
-78.3659399049 0.0518732755 0.7940235921 0.4880752483 
-78.3784898473 0.0518374662 0.7943061915 0.4880765744 
-78.3911404028 0.0518013925 0.7945908729 0.4880775142 
-78.4038925939 0.0517650519 0.7948776540 0.4880780603 
-78.4167474557 0.0517284421 0.7951665525 0.4880782094 
-78.4297060353 0.0516915607 0.7954575863 0.4880779550 
-78.4427693924 0.0516544051 0.7957507737 0.4880772921 
-78.4559385993 0.0516169729 0.7960461326 0.4880762159 
-78.4692147409 0.0515792617 0.7963436816 0.4880747195 
-78.4825989155 0.0515412688 0.7966434390 0.4880727994 
-78.4960922342 0.0515029918 0.7969454236 0.4880704476 
-78.5096958219 0.0514644280 0.7972496540 0.4880676608 
-78.5234108167 0.0514255749 0.7975561491 0.4880644314 
-78.5372383705 0.0513864298 0.7978649281 0.4880607546 
-78.5511796494 0.0513469901 0.7981760100 0.4880566244 
-78.5652358335 0.0513072531 0.7984894142 0.4880520340 
-78.5794081174 0.0512672161 0.7988051603 0.4880469791 
-78.5936977101 0.0512268764 0.7991232677 0.4880414513 
-78.6081058356 0.0511862312 0.7994437563 0.4880354468 
-78.6226337329 0.0511452777 0.7997666459 0.4880289573 
-78.6372826562 0.0511040131 0.8000919567 0.4880219779 
-78.6520538751 0.0510624346 0.8004197087 0.4880145016 
-78.6669486752 0.0510205392 0.8007499224 0.4880065215 
-78.6819683578 0.0509783242 0.8010826181 0.4879980325 
-78.6971142403 0.0509357866 0.8014178166 0.4879890257 
-78.7123876570 0.0508929234 0.8017555386 0.4879794969 
-78.7277899583 0.0508497316 0.8020958049 0.4879694370 
-78.7433225119 0.0508062083 0.8024386368 0.4879588409 
-78.7589867025 0.0507623503 0.8027840553 0.4879477005 
-78.7747839325 0.0507181547 0.8031320819 0.4879360090 
-78.7907156218 0.0506736182 0.8034827380 0.4879237600 
-78.8067832082 0.0506287378 0.8038360453 0.4879109446 
-78.8229881482 0.0505835103 0.8041920255 0.4878975577 
-78.8393319162 0.0505379325 0.8045507006 0.4878835896 
-78.8558160063 0.0504920011 0.8049120928 0.4878690349 
-78.8724419307 0.0504457129 0.8052762241 0.4878538843 
-78.8892112220 0.0503990646 0.8056431170 0.4878381311 
-78.9061254318 0.0503520529 0.8060127941 0.4878217675 
-78.9231861320 0.0503046744 0.8063852779 0.4878047847 
-78.9403949152 0.0502569257 0.8067605913 0.4877871764 
-78.9577533939 0.0502088033 0.8071387573 0.4877689323 
-78.9752632023 0.0501603039 0.8075197989 0.4877500467 
-78.9929259956 0.0501114238 0.8079037393 0.4877305091 
-79.0107434507 0.0500621596 0.8082906021 0.4877103126 
-79.0287172666 0.0500125077 0.8086804106 0.4876894482 
-79.0468491645 0.0499624645 0.8090731885 0.4876679068 
-79.0651408885 0.0499120262 0.8094689598 0.4876456810 
-79.0835942056 0.0498611894 0.8098677482 0.4876227600 
-79.1022109064 0.0498099501 0.8102695779 0.4875991374 
-79.1209928053 0.0497583047 0.8106744732 0.4875748014 
-79.1399417409 0.0497062493 0.8110824583 0.4875497451 
-79.1590595764 0.0496537802 0.8114935578 0.4875239577 
-79.1783481999 0.0496008934 0.8119077963 0.4874974303 
-79.1978095253 0.0495475851 0.8123251986 0.4874701538 
-79.2174454918 0.0494938512 0.8127457896 0.4874421170 
-79.2372580653 0.0494396878 0.8131695943 0.4874133124 
-79.2572492381 0.0493850908 0.8135966378 0.4873837271 
-79.2774210299 0.0493300562 0.8140269455 0.4873533538 
-79.2977754877 0.0492745799 0.8144605428 0.4873221798 
-79.3183146867 0.0492186576 0.8148974551 0.4872901963 
-79.3390407306 0.0491622852 0.8153377082 0.4872573920 
-79.3599557520 0.0491054584 0.8157813278 0.4872237554 
-79.3810619132 0.0490481730 0.8162283399 0.4871892773 
-79.4023614061 0.0489904245 0.8166787703 0.4871539440 
-79.4238564534 0.0489322087 0.8171326453 0.4871177469 
-79.4455493084 0.0488735211 0.8175899911 0.4870806715 
-79.4674422564 0.0488143571 0.8180508340 0.4870427084 
-79.4895376144 0.0487547124 0.8185152005 0.4870038439 
-79.5118377320 0.0486945823 0.8189831172 0.4869640662 
-79.5343449922 0.0486339623 0.8194546106 0.4869233633 
-79.5570618114 0.0485728476 0.8199297075 0.4868817205 
-79.5799906406 0.0485112335 0.8204084347 0.4868391272 
-79.6031339653 0.0484491154 0.8208908193 0.4867955669 
-79.6264943070 0.0483864884 0.8213768882 0.4867510287 
-79.6500742229 0.0483233476 0.8218666684 0.4867054957 
-79.6738763072 0.0482596882 0.8223601872 0.4866589550 
-79.6979031914 0.0481955051 0.8228574719 0.4866113909 
-79.7221575449 0.0481307934 0.8233585497 0.4865627872 
-79.7466420763 0.0480655481 0.8238634479 0.4865131295 
-79.7713595328 0.0479997639 0.8243721942 0.4864623987 
-79.7963127026 0.0479334358 0.8248848159 0.4864105805 
-79.8215044141 0.0478665586 0.8254013407 0.4863576538 
-79.8469375375 0.0477991269 0.8259217961 0.4863036029 
-79.8726149853 0.0477311354 0.8264462097 0.4862484063 
-79.8985397129 0.0476625788 0.8269746092 0.4861920447 
-79.9247147199 0.0475934516 0.8275070224 0.4861344971 
-79.9511430501 0.0475237483 0.8280434769 0.4860757398 
-79.9778277932 0.0474534634 0.8285840006 0.4860157519 
-80.0047720847 0.0473825913 0.8291286211 0.4859545054 
-80.0319791079 0.0473111263 0.8296773662 0.4858919778 
-80.0594520933 0.0472390627 0.8302302637 0.4858281381 
-80.0871943212 0.0471663946 0.8307873413 0.4857629597 
-80.1152091210 0.0470931164 0.8313486268 0.4856964094 
-80.1434998734 0.0470192219 0.8319141478 0.4856284546 
-80.1720700105 0.0469447054 0.8324839320 0.4855590601 
-80.2009230172 0.0468695607 0.8330580071 0.4854881857 
-80.2300624324 0.0467937818 0.8336364007 0.4854157929 
-80.2594918492 0.0467173626 0.8342191402 0.4853418336 
-80.2892149173 0.0466402967 0.8348062531 0.4852662633 
-80.3192353424 0.0465625779 0.8353977668 0.4851890263 
-80.3495568891 0.0464841999 0.8359937086 0.4851100686 
-80.3801833806 0.0464051563 0.8365941058 0.4850293261 
-80.4111187007 0.0463254406 0.8371989853 0.4849467323 
-80.4423667949 0.0462450462 0.8378083743 0.4848622131 
-80.4739316713 0.0461639665 0.8384222996 0.4847756862 
-80.5058174023 0.0460821949 0.8390407878 0.4846870643 
-80.5380281255 0.0459997245 0.8396638657 0.4845962462 
-80.5705680459 0.0459165486 0.8402915596 0.4845031267 
-80.6034414359 0.0458326603 0.8409238957 0.4844075822 
-80.6366526385 0.0457480525 0.8415609003 0.4843094832 
-80.6702060671 0.0456627183 0.8422025992 0.4842086789 
-80.7041062085 0.0455766504 0.8428490181 0.4841050080 
-80.7383576234 0.0454898418 0.8435001825 0.4839982850 
-80.7729649489 0.0454022852 0.8441561177 0.4838883077 
-80.8079328995 0.0453139731 0.8448168486 0.4837748450 
-80.8432662695 0.0452248983 0.8454824002 0.4836576414 
-80.8789699343 0.0451350530 0.8461527970 0.4835364044 
-80.9150488527 0.0450444299 0.8468280631 0.4834108069 
-80.9515080680 0.0449530211 0.8475082226 0.4832804704 
-80.9883527109 0.0448608189 0.8481932991 0.4831449648 
-81.0255880001 0.0447678155 0.8488833161 0.4830037845 
-81.0632192443 0.0446740030 0.8495782964 0.4828563370 
-81.1012518431 0.0445793732 0.8502782627 0.4827019082 
-81.1396912868 0.0444839183 0.8509832371 0.4825396183 
-81.1785431552 0.0443876299 0.8516932412 0.4823683538 
-81.2178131130 0.0442904999 0.8524082961 0.4821866503 
-81.2575068999 0.0441925200 0.8531284216 0.4819925003 
-81.2976303111 0.0440936820 0.8538536364 0.4817830171 
-81.3381891567 0.0439939779 0.8545839570 0.4815538166 
-81.3791891761 0.0438933998 0.8553193960 0.4812977841 
-81.4206358286 0.0437919409 0.8560599582 0.4810022220 
-81.4625336135 0.0436895969 0.8568056278 0.4806400361 
-81.5048822237 0.0435863750 0.8575562962 0.4801215844 
-81.5476602013 0.0434823344 0.8583114575 0.4790888332 
-81.5909719455 0.0433772282 0.8590729630 0.4787074496 
-81.6347792170 0.0432711572 0.8598399762 0.4784235040 
-81.6569929737 0.0432174496 0.8602336189 0.4782860623 
-81.6569929737 0.0432174496 0.8602336189 0.4782860623 
