-80.0080119675 0.0473717294 0.8303179597 0.5468489609 
-80.0080118597 0.0473717297 0.8303179347 0.5468375720 
-80.0080117852 0.0473717300 0.8303178878 0.5468147762 
-80.0080120267 0.0473717294 0.8303178250 0.5467805638 
-80.0080130093 0.0473717270 0.8303177556 0.5467349822 
-80.0080153010 0.0473717211 0.8303176917 0.5466781990 
-80.0080193866 0.0473717106 0.8303176439 0.5465933931 
-80.0080269827 0.0473716909 0.8303176492 0.5465315220 
-80.0080386187 0.0473716605 0.8303177189 0.5464741768 
-80.0080550032 0.0473716177 0.8303178684 0.5464207875 
-80.0080767997 0.0473715607 0.8303181119 0.5463708950 
-80.0081046321 0.0473714879 0.8303184629 0.5463241337 
-80.0081390893 0.0473713977 0.8303189340 0.5462802142 
-80.0081807285 0.0473712886 0.8303195373 0.5462389077 
-80.0082300783 0.0473711592 0.8303202842 0.5462000325 
-80.0082876406 0.0473710083 0.8303211853 0.5461634427 
-80.0083538927 0.0473708346 0.8303222511 0.5461290191 
-80.0084292885 0.0473706369 0.8303234911 0.5460966629 
-80.0085142602 0.0473704140 0.8303249148 0.5460662902 
-80.0086092189 0.0473701648 0.8303265309 0.5460378281 
-80.0087145561 0.0473698884 0.8303283479 0.5460112122 
-80.0088306442 0.0473695838 0.8303303737 0.5459863843 
-80.0089578372 0.0473692499 0.8303326160 0.5459632912 
-80.0090964720 0.0473688861 0.8303350819 0.5459418835 
-80.0092468684 0.0473684913 0.8303377783 0.5459221148 
-80.0094093304 0.0473680648 0.8303407117 0.5459039411 
-80.0095841462 0.0473676059 0.8303438883 0.5458873204 
-80.0097715893 0.0473671137 0.8303473139 0.5458722124 
-80.0099719187 0.0473665878 0.8303509941 0.5458585784 
-80.0101853796 0.0473660273 0.8303549340 0.5458463811 
-80.0104122042 0.0473654317 0.8303591388 0.5458355844 
-80.0106526114 0.0473648005 0.8303636129 0.5458261535 
-80.0109068084 0.0473641330 0.8303683609 0.5458180546 
-80.0111749900 0.0473634287 0.8303733868 0.5458112555 
-80.0114573402 0.0473626873 0.8303786947 0.5458057244 
-80.0117540316 0.0473619082 0.8303842881 0.5458014312 
-80.0120652266 0.0473610909 0.8303901705 0.5457983463 
-80.0123910772 0.0473602352 0.8303963451 0.5457964413 
-80.0127317260 0.0473593406 0.8304028149 0.5457956887 
-80.0130873059 0.0473584068 0.8304095829 0.5457960618 
-80.0134579411 0.0473574335 0.8304166514 0.5457975349 
-80.0138437471 0.0473564203 0.8304240231 0.5458000831 
-80.0142448309 0.0473553670 0.8304317001 0.5458036822 
-80.0146612918 0.0473542733 0.8304396846 0.5458083089 
-80.0150932213 0.0473531390 0.8304479784 0.5458139405 
-80.0155407035 0.0473519639 0.8304565833 0.5458205552 
-80.0160038156 0.0473507477 0.8304655009 0.5458281318 
-80.0164826278 0.0473494903 0.8304747327 0.5458366498 
-80.0169772038 0.0473481915 0.8304842799 0.5458460892 
-80.0174876013 0.0473468512 0.8304941438 0.5458564309 
-80.0180138717 0.0473454692 0.8305043254 0.5458676562 
-80.0185560607 0.0473440454 0.8305148256 0.5458797470 
-80.0191142086 0.0473425798 0.8305256452 0.5458926859 
-80.0196883503 0.0473410722 0.8305367849 0.5459064559 
-80.0202785156 0.0473395225 0.8305482454 0.5459210405 
-80.0208847293 0.0473379308 0.8305600271 0.5459364239 
-80.0215070119 0.0473362969 0.8305721303 0.5459525906 
-80.0221453791 0.0473346207 0.8305845553 0.5459695256 
-80.0227998424 0.0473329024 0.8305973024 0.5459872145 
-80.0234704091 0.0473311418 0.8306103716 0.5460056432 
-80.0241570827 0.0473293390 0.8306237629 0.5460247981 
-80.0248598629 0.0473274940 0.8306374763 0.5460446658 
-80.0255787458 0.0473256067 0.8306515117 0.5460652337 
-80.0263137240 0.0473236773 0.8306658687 0.5460864892 
-80.0270647868 0.0473217056 0.8306805472 0.5461084203 
-80.0278319204 0.0473196919 0.8306955468 0.5461310153 
-80.0286151080 0.0473176361 0.8307108669 0.5461542627 
-80.0294143299 0.0473155382 0.8307265073 0.5461781516 
-80.0302295636 0.0473133985 0.8307424673 0.5462026712 
-80.0310607841 0.0473112168 0.8307587462 0.5462278111 
-80.0319079639 0.0473089933 0.8307753436 0.5462535613 
-80.0327710730 0.0473067281 0.8307922586 0.5462799119 
-80.0336500793 0.0473044213 0.8308094905 0.5463068534 
-80.0345449483 0.0473020730 0.8308270386 0.5463343765 
-80.0354556438 0.0472996832 0.8308449019 0.5463624722 
-80.0363821273 0.0472972521 0.8308630797 0.5463911319 
-80.0373243588 0.0472947797 0.8308815709 0.5464203470 
-80.0382822961 0.0472922663 0.8309003746 0.5464501092 
-80.0392558959 0.0472897119 0.8309194898 0.5464804105 
-80.0402451128 0.0472871166 0.8309389155 0.5465112432 
-80.0412499002 0.0472844807 0.8309586507 0.5465425996 
-80.0422702101 0.0472818041 0.8309786942 0.5465744724 
-80.0433059930 0.0472790871 0.8309990449 0.5466068544 
-80.0443571983 0.0472763297 0.8310197017 0.5466397386 
-80.0454237741 0.0472735322 0.8310406634 0.5466731183 
-80.0465056675 0.0472706947 0.8310619288 0.5467069867 
-80.0476028246 0.0472678172 0.8310834968 0.5467413376 
-80.0487151902 0.0472649001 0.8311053660 0.5467761646 
-80.0498427086 0.0472619433 0.8311275352 0.5468114616 
-80.0509853231 0.0472589472 0.8311500031 0.5468472227 
-80.0521429760 0.0472559118 0.8311727685 0.5468834422 
-80.0533156092 0.0472528373 0.8311958300 0.5469201144 
-80.0545031637 0.0472497238 0.8312191864 0.5469572338 
-80.0557055800 0.0472465716 0.8312428362 0.5469947951 
-80.0569227978 0.0472433807 0.8312667783 0.5470327932 
-80.0581547565 0.0472401514 0.8312910110 0.5470712228 
-80.0594013949 0.0472368838 0.8313155333 0.5471100792 
-80.0606626514 0.0472335781 0.8313403435 0.5471493575 
-80.0619384641 0.0472302345 0.8313654405 0.5471890530 
-80.0632287705 0.0472268531 0.8313908227 0.5472291611 
-80.0645335081 0.0472234341 0.8314164889 0.5472696774 
-80.0658526139 0.0472199777 0.8314424375 0.5473105976 
-80.0671860246 0.0472164840 0.8314686672 0.5473519174 
-80.0685336770 0.0472129533 0.8314951765 0.5473936326 
-80.0698955076 0.0472093856 0.8315219642 0.5474357393 
-80.0712714526 0.0472057813 0.8315490287 0.5474782336 
-80.0726614482 0.0472021403 0.8315763686 0.5475211115 
-80.0740654308 0.0471984630 0.8316039825 0.5475643694 
-80.0754833363 0.0471947495 0.8316318691 0.5476080036 
-80.0769151010 0.0471909999 0.8316600268 0.5476520105 
-80.0783606609 0.0471872145 0.8316884542 0.5476963867 
-80.0798199522 0.0471833935 0.8317171501 0.5477411288 
-80.0812929113 0.0471795369 0.8317461129 0.5477862335 
-80.0827794743 0.0471756450 0.8317753412 0.5478316976 
-80.0842795779 0.0471717179 0.8318048336 0.5478775178 
-80.0857931586 0.0471677558 0.8318345887 0.5479236911 
-80.0873201533 0.0471637590 0.8318646052 0.5479702146 
-80.0888604987 0.0471597275 0.8318948816 0.5480170853 
-80.0904141321 0.0471556615 0.8319254165 0.5480643003 
-80.0919809909 0.0471515613 0.8319562086 0.5481118568 
-80.0935610127 0.0471474269 0.8319872564 0.5481597521 
-80.0951541353 0.0471432586 0.8320185587 0.5482079836 
-80.0967602970 0.0471390566 0.8320501139 0.5482565486 
-80.0983794360 0.0471348209 0.8320819209 0.5483054446 
-80.1000114912 0.0471305517 0.8321139781 0.5483546692 
-80.1016564017 0.0471262494 0.8321462844 0.5484042198 
-80.1033141068 0.0471219139 0.8321788382 0.5484540943 
-80.1049845462 0.0471175454 0.8322116384 0.5485042901 
-80.1066676601 0.0471131442 0.8322446835 0.5485548052 
-80.1083633890 0.0471087104 0.8322779723 0.5486056373 
-80.1100716736 0.0471042441 0.8323115035 0.5486567842 
-80.1117924553 0.0470997456 0.8323452757 0.5487082439 
-80.1135256756 0.0470952149 0.8323792877 0.5487600143 
-80.1152712768 0.0470906523 0.8324135382 0.5488120934 
-80.1170292011 0.0470860579 0.8324480260 0.5488644794 
-80.1187993916 0.0470814318 0.8324827497 0.5489171702 
-80.1205817917 0.0470767742 0.8325177081 0.5489701641 
-80.1223763451 0.0470720853 0.8325529000 0.5490234593 
-80.1241829961 0.0470673653 0.8325883242 0.5490770539 
-80.1260016895 0.0470626142 0.8326239794 0.5491309463 
-80.1278323704 0.0470578322 0.8326598644 0.5491851348 
-80.1296749845 0.0470530195 0.8326959781 0.5492396179 
-80.1315294781 0.0470481762 0.8327323192 0.5492943938 
-80.1333957976 0.0470433025 0.8327688866 0.5493494611 
-80.1352738903 0.0470383986 0.8328056791 0.5494048182 
-80.1371637038 0.0470334645 0.8328426956 0.5494604638 
-80.1390651862 0.0470285004 0.8328799349 0.5495163963 
-80.1409782861 0.0470235064 0.8329173958 0.5495726144 
-80.1429029527 0.0470184828 0.8329550773 0.5496291168 
-80.1448391357 0.0470134296 0.8329929783 0.5496859022 
-80.1467867852 0.0470083469 0.8330310976 0.5497429692 
-80.1487458518 0.0470032350 0.8330694342 0.5498003167 
-80.1507162868 0.0469980940 0.8331079869 0.5498579435 
-80.1526980418 0.0469929239 0.8331467548 0.5499158484 
-80.1546910692 0.0469877249 0.8331857368 0.5499740303 
-80.1566953216 0.0469824972 0.8332249318 0.5500324881 
-80.1587107522 0.0469772408 0.8332643389 0.5500912207 
-80.1607373150 0.0469719560 0.8333039569 0.5501502273 
-80.1627749642 0.0469666428 0.8333437849 0.5502095067 
-80.1648236545 0.0469613014 0.8333838218 0.5502690581 
-80.1668833415 0.0469559318 0.8334240668 0.5503288805 
-80.1689539808 0.0469505343 0.8334645189 0.5503889731 
-80.1710355290 0.0469451089 0.8335051770 0.5504493351 
-80.1731279428 0.0469396557 0.8335460402 0.5505099655 
-80.1752311798 0.0469341750 0.8335871076 0.5505708637 
-80.1773451977 0.0469286667 0.8336283783 0.5506320290 
-80.1794699551 0.0469231311 0.8336698513 0.5506934606 
-80.1816054109 0.0469175681 0.8337115257 0.5507551579 
-80.1837515245 0.0469119780 0.8337534007 0.5508171202 
-80.1859082558 0.0469063609 0.8337954754 0.5508793469 
-80.1880755652 0.0469007169 0.8338377489 0.5509418375 
-80.1902534138 0.0468950460 0.8338802202 0.5510045915 
-80.1924417628 0.0468893484 0.8339228887 0.5510676084 
-80.1946405741 0.0468836242 0.8339657534 0.5511308876 
-80.1968498102 0.0468778735 0.8340088135 0.5511944288 
-80.1990694338 0.0468720965 0.8340520683 0.5512582316 
-80.2012994083 0.0468662931 0.8340955167 0.5513222956 
-80.2035396973 0.0468604636 0.8341391582 0.5513866205 
-80.2057902652 0.0468546079 0.8341829919 0.5514512060 
-80.2080510765 0.0468487263 0.8342270170 0.5515160519 
-80.2103220964 0.0468428189 0.8342712327 0.5515811580 
-80.2126032904 0.0468368856 0.8343156384 0.5516465240 
-80.2148946244 0.0468309267 0.8343602331 0.5517121499 
-80.2171960648 0.0468249421 0.8344050163 0.5517780355 
-80.2195075785 0.0468189321 0.8344499871 0.5518441808 
-80.2218291324 0.0468128967 0.8344951449 0.5519105857 
-80.2241606943 0.0468068360 0.8345404888 0.5519772503 
-80.2265022321 0.0468007501 0.8345860183 0.5520441745 
-80.2288537140 0.0467946390 0.8346317326 0.5521113586 
-80.2312151089 0.0467885030 0.8346776311 0.5521788025 
-80.2335863856 0.0467823420 0.8347237129 0.5522465066 
-80.2359675136 0.0467761561 0.8347699776 0.5523144709 
-80.2383584625 0.0467699455 0.8348164243 0.5523826957 
-80.2407592024 0.0467637102 0.8348630525 0.5524511814 
-80.2431697036 0.0467574503 0.8349098614 0.5525199283 
-80.2455899366 0.0467511659 0.8349568505 0.5525889367 
-80.2480198725 0.0467448571 0.8350040190 0.5526582070 
-80.2504594821 0.0467385240 0.8350513664 0.5527277399 
-80.2529087371 0.0467321666 0.8350988921 0.5527975356 
-80.2553676090 0.0467257851 0.8351465953 0.5528675950 
-80.2578360695 0.0467193794 0.8351944754 0.5529379184 
-80.2603140909 0.0467129498 0.8352425320 0.5530085067 
-80.2628016452 0.0467064962 0.8352907642 0.5530793605 
-80.2652987048 0.0467000188 0.8353391716 0.5531504806 
-80.2678052424 0.0466935176 0.8353877535 0.5532218678 
-80.2703212305 0.0466869928 0.8354365094 0.5532935231 
-80.2728466419 0.0466804443 0.8354854385 0.5533654472 
-80.2753814495 0.0466738724 0.8355345404 0.5534376413 
-80.2779256262 0.0466672770 0.8355838143 0.5535101063 
-80.2804791450 0.0466606582 0.8356332598 0.5535828435 
-80.2830419789 0.0466540161 0.8356828763 0.5536558539 
-80.2856141009 0.0466473509 0.8357326630 0.5537291388 
-80.2881954840 0.0466406625 0.8357826196 0.5538026994 
-80.2907861011 0.0466339511 0.8358327452 0.5538765373 
-80.2933859251 0.0466272167 0.8358830394 0.5539506538 
-80.2959949288 0.0466204594 0.8359335016 0.5540250503 
-80.2986130847 0.0466136793 0.8359841311 0.5540997286 
-80.3012403655 0.0466068765 0.8360349273 0.5541746903 
-80.3038767434 0.0466000510 0.8360858897 0.5542499370 
-80.3065221904 0.0465932030 0.8361370176 0.5543254707 
-80.3091766785 0.0465863325 0.8361883104 0.5544012932 
-80.3118401791 0.0465794396 0.8362397674 0.5544774066 
-80.3145126636 0.0465725244 0.8362913882 0.5545538128 
-80.3171941029 0.0465655870 0.8363431719 0.5546305140 
-80.3198844674 0.0465586274 0.8363951180 0.5547075126 
-80.3225837273 0.0465516457 0.8364472259 0.5547848109 
-80.3252918521 0.0465446421 0.8364994948 0.5548624112 
-80.3280088110 0.0465376166 0.8365519240 0.5549403163 
-80.3307345727 0.0465305693 0.8366045130 0.5550185286 
-80.3334691050 0.0465235004 0.8366572610 0.5550970511 
-80.3362123754 0.0465164098 0.8367101673 0.5551758866 
-80.3389643504 0.0465092977 0.8367632312 0.5552550380 
-80.3417249962 0.0465021642 0.8368164518 0.5553345086 
-80.3444942778 0.0464950094 0.8368698286 0.5554143015 
-80.3472721595 0.0464878334 0.8369233607 0.5554944200 
-80.3500586049 0.0464806362 0.8369770473 0.5555748679 
-80.3528535764 0.0464734181 0.8370308876 0.5556556485 
-80.3556570355 0.0464661791 0.8370848808 0.5557367657 
-80.3584689428 0.0464589193 0.8371390261 0.5558182235 
-80.3612892574 0.0464516388 0.8371933224 0.5559000259 
-80.3641179375 0.0464443378 0.8372477691 0.5559821771 
-80.3669549400 0.0464370164 0.8373023651 0.5560646815 
-80.3698002205 0.0464296746 0.8373571095 0.5561475436 
-80.3726537331 0.0464223127 0.8374120013 0.5562307681 
-80.3755154305 0.0464149307 0.8374670394 0.5563143600 
-80.3783852639 0.0464075288 0.8375222230 0.5563983242 
-80.3812631827 0.0464001072 0.8375775508 0.5564826660 
-80.3841491347 0.0463926659 0.8376330217 0.5565673909 
-80.3870430659 0.0463852051 0.8376886347 0.5566525044 
-80.3899449205 0.0463777250 0.8377443885 0.5567380124 
-80.3928546406 0.0463702258 0.8378002819 0.5568239209 
-80.3957721662 0.0463627075 0.8378563137 0.5569102361 
-80.3986974352 0.0463551704 0.8379124824 0.5569969645 
-80.4016303832 0.0463476146 0.8379687868 0.5570841128 
-80.4045709434 0.0463400404 0.8380252255 0.5571716878 
-80.4075190466 0.0463324479 0.8380817969 0.5572596966 
-80.4104746209 0.0463248372 0.8381384997 0.5573481467 
-80.4134375917 0.0463172087 0.8381953321 0.5574370455 
-80.4164078816 0.0463095624 0.8382522925 0.5575264009 
-80.4193854101 0.0463018987 0.8383093794 0.5576162210 
-80.4223700938 0.0462942178 0.8383665909 0.5577065141 
-80.4253618459 0.0462865198 0.8384239251 0.5577972886 
-80.4283605763 0.0462788050 0.8384813803 0.5578885534 
-80.4313661913 0.0462710737 0.8385389545 0.5579803175 
-80.4343785938 0.0462633262 0.8385966455 0.5580725899 
-80.4373976826 0.0462555626 0.8386544514 0.5581653802 
-80.4404233527 0.0462477833 0.8387123699 0.5582586979 
-80.4434554949 0.0462399885 0.8387703987 0.5583525527 
-80.4464939958 0.0462321787 0.8388285354 0.5584469545 
-80.4495387376 0.0462243539 0.8388867777 0.5585419131 
-80.4525895976 0.0462165147 0.8389451229 0.5586374384 
-80.4556464487 0.0462086613 0.8390035685 0.5587335403 
-80.4587091587 0.0462007941 0.8390621116 0.5588302284 
-80.4617775902 0.0461929134 0.8391207493 0.5589275121 
-80.4648516005 0.0461850196 0.8391794789 0.5590254000 
-80.4679310418 0.0461771132 0.8392382971 0.5591239005 
-80.4710157602 0.0461691944 0.8392972007 0.5592230206 
-80.4741055963 0.0461612637 0.8393561866 0.5593227662 
-80.4772003850 0.0461533215 0.8394152512 0.5594231413 
-80.4802999548 0.0461453684 0.8394743910 0.5595241479 
-80.4834041284 0.0461374047 0.8395336023 0.5596257846 
-80.4865127223 0.0461294309 0.8395928814 0.5597280462 
-80.4896255468 0.0461214475 0.8396522243 0.5598309226 
-80.4927424060 0.0461134551 0.8397116269 0.5599343972 
-80.4958630983 0.0461054541 0.8397710852 0.5600384449 
-80.4989874162 0.0460974451 0.8398305948 0.5601430306 
-80.5021151467 0.0460894286 0.8398901513 0.5602481054 
-80.5052460721 0.0460814052 0.8399497503 0.5603536041 
-80.5083799704 0.0460733755 0.8400093871 0.5604594402 
-80.5115166164 0.0460653400 0.8400690572 0.5605655010 
-80.5146557832 0.0460572994 0.8401287559 0.5606716410 
-80.5177972435 0.0460492542 0.8401884784 0.5607776745 
-80.5209407721 0.0460412050 0.8402482202 0.5608833665 
-80.5240861486 0.0460331523 0.8403079768 0.5609884226 
-80.5272331614 0.0460250968 0.8403677438 0.5610924779 
-80.5303816114 0.0460170389 0.8404275170 0.5611950861 
-80.5335313186 0.0460089791 0.8404872929 0.5612957102 
-80.5366821281 0.0460009177 0.8405470682 0.5613937190 
-80.5398339191 0.0459928552 0.8406068406 0.5614883949 
-80.5429866142 0.0459847916 0.8406666083 0.5615789662 
-80.5461401906 0.0459767271 0.8407263709 0.5616646851 
-80.5492946923 0.0459686616 0.8407861295 0.5617449921 
-80.5524502420 0.0459605946 0.8408458864 0.5618198422 
-80.5556070491 0.0459525258 0.8409056460 0.5618902785 
-80.5587654069 0.0459444543 0.8409654143 0.5619591299 
-80.5603455144 0.0459404167 0.8409953082 0.5619938710 
-80.5619275793 0.0459363744 0.8410252323 0.5620267069 
-80.5635117723 0.0459323270 0.8410551901 0.5620583821 
-80.5650982775 0.0459282740 0.8410851854 0.5620894376 
-80.5666872862 0.0459242150 0.8411152222 0.5621202598 
-80.5682789922 0.0459201494 0.8411453043 0.5621511202 
-80.5698735893 0.0459160767 0.8411754357 0.5621822056 
-80.5714712686 0.0459119965 0.8412056202 0.5622136424 
-80.5730722175 0.0459079083 0.8412358618 0.5622455136 
-80.5746766190 0.0459038117 0.8412661641 0.5622778723 
-80.5762846508 0.0458997061 0.8412965306 0.5623107509 
-80.5778964853 0.0458955911 0.8413269650 0.5623441674 
-80.5795122896 0.0458914663 0.8413574705 0.5623781303 
-80.5811322250 0.0458873314 0.8413880504 0.5624126413 
-80.5827564475 0.0458831858 0.8414187078 0.5624476977 
-80.5843851080 0.0458790292 0.8414494458 0.5624832935 
-80.5860183518 0.0458748613 0.8414802673 0.5625194207 
-80.5876563193 0.0458706817 0.8415111750 0.5625560699 
-80.5892991463 0.0458664901 0.8415421718 0.5625932305 
-80.5909469636 0.0458622861 0.8415732601 0.5626308915 
-80.5925998976 0.0458580693 0.8416044425 0.5626690414 
-80.5942580705 0.0458538396 0.8416357214 0.5627076683 
-80.5959216004 0.0458495965 0.8416670991 0.5627467605 
-80.5975906014 0.0458453399 0.8416985779 0.5627863060 
-80.5992651840 0.0458410694 0.8417301599 0.5628262930 
-80.6009454550 0.0458367847 0.8417618473 0.5628667099 
-80.6026315183 0.0458324857 0.8417936420 0.5629075451 
-80.6043234742 0.0458281720 0.8418255460 0.5629487873 
-80.6060214203 0.0458238434 0.8418575611 0.5629904252 
-80.6077254513 0.0458194996 0.8418896893 0.5630324479 
-80.6094356596 0.0458151405 0.8419219322 0.5630748448 
-80.6111521349 0.0458107658 0.8419542915 0.5631176052 
-80.6128749647 0.0458063753 0.8419867691 0.5631607190 
-80.6146042346 0.0458019688 0.8420193663 0.5632041761 
-80.6163400280 0.0457975460 0.8420520849 0.5632479667 
-80.6180824268 0.0457931068 0.8420849264 0.5632920813 
-80.6198315113 0.0457886510 0.8421178923 0.5633365105 
-80.6215873602 0.0457841783 0.8421509839 0.5633812452 
-80.6233500510 0.0457796886 0.8421842029 0.5634262766 
-80.6251196602 0.0457751817 0.8422175505 0.5634715960 
-80.6268962630 0.0457706573 0.8422510282 0.5635171949 
-80.6286799341 0.0457661154 0.8422846372 0.5635630651 
-80.6304707472 0.0457615557 0.8423183791 0.5636091985 
-80.6322687756 0.0457569781 0.8423522550 0.5636555872 
-80.6340740922 0.0457523823 0.8423862664 0.5637022237 
-80.6358867694 0.0457477683 0.8424204144 0.5637491004 
-80.6377068796 0.0457431357 0.8424547005 0.5637962100 
-80.6395344951 0.0457384845 0.8424891258 0.5638435453 
-80.6413696884 0.0457338144 0.8425236917 0.5638910994 
-80.6432125320 0.0457291253 0.8425583995 0.5639388655 
-80.6450630988 0.0457244169 0.8425932504 0.5639868369 
-80.6469214624 0.0457196892 0.8426282457 0.5640350072 
-80.6487876966 0.0457149419 0.8426633868 0.5640833698 
-80.6506618761 0.0457101749 0.8426986749 0.5641319186 
-80.6525440764 0.0457053879 0.8427341113 0.5641806476 
-80.6544343741 0.0457005808 0.8427696975 0.5642295506 
-80.6563328464 0.0456957534 0.8428054347 0.5642786219 
-80.6582395722 0.0456909055 0.8428413243 0.5643278558 
-80.6601546313 0.0456860368 0.8428773676 0.5643772466 
-80.6620781050 0.0456811473 0.8429135662 0.5644267888 
-80.6640100761 0.0456762366 0.8429499213 0.5644764770 
-80.6659506292 0.0456713046 0.8429864346 0.5645263059 
-80.6678998503 0.0456663510 0.8430231074 0.5645762704 
-80.6698578275 0.0456613758 0.8430599412 0.5646263652 
-80.6718246509 0.0456563785 0.8430969377 0.5646765853 
-80.6738004123 0.0456513590 0.8431340984 0.5647269259 
-80.6757852061 0.0456463171 0.8431714250 0.5647773820 
-80.6777791287 0.0456412526 0.8432089190 0.5648279490 
-80.6797822791 0.0456361651 0.8432465822 0.5648786219 
-80.6817947588 0.0456310545 0.8432844164 0.5649293964 
-80.6838166717 0.0456259204 0.8433224232 0.5649802676 
-80.6858481248 0.0456207626 0.8433606047 0.5650312313 
-80.6878892276 0.0456155809 0.8433989626 0.5650822828 
-80.6899400928 0.0456103750 0.8434374988 0.5651334179 
-80.6920008361 0.0456051445 0.8434762155 0.5651846322 
-80.6940715764 0.0455998892 0.8435151146 0.5652359214 
-80.6961524360 0.0455946089 0.8435541982 0.5652872813 
-80.6982435405 0.0455893030 0.8435934686 0.5653387078 
-80.7003450192 0.0455839715 0.8436329278 0.5653901966 
-80.7024570049 0.0455786138 0.8436725783 0.5654417437 
-80.7045796344 0.0455732298 0.8437124224 0.5654933451 
-80.7067130482 0.0455678190 0.8437524625 0.5655449968 
-80.7088573910 0.0455623811 0.8437927011 0.5655966947 
-80.7110128116 0.0455569157 0.8438331408 0.5656484350 
-80.7131794630 0.0455514224 0.8438737843 0.5657002137 
-80.7153575028 0.0455459009 0.8439146342 0.5657520269 
-80.7175470931 0.0455403507 0.8439556934 0.5658038708 
-80.7197484005 0.0455347715 0.8439969648 0.5658557416 
-80.7219615967 0.0455291628 0.8440384513 0.5659076354 
-80.7241868580 0.0455235241 0.8440801560 0.5659595485 
-80.7264243661 0.0455178551 0.8441220821 0.5660114771 
-80.7286743078 0.0455121552 0.8441642328 0.5660634175 
-80.7309368752 0.0455064240 0.8442066115 0.5661153659 
-80.7332122660 0.0455006611 0.8442492215 0.5661673187 
-80.7355006835 0.0454948658 0.8442920665 0.5662192720 
-80.7378023368 0.0454890377 0.8443351500 0.5662712223 
-80.7401174410 0.0454831762 0.8443784759 0.5663231658 
-80.7424462171 0.0454772808 0.8444220480 0.5663750989 
-80.7447888928 0.0454713510 0.8444658702 0.5664270179 
-80.7471457017 0.0454653861 0.8445099466 0.5664789191 
-80.7495168844 0.0454593856 0.8445542814 0.5665307989 
-80.7519026879 0.0454533488 0.8445988790 0.5665826536 
-80.7543033664 0.0454472752 0.8446437437 0.5666344795 
-80.7567191810 0.0454411640 0.8446888802 0.5666862731 
-80.7591504002 0.0454350146 0.8447342931 0.5667380306 
-80.7615972996 0.0454288264 0.8447799873 0.5667897483 
-80.7640601629 0.0454225986 0.8448259677 0.5668414227 
-80.7665392812 0.0454163305 0.8448722395 0.5668930499 
-80.7690349538 0.0454100213 0.8449188077 0.5669446264 
-80.7715474881 0.0454036704 0.8449656779 0.5669961484 
-80.7740771999 0.0453972768 0.8450128556 0.5670476123 
-80.7766244134 0.0453908399 0.8450603465 0.5670990142 
-80.7791894618 0.0453843588 0.8451081563 0.5671503505 
-80.7817726873 0.0453778327 0.8451562912 0.5672016174 
-80.7843744409 0.0453712606 0.8452047571 0.5672528112 
-80.7869950835 0.0453646417 0.8452535606 0.5673039280 
-80.7896349854 0.0453579751 0.8453027080 0.5673549641 
-80.7922945266 0.0453512598 0.8453522061 0.5674059157 
-80.7949740974 0.0453444948 0.8454020617 0.5674567789 
-80.7976740983 0.0453376793 0.8454522818 0.5675075498 
-80.8003949404 0.0453308121 0.8455028736 0.5675582246 
-80.8031370455 0.0453238923 0.8455538446 0.5676087993 
-80.8059008467 0.0453169186 0.8456052023 0.5676592700 
-80.8086867880 0.0453098902 0.8456569546 0.5677096327 
-80.8114953252 0.0453028058 0.8457091094 0.5677598835 
-80.8143269260 0.0452956642 0.8457616750 0.5678100183 
-80.8171820699 0.0452884643 0.8458146598 0.5678600331 
-80.8200612490 0.0452812049 0.8458680724 0.5679099237 
-80.8229649680 0.0452738848 0.8459219217 0.5679596861 
-80.8258937446 0.0452665026 0.8459762168 0.5680093161 
-80.8288481094 0.0452590570 0.8460309670 0.5680588094 
-80.8318286070 0.0452515468 0.8460861818 0.5681081619 
-80.8348357956 0.0452439704 0.8461418711 0.5681573693 
-80.8378702475 0.0452363266 0.8461980449 0.5682064272 
-80.8409325495 0.0452286139 0.8462547136 0.5682553313 
-80.8440233034 0.0452208307 0.8463118876 0.5683040772 
-80.8471431259 0.0452129756 0.8463695779 0.5683526604 
-80.8502926493 0.0452050470 0.8464277955 0.5684010765 
-80.8534725218 0.0451970434 0.8464865517 0.5684493209 
-80.8566834075 0.0451889630 0.8465458583 0.5684973891 
-80.8599259875 0.0451808042 0.8466057272 0.5685452763 
-80.8632009594 0.0451725654 0.8466661706 0.5685929778 
-80.8665090383 0.0451642446 0.8467272012 0.5686404890 
-80.8698509572 0.0451558402 0.8467888316 0.5686878050 
-80.8732274668 0.0451473503 0.8468510751 0.5687349210 
-80.8766393366 0.0451387730 0.8469139452 0.5687818319 
-80.8800873550 0.0451301064 0.8469774556 0.5688285330 
-80.8835723297 0.0451213484 0.8470416206 0.5688750189 
-80.8870950881 0.0451124971 0.8471064547 0.5689212848 
-80.8906564781 0.0451035504 0.8471719725 0.5689673254 
-80.8942573680 0.0450945062 0.8472381895 0.5690131354 
-80.8978986474 0.0450853622 0.8473051211 0.5690587095 
-80.9015812277 0.0450761162 0.8473727832 0.5691040424 
-80.9053060421 0.0450667660 0.8474411922 0.5691491286 
-80.9090740466 0.0450573092 0.8475103648 0.5691939624 
-80.9128862205 0.0450477435 0.8475803180 0.5692385384 
-80.9167435663 0.0450380663 0.8476510694 0.5692828508 
-80.9206471112 0.0450282752 0.8477226370 0.5693268939 
-80.9245979069 0.0450183675 0.8477950389 0.5693706617 
-80.9285970303 0.0450083408 0.8478682941 0.5694141483 
-80.9326455843 0.0449981922 0.8479424218 0.5694573477 
-80.9367446982 0.0449879190 0.8480174415 0.5695002537 
-80.9408955283 0.0449775185 0.8480933734 0.5695428602 
-80.9450992588 0.0449669876 0.8481702382 0.5695851608 
-80.9493571018 0.0449563235 0.8482480568 0.5696271490 
-80.9536702986 0.0449455232 0.8483268509 0.5696688184 
-80.9580401199 0.0449345836 0.8484066424 0.5697101623 
-80.9624678669 0.0449235014 0.8484874541 0.5697511740 
-80.9669548713 0.0449122735 0.8485693088 0.5697918467 
-80.9715024968 0.0449008966 0.8486522304 0.5698321734 
-80.9761121393 0.0448893672 0.8487362429 0.5698721471 
-80.9807852277 0.0448776819 0.8488213710 0.5699117605 
-80.9855232248 0.0448658372 0.8489076400 0.5699510063 
-80.9903276280 0.0448538294 0.8489950758 0.5699898772 
-80.9951999701 0.0448416548 0.8490837048 0.5700283656 
-81.0001418199 0.0448293097 0.8491735541 0.5700664638 
-81.0051547834 0.0448167902 0.8492646512 0.5701041640 
-81.0102405043 0.0448040922 0.8493570245 0.5701414582 
-81.0154006651 0.0447912117 0.8494507028 0.5701783383 
-81.0206369877 0.0447781446 0.8495457157 0.5702147962 
-81.0259512347 0.0447648867 0.8496420935 0.5702508234 
-81.0313452100 0.0447514335 0.8497398671 0.5702864114 
-81.0368207597 0.0447377807 0.8498390679 0.5703215515 
-81.0423797734 0.0447239237 0.8499397283 0.5703562348 
-81.0480241850 0.0447098579 0.8500418813 0.5703904525 
-81.0537559736 0.0446955785 0.8501455607 0.5704241953 
-81.0595771647 0.0446810806 0.8502508009 0.5704574538 
-81.0654898313 0.0446663594 0.8503576371 0.5704902187 
-81.0714960946 0.0446514097 0.8504661053 0.5705224801 
-81.0775981258 0.0446362263 0.8505762424 0.5705542283 
-81.0837981466 0.0446208039 0.8506880860 0.5705854531 
-81.0900984306 0.0446051372 0.8508016745 0.5706161444 
-81.0965013047 0.0445892205 0.8509170471 0.5706462916 
-81.1030091499 0.0445730482 0.8510342440 0.5706758843 
-81.1096244030 0.0445566145 0.8511533061 0.5707049115 
-81.1163495576 0.0445399135 0.8512742753 0.5707333622 
-81.1231871654 0.0445229391 0.8513971945 0.5707612252 
-81.1301398377 0.0445056852 0.8515221072 0.5707884890 
-81.1372102467 0.0444881454 0.8516490581 0.5708151419 
-81.1444011270 0.0444703132 0.8517780928 0.5708411719 
-81.1517152769 0.0444521820 0.8519092578 0.5708665671 
-81.1591555600 0.0444337451 0.8520426008 0.5708913149 
-81.1667249066 0.0444149956 0.8521781701 0.5709154028 
-81.1744263154 0.0443959264 0.8523160154 0.5709388179 
-81.1822628550 0.0443765303 0.8524561874 0.5709615471 
-81.1902376657 0.0443567999 0.8525987377 0.5709835770 
-81.1983539609 0.0443367277 0.8527437190 0.5710048941 
-81.2066150291 0.0443163061 0.8528911853 0.5710254843 
-81.2150242354 0.0442955271 0.8530411915 0.5710453337 
-81.2235850235 0.0442743827 0.8531937938 0.5710644276 
-81.2323009176 0.0442528647 0.8533490494 0.5710827515 
-81.2411755239 0.0442309647 0.8535070168 0.5711002903 
-81.2502125332 0.0442086741 0.8536677557 0.5711170288 
-81.2594157224 0.0441859842 0.8538313269 0.5711329513 
-81.2687889565 0.0441628860 0.8539977927 0.5711480419 
-81.2783361911 0.0441393704 0.8541672164 0.5711622846 
-81.2880614743 0.0441154280 0.8543396626 0.5711756628 
-81.2979689490 0.0440910493 0.8545151974 0.5711881597 
-81.3080628550 0.0440662246 0.8546938881 0.5711997581 
-81.3183475315 0.0440409438 0.8548758034 0.5712104407 
-81.3288274195 0.0440151969 0.8550610131 0.5712201895 
-81.3395070641 0.0439889733 0.8552495889 0.5712289866 
-81.3503911170 0.0439622626 0.8554416034 0.5712368134 
-81.3614843395 0.0439350538 0.8556371310 0.5712436512 
-81.3727916044 0.0439073359 0.8558362473 0.5712494807 
-81.3843178996 0.0438790975 0.8560390295 0.5712542826 
-81.3960683299 0.0438503272 0.8562455564 0.5712580368 
-81.4080481209 0.0438210130 0.8564559080 0.5712607233 
-81.4202626211 0.0437911430 0.8566701662 0.5712623213 
-81.4327173054 0.0437607048 0.8568884141 0.5712628099 
-81.4454177780 0.0437296859 0.8571107368 0.5712621678 
-81.4583697756 0.0436980734 0.8573372206 0.5712603731 
-81.4715791709 0.0436658542 0.8575679537 0.5712574038 
-81.4850519756 0.0436330149 0.8578030257 0.5712532373 
-81.4987943441 0.0435995419 0.8580425281 0.5712478508 
-81.5128125768 0.0435654212 0.8582865540 0.5712412207 
-81.5271131243 0.0435306386 0.8585351981 0.5712333235 
-81.5417025904 0.0434951794 0.8587885570 0.5712241348 
-81.5565877365 0.0434590288 0.8590467288 0.5712136301 
-81.5717754853 0.0434221718 0.8593098136 0.5712017843 
-81.5872729251 0.0433845927 0.8595779131 0.5711885719 
-81.6030873138 0.0433462757 0.8598511309 0.5711739669 
-81.6192260831 0.0433072048 0.8601295723 0.5711579428 
-81.6356968433 0.0432673635 0.8604133446 0.5711404728 
-81.6525073876 0.0432267349 0.8607025567 0.5711215293 
-81.6696656966 0.0431853019 0.8609973196 0.5711010844 
-81.6871799437 0.0431430469 0.8612977459 0.5710791097 
-81.7050584995 0.0430999521 0.8616039503 0.5710555759 
-81.7233099372 0.0430559992 0.8619160493 0.5710304535 
-81.7419430379 0.0430111696 0.8622341612 0.5710037122 
-81.7609667959 0.0429654443 0.8625584064 0.5709753210 
-81.7803904242 0.0429188039 0.8628889071 0.5709452482 
-81.8002233604 0.0428712286 0.8632257874 0.5709134614 
-81.8204752728 0.0428226982 0.8635691733 0.5708799274 
-81.8411560662 0.0427731920 0.8639191929 0.5708446121 
-81.8622758881 0.0427226892 0.8642759759 0.5708074803 
-81.8838451358 0.0426711681 0.8646396542 0.5707684960 
-81.9058744625 0.0426186070 0.8650103616 0.5707276219 
-81.9283747845 0.0425649835 0.8653882337 0.5706848192 
-81.9513572881 0.0425102748 0.8657734080 0.5706400481 
-81.9748334375 0.0424544577 0.8661660240 0.5705932666 
-81.9988149817 0.0423975084 0.8665662230 0.5705444314 
-82.0233139630 0.0423394029 0.8669741482 0.5704934966 
-82.0483427246 0.0422801164 0.8673899447 0.5704404141 
-82.0739139193 0.0422196239 0.8678137594 0.5703851332 
-82.1000405185 0.0421578996 0.8682457408 0.5703275996 
-82.1267358203 0.0420949174 0.8686860396 0.5702677554 
-82.1540134597 0.0420306507 0.8691348079 0.5702055386 
-82.1818874180 0.0419650723 0.8695921997 0.5701408817 
-82.2103720326 0.0418981544 0.8700583705 0.5700737114 
-82.2394820076 0.0418298688 0.8705334777 0.5700039475 
-82.2692324246 0.0417601866 0.8710176801 0.5699315011 
-82.2996387540 0.0416890785 0.8715111381 0.5698562737 
-82.3307168665 0.0416165145 0.8720140136 0.5697781548 
-82.3624830455 0.0415424641 0.8725264699 0.5696970200 
-82.3949539999 0.0414668962 0.8730486718 0.5696127278 
-82.4281468773 0.0413897789 0.8735807854 0.5695251165 
-82.4620792778 0.0413110801 0.8741229779 0.5694339999 
-82.4967692691 0.0412307666 0.8746754178 0.5693391622 
-82.5322354018 0.0411488049 0.8752382748 0.5692403518 
-82.5684967254 0.0410651607 0.8758117195 0.5691372734 
-82.6055728061 0.0409797991 0.8763959236 0.5690295785 
-82.6434837447 0.0408926845 0.8769910594 0.5689168536 
-82.6822501966 0.0408037805 0.8775973005 0.5687986054 
-82.7218933925 0.0407130501 0.8782148209 0.5686742431 
-82.7624351613 0.0406204555 0.8788437953 0.5685430551 
-82.8038979544 0.0405259583 0.8794843992 0.5684041822 
-82.8463048727 0.0404295190 0.8801368084 0.5682565821 
-82.8896796958 0.0403310976 0.8808011996 0.5680989878 
-82.9340469144 0.0402306531 0.8814777498 0.5679298554 
-82.9794317666 0.0401281436 0.8821666365 0.5677473014 
-83.0258602782 0.0400235262 0.8828680380 0.5675490291 
-83.0733593081 0.0399167572 0.8835821331 0.5673322426 
-83.1219566003 0.0398077916 0.8843091014 0.5670935551 
-83.1716808429 0.0396965835 0.8850491239 0.5668288990 
-83.2225617353 0.0395830855 0.8858023824 0.5665334615 
-83.2746300649 0.0394672492 0.8865690610 0.5662016852 
-83.3279177943 0.0393490243 0.8873493455 0.5658273947 
-83.3824581562 0.0392283592 0.8881434247 0.5654040969 
-83.4382857726 0.0391052003 0.8889514907 0.5649269938 
-83.4954370443 0.0389794917 0.8897737442 0.5644195646 
-83.5539502863 0.0388511744 0.8906103947 0.5639664212 
-83.6138636514 0.0387201915 0.8914616281 0.5636160006 
-83.6752144266 0.0385864893 0.8923275962 0.5633611491 
-80.5603455144 0.0459404167 0.8409953082 0.5619938710 
-80.5619275793 0.0459363744 0.8410252323 0.5620267069 
-80.5635117723 0.0459323270 0.8410551901 0.5620583821 
-80.5650982775 0.0459282740 0.8410851854 0.5620894376 
-80.5666872862 0.0459242150 0.8411152222 0.5621202598 
-80.5682789922 0.0459201494 0.8411453043 0.5621511202 
-80.5698735893 0.0459160767 0.8411754357 0.5621822056 
-80.5714712686 0.0459119965 0.8412056202 0.5622136424 
-80.5730722175 0.0459079083 0.8412358618 0.5622455136 
-80.5746766190 0.0459038117 0.8412661641 0.5622778723 
-80.5762846508 0.0458997061 0.8412965306 0.5623107509 
-80.5778964853 0.0458955911 0.8413269650 0.5623441674 
-80.5795122896 0.0458914663 0.8413574705 0.5623781303 
-80.5811322250 0.0458873314 0.8413880504 0.5624126413 
-80.5827564475 0.0458831858 0.8414187078 0.5624476977 
-80.5843851080 0.0458790292 0.8414494458 0.5624832935 
-80.5860183518 0.0458748613 0.8414802673 0.5625194207 
-80.5876563193 0.0458706817 0.8415111750 0.5625560699 
-80.5892991463 0.0458664901 0.8415421718 0.5625932305 
-80.5909469636 0.0458622861 0.8415732601 0.5626308915 
-80.5925998976 0.0458580693 0.8416044425 0.5626690414 
-80.5942580705 0.0458538396 0.8416357214 0.5627076683 
-80.5959216004 0.0458495965 0.8416670991 0.5627467605 
-80.5975906014 0.0458453399 0.8416985779 0.5627863060 
-80.5992651840 0.0458410694 0.8417301599 0.5628262930 
-80.6009454550 0.0458367847 0.8417618473 0.5628667099 
-80.6026315183 0.0458324857 0.8417936420 0.5629075451 
-80.6043234742 0.0458281720 0.8418255460 0.5629487873 
-80.6060214203 0.0458238434 0.8418575611 0.5629904252 
-80.6077254513 0.0458194996 0.8418896893 0.5630324479 
-80.6094356596 0.0458151405 0.8419219322 0.5630748448 
-80.6111521349 0.0458107658 0.8419542915 0.5631176052 
-80.6128749647 0.0458063753 0.8419867691 0.5631607190 
-80.6146042346 0.0458019688 0.8420193663 0.5632041761 
-80.6163400280 0.0457975460 0.8420520849 0.5632479667 
-80.6180824268 0.0457931068 0.8420849264 0.5632920813 
-80.6198315113 0.0457886510 0.8421178923 0.5633365105 
-80.6215873602 0.0457841783 0.8421509839 0.5633812452 
-80.6233500510 0.0457796886 0.8421842029 0.5634262766 
-80.6251196602 0.0457751817 0.8422175505 0.5634715960 
-80.6268962630 0.0457706573 0.8422510282 0.5635171949 
-80.6286799341 0.0457661154 0.8422846372 0.5635630651 
-80.6304707472 0.0457615557 0.8423183791 0.5636091985 
-80.6322687756 0.0457569781 0.8423522550 0.5636555872 
-80.6340740922 0.0457523823 0.8423862664 0.5637022237 
-80.6358867694 0.0457477683 0.8424204144 0.5637491004 
-80.6377068796 0.0457431357 0.8424547005 0.5637962100 
-80.6395344951 0.0457384845 0.8424891258 0.5638435453 
-80.6413696884 0.0457338144 0.8425236917 0.5638910994 
-80.6432125320 0.0457291253 0.8425583995 0.5639388655 
-80.6450630988 0.0457244169 0.8425932504 0.5639868369 
-80.6469214624 0.0457196892 0.8426282457 0.5640350072 
-80.6487876966 0.0457149419 0.8426633868 0.5640833698 
-80.6506618761 0.0457101749 0.8426986749 0.5641319186 
-80.6525440764 0.0457053879 0.8427341113 0.5641806476 
-80.6544343741 0.0457005808 0.8427696975 0.5642295506 
-80.6563328464 0.0456957534 0.8428054347 0.5642786219 
-80.6582395722 0.0456909055 0.8428413243 0.5643278558 
-80.6601546313 0.0456860368 0.8428773676 0.5643772466 
-80.6620781050 0.0456811473 0.8429135662 0.5644267888 
-80.6640100761 0.0456762366 0.8429499213 0.5644764770 
-80.6659506292 0.0456713046 0.8429864346 0.5645263059 
-80.6678998503 0.0456663510 0.8430231074 0.5645762704 
-80.6698578275 0.0456613758 0.8430599412 0.5646263652 
-80.6718246509 0.0456563785 0.8430969377 0.5646765853 
-80.6738004123 0.0456513590 0.8431340984 0.5647269259 
-80.6757852061 0.0456463171 0.8431714250 0.5647773820 
-80.6777791287 0.0456412526 0.8432089190 0.5648279490 
-80.6797822791 0.0456361651 0.8432465822 0.5648786219 
-80.6817947588 0.0456310545 0.8432844164 0.5649293964 
-80.6838166717 0.0456259204 0.8433224232 0.5649802676 
-80.6858481248 0.0456207626 0.8433606047 0.5650312313 
-80.6878892276 0.0456155809 0.8433989626 0.5650822828 
-80.6899400928 0.0456103750 0.8434374988 0.5651334179 
-80.6920008361 0.0456051445 0.8434762155 0.5651846322 
-80.6940715764 0.0455998892 0.8435151146 0.5652359214 
-80.6961524360 0.0455946089 0.8435541982 0.5652872813 
-80.6982435405 0.0455893030 0.8435934686 0.5653387078 
-80.7003450192 0.0455839715 0.8436329278 0.5653901966 
-80.7024570049 0.0455786138 0.8436725783 0.5654417437 
-80.7045796344 0.0455732298 0.8437124224 0.5654933451 
-80.7067130482 0.0455678190 0.8437524625 0.5655449968 
-80.7088573910 0.0455623811 0.8437927011 0.5655966947 
-80.7110128116 0.0455569157 0.8438331408 0.5656484350 
-80.7131794630 0.0455514224 0.8438737843 0.5657002137 
-80.7153575028 0.0455459009 0.8439146342 0.5657520269 
-80.7175470931 0.0455403507 0.8439556934 0.5658038708 
-80.7197484005 0.0455347715 0.8439969648 0.5658557416 
-80.7219615967 0.0455291628 0.8440384513 0.5659076354 
-80.7241868580 0.0455235241 0.8440801560 0.5659595485 
-80.7264243661 0.0455178551 0.8441220821 0.5660114771 
-80.7286743078 0.0455121552 0.8441642328 0.5660634175 
-80.7309368752 0.0455064240 0.8442066115 0.5661153659 
-80.7332122660 0.0455006611 0.8442492215 0.5661673187 
-80.7355006835 0.0454948658 0.8442920665 0.5662192720 
-80.7378023368 0.0454890377 0.8443351500 0.5662712223 
-80.7401174410 0.0454831762 0.8443784759 0.5663231658 
-80.7424462171 0.0454772808 0.8444220480 0.5663750989 
-80.7447888928 0.0454713510 0.8444658702 0.5664270179 
-80.7471457017 0.0454653861 0.8445099466 0.5664789191 
-80.7495168844 0.0454593856 0.8445542814 0.5665307989 
-80.7519026879 0.0454533488 0.8445988790 0.5665826536 
-80.7543033664 0.0454472752 0.8446437437 0.5666344795 
-80.7567191810 0.0454411640 0.8446888802 0.5666862731 
-80.7591504002 0.0454350146 0.8447342931 0.5667380306 
-80.7615972996 0.0454288264 0.8447799873 0.5667897483 
-80.7640601629 0.0454225986 0.8448259677 0.5668414227 
-80.7665392812 0.0454163305 0.8448722395 0.5668930499 
-80.7690349538 0.0454100213 0.8449188077 0.5669446264 
-80.7715474881 0.0454036704 0.8449656779 0.5669961484 
-80.7740771999 0.0453972768 0.8450128556 0.5670476123 
-80.7766244134 0.0453908399 0.8450603465 0.5670990142 
-80.7791894618 0.0453843588 0.8451081563 0.5671503505 
-80.7817726873 0.0453778327 0.8451562912 0.5672016174 
-80.7843744409 0.0453712606 0.8452047571 0.5672528112 
-80.7869950835 0.0453646417 0.8452535606 0.5673039280 
-80.7896349854 0.0453579751 0.8453027080 0.5673549641 
-80.7922945266 0.0453512598 0.8453522061 0.5674059157 
-80.7949740974 0.0453444948 0.8454020617 0.5674567789 
-80.7976740983 0.0453376793 0.8454522818 0.5675075498 
-80.8003949404 0.0453308121 0.8455028736 0.5675582246 
-80.8031370455 0.0453238923 0.8455538446 0.5676087993 
-80.8059008467 0.0453169186 0.8456052023 0.5676592700 
-80.8086867880 0.0453098902 0.8456569546 0.5677096327 
-80.8114953252 0.0453028058 0.8457091094 0.5677598835 
-80.8143269260 0.0452956642 0.8457616750 0.5678100183 
-80.8171820699 0.0452884643 0.8458146598 0.5678600331 
-80.8200612490 0.0452812049 0.8458680724 0.5679099237 
-80.8229649680 0.0452738848 0.8459219217 0.5679596861 
-80.8258937446 0.0452665026 0.8459762168 0.5680093161 
-80.8288481094 0.0452590570 0.8460309670 0.5680588094 
-80.8318286070 0.0452515468 0.8460861818 0.5681081619 
-80.8348357956 0.0452439704 0.8461418711 0.5681573693 
-80.8378702475 0.0452363266 0.8461980449 0.5682064272 
-80.8409325495 0.0452286139 0.8462547136 0.5682553313 
-80.8440233034 0.0452208307 0.8463118876 0.5683040772 
-80.8471431259 0.0452129756 0.8463695779 0.5683526604 
-80.8502926493 0.0452050470 0.8464277955 0.5684010765 
-80.8534725218 0.0451970434 0.8464865517 0.5684493209 
-80.8566834075 0.0451889630 0.8465458583 0.5684973891 
-80.8599259875 0.0451808042 0.8466057272 0.5685452763 
-80.8632009594 0.0451725654 0.8466661706 0.5685929778 
-80.8665090383 0.0451642446 0.8467272012 0.5686404890 
-80.8698509572 0.0451558402 0.8467888316 0.5686878050 
-80.8732274668 0.0451473503 0.8468510751 0.5687349210 
-80.8766393366 0.0451387730 0.8469139452 0.5687818319 
-80.8800873550 0.0451301064 0.8469774556 0.5688285330 
-80.8835723297 0.0451213484 0.8470416206 0.5688750189 
-80.8870950881 0.0451124971 0.8471064547 0.5689212848 
-80.8906564781 0.0451035504 0.8471719725 0.5689673254 
-80.8942573680 0.0450945062 0.8472381895 0.5690131354 
-80.8978986474 0.0450853622 0.8473051211 0.5690587095 
-80.9015812277 0.0450761162 0.8473727832 0.5691040424 
-80.9053060421 0.0450667660 0.8474411922 0.5691491286 
-80.9090740466 0.0450573092 0.8475103648 0.5691939624 
-80.9128862205 0.0450477435 0.8475803180 0.5692385384 
-80.9167435663 0.0450380663 0.8476510694 0.5692828508 
-80.9206471112 0.0450282752 0.8477226370 0.5693268939 
-80.9245979069 0.0450183675 0.8477950389 0.5693706617 
-80.9285970303 0.0450083408 0.8478682941 0.5694141483 
-80.9326455843 0.0449981922 0.8479424218 0.5694573477 
-80.9367446982 0.0449879190 0.8480174415 0.5695002537 
-80.9408955283 0.0449775185 0.8480933734 0.5695428602 
-80.9450992588 0.0449669876 0.8481702382 0.5695851608 
-80.9493571018 0.0449563235 0.8482480568 0.5696271490 
-80.9536702986 0.0449455232 0.8483268509 0.5696688184 
-80.9580401199 0.0449345836 0.8484066424 0.5697101623 
-80.9624678669 0.0449235014 0.8484874541 0.5697511740 
-80.9669548713 0.0449122735 0.8485693088 0.5697918467 
-80.9715024968 0.0449008966 0.8486522304 0.5698321734 
-80.9761121393 0.0448893672 0.8487362429 0.5698721471 
-80.9807852277 0.0448776819 0.8488213710 0.5699117605 
-80.9855232248 0.0448658372 0.8489076400 0.5699510063 
-80.9903276280 0.0448538294 0.8489950758 0.5699898772 
-80.9951999701 0.0448416548 0.8490837048 0.5700283656 
-81.0001418199 0.0448293097 0.8491735541 0.5700664638 
-81.0051547834 0.0448167902 0.8492646512 0.5701041640 
-81.0102405043 0.0448040922 0.8493570245 0.5701414582 
-81.0154006651 0.0447912117 0.8494507028 0.5701783383 
-81.0206369877 0.0447781446 0.8495457157 0.5702147962 
-81.0259512347 0.0447648867 0.8496420935 0.5702508234 
-81.0313452100 0.0447514335 0.8497398671 0.5702864114 
-81.0368207597 0.0447377807 0.8498390679 0.5703215515 
-81.0423797734 0.0447239237 0.8499397283 0.5703562348 
-81.0480241850 0.0447098579 0.8500418813 0.5703904525 
-81.0537559736 0.0446955785 0.8501455607 0.5704241953 
-81.0595771647 0.0446810806 0.8502508009 0.5704574538 
-81.0654898313 0.0446663594 0.8503576371 0.5704902187 
-81.0714960946 0.0446514097 0.8504661053 0.5705224801 
-81.0775981258 0.0446362263 0.8505762424 0.5705542283 
-81.0837981466 0.0446208039 0.8506880860 0.5705854531 
-81.0900984306 0.0446051372 0.8508016745 0.5706161444 
-81.0965013047 0.0445892205 0.8509170471 0.5706462916 
-81.1030091499 0.0445730482 0.8510342440 0.5706758843 
-81.1096244030 0.0445566145 0.8511533061 0.5707049115 
-81.1163495576 0.0445399135 0.8512742753 0.5707333622 
-81.1231871654 0.0445229391 0.8513971945 0.5707612252 
-81.1301398377 0.0445056852 0.8515221072 0.5707884890 
-81.1372102467 0.0444881454 0.8516490581 0.5708151419 
-81.1444011270 0.0444703132 0.8517780928 0.5708411719 
-81.1517152769 0.0444521820 0.8519092578 0.5708665671 
-81.1591555600 0.0444337451 0.8520426008 0.5708913149 
-81.1667249066 0.0444149956 0.8521781701 0.5709154028 
-81.1744263154 0.0443959264 0.8523160154 0.5709388179 
-81.1822628550 0.0443765303 0.8524561874 0.5709615471 
-81.1902376657 0.0443567999 0.8525987377 0.5709835770 
-81.1983539609 0.0443367277 0.8527437190 0.5710048941 
-81.2066150291 0.0443163061 0.8528911853 0.5710254843 
-81.2150242354 0.0442955271 0.8530411915 0.5710453337 
-81.2235850235 0.0442743827 0.8531937938 0.5710644276 
-81.2323009176 0.0442528647 0.8533490494 0.5710827515 
-81.2411755239 0.0442309647 0.8535070168 0.5711002903 
-81.2502125332 0.0442086741 0.8536677557 0.5711170288 
-81.2594157224 0.0441859842 0.8538313269 0.5711329513 
-81.2687889565 0.0441628860 0.8539977927 0.5711480419 
-81.2783361911 0.0441393704 0.8541672164 0.5711622846 
-81.2880614743 0.0441154280 0.8543396626 0.5711756628 
-81.2979689490 0.0440910493 0.8545151974 0.5711881597 
-81.3080628550 0.0440662246 0.8546938881 0.5711997581 
-81.3183475315 0.0440409438 0.8548758034 0.5712104407 
-81.3288274195 0.0440151969 0.8550610131 0.5712201895 
-81.3395070641 0.0439889733 0.8552495889 0.5712289866 
-81.3503911170 0.0439622626 0.8554416034 0.5712368134 
-81.3614843395 0.0439350538 0.8556371310 0.5712436512 
-81.3727916044 0.0439073359 0.8558362473 0.5712494807 
-81.3843178995 0.0438790975 0.8560390295 0.5712542826 
-81.3960683299 0.0438503272 0.8562455564 0.5712580368 
-81.4080481209 0.0438210130 0.8564559080 0.5712607233 
-81.4202626211 0.0437911430 0.8566701662 0.5712623213 
-81.4327173054 0.0437607048 0.8568884141 0.5712628099 
-81.4454177780 0.0437296859 0.8571107368 0.5712621678 
-81.4583697756 0.0436980734 0.8573372206 0.5712603731 
-81.4715791709 0.0436658542 0.8575679537 0.5712574038 
-81.4850519756 0.0436330149 0.8578030257 0.5712532373 
-81.4987943441 0.0435995419 0.8580425281 0.5712478508 
-81.5128125768 0.0435654212 0.8582865540 0.5712412207 
-81.5271131243 0.0435306386 0.8585351981 0.5712333235 
-81.5417025904 0.0434951794 0.8587885570 0.5712241348 
-81.5565877365 0.0434590288 0.8590467288 0.5712136301 
-81.5717754853 0.0434221718 0.8593098136 0.5712017843 
-81.5872729251 0.0433845927 0.8595779131 0.5711885719 
-81.6030873138 0.0433462757 0.8598511309 0.5711739669 
-81.6192260831 0.0433072048 0.8601295723 0.5711579428 
-81.6356968433 0.0432673635 0.8604133446 0.5711404728 
-81.6525073876 0.0432267349 0.8607025567 0.5711215293 
-81.6696656966 0.0431853019 0.8609973196 0.5711010844 
-81.6871799437 0.0431430469 0.8612977459 0.5710791097 
-81.7050584995 0.0430999521 0.8616039503 0.5710555759 
-81.7233099372 0.0430559992 0.8619160493 0.5710304535 
-81.7419430379 0.0430111696 0.8622341612 0.5710037122 
-81.7609667959 0.0429654443 0.8625584064 0.5709753210 
-81.7803904241 0.0429188039 0.8628889071 0.5709452482 
-81.8002233604 0.0428712286 0.8632257874 0.5709134614 
-81.8204752728 0.0428226982 0.8635691733 0.5708799274 
-81.8411560662 0.0427731920 0.8639191929 0.5708446121 
-81.8622758881 0.0427226892 0.8642759759 0.5708074803 
-81.8838451358 0.0426711681 0.8646396542 0.5707684960 
-81.9058744625 0.0426186070 0.8650103616 0.5707276219 
-81.9283747845 0.0425649835 0.8653882337 0.5706848192 
-81.9513572881 0.0425102748 0.8657734080 0.5706400481 
-81.9748334375 0.0424544577 0.8661660240 0.5705932666 
-81.9988149817 0.0423975084 0.8665662230 0.5705444314 
-82.0233139630 0.0423394029 0.8669741482 0.5704934966 
-82.0483427246 0.0422801164 0.8673899447 0.5704404141 
-82.0739139193 0.0422196239 0.8678137594 0.5703851332 
-82.1000405185 0.0421578996 0.8682457408 0.5703275996 
-82.1267358203 0.0420949174 0.8686860396 0.5702677554 
-82.1540134597 0.0420306507 0.8691348079 0.5702055386 
-82.1818874180 0.0419650723 0.8695921997 0.5701408817 
-82.2103720326 0.0418981544 0.8700583705 0.5700737114 
-82.2394820076 0.0418298688 0.8705334777 0.5700039475 
-82.2692324246 0.0417601866 0.8710176801 0.5699315011 
-82.2996387540 0.0416890785 0.8715111381 0.5698562737 
-82.3307168665 0.0416165145 0.8720140136 0.5697781548 
-82.3624830455 0.0415424641 0.8725264699 0.5696970200 
-82.3949539999 0.0414668962 0.8730486718 0.5696127278 
-82.4281468773 0.0413897789 0.8735807854 0.5695251165 
-82.4620792778 0.0413110801 0.8741229779 0.5694339999 
-82.4967692691 0.0412307666 0.8746754178 0.5693391622 
-82.5322354018 0.0411488049 0.8752382748 0.5692403518 
-82.5684967254 0.0410651607 0.8758117195 0.5691372734 
-82.6055728061 0.0409797991 0.8763959236 0.5690295785 
-82.6434837447 0.0408926845 0.8769910594 0.5689168536 
-82.6822501966 0.0408037805 0.8775973005 0.5687986054 
-82.7218933925 0.0407130501 0.8782148209 0.5686742431 
-82.7624351613 0.0406204555 0.8788437953 0.5685430551 
-82.8038979544 0.0405259583 0.8794843992 0.5684041822 
-82.8463048727 0.0404295190 0.8801368084 0.5682565821 
-82.8896796957 0.0403310976 0.8808011996 0.5680989878 
-82.9340469144 0.0402306531 0.8814777498 0.5679298554 
-82.9794317666 0.0401281436 0.8821666365 0.5677473014 
-83.0258602782 0.0400235262 0.8828680380 0.5675490291 
-83.0733593080 0.0399167572 0.8835821331 0.5673322426 
-83.1219566003 0.0398077916 0.8843091014 0.5670935551 
-83.1716808429 0.0396965835 0.8850491239 0.5668288990 
-83.2225617353 0.0395830855 0.8858023824 0.5665334615 
-83.2746300649 0.0394672492 0.8865690610 0.5662016852 
-83.3279177943 0.0393490243 0.8873493455 0.5658273947 
-83.3824581562 0.0392283592 0.8881434247 0.5654040969 
-83.4382857726 0.0391052003 0.8889514907 0.5649269938 
-83.4954370443 0.0389794917 0.8897737442 0.5644195646 
-83.5539502863 0.0388511744 0.8906103947 0.5639664212 
-83.6138636514 0.0387201915 0.8914616281 0.5636160006 
-83.6752144266 0.0385864893 0.8923275962 0.5633611491 
-83.6798344290 0.0385764375 0.8923928720 0.5633437573 
-83.6798344290 0.0385764375 0.8923928720 0.5633437573 
