-81.9312442891 0.0425597896 0.8648578078 0.5091689449 
-81.9312395854 0.0425598008 0.8648577188 0.5091549327 
-81.9312303604 0.0425598229 0.8648575441 0.5091266403 
-81.9312169831 0.0425598548 0.8648572904 0.5090836017 
-81.9312000167 0.0425598953 0.8648569678 0.5090252851 
-81.9311802279 0.0425599425 0.8648565901 0.5089512745 
-81.9311584168 0.0425599945 0.8648561718 0.5088428637 
-81.9311366189 0.0425600465 0.8648557496 0.5087629453 
-81.9311156896 0.0425600965 0.8648553389 0.5086905386 
-81.9310965726 0.0425601421 0.8648549567 0.5086243548 
-81.9310801327 0.0425601814 0.8648546187 0.5085634407 
-81.9310671688 0.0425602124 0.8648543392 0.5085070974 
-81.9310584229 0.0425602333 0.8648541315 0.5084548115 
-81.9310545867 0.0425602426 0.8648540082 0.5084062020 
-81.9310563070 0.0425602386 0.8648539809 0.5083609809 
-81.9310641898 0.0425602199 0.8648540605 0.5083189253 
-81.9310788032 0.0425601852 0.8648542572 0.5082798572 
-81.9311006799 0.0425601332 0.8648545805 0.5082436302 
-81.9311303199 0.0425600626 0.8648550396 0.5082101204 
-81.9311681919 0.0425599725 0.8648556428 0.5081792196 
-81.9312147354 0.0425598617 0.8648563980 0.5081508314 
-81.9312703617 0.0425597292 0.8648573126 0.5081248681 
-81.9313354559 0.0425595742 0.8648583935 0.5081012488 
-81.9314103779 0.0425593958 0.8648596472 0.5080798977 
-81.9314954635 0.0425591931 0.8648610797 0.5080607431 
-81.9315910260 0.0425589655 0.8648626965 0.5080437171 
-81.9316973567 0.0425587122 0.8648645031 0.5080287546 
-81.9318147264 0.0425584326 0.8648665041 0.5080157936 
-81.9319433862 0.0425581261 0.8648687040 0.5080047746 
-81.9320835687 0.0425577921 0.8648711071 0.5079956404 
-81.9322354883 0.0425574302 0.8648737172 0.5079883362 
-81.9323993427 0.0425570398 0.8648765378 0.5079828095 
-81.9325753134 0.0425566206 0.8648795720 0.5079790095 
-81.9327635667 0.0425561721 0.8648828230 0.5079768878 
-81.9329642540 0.0425556939 0.8648862933 0.5079763976 
-81.9331775130 0.0425551858 0.8648899855 0.5079774940 
-81.9334034681 0.0425546475 0.8648939017 0.5079801336 
-81.9336422313 0.0425540786 0.8648980439 0.5079842748 
-81.9338939025 0.0425534790 0.8649024138 0.5079898777 
-81.9341585703 0.0425528484 0.8649070131 0.5079969035 
-81.9344363125 0.0425521867 0.8649118431 0.5080053153 
-81.9347271967 0.0425514937 0.8649169049 0.5080150771 
-81.9350312807 0.0425507692 0.8649221996 0.5080261545 
-81.9353486130 0.0425500132 0.8649277280 0.5080385143 
-81.9356792336 0.0425492255 0.8649334908 0.5080521244 
-81.9360231739 0.0425484061 0.8649394885 0.5080669540 
-81.9363804575 0.0425475549 0.8649457214 0.5080829732 
-81.9367511005 0.0425466719 0.8649521899 0.5081001532 
-81.9371351121 0.0425457571 0.8649588941 0.5081184665 
-81.9375324944 0.0425448104 0.8649658339 0.5081378862 
-81.9379432435 0.0425438319 0.8649730092 0.5081583864 
-81.9383673492 0.0425428216 0.8649804199 0.5081799422 
-81.9388047958 0.0425417795 0.8649880656 0.5082025295 
-81.9392555621 0.0425407057 0.8649959458 0.5082261250 
-81.9397196218 0.0425396003 0.8650040601 0.5082507062 
-81.9401969439 0.0425384633 0.8650124078 0.5082762514 
-81.9406874927 0.0425372949 0.8650209883 0.5083027395 
-81.9411912283 0.0425360950 0.8650298009 0.5083301501 
-81.9417081066 0.0425348639 0.8650388445 0.5083584636 
-81.9422380801 0.0425336016 0.8650481185 0.5083876610 
-81.9427810972 0.0425323083 0.8650576217 0.5084177237 
-81.9433371033 0.0425309841 0.8650673532 0.5084486341 
-81.9439060404 0.0425296291 0.8650773119 0.5084803746 
-81.9444878476 0.0425282435 0.8650874967 0.5085129287 
-81.9450824613 0.0425268274 0.8650979063 0.5085462801 
-81.9456898152 0.0425253811 0.8651085395 0.5085804130 
-81.9463098405 0.0425239046 0.8651193951 0.5086153121 
-81.9469424661 0.0425223982 0.8651304717 0.5086509628 
-81.9475876190 0.0425208620 0.8651417680 0.5086873507 
-81.9482452238 0.0425192961 0.8651532825 0.5087244617 
-81.9489152037 0.0425177009 0.8651650139 0.5087622824 
-81.9495974799 0.0425160764 0.8651769607 0.5088007997 
-81.9502919721 0.0425144230 0.8651891214 0.5088400008 
-81.9509985984 0.0425127406 0.8652014944 0.5088798732 
-81.9517172757 0.0425110297 0.8652140783 0.5089204051 
-81.9524479196 0.0425092903 0.8652268715 0.5089615846 
-81.9531904445 0.0425075227 0.8652398724 0.5090034004 
-81.9539447638 0.0425057271 0.8652530794 0.5090458413 
-81.9547107899 0.0425039037 0.8652664910 0.5090888967 
-81.9554884345 0.0425020528 0.8652801054 0.5091325560 
-81.9562776084 0.0425001744 0.8652939210 0.5091768090 
-81.9570782215 0.0424982689 0.8653079361 0.5092216458 
-81.9578901835 0.0424963365 0.8653221492 0.5092670566 
-81.9587134032 0.0424943774 0.8653365585 0.5093130321 
-81.9595477891 0.0424923917 0.8653511624 0.5093595630 
-81.9603932493 0.0424903798 0.8653659591 0.5094066403 
-81.9612496914 0.0424883419 0.8653809469 0.5094542554 
-81.9621170229 0.0424862781 0.8653961242 0.5095023995 
-81.9629951509 0.0424841888 0.8654114893 0.5095510645 
-81.9638839825 0.0424820741 0.8654270404 0.5096002422 
-81.9647834244 0.0424799342 0.8654427758 0.5096499246 
-81.9656933836 0.0424777694 0.8654586938 0.5097001040 
-81.9666137667 0.0424755799 0.8654747927 0.5097507728 
-81.9675444805 0.0424733660 0.8654910708 0.5098019235 
-81.9684854320 0.0424711278 0.8655075264 0.5098535490 
-81.9694365279 0.0424688655 0.8655241578 0.5099056422 
-81.9703976754 0.0424665795 0.8655409632 0.5099581961 
-81.9713687817 0.0424642699 0.8655579410 0.5100112039 
-81.9723497542 0.0424619370 0.8655750895 0.5100646591 
-81.9733405005 0.0424595809 0.8655924070 0.5101185551 
-81.9743409286 0.0424572020 0.8656098917 0.5101728855 
-81.9753509466 0.0424548003 0.8656275421 0.5102276443 
-81.9763704630 0.0424523762 0.8656453564 0.5102828252 
-81.9773993868 0.0424499299 0.8656633329 0.5103384223 
-81.9784376271 0.0424474615 0.8656814701 0.5103944297 
-81.9794850935 0.0424449714 0.8656997662 0.5104508418 
-81.9805416960 0.0424424596 0.8657182196 0.5105076528 
-81.9816073450 0.0424399265 0.8657368286 0.5105648573 
-81.9826819514 0.0424373723 0.8657555917 0.5106224498 
-81.9837654266 0.0424347971 0.8657745072 0.5106804251 
-81.9848576823 0.0424322012 0.8657935735 0.5107387780 
-81.9859586309 0.0424295847 0.8658127889 0.5107975033 
-81.9870681851 0.0424269480 0.8658321520 0.5108565959 
-81.9881862583 0.0424242912 0.8658516611 0.5109160511 
-81.9893127643 0.0424216145 0.8658713146 0.5109758639 
-81.9904476176 0.0424189181 0.8658911110 0.5110360296 
-81.9915907330 0.0424162023 0.8659110487 0.5110965436 
-81.9927420262 0.0424134672 0.8659311261 0.5111574012 
-81.9939014131 0.0424107130 0.8659513418 0.5112185979 
-81.9950688106 0.0424079399 0.8659716943 0.5112801293 
-81.9962441357 0.0424051482 0.8659921819 0.5113419911 
-81.9974273064 0.0424023381 0.8660128032 0.5114041789 
-81.9986182412 0.0423995096 0.8660335568 0.5114666885 
-81.9998168591 0.0423966631 0.8660544410 0.5115295159 
-82.0010230798 0.0423937988 0.8660754546 0.5115926569 
-82.0022368236 0.0423909167 0.8660965960 0.5116561075 
-82.0034580113 0.0423880171 0.8661178637 0.5117198638 
-82.0046865647 0.0423851003 0.8661392565 0.5117839219 
-82.0059224057 0.0423821663 0.8661607727 0.5118482780 
-82.0071654573 0.0423792154 0.8661824110 0.5119129282 
-82.0084156429 0.0423762478 0.8662041701 0.5119778690 
-82.0096728865 0.0423732636 0.8662260485 0.5120430966 
-82.0109371129 0.0423702630 0.8662480448 0.5121086075 
-82.0122082475 0.0423672462 0.8662701578 0.5121743981 
-82.0134862162 0.0423642134 0.8662923860 0.5122404649 
-82.0147709456 0.0423611647 0.8663147282 0.5123068046 
-82.0160623631 0.0423581004 0.8663371829 0.5123734136 
-82.0173603966 0.0423550206 0.8663597489 0.5124402888 
-82.0186649747 0.0423519255 0.8663824249 0.5125074268 
-82.0199760264 0.0423488152 0.8664052096 0.5125748244 
-82.0212934819 0.0423456900 0.8664281016 0.5126424783 
-82.0226172713 0.0423425499 0.8664510999 0.5127103855 
-82.0239473261 0.0423393952 0.8664742030 0.5127785429 
-82.0252835778 0.0423362261 0.8664974098 0.5128469473 
-82.0266259589 0.0423330426 0.8665207189 0.5129155959 
-82.0279744024 0.0423298449 0.8665441293 0.5129844855 
-82.0293288420 0.0423266333 0.8665676397 0.5130536134 
-82.0306892120 0.0423234078 0.8665912488 0.5131229766 
-82.0320554472 0.0423201686 0.8666149556 0.5131925722 
-82.0334274834 0.0423169160 0.8666387588 0.5132623975 
-82.0348052566 0.0423136499 0.8666626573 0.5133324496 
-82.0361887036 0.0423103707 0.8666866499 0.5134027259 
-82.0375777618 0.0423070783 0.8667107356 0.5134732237 
-82.0389723693 0.0423037731 0.8667349130 0.5135439403 
-82.0403724647 0.0423004551 0.8667591812 0.5136148731 
-82.0417779872 0.0422971245 0.8667835391 0.5136860194 
-82.0431888767 0.0422937814 0.8668079855 0.5137573769 
-82.0446050736 0.0422904260 0.8668325194 0.5138289428 
-82.0460265190 0.0422870584 0.8668571396 0.5139007148 
-82.0474531545 0.0422836787 0.8668818452 0.5139726904 
-82.0488849224 0.0422802871 0.8669066351 0.5140448671 
-82.0503217655 0.0422768838 0.8669315082 0.5141172427 
-82.0517636272 0.0422734688 0.8669564636 0.5141898147 
-82.0532104514 0.0422700424 0.8669815001 0.5142625808 
-82.0546621828 0.0422666045 0.8670066168 0.5143355387 
-82.0561187664 0.0422631555 0.8670318127 0.5144086862 
-82.0575801480 0.0422596953 0.8670570869 0.5144820210 
-82.0590462739 0.0422562242 0.8670824382 0.5145555410 
-82.0605170908 0.0422527422 0.8671078659 0.5146292438 
-82.0619925462 0.0422492496 0.8671333688 0.5147031275 
-82.0634725879 0.0422457463 0.8671589461 0.5147771898 
-82.0649571646 0.0422422326 0.8671845969 0.5148514287 
-82.0664462251 0.0422387085 0.8672103201 0.5149258422 
-82.0679397191 0.0422351742 0.8672361149 0.5150004281 
-82.0694375967 0.0422316298 0.8672619804 0.5150751845 
-82.0709398084 0.0422280755 0.8672879157 0.5151501093 
-82.0724463056 0.0422245112 0.8673139199 0.5152252007 
-82.0739570398 0.0422209372 0.8673399922 0.5153004566 
-82.0754719633 0.0422173536 0.8673661316 0.5153758752 
-82.0769910288 0.0422137605 0.8673923373 0.5154514546 
-82.0785141895 0.0422101580 0.8674186084 0.5155271929 
-82.0800413992 0.0422065462 0.8674449441 0.5156030883 
-82.0815726120 0.0422029252 0.8674713437 0.5156791390 
-82.0831077828 0.0421992951 0.8674978062 0.5157553431 
-82.0846468667 0.0421956561 0.8675243308 0.5158316989 
-82.0861898196 0.0421920082 0.8675509168 0.5159082047 
-82.0877365975 0.0421883516 0.8675775633 0.5159848587 
-82.0892871572 0.0421846863 0.8676042696 0.5160616593 
-82.0908414558 0.0421810125 0.8676310349 0.5161386047 
-82.0923994510 0.0421773303 0.8676578584 0.5162156933 
-82.0939611009 0.0421736397 0.8676847393 0.5162929234 
-82.0955263640 0.0421699408 0.8677116770 0.5163702935 
-82.0970951994 0.0421662339 0.8677386706 0.5164478020 
-82.0986675665 0.0421625189 0.8677657194 0.5165254472 
-82.1002434253 0.0421587959 0.8677928228 0.5166032276 
-82.1018227362 0.0421550651 0.8678199799 0.5166811417 
-82.1034054599 0.0421513265 0.8678471901 0.5167591879 
-82.1049915578 0.0421475803 0.8678744527 0.5168373648 
-82.1065809915 0.0421438265 0.8679017669 0.5169156709 
-82.1081737232 0.0421400652 0.8679291322 0.5169941048 
-82.1097697154 0.0421362965 0.8679565477 0.5170726649 
-82.1113689310 0.0421325206 0.8679840129 0.5171513499 
-82.1129713336 0.0421287374 0.8680115270 0.5172301584 
-82.1145768868 0.0421249471 0.8680390895 0.5173090889 
-82.1161855550 0.0421211498 0.8680666996 0.5173881402 
-82.1177973027 0.0421173455 0.8680943568 0.5174673109 
-82.1194120949 0.0421135343 0.8681220603 0.5175465996 
-82.1210298971 0.0421097164 0.8681498096 0.5176260050 
-82.1226506751 0.0421058918 0.8681776040 0.5177055259 
-82.1242743952 0.0421020605 0.8682054430 0.5177851609 
-82.1259010238 0.0420982227 0.8682333259 0.5178649088 
-82.1275305280 0.0420943785 0.8682612521 0.5179447684 
-82.1291628752 0.0420905278 0.8682892210 0.5180247384 
-82.1307980331 0.0420866709 0.8683172320 0.5181048175 
-82.1324359697 0.0420828077 0.8683452847 0.5181850047 
-82.1340766537 0.0420789384 0.8683733783 0.5182652988 
-82.1357200537 0.0420750630 0.8684015123 0.5183456984 
-82.1373661390 0.0420711816 0.8684296862 0.5184262026 
-82.1390148791 0.0420672943 0.8684578994 0.5185068102 
-82.1406662440 0.0420634012 0.8684861514 0.5185875200 
-82.1423202040 0.0420595022 0.8685144416 0.5186683310 
-82.1439767295 0.0420555975 0.8685427695 0.5187492421 
-82.1456357916 0.0420516872 0.8685711345 0.5188302521 
-82.1472973615 0.0420477713 0.8685995362 0.5189113601 
-82.1489614109 0.0420438500 0.8686279740 0.5189925649 
-82.1506279117 0.0420399231 0.8686564474 0.5190738656 
-82.1522968362 0.0420359909 0.8686849559 0.5191552612 
-82.1539681570 0.0420320534 0.8687134990 0.5192367505 
-82.1556418469 0.0420281107 0.8687420763 0.5193183327 
-82.1573178793 0.0420241628 0.8687706871 0.5194000068 
-82.1589962278 0.0420202098 0.8687993311 0.5194817718 
-82.1606768660 0.0420162517 0.8688280078 0.5195636267 
-82.1623597684 0.0420122886 0.8688567166 0.5196455706 
-82.1640449092 0.0420083206 0.8688854572 0.5197276027 
-82.1657322633 0.0420043478 0.8689142290 0.5198097219 
-82.1674218058 0.0420003702 0.8689430317 0.5198919274 
-82.1691135121 0.0419963878 0.8689718647 0.5199742183 
-82.1708073577 0.0419924007 0.8690007276 0.5200565937 
-82.1725033187 0.0419884090 0.8690296200 0.5201390528 
-82.1742013713 0.0419844127 0.8690585415 0.5202215948 
-82.1759014920 0.0419804119 0.8690874915 0.5203042187 
-82.1776036576 0.0419764067 0.8691164698 0.5203869238 
-82.1793078451 0.0419723970 0.8691454758 0.5204697093 
-82.1810140320 0.0419683830 0.8691745092 0.5205525743 
-82.1827221957 0.0419643647 0.8692035695 0.5206355181 
-82.1844323143 0.0419603422 0.8692326564 0.5207185399 
-82.1861443658 0.0419563155 0.8692617693 0.5208016389 
-82.1878583287 0.0419522846 0.8692909081 0.5208848145 
-82.1895741816 0.0419482497 0.8693200721 0.5209680657 
-82.1912919034 0.0419442107 0.8693492612 0.5210513920 
-82.1930114733 0.0419401677 0.8693784748 0.5211347926 
-82.1947328707 0.0419361208 0.8694077126 0.5212182668 
-82.1964560752 0.0419320700 0.8694369742 0.5213018139 
-82.1981810669 0.0419280154 0.8694662592 0.5213854332 
-82.1999078257 0.0419239570 0.8694955674 0.5214691241 
-82.2016363321 0.0419198948 0.8695248982 0.5215528858 
-82.2033665668 0.0419158290 0.8695542515 0.5216367178 
-82.2050985105 0.0419117595 0.8695836267 0.5217206194 
-82.2068321444 0.0419076864 0.8696130236 0.5218045899 
-82.2085674497 0.0419036097 0.8696424418 0.5218886287 
-82.2103044079 0.0418995296 0.8696718809 0.5219727353 
-82.2120430009 0.0418954459 0.8697013407 0.5220569090 
-82.2137832106 0.0418913588 0.8697308208 0.5221411493 
-82.2155250192 0.0418872684 0.8697603208 0.5222254555 
-82.2172684090 0.0418831746 0.8697898405 0.5223098271 
-82.2190133627 0.0418790775 0.8698193795 0.5223942635 
-82.2207598631 0.0418749771 0.8698489374 0.5224787643 
-82.2225078931 0.0418708735 0.8698785141 0.5225633288 
-82.2242574362 0.0418667668 0.8699081091 0.5226479565 
-82.2260084756 0.0418626569 0.8699377221 0.5227326469 
-82.2277609949 0.0418585439 0.8699673528 0.5228173994 
-82.2295149781 0.0418544278 0.8699970010 0.5229022137 
-82.2312704090 0.0418503087 0.8700266663 0.5229870892 
-82.2330272720 0.0418461867 0.8700563485 0.5230720254 
-82.2347855513 0.0418420617 0.8700860472 0.5231570219 
-82.2365452317 0.0418379338 0.8701157621 0.5232420781 
-82.2383062977 0.0418338030 0.8701454930 0.5233271937 
-82.2400687344 0.0418296694 0.8701752395 0.5234123682 
-82.2418325269 0.0418255329 0.8702050014 0.5234976011 
-82.2435976604 0.0418213937 0.8702347785 0.5235828921 
-82.2453641204 0.0418172518 0.8702645703 0.5236682407 
-82.2471318927 0.0418131072 0.8702943767 0.5237536466 
-82.2489009628 0.0418089599 0.8703241974 0.5238391092 
-82.2506713169 0.0418048100 0.8703540321 0.5239246283 
-82.2524429411 0.0418006576 0.8703838806 0.5240102035 
-82.2542158217 0.0417965025 0.8704137425 0.5240958343 
-82.2559899451 0.0417923449 0.8704436176 0.5241815205 
-82.2577652979 0.0417881848 0.8704735057 0.5242672617 
-82.2595418669 0.0417840223 0.8705034065 0.5243530575 
-82.2613196390 0.0417798573 0.8705333197 0.5244389077 
-82.2630986014 0.0417756899 0.8705632451 0.5245248118 
-82.2648787411 0.0417715202 0.8705931825 0.5246107696 
-82.2666600456 0.0417673481 0.8706231315 0.5246967808 
-82.2684425025 0.0417631737 0.8706530920 0.5247828451 
-82.2702260992 0.0417589970 0.8706830637 0.5248689622 
-82.2720108238 0.0417548181 0.8707130464 0.5249551317 
-82.2737966639 0.0417506369 0.8707430398 0.5250413536 
-82.2755836078 0.0417464536 0.8707730436 0.5251276274 
-82.2773716436 0.0417422680 0.8708030577 0.5252139530 
-82.2791607597 0.0417380804 0.8708330819 0.5253003300 
-82.2809509445 0.0417338906 0.8708631157 0.5253867584 
-82.2827421865 0.0417296988 0.8708931592 0.5254732377 
-82.2845344746 0.0417255049 0.8709232119 0.5255597680 
-82.2863277975 0.0417213089 0.8709532738 0.5256463488 
-82.2881221441 0.0417171110 0.8709833445 0.5257329801 
-82.2899175036 0.0417129111 0.8710134238 0.5258196616 
-82.2917138650 0.0417087092 0.8710435116 0.5259063932 
-82.2935112178 0.0417045054 0.8710736076 0.5259931747 
-82.2953095514 0.0417002997 0.8711037115 0.5260800060 
-82.2971088551 0.0416960922 0.8711338232 0.5261668869 
-82.2989091187 0.0416918828 0.8711639424 0.5262538172 
-82.3007103319 0.0416876715 0.8711940689 0.5263407968 
-82.3025124845 0.0416834585 0.8712242026 0.5264278257 
-82.3043155664 0.0416792437 0.8712543431 0.5265149036 
-82.3061195677 0.0416750272 0.8712844903 0.5266020305 
-82.3079244786 0.0416708089 0.8713146440 0.5266892064 
-82.3097302891 0.0416665889 0.8713448039 0.5267764310 
-82.3115369898 0.0416623672 0.8713749698 0.5268637045 
-82.3133445708 0.0416581439 0.8714051416 0.5269510265 
-82.3151530228 0.0416539189 0.8714353190 0.5270383973 
-82.3169623364 0.0416496923 0.8714655019 0.5271258166 
-82.3187725021 0.0416454642 0.8714956899 0.5272132844 
-82.3205835108 0.0416412344 0.8715258829 0.5273008008 
-82.3223953533 0.0416370032 0.8715560807 0.5273883657 
-82.3242080204 0.0416327704 0.8715862831 0.5274759791 
-82.3260215032 0.0416285360 0.8716164899 0.5275636411 
-82.3278357927 0.0416243003 0.8716467008 0.5276513515 
-82.3296508801 0.0416200630 0.8716769157 0.5277391105 
-82.3314667565 0.0416158243 0.8717071344 0.5278269182 
-82.3332834132 0.0416115842 0.8717373566 0.5279147744 
-82.3351008416 0.0416073427 0.8717675822 0.5280026794 
-82.3369190330 0.0416030998 0.8717978109 0.5280906332 
-82.3387379789 0.0415988556 0.8718280425 0.5281786357 
-82.3405576708 0.0415946101 0.8718582769 0.5282666873 
-82.3423781003 0.0415903632 0.8718885138 0.5283547879 
-82.3441992591 0.0415861150 0.8719187530 0.5284429376 
-82.3460211387 0.0415818655 0.8719489944 0.5285311367 
-82.3478437310 0.0415776148 0.8719792376 0.5286193851 
-82.3496670278 0.0415733629 0.8720094826 0.5287076831 
-82.3514910208 0.0415691097 0.8720397290 0.5287960309 
-82.3533157019 0.0415648554 0.8720699768 0.5288844285 
-82.3551410631 0.0415605998 0.8721002256 0.5289728762 
-82.3569670963 0.0415563432 0.8721304752 0.5290613742 
-82.3587937936 0.0415520853 0.8721607256 0.5291499227 
-82.3606211470 0.0415478264 0.8721909763 0.5292385219 
-82.3624491485 0.0415435663 0.8722212273 0.5293271720 
-82.3642777903 0.0415393052 0.8722514784 0.5294158733 
-82.3661070645 0.0415350430 0.8722817292 0.5295046260 
-82.3679369632 0.0415307798 0.8723119796 0.5295934304 
-82.3697674788 0.0415265155 0.8723422293 0.5296822868 
-82.3715986033 0.0415222502 0.8723724783 0.5297711955 
-82.3734303291 0.0415179840 0.8724027261 0.5298601568 
-82.3752626484 0.0415137168 0.8724329727 0.5299491709 
-82.3770955536 0.0415094486 0.8724632177 0.5300382384 
-82.3789290368 0.0415051795 0.8724934610 0.5301273594 
-82.3807630905 0.0415009094 0.8725237023 0.5302165344 
-82.3825977070 0.0414966385 0.8725539414 0.5303057637 
-82.3844328786 0.0414923667 0.8725841781 0.5303950478 
-82.3862685978 0.0414880941 0.8726144121 0.5304843870 
-82.3881048568 0.0414838206 0.8726446433 0.5305737818 
-82.3899416480 0.0414795463 0.8726748712 0.5306632326 
-82.3917789639 0.0414752711 0.8727050959 0.5307527399 
-82.3936167968 0.0414709952 0.8727353168 0.5308423041 
-82.3954551392 0.0414667185 0.8727655340 0.5309319257 
-82.3972939833 0.0414624411 0.8727957470 0.5310216053 
-82.3991333216 0.0414581629 0.8728259556 0.5311113432 
-82.4009731465 0.0414538841 0.8728561596 0.5312011402 
-82.4028134503 0.0414496045 0.8728863588 0.5312909967 
-82.4046542255 0.0414453243 0.8729165528 0.5313809132 
-82.4064954643 0.0414410434 0.8729467414 0.5314708905 
-82.4083371592 0.0414367618 0.8729769244 0.5315609290 
-82.4101793025 0.0414324796 0.8730071014 0.5316510295 
-82.4120218865 0.0414281969 0.8730372722 0.5317411925 
-82.4138649035 0.0414239135 0.8730674365 0.5318314187 
-82.4157083459 0.0414196296 0.8730975941 0.5319217088 
-82.4175522059 0.0414153451 0.8731277446 0.5320120634 
-82.4193964759 0.0414110601 0.8731578877 0.5321024834 
-82.4212411480 0.0414067746 0.8731880233 0.5321929693 
-82.4230862144 0.0414024886 0.8732181509 0.5322835221 
-82.4249316675 0.0413982021 0.8732482702 0.5323741424 
-82.4267774994 0.0413939152 0.8732783811 0.5324648311 
-82.4286237023 0.0413896278 0.8733084831 0.5325555889 
-82.4304702682 0.0413853400 0.8733385759 0.5326464168 
-82.4323171894 0.0413810518 0.8733686593 0.5327373155 
-82.4341644579 0.0413767633 0.8733987329 0.5328282860 
-82.4360120659 0.0413724743 0.8734287963 0.5329193292 
-82.4378600053 0.0413681851 0.8734588492 0.5330104459 
-82.4397082681 0.0413638955 0.8734888914 0.5331016372 
-82.4415568464 0.0413596056 0.8735189224 0.5331929040 
-82.4434057322 0.0413553154 0.8735489419 0.5332842473 
-82.4452549173 0.0413510249 0.8735789495 0.5333756681 
-82.4471043938 0.0413467343 0.8736089449 0.5334671675 
-82.4489541534 0.0413424433 0.8736389277 0.5335587465 
-82.4508041881 0.0413381522 0.8736688975 0.5336504063 
-82.4526544896 0.0413338609 0.8736988540 0.5337421480 
-82.4545050499 0.0413295694 0.8737287968 0.5338339727 
-82.4563558606 0.0413252778 0.8737587254 0.5339258816 
-82.4582069136 0.0413209860 0.8737886395 0.5340178760 
-82.4600582006 0.0413166941 0.8738185386 0.5341099569 
-82.4619097134 0.0413124022 0.8738484224 0.5342021258 
-82.4637614435 0.0413081101 0.8738782904 0.5342943838 
-82.4656133828 0.0413038181 0.8739081422 0.5343867324 
-82.4674655228 0.0412995259 0.8739379774 0.5344791728 
-82.4693178553 0.0412952338 0.8739677955 0.5345717065 
-82.4711703719 0.0412909417 0.8739975960 0.5346643348 
-82.4730230641 0.0412866496 0.8740273785 0.5347570592 
-82.4748759237 0.0412823576 0.8740571426 0.5348498811 
-82.4767289423 0.0412780657 0.8740868878 0.5349428022 
-82.4785821113 0.0412737738 0.8741166135 0.5350358238 
-82.4804354226 0.0412694820 0.8741463193 0.5351289477 
-82.4822888676 0.0412651904 0.8741760047 0.5352221753 
-82.4841424381 0.0412608989 0.8742056692 0.5353155084 
-82.4859961256 0.0412566076 0.8742353122 0.5354089485 
-82.4878499218 0.0412523165 0.8742649332 0.5355024975 
-82.4897038184 0.0412480256 0.8742945318 0.5355961571 
-82.4915578070 0.0412437350 0.8743241073 0.5356899290 
-82.4934118794 0.0412394445 0.8743536592 0.5357838151 
-82.4952660275 0.0412351544 0.8743831869 0.5358778172 
-82.4971202428 0.0412308645 0.8744126898 0.5359719373 
-82.4989745174 0.0412265750 0.8744421675 0.5360661773 
-82.5008288431 0.0412222858 0.8744716192 0.5361605392 
-82.5026832119 0.0412179969 0.8745010444 0.5362550250 
-82.5045376157 0.0412137084 0.8745304424 0.5363496367 
-82.5063920468 0.0412094203 0.8745598127 0.5364443765 
-82.5082464972 0.0412051326 0.8745891545 0.5365392466 
-82.5101009593 0.0412008453 0.8746184673 0.5366342490 
-82.5119554254 0.0411965585 0.8746477504 0.5367293862 
-82.5138098880 0.0411922721 0.8746770032 0.5368246603 
-82.5156643398 0.0411879862 0.8747062248 0.5369200736 
-82.5175187733 0.0411837008 0.8747354147 0.5370156287 
-82.5193731814 0.0411794160 0.8747645722 0.5371113278 
-82.5212275573 0.0411751316 0.8747936965 0.5372071736 
-82.5230818940 0.0411708478 0.8748227869 0.5373031684 
-82.5249361848 0.0411665646 0.8748518427 0.5373993150 
-82.5267904233 0.0411622820 0.8748808631 0.5374956159 
-82.5286446032 0.0411579999 0.8749098474 0.5375920737 
-82.5304987184 0.0411537185 0.8749387947 0.5376886913 
-82.5323527630 0.0411494377 0.8749677044 0.5377854715 
-82.5342067315 0.0411451575 0.8749965756 0.5378824170 
-82.5360606184 0.0411408780 0.8750254075 0.5379795309 
-82.5379144186 0.0411365992 0.8750541992 0.5380768159 
-82.5397681274 0.0411323210 0.8750829500 0.5381742753 
-82.5416217402 0.0411280435 0.8751116590 0.5382719120 
-82.5434752527 0.0411237668 0.8751403253 0.5383697292 
-82.5453286612 0.0411194907 0.8751689481 0.5384677300 
-82.5471819622 0.0411152154 0.8751975264 0.5385659179 
-82.5490351525 0.0411109408 0.8752260594 0.5386642959 
-82.5508882293 0.0411066669 0.8752545462 0.5387628677 
-82.5527411904 0.0411023938 0.8752829858 0.5388616366 
-82.5545940338 0.0410981215 0.8753113774 0.5389606061 
-82.5564467582 0.0410938499 0.8753397198 0.5390597798 
-82.5582993626 0.0410895790 0.8753680123 0.5391591615 
-82.5601518465 0.0410853089 0.8753962537 0.5392587548 
-82.5620042102 0.0410810396 0.8754244432 0.5393585635 
-82.5638564543 0.0410767710 0.8754525797 0.5394585915 
-82.5657085799 0.0410725032 0.8754806621 0.5395588427 
-82.5675605890 0.0410682362 0.8755086896 0.5396593213 
-82.5694124842 0.0410639699 0.8755366609 0.5397600312 
-82.5712642685 0.0410597044 0.8755645751 0.5398609766 
-82.5731159459 0.0410554396 0.8755924311 0.5399621619 
-82.5749675209 0.0410511755 0.8756202278 0.5400635913 
-82.5768189991 0.0410469122 0.8756479642 0.5401652693 
-82.5786703865 0.0410426496 0.8756756390 0.5402672003 
-82.5805216903 0.0410383876 0.8757032512 0.5403693890 
-82.5823729182 0.0410341264 0.8757307997 0.5404718400 
-82.5842240791 0.0410298658 0.8757582832 0.5405745582 
-82.5860751828 0.0410256058 0.8757857008 0.5406775482 
-82.5879262400 0.0410213465 0.8758130510 0.5407808151 
-82.5897772624 0.0410170877 0.8758403329 0.5408843640 
-82.5916282628 0.0410128296 0.8758675452 0.5409881999 
-82.5934792552 0.0410085719 0.8758946866 0.5410923280 
-82.5953302547 0.0410043148 0.8759217561 0.5411967537 
-82.5971812775 0.0410000581 0.8759487522 0.5413014824 
-82.5990323411 0.0409958019 0.8759756739 0.5414065196 
-82.6008834644 0.0409915460 0.8760025197 0.5415118709 
-82.6027346674 0.0409872905 0.8760292886 0.5416175421 
-82.6045859717 0.0409830353 0.8760559792 0.5417235389 
-82.6064374003 0.0409787803 0.8760825902 0.5418298673 
-82.6082889776 0.0409745255 0.8761091203 0.5419365334 
-82.6101407296 0.0409702709 0.8761355683 0.5420435432 
-82.6119926838 0.0409660163 0.8761619328 0.5421509031 
-82.6138448696 0.0409617618 0.8761882124 0.5422586195 
-82.6156973178 0.0409575072 0.8762144060 0.5423666987 
-82.6175500613 0.0409532524 0.8762405120 0.5424751475 
-82.6194031345 0.0409489975 0.8762665293 0.5425839726 
-82.6212565739 0.0409447422 0.8762924564 0.5426931807 
-82.6231104180 0.0409404866 0.8763182919 0.5428027790 
-82.6249647071 0.0409362305 0.8763440346 0.5429127744 
-82.6268194837 0.0409319739 0.8763696830 0.5430231743 
-82.6286747927 0.0409277166 0.8763952358 0.5431339859 
-82.6305306807 0.0409234586 0.8764206916 0.5432452169 
-82.6323871972 0.0409191997 0.8764460490 0.5433568747 
-82.6342443936 0.0409149398 0.8764713067 0.5434689671 
-82.6361023240 0.0409106787 0.8764964631 0.5435815021 
-82.6379610448 0.0409064165 0.8765215171 0.5436944877 
-82.6398206153 0.0409021529 0.8765464671 0.5438079320 
-82.6416810973 0.0408978878 0.8765713117 0.5439218435 
-82.6435425553 0.0408936210 0.8765960497 0.5440362305 
-82.6454050568 0.0408893524 0.8766206795 0.5441511017 
-82.6472686721 0.0408850819 0.8766451999 0.5442664659 
-82.6491334746 0.0408808093 0.8766696094 0.5443823319 
-82.6509995406 0.0408765343 0.8766939066 0.5444987090 
-82.6528669500 0.0408722569 0.8767180902 0.5446156062 
-82.6547357855 0.0408679769 0.8767421588 0.5447330331 
-82.6566061334 0.0408636939 0.8767661111 0.5448509992 
-82.6584780836 0.0408594080 0.8767899456 0.5449695142 
-82.6603517293 0.0408551187 0.8768136611 0.5450885881 
-82.6622271675 0.0408508260 0.8768372562 0.5452082309 
-82.6641044989 0.0408465296 0.8768607297 0.5453284528 
-82.6659838282 0.0408422293 0.8768840800 0.5454492643 
-82.6678652637 0.0408379247 0.8769073061 0.5455706761 
-82.6697489182 0.0408336157 0.8769304066 0.5456926988 
-82.6716349085 0.0408293020 0.8769533802 0.5458153435 
-82.6735233555 0.0408249834 0.8769762256 0.5459386214 
-82.6754143848 0.0408206595 0.8769989418 0.5460625437 
-82.6773081261 0.0408163300 0.8770215273 0.5461871220 
-82.6792047142 0.0408119947 0.8770439812 0.5463123681 
-82.6811042882 0.0408076532 0.8770663021 0.5464382940 
-82.6830069923 0.0408033053 0.8770884889 0.5465649117 
-82.6849129755 0.0407989505 0.8771105406 0.5466922336 
-82.6868223919 0.0407945885 0.8771324560 0.5468202722 
-82.6887354008 0.0407902191 0.8771542340 0.5469490404 
-82.6906521670 0.0407858417 0.8771758737 0.5470785510 
-82.6925728604 0.0407814560 0.8771973741 0.5472088174 
-82.6944976567 0.0407770617 0.8772187341 0.5473398529 
-82.6964267373 0.0407726582 0.8772399529 0.5474716711 
-82.6983602892 0.0407682453 0.8772610296 0.5476042859 
-82.7002985056 0.0407638224 0.8772819633 0.5477377114 
-82.7022415857 0.0407593891 0.8773027532 0.5478719619 
-82.7041897347 0.0407549450 0.8773233985 0.5480070520 
-82.7061431645 0.0407504895 0.8773438985 0.5481429965 
-82.7081020931 0.0407460222 0.8773642526 0.5482798103 
-82.7100667455 0.0407415426 0.8773844602 0.5484175088 
-82.7120373531 0.0407370502 0.8774045205 0.5485561074 
-82.7140141543 0.0407325443 0.8774244332 0.5486956220 
-82.7159973947 0.0407280245 0.8774441978 0.5488360686 
-82.7179873268 0.0407234902 0.8774638139 0.5489774634 
-82.7199842105 0.0407189408 0.8774832811 0.5491198230 
-82.7219883132 0.0407143757 0.8775025991 0.5492631642 
-82.7239999099 0.0407097942 0.8775217677 0.5494075040 
-82.7260192832 0.0407051959 0.8775407868 0.5495528598 
-82.7280467236 0.0407005799 0.8775596563 0.5496992491 
-82.7300825297 0.0406959456 0.8775783762 0.5498466899 
-82.7321270084 0.0406912923 0.8775969466 0.5499952002 
-82.7341804745 0.0406866194 0.8776153675 0.5501447985 
-82.7362432516 0.0406819261 0.8776336393 0.5502955035 
-82.7383156718 0.0406772116 0.8776517622 0.5504473342 
-82.7403980759 0.0406724751 0.8776697365 0.5506003098 
-82.7424908138 0.0406677160 0.8776875629 0.5507544500 
-82.7445942441 0.0406629333 0.8777052419 0.5509097744 
-82.7467087350 0.0406581263 0.8777227740 0.5510663034 
-82.7488346637 0.0406532940 0.8777401601 0.5512240574 
-82.7509724170 0.0406484357 0.8777574011 0.5513830570 
-82.7531223915 0.0406435505 0.8777744978 0.5515433234 
-82.7552849934 0.0406386373 0.8777914513 0.5517048778 
-82.7574606389 0.0406336954 0.8778082629 0.5518677419 
-82.7596497543 0.0406287236 0.8778249337 0.5520319377 
-82.7618527760 0.0406237211 0.8778414652 0.5521974874 
-82.7640701510 0.0406186869 0.8778578589 0.5523644136 
-82.7663023367 0.0406136198 0.8778741163 0.5525327391 
-82.7685498011 0.0406085189 0.8778902393 0.5527024872 
-82.7708130232 0.0406033831 0.8779062297 0.5528736813 
-82.7730924927 0.0405982112 0.8779220894 0.5530463452 
-82.7753887108 0.0405930022 0.8779378207 0.5532205031 
-82.7777021895 0.0405877549 0.8779534257 0.5533961795 
-82.7800334524 0.0405824682 0.8779689069 0.5535733990 
-82.7823830348 0.0405771407 0.8779842668 0.5537521867 
-82.7847514833 0.0405717714 0.8779995081 0.5539325681 
-82.7871393567 0.0405663588 0.8780146336 0.5541145687 
-82.7895472253 0.0405609019 0.8780296462 0.5542982147 
-82.7919756720 0.0405553991 0.8780445491 0.5544835322 
-82.7944252914 0.0405498493 0.8780593456 0.5546705480 
-82.7968966909 0.0405442511 0.8780740391 0.5548592890 
-82.7993904900 0.0405386030 0.8780886331 0.5550497823 
-82.8019073212 0.0405329036 0.8781031315 0.5552420555 
-82.8044478293 0.0405271515 0.8781175382 0.5554361366 
-82.8070126725 0.0405213453 0.8781318573 0.5556320534 
-82.8096025215 0.0405154834 0.8781460929 0.5558298346 
-82.8122180604 0.0405095642 0.8781602497 0.5560295087 
-82.8148599864 0.0405035863 0.8781743322 0.5562311049 
-82.8175290104 0.0404975480 0.8781883452 0.5564346522 
-82.8202258563 0.0404914478 0.8782022937 0.5566401802 
-82.8229512620 0.0404852839 0.8782161829 0.5568477188 
-82.8257059790 0.0404790546 0.8782300181 0.5570572980 
-82.8284907725 0.0404727584 0.8782438050 0.5572689479 
-82.8313064219 0.0404663934 0.8782575492 0.5574826992 
-82.8341537206 0.0404599578 0.8782712568 0.5576985826 
-82.8370334762 0.0404534499 0.8782849339 0.5579166291 
-82.8399465104 0.0404468677 0.8782985868 0.5581368697 
-82.8428936596 0.0404402096 0.8783122223 0.5583593359 
-82.8458757747 0.0404334735 0.8783258469 0.5585840592 
-82.8488937209 0.0404266575 0.8783394678 0.5588110713 
-82.8519483787 0.0404197597 0.8783530922 0.5590404040 
-82.8550406430 0.0404127780 0.8783667275 0.5592720893 
-82.8581714238 0.0404057105 0.8783803814 0.5595061594 
-82.8613416462 0.0403985551 0.8783940618 0.5597426463 
-82.8645522507 0.0403913097 0.8784077767 0.5599815824 
-82.8678041927 0.0403839721 0.8784215346 0.5602230000 
-82.8710984434 0.0403765402 0.8784353440 0.5604669314 
-82.8744359892 0.0403690119 0.8784492137 0.5607134090 
-82.8778178326 0.0403613848 0.8784631529 0.5609624652 
-82.8812449914 0.0403536568 0.8784771707 0.5612141323 
-82.8847184996 0.0403458256 0.8784912768 0.5614684425 
-82.8882394072 0.0403378887 0.8785054810 0.5617254279 
-82.8918087805 0.0403298439 0.8785197933 0.5619851206 
-82.8954277017 0.0403216888 0.8785342239 0.5622475524 
-82.8990972700 0.0403134209 0.8785487836 0.5625127550 
-82.9028186007 0.0403050378 0.8785634830 0.5627807596 
-82.9065928264 0.0402965369 0.8785783333 0.5630515976 
-82.9104210961 0.0402879158 0.8785933459 0.5633252996 
-82.9143045764 0.0402791718 0.8786085323 0.5636018961 
-82.9182444510 0.0402703024 0.8786239045 0.5638814171 
-82.9222419210 0.0402613049 0.8786394746 0.5641638923 
-82.9262982054 0.0402521766 0.8786552552 0.5644493506 
-82.9304145411 0.0402429149 0.8786712589 0.5647378206 
-82.9345921832 0.0402335168 0.8786874988 0.5650293302 
-82.9388324052 0.0402239798 0.8787039883 0.5653239065 
-82.9431364993 0.0402143008 0.8787207410 0.5656215762 
-82.9475057769 0.0402044771 0.8787377709 0.5659223647 
-82.9519415686 0.0401945058 0.8787550922 0.5662262970 
-82.9564452246 0.0401843838 0.8787727196 0.5665333968 
-82.9610181152 0.0401741082 0.8787906679 0.5668436871 
-82.9656616312 0.0401636759 0.8788089525 0.5671571896 
-82.9703771843 0.0401530840 0.8788275889 0.5674739249 
-82.9751662072 0.0401423292 0.8788465930 0.5677939124 
-82.9800301546 0.0401314084 0.8788659813 0.5681171700 
-82.9849705035 0.0401203183 0.8788857704 0.5684437143 
-82.9899887536 0.0401090558 0.8789059773 0.5687735603 
-82.9950864283 0.0400976175 0.8789266196 0.5691067215 
-83.0002650748 0.0400860001 0.8789477151 0.5694432096 
-83.0055262652 0.0400742001 0.8789692821 0.5697830344 
-83.0108715971 0.0400622141 0.8789913393 0.5701262039 
-83.0163026944 0.0400500387 0.8790139061 0.5704727240 
-83.0218212081 0.0400376701 0.8790370019 0.5708225983 
-83.0274288172 0.0400251049 0.8790606471 0.5711758283 
-83.0331272298 0.0400123393 0.8790848622 0.5715324129 
-83.0389181841 0.0399993696 0.8791096684 0.5718923487 
-83.0448034492 0.0399861920 0.8791350874 0.5722556294 
-83.0507848267 0.0399728027 0.8791611417 0.5726222459 
-83.0568641518 0.0399591976 0.8791878541 0.5729921864 
-83.0630432946 0.0399453729 0.8792152483 0.5733654356 
-83.0693241616 0.0399313243 0.8792433484 0.5737419753 
-83.0757086971 0.0399170478 0.8792721793 0.5741217838 
-83.0821988851 0.0399025392 0.8793017668 0.5745048357 
-83.0887967509 0.0398877941 0.8793321373 0.5748911020 
-83.0955043628 0.0398728081 0.8793633181 0.5752805500 
-83.1023238341 0.0398575767 0.8793953372 0.5756731426 
-83.1092573257 0.0398420954 0.8794282236 0.5760688389 
-83.1163070475 0.0398263594 0.8794620074 0.5764675935 
-83.1234752614 0.0398103640 0.8794967194 0.5768693563 
-83.1307642835 0.0397941043 0.8795323917 0.5772740727 
-83.1381764869 0.0397775751 0.8795690574 0.5776816832 
-83.1457143043 0.0397607715 0.8796067507 0.5780921234 
-83.1533802314 0.0397436882 0.8796455072 0.5785053236 
-83.1611768294 0.0397263197 0.8796853638 0.5789212086 
-83.1691067291 0.0397086605 0.8797263586 0.5793396981 
-83.1771726336 0.0396907049 0.8797685312 0.5797607059 
-83.1853773227 0.0396724472 0.8798119228 0.5801841400 
-83.1937236565 0.0396538812 0.8798565762 0.5806099026 
-83.2022145796 0.0396350008 0.8799025358 0.5810378898 
-83.2108531253 0.0396157998 0.8799498479 0.5814679916 
-83.2196424205 0.0395962715 0.8799985605 0.5819000917 
-83.2285856902 0.0395764091 0.8800487238 0.5823340674 
-83.2376862627 0.0395562058 0.8801003897 0.5827697897 
-83.2469475751 0.0395356545 0.8801536127 0.5832071231 
-83.2563731786 0.0395147476 0.8802084493 0.5836459256 
-83.2659667444 0.0394934775 0.8802649584 0.5840860487 
-83.2757320699 0.0394718364 0.8803232014 0.5845273374 
-83.2856730854 0.0394498161 0.8803832424 0.5849696303 
-83.2957938602 0.0394274082 0.8804451481 0.5854127599 
-83.3060986103 0.0394046039 0.8805089881 0.5858565521 
-83.3165917052 0.0393813941 0.8805748351 0.5863008270 
-83.3272776759 0.0393577695 0.8806427647 0.5867453990 
-83.3381612227 0.0393337204 0.8807128559 0.5871900765 
-83.3492472236 0.0393092367 0.8807851909 0.5876346629 
-83.3605407427 0.0392843080 0.8808598555 0.5880789566 
-83.3720470396 0.0392589234 0.8809369391 0.5885227515 
-83.3837715783 0.0392330717 0.8810165349 0.5889658373 
-83.3957200370 0.0392067411 0.8810987401 0.5894080001 
-83.4078983182 0.0391799197 0.8811836557 0.5898490232 
-83.4203125590 0.0391525947 0.8812713872 0.5902886871 
-83.4329691416 0.0391247532 0.8813620442 0.5907267711 
-83.4458747046 0.0390963815 0.8814557409 0.5911630532 
-83.4590361544 0.0390674654 0.8815525962 0.5915973113 
-83.4724606765 0.0390379905 0.8816527335 0.5920293241 
-83.4861557480 0.0390079413 0.8817562814 0.5924588718 
-83.5001291500 0.0389773021 0.8818633735 0.5928857372 
-83.5143889801 0.0389460564 0.8819741483 0.5933097067 
-83.5289436654 0.0389141870 0.8820887501 0.5937305711 
-83.5438019762 0.0388816763 0.8822073284 0.5941481268 
-83.5589730396 0.0388485058 0.8823300383 0.5945621769 
-83.5744663532 0.0388146562 0.8824570406 0.5949725323 
-83.5902918000 0.0387801077 0.8825885023 0.5953790124 
-83.6064596625 0.0387448395 0.8827245959 0.5957814464 
-83.6229806378 0.0387088302 0.8828655005 0.5961796743 
-83.6398658531 0.0386720575 0.8830114011 0.5965735475 
-83.6571268806 0.0386344982 0.8831624892 0.5969629303 
-83.6747757543 0.0385961283 0.8833189627 0.5973476999 
-83.6928249852 0.0385569229 0.8834810263 0.5977277477 
-83.7112875784 0.0385168562 0.8836488910 0.5981029796 
-83.7301770497 0.0384759013 0.8838227748 0.5984733165 
-83.7495074425 0.0384340306 0.8840029026 0.5988386950 
-83.7692933459 0.0383912153 0.8841895061 0.5991990671 
-83.7895499121 0.0383474256 0.8843828241 0.5995544007 
-83.8102928748 0.0383026308 0.8845831023 0.5999046795 
-83.8315385681 0.0382567988 0.8847905939 0.6002499029 
-83.8533039454 0.0382098967 0.8850055588 0.6005900856 
-83.8756065995 0.0381618904 0.8852282646 0.6009252572 
-83.8984647825 0.0381127446 0.8854589858 0.6012554618 
-83.9218974267 0.0380624228 0.8856980045 0.6015807574 
-83.9459241662 0.0380108874 0.8859456099 0.6019012147 
-83.9705653590 0.0379580994 0.8862020986 0.6022169170 
-83.9958421101 0.0379040187 0.8864677746 0.6025279587 
-84.0217762946 0.0378486039 0.8867429490 0.6028344445 
-84.0483905833 0.0377918121 0.8870279404 0.6031364883 
-84.0757084674 0.0377335993 0.8873230745 0.6034342119 
-84.1037542854 0.0376739200 0.8876286843 0.6037277441 
-84.1325532508 0.0376127274 0.8879451100 0.6040172190 
-84.1621314811 0.0375499730 0.8882726988 0.6043027749 
-84.1925160276 0.0374856073 0.8886118050 0.6045845524 
-84.2237349068 0.0374195788 0.8889627898 0.6048626933 
-84.2558171339 0.0373518350 0.8893260211 0.6051373379 
-84.2887927568 0.0372823214 0.8897018736 0.6054086234 
-84.3226928923 0.0372109821 0.8900907286 0.6056766813 
-84.3575497643 0.0371377598 0.8904929737 0.6059416336 
-84.3933967436 0.0370625952 0.8909090028 0.6062035897 
-84.4302683901 0.0369854274 0.8913392159 0.6064626409 
-84.4682004965 0.0369061941 0.8917840187 0.6067188544 
-84.5072301361 0.0368248308 0.8922438227 0.6069722655 
-84.5473957114 0.0367412715 0.8927190446 0.6072228671 
-84.5887370075 0.0366554483 0.8932101065 0.6074705960 
-84.6312952473 0.0365672913 0.8937174349 0.6077153160 
-84.6751131522 0.0364767289 0.8942414614 0.6079567948 
-84.7202350054 0.0363836873 0.8947826216 0.6081946742 
-84.7667067220 0.0362880910 0.8953413551 0.6084284308 
-84.8145759235 0.0361898621 0.8959181052 0.6086573256 
-84.8638920202 0.0360889206 0.8965133185 0.6088803365 
-84.9147063011 0.0359851844 0.8971274450 0.6090960716 
-84.9670720350 0.0358785692 0.8977609372 0.6093026567 
-85.0210445822 0.0357689880 0.8984142507 0.6094975899 
-85.0766815222 0.0356563514 0.8990878434 0.6096775596 
-85.1340427995 0.0355405673 0.8997821764 0.6098382215 
-85.1931908920 0.0354215410 0.9004977133 0.6099739454 
-85.2541910071 0.0352991743 0.9012349215 0.6100775703 
-85.3171113122 0.0351733658 0.9019942725 0.6101402720 
-85.3820232022 0.0350440106 0.9027762430 0.6101517301 
-85.4490016006 0.0349109996 0.9035813167 0.6101004628 
-85.5181254023 0.0347742189 0.9044099867 0.6099832337 
-85.5894794055 0.0346335466 0.9052627815 0.6099401149 
-85.6631501538 0.0344888611 0.9061401965 0.6101270273 
-85.7392206145 0.0343400514 0.9070426106 0.6105119084 
-85.7421871838 0.0343342591 0.9070800395 0.6105106153 
