-81.9352260725 0.0425503015 0.8649276092 0.5093813341 
-81.9352226719 0.0425503096 0.8649275451 0.5093690303 
-81.9352159801 0.0425503256 0.8649274189 0.5093444070 
-81.9352062163 0.0425503489 0.8649272345 0.5093074608 
-81.9351937100 0.0425503787 0.8649269978 0.5092582525 
-81.9351789012 0.0425504140 0.8649267168 0.5091969743 
-81.9351621657 0.0425504539 0.8649263984 0.5091057898 
-81.9351448334 0.0425504953 0.8649260663 0.5090388156 
-81.9351273135 0.0425505371 0.8649257281 0.5089765165 
-81.9351101539 0.0425505780 0.8649253936 0.5089182949 
-81.9350938670 0.0425506169 0.8649250721 0.5088636699 
-81.9350789346 0.0425506526 0.8649247721 0.5088122592 
-81.9350658107 0.0425506839 0.8649245020 0.5087637612 
-81.9350549247 0.0425507099 0.8649242694 0.5087179379 
-81.9350466834 0.0425507296 0.8649240817 0.5086746011 
-81.9350414727 0.0425507421 0.8649239458 0.5086336001 
-81.9350396595 0.0425507465 0.8649238683 0.5085948127 
-81.9350415920 0.0425507420 0.8649238554 0.5085581376 
-81.9350476016 0.0425507278 0.8649239133 0.5085234894 
-81.9350580032 0.0425507031 0.8649240474 0.5084907939 
-81.9350730964 0.0425506672 0.8649242632 0.5084599859 
-81.9350931656 0.0425506195 0.8649245658 0.5084310066 
-81.9351184813 0.0425505592 0.8649249601 0.5084038022 
-81.9351493001 0.0425504859 0.8649254507 0.5083783228 
-81.9351858659 0.0425503989 0.8649260419 0.5083545215 
-81.9352284096 0.0425502976 0.8649267379 0.5083323540 
-81.9352771503 0.0425501816 0.8649275427 0.5083117777 
-81.9353322955 0.0425500503 0.8649284600 0.5082927518 
-81.9353940414 0.0425499032 0.8649294932 0.5082752370 
-81.9354625737 0.0425497400 0.8649306457 0.5082591954 
-81.9355380675 0.0425495602 0.8649319207 0.5082445904 
-81.9356206882 0.0425493635 0.8649333211 0.5082313865 
-81.9357105918 0.0425491494 0.8649348497 0.5082195494 
-81.9358079249 0.0425489175 0.8649365091 0.5082090460 
-81.9359128254 0.0425486677 0.8649383018 0.5081998440 
-81.9360254229 0.0425483995 0.8649402302 0.5081919125 
-81.9361458386 0.0425481127 0.8649422963 0.5081852212 
-81.9362741863 0.0425478070 0.8649445022 0.5081797411 
-81.9364105719 0.0425474821 0.8649468498 0.5081754437 
-81.9365550945 0.0425471379 0.8649493409 0.5081723018 
-81.9367078460 0.0425467740 0.8649519771 0.5081702888 
-81.9368689118 0.0425463903 0.8649547599 0.5081693790 
-81.9370383710 0.0425459867 0.8649576907 0.5081695475 
-81.9372162964 0.0425455629 0.8649607708 0.5081707701 
-81.9374027552 0.0425451187 0.8649640014 0.5081730234 
-81.9375978087 0.0425446541 0.8649673836 0.5081762846 
-81.9378015131 0.0425441689 0.8649709184 0.5081805319 
-81.9380139191 0.0425436629 0.8649746067 0.5081857438 
-81.9382350727 0.0425431361 0.8649784492 0.5081918996 
-81.9384650151 0.0425425884 0.8649824467 0.5081989792 
-81.9387037827 0.0425420196 0.8649865999 0.5082069632 
-81.9389514078 0.0425414298 0.8649909092 0.5082158326 
-81.9392079184 0.0425408188 0.8649953752 0.5082255692 
-81.9394733385 0.0425401866 0.8649999983 0.5082361549 
-81.9397476881 0.0425395331 0.8650047788 0.5082475727 
-81.9400309837 0.0425388583 0.8650097170 0.5082598057 
-81.9403232383 0.0425381622 0.8650148131 0.5082728376 
-81.9406244612 0.0425374447 0.8650200672 0.5082866526 
-81.9409346589 0.0425367059 0.8650254795 0.5083012353 
-81.9412538345 0.0425359457 0.8650310499 0.5083165708 
-81.9415819882 0.0425351641 0.8650367785 0.5083326445 
-81.9419191173 0.0425343611 0.8650426652 0.5083494424 
-81.9422652167 0.0425335368 0.8650487099 0.5083669508 
-81.9426202782 0.0425326912 0.8650549123 0.5083851563 
-81.9429842916 0.0425318242 0.8650612724 0.5084040460 
-81.9433572441 0.0425309360 0.8650677897 0.5084236073 
-81.9437391206 0.0425300265 0.8650744642 0.5084438280 
-81.9441299041 0.0425290959 0.8650812953 0.5084646960 
-81.9445295751 0.0425281441 0.8650882828 0.5084862000 
-81.9449381127 0.0425271712 0.8650954262 0.5085083284 
-81.9453554937 0.0425261772 0.8651027251 0.5085310705 
-81.9457816932 0.0425251623 0.8651101790 0.5085544155 
-81.9462166848 0.0425241264 0.8651177875 0.5085783530 
-81.9466604404 0.0425230697 0.8651255499 0.5086028729 
-81.9471129301 0.0425219923 0.8651334658 0.5086279652 
-81.9475741230 0.0425208941 0.8651415346 0.5086536205 
-81.9480439864 0.0425197753 0.8651497556 0.5086798293 
-81.9485224866 0.0425186360 0.8651581282 0.5087065825 
-81.9490095884 0.0425174762 0.8651666517 0.5087338712 
-81.9495052556 0.0425162961 0.8651753256 0.5087616867 
-81.9500094508 0.0425150957 0.8651841490 0.5087900207 
-81.9505221356 0.0425138751 0.8651931214 0.5088188648 
-81.9510432704 0.0425126344 0.8652022418 0.5088482110 
-81.9515728149 0.0425113737 0.8652115097 0.5088780514 
-81.9521107279 0.0425100931 0.8652209242 0.5089083785 
-81.9526569671 0.0425087928 0.8652304845 0.5089391847 
-81.9532114896 0.0425074728 0.8652401898 0.5089704627 
-81.9537742518 0.0425061331 0.8652500395 0.5090022055 
-81.9543452092 0.0425047741 0.8652600325 0.5090344060 
-81.9549243169 0.0425033956 0.8652701681 0.5090670575 
-81.9555115292 0.0425019979 0.8652804455 0.5091001533 
-81.9561067998 0.0425005811 0.8652908638 0.5091336870 
-81.9567100821 0.0424991453 0.8653014220 0.5091676521 
-81.9573213287 0.0424976905 0.8653121195 0.5092020426 
-81.9579404920 0.0424962169 0.8653229552 0.5092368524 
-81.9585675238 0.0424947247 0.8653339283 0.5092720755 
-81.9592023755 0.0424932139 0.8653450379 0.5093077061 
-81.9598449983 0.0424916847 0.8653562832 0.5093437386 
-81.9604953429 0.0424901371 0.8653676631 0.5093801674 
-81.9611533598 0.0424885713 0.8653791767 0.5094169871 
-81.9618189991 0.0424869875 0.8653908233 0.5094541924 
-81.9624922109 0.0424853856 0.8654026017 0.5094917781 
-81.9631729448 0.0424837660 0.8654145112 0.5095297390 
-81.9638611504 0.0424821286 0.8654265508 0.5095680702 
-81.9645567770 0.0424804736 0.8654387195 0.5096067669 
-81.9652597738 0.0424788011 0.8654510164 0.5096458241 
-81.9659700899 0.0424771113 0.8654634407 0.5096852373 
-81.9666876742 0.0424754043 0.8654759913 0.5097250017 
-81.9674124757 0.0424736802 0.8654886673 0.5097651130 
-81.9681444431 0.0424719390 0.8655014677 0.5098055666 
-81.9688835252 0.0424701811 0.8655143917 0.5098463583 
-81.9696296708 0.0424684064 0.8655274383 0.5098874838 
-81.9703828285 0.0424666150 0.8655406065 0.5099289388 
-81.9711429470 0.0424648072 0.8655538954 0.5099707194 
-81.9719099752 0.0424629831 0.8655673041 0.5100128214 
-81.9726838617 0.0424611427 0.8655808317 0.5100552410 
-81.9734645554 0.0424592861 0.8655944771 0.5100979742 
-81.9742520051 0.0424574136 0.8656082394 0.5101410172 
-81.9750461599 0.0424555253 0.8656221178 0.5101843664 
-81.9758469686 0.0424536211 0.8656361113 0.5102280180 
-81.9766543805 0.0424517014 0.8656502189 0.5102719683 
-81.9774683449 0.0424497662 0.8656644397 0.5103162140 
-81.9782888109 0.0424478155 0.8656787728 0.5103607514 
-81.9791157282 0.0424458497 0.8656932173 0.5104055772 
-81.9799490463 0.0424438687 0.8657077722 0.5104506880 
-81.9807887151 0.0424418727 0.8657224367 0.5104960804 
-81.9816346844 0.0424398618 0.8657372098 0.5105417512 
-81.9824869044 0.0424378361 0.8657520905 0.5105876973 
-81.9833453252 0.0424357958 0.8657670781 0.5106339153 
-81.9842098975 0.0424337409 0.8657821715 0.5106804024 
-81.9850805718 0.0424316717 0.8657973699 0.5107271553 
-81.9859572990 0.0424295881 0.8658126724 0.5107741710 
-81.9868400300 0.0424274904 0.8658280780 0.5108214467 
-81.9877287162 0.0424253786 0.8658435860 0.5108689794 
-81.9886233090 0.0424232529 0.8658591954 0.5109167663 
-81.9895237602 0.0424211134 0.8658749052 0.5109648044 
-81.9904300215 0.0424189601 0.8658907147 0.5110130911 
-81.9913420452 0.0424167933 0.8659066230 0.5110616235 
-81.9922597837 0.0424146130 0.8659226292 0.5111103991 
-81.9931831895 0.0424124193 0.8659387324 0.5111594150 
-81.9941122155 0.0424102124 0.8659549318 0.5112086688 
-81.9950468149 0.0424079924 0.8659712265 0.5112581578 
-81.9959869409 0.0424057593 0.8659876157 0.5113078794 
-81.9969325473 0.0424035133 0.8660040984 0.5113578312 
-81.9978835879 0.0424012546 0.8660206740 0.5114080106 
-81.9988400168 0.0423989831 0.8660373415 0.5114584153 
-81.9998017885 0.0423966991 0.8660541001 0.5115090428 
-82.0007688576 0.0423944026 0.8660709489 0.5115598908 
-82.0017411790 0.0423920938 0.8660878873 0.5116109569 
-82.0027187081 0.0423897727 0.8661049142 0.5116622388 
-82.0037014002 0.0423874394 0.8661220290 0.5117137342 
-82.0046892111 0.0423850942 0.8661392308 0.5117654408 
-82.0056820969 0.0423827370 0.8661565189 0.5118173565 
-82.0066800140 0.0423803679 0.8661738923 0.5118694791 
-82.0076829188 0.0423779872 0.8661913504 0.5119218064 
-82.0086907684 0.0423755948 0.8662088923 0.5119743362 
-82.0097035198 0.0423731910 0.8662265173 0.5120270664 
-82.0107211305 0.0423707757 0.8662442246 0.5120799951 
-82.0117435584 0.0423683491 0.8662620134 0.5121331201 
-82.0127707613 0.0423659114 0.8662798829 0.5121864393 
-82.0138026976 0.0423634625 0.8662978325 0.5122399509 
-82.0148393260 0.0423610026 0.8663158612 0.5122936528 
-82.0158806053 0.0423585318 0.8663339685 0.5123475430 
-82.0169264947 0.0423560502 0.8663521535 0.5124016197 
-82.0179769537 0.0423535579 0.8663704156 0.5124558809 
-82.0190319421 0.0423510550 0.8663887539 0.5125103247 
-82.0200914198 0.0423485416 0.8664071677 0.5125649494 
-82.0211553473 0.0423460178 0.8664256564 0.5126197530 
-82.0222236851 0.0423434836 0.8664442192 0.5126747337 
-82.0232963942 0.0423409392 0.8664628554 0.5127298898 
-82.0243734358 0.0423383847 0.8664815643 0.5127852194 
-82.0254547714 0.0423358202 0.8665003452 0.5128407209 
-82.0265403627 0.0423332456 0.8665191974 0.5128963925 
-82.0276301720 0.0423306613 0.8665381202 0.5129522324 
-82.0287241614 0.0423280671 0.8665571129 0.5130082391 
-82.0298222937 0.0423254633 0.8665761749 0.5130644108 
-82.0309245318 0.0423228499 0.8665953054 0.5131207458 
-82.0320308389 0.0423202271 0.8666145039 0.5131772426 
-82.0331411785 0.0423175948 0.8666337695 0.5132338995 
-82.0342555145 0.0423149531 0.8666531018 0.5132907149 
-82.0353738108 0.0423123023 0.8666725000 0.5133476873 
-82.0364960319 0.0423096423 0.8666919634 0.5134048151 
-82.0376221424 0.0423069732 0.8667114915 0.5134620967 
-82.0387521072 0.0423042952 0.8667310836 0.5135195307 
-82.0398858915 0.0423016082 0.8667507391 0.5135771154 
-82.0410234607 0.0422989125 0.8667704573 0.5136348495 
-82.0421647807 0.0422962080 0.8667902376 0.5136927315 
-82.0433098175 0.0422934949 0.8668100795 0.5137507598 
-82.0444585374 0.0422907732 0.8668299822 0.5138089331 
-82.0456109069 0.0422880430 0.8668499452 0.5138672499 
-82.0467668929 0.0422853044 0.8668699679 0.5139257089 
-82.0479264625 0.0422825575 0.8668900496 0.5139843085 
-82.0490895832 0.0422798024 0.8669101899 0.5140430475 
-82.0502562226 0.0422770390 0.8669303880 0.5141019245 
-82.0514263486 0.0422742676 0.8669506435 0.5141609381 
-82.0525999295 0.0422714882 0.8669709557 0.5142200870 
-82.0537769337 0.0422687008 0.8669913242 0.5142793698 
-82.0549573299 0.0422659056 0.8670117482 0.5143387853 
-82.0561410871 0.0422631026 0.8670322272 0.5143983322 
-82.0573281746 0.0422602919 0.8670527608 0.5144580091 
-82.0585185620 0.0422574735 0.8670733482 0.5145178149 
-82.0597122188 0.0422546476 0.8670939891 0.5145777482 
-82.0609091153 0.0422518142 0.8671146828 0.5146378079 
-82.0621092217 0.0422489733 0.8671354288 0.5146979927 
-82.0633125085 0.0422461251 0.8671562266 0.5147583013 
-82.0645189465 0.0422432697 0.8671770756 0.5148187327 
-82.0657285068 0.0422404070 0.8671979753 0.5148792855 
-82.0669411606 0.0422375371 0.8672189253 0.5149399587 
-82.0681568795 0.0422346602 0.8672399249 0.5150007510 
-82.0693756353 0.0422317763 0.8672609736 0.5150616614 
-82.0705974000 0.0422288855 0.8672820711 0.5151226886 
-82.0718221459 0.0422259878 0.8673032166 0.5151838316 
-82.0730498455 0.0422230833 0.8673244099 0.5152450892 
-82.0742804715 0.0422201720 0.8673456503 0.5153064603 
-82.0755139970 0.0422172541 0.8673669374 0.5153679439 
-82.0767503952 0.0422143296 0.8673882707 0.5154295388 
-82.0779896396 0.0422113985 0.8674096497 0.5154912441 
-82.0792317038 0.0422084609 0.8674310739 0.5155530585 
-82.0804765619 0.0422055170 0.8674525429 0.5156149812 
-82.0817241879 0.0422025666 0.8674740562 0.5156770110 
-82.0829745563 0.0421996100 0.8674956134 0.5157391469 
-82.0842276416 0.0421966472 0.8675172139 0.5158013879 
-82.0854834188 0.0421936781 0.8675388573 0.5158637330 
-82.0867418630 0.0421907030 0.8675605432 0.5159261813 
-82.0880029493 0.0421877218 0.8675822711 0.5159887317 
-82.0892666534 0.0421847346 0.8676040406 0.5160513832 
-82.0905329510 0.0421817415 0.8676258513 0.5161141349 
-82.0918018180 0.0421787425 0.8676477026 0.5161769859 
-82.0930732307 0.0421757377 0.8676695942 0.5162399351 
-82.0943471653 0.0421727271 0.8676915257 0.5163029817 
-82.0956235986 0.0421697108 0.8677134966 0.5163661248 
-82.0969025073 0.0421666889 0.8677355064 0.5164293634 
-82.0981838684 0.0421636614 0.8677575549 0.5164926965 
-82.0994676593 0.0421606283 0.8677796416 0.5165561235 
-82.1007538573 0.0421575898 0.8678017660 0.5166196432 
-82.1020424401 0.0421545458 0.8678239278 0.5166832549 
-82.1033333855 0.0421514965 0.8678461265 0.5167469577 
-82.1046266717 0.0421484418 0.8678683619 0.5168107508 
-82.1059222768 0.0421453818 0.8678906334 0.5168746332 
-82.1072201793 0.0421423167 0.8679129407 0.5169386041 
-82.1085203580 0.0421392463 0.8679352833 0.5170026628 
-82.1098227916 0.0421361709 0.8679576610 0.5170668083 
-82.1111274591 0.0421330904 0.8679800734 0.5171310399 
-82.1124343399 0.0421300048 0.8680025200 0.5171953567 
-82.1137434134 0.0421269143 0.8680250005 0.5172597581 
-82.1150546592 0.0421238189 0.8680475145 0.5173242430 
-82.1163680571 0.0421207186 0.8680700617 0.5173888109 
-82.1176835871 0.0421176135 0.8680926417 0.5174534609 
-82.1190012295 0.0421145036 0.8681152541 0.5175181922 
-82.1203209645 0.0421113890 0.8681378987 0.5175830041 
-82.1216427727 0.0421082697 0.8681605749 0.5176478958 
-82.1229666350 0.0421051458 0.8681832825 0.5177128666 
-82.1242925322 0.0421020173 0.8682060212 0.5177779157 
-82.1256204453 0.0420988842 0.8682287906 0.5178430425 
-82.1269503558 0.0420957467 0.8682515904 0.5179082462 
-82.1282822450 0.0420926047 0.8682744202 0.5179735261 
-82.1296160946 0.0420894583 0.8682972796 0.5180388814 
-82.1309518863 0.0420863075 0.8683201685 0.5181043116 
-82.1322896022 0.0420831524 0.8683430864 0.5181698158 
-82.1336292244 0.0420799931 0.8683660330 0.5182353934 
-82.1349707352 0.0420768295 0.8683890080 0.5183010438 
-82.1363141171 0.0420736617 0.8684120111 0.5183667662 
-82.1376593527 0.0420704897 0.8684350420 0.5184325600 
-82.1390064249 0.0420673137 0.8684581004 0.5184984246 
-82.1403553166 0.0420641336 0.8684811859 0.5185643593 
-82.1417060110 0.0420609494 0.8685042982 0.5186303634 
-82.1430584913 0.0420577613 0.8685274371 0.5186964363 
-82.1444127411 0.0420545692 0.8685506023 0.5187625774 
-82.1457687439 0.0420513732 0.8685737934 0.5188287861 
-82.1471264835 0.0420481734 0.8685970101 0.5188950617 
-82.1484859439 0.0420449697 0.8686202523 0.5189614036 
-82.1498471091 0.0420417622 0.8686435195 0.5190278113 
-82.1512099634 0.0420385510 0.8686668116 0.5190942840 
-82.1525744911 0.0420353361 0.8686901281 0.5191608214 
-82.1539406768 0.0420321174 0.8687134689 0.5192274227 
-82.1553085053 0.0420288952 0.8687368337 0.5192940873 
-82.1566779612 0.0420256693 0.8687602221 0.5193608148 
-82.1580490297 0.0420224399 0.8687836340 0.5194276045 
-82.1594216958 0.0420192069 0.8688070690 0.5194944559 
-82.1607959448 0.0420159704 0.8688305270 0.5195613683 
-82.1621717621 0.0420127305 0.8688540075 0.5196283414 
-82.1635491334 0.0420094872 0.8688775104 0.5196953745 
-82.1649280442 0.0420062404 0.8689010354 0.5197624670 
-82.1663084804 0.0420029903 0.8689245823 0.5198296186 
-82.1676904280 0.0419997369 0.8689481507 0.5198968285 
-82.1690738731 0.0419964802 0.8689717405 0.5199640964 
-82.1704588020 0.0419932202 0.8689953514 0.5200314216 
-82.1718452010 0.0419899570 0.8690189832 0.5200988037 
-82.1732330566 0.0419866906 0.8690426355 0.5201662422 
-82.1746223556 0.0419834210 0.8690663083 0.5202337366 
-82.1760130846 0.0419801483 0.8690900011 0.5203012863 
-82.1774052307 0.0419768725 0.8691137139 0.5203688910 
-82.1787987807 0.0419735937 0.8691374463 0.5204365500 
-82.1801937219 0.0419703118 0.8691611982 0.5205042630 
-82.1815900416 0.0419670269 0.8691849692 0.5205720294 
-82.1829877272 0.0419637390 0.8692087592 0.5206398488 
-82.1843867662 0.0419604482 0.8692325680 0.5207077207 
-82.1857871463 0.0419571544 0.8692563953 0.5207756447 
-82.1871888553 0.0419538578 0.8692802409 0.5208436203 
-82.1885918811 0.0419505583 0.8693041046 0.5209116471 
-82.1899962117 0.0419472560 0.8693279861 0.5209797245 
-82.1914018353 0.0419439509 0.8693518853 0.5210478523 
-82.1928087401 0.0419406431 0.8693758020 0.5211160298 
-82.1942169145 0.0419373325 0.8693997359 0.5211842568 
-82.1956263470 0.0419340191 0.8694236868 0.5212525328 
-82.1970370262 0.0419307031 0.8694476545 0.5213208573 
-82.1984489408 0.0419273844 0.8694716389 0.5213892299 
-82.1998620797 0.0419240631 0.8694956397 0.5214576503 
-82.2012764318 0.0419207392 0.8695196567 0.5215261180 
-82.2026919862 0.0419174127 0.8695436897 0.5215946326 
-82.2041087320 0.0419140836 0.8695677385 0.5216631937 
-82.2055266586 0.0419107520 0.8695918030 0.5217318010 
-82.2069457552 0.0419074179 0.8696158829 0.5218004540 
-82.2083660115 0.0419040814 0.8696399781 0.5218691523 
-82.2097874169 0.0419007423 0.8696640883 0.5219378956 
-82.2112099613 0.0418974009 0.8696882134 0.5220066834 
-82.2126336343 0.0418940570 0.8697123532 0.5220755155 
-82.2140584260 0.0418907108 0.8697365075 0.5221443914 
-82.2154843262 0.0418873622 0.8697606761 0.5222133108 
-82.2169113252 0.0418840113 0.8697848589 0.5222822733 
-82.2183394132 0.0418806580 0.8698090557 0.5223512785 
-82.2197685804 0.0418773025 0.8698332662 0.5224203261 
-82.2211988172 0.0418739447 0.8698574904 0.5224894158 
-82.2226301142 0.0418705847 0.8698817280 0.5225585471 
-82.2240624620 0.0418672225 0.8699059790 0.5226277198 
-82.2254958513 0.0418638580 0.8699302430 0.5226969336 
-82.2269302728 0.0418604914 0.8699545200 0.5227661880 
-82.2283657174 0.0418571227 0.8699788098 0.5228354827 
-82.2298021762 0.0418537518 0.8700031122 0.5229048175 
-82.2312396402 0.0418503788 0.8700274270 0.5229741919 
-82.2326781006 0.0418470037 0.8700517542 0.5230436057 
-82.2341175486 0.0418436266 0.8700760935 0.5231130586 
-82.2355579755 0.0418402474 0.8701004448 0.5231825502 
-82.2369993728 0.0418368662 0.8701248079 0.5232520802 
-82.2384417321 0.0418334830 0.8701491827 0.5233216483 
-82.2398850449 0.0418300978 0.8701735691 0.5233912543 
-82.2413293029 0.0418267106 0.8701979668 0.5234608977 
-82.2427744979 0.0418233215 0.8702223757 0.5235305784 
-82.2442206218 0.0418199305 0.8702467957 0.5236002960 
-82.2456676665 0.0418165376 0.8702712267 0.5236700502 
-82.2471156240 0.0418131428 0.8702956684 0.5237398407 
-82.2485644865 0.0418097461 0.8703201208 0.5238096673 
-82.2500142462 0.0418063475 0.8703445837 0.5238795297 
-82.2514648953 0.0418029472 0.8703690570 0.5239494276 
-82.2529164262 0.0417995450 0.8703935405 0.5240193607 
-82.2543688313 0.0417961411 0.8704180341 0.5240893287 
-82.2558221032 0.0417927353 0.8704425376 0.5241593314 
-82.2572762344 0.0417893278 0.8704670510 0.5242293685 
-82.2587312177 0.0417859186 0.8704915740 0.5242994397 
-82.2601870457 0.0417825077 0.8705161066 0.5243695449 
-82.2616437113 0.0417790950 0.8705406487 0.5244396836 
-82.2631012074 0.0417756807 0.8705652000 0.5245098557 
-82.2645595270 0.0417722646 0.8705897605 0.5245800610 
-82.2660186631 0.0417688470 0.8706143300 0.5246502991 
-82.2674786089 0.0417654277 0.8706389085 0.5247205698 
-82.2689393575 0.0417620067 0.8706634958 0.5247908729 
-82.2704009021 0.0417585842 0.8706880917 0.5248612081 
-82.2718632363 0.0417551601 0.8707126962 0.5249315753 
-82.2733263532 0.0417517344 0.8707373091 0.5250019741 
-82.2747902465 0.0417483072 0.8707619304 0.5250724043 
-82.2762549097 0.0417448784 0.8707865598 0.5251428657 
-82.2777203364 0.0417414480 0.8708111973 0.5252133581 
-82.2791865202 0.0417380162 0.8708358428 0.5252838813 
-82.2806534550 0.0417345829 0.8708604961 0.5253544349 
-82.2821211345 0.0417311481 0.8708851572 0.5254250189 
-82.2835895527 0.0417277118 0.8709098259 0.5254956329 
-82.2850587034 0.0417242741 0.8709345022 0.5255662768 
-82.2865285807 0.0417208349 0.8709591858 0.5256369504 
-82.2879991787 0.0417173943 0.8709838767 0.5257076534 
-82.2894704915 0.0417139524 0.8710085749 0.5257783857 
-82.2909425133 0.0417105090 0.8710332801 0.5258491469 
-82.2924152385 0.0417070642 0.8710579923 0.5259199371 
-82.2938886612 0.0417036181 0.8710827114 0.5259907558 
-82.2953627760 0.0417001706 0.8711074373 0.5260616029 
-82.2968375772 0.0416967217 0.8711321698 0.5261324783 
-82.2983130594 0.0416932716 0.8711569090 0.5262033817 
-82.2997892172 0.0416898201 0.8711816546 0.5262743130 
-82.3012660452 0.0416863673 0.8712064066 0.5263452719 
-82.3027435380 0.0416829132 0.8712311649 0.5264162583 
-82.3042216905 0.0416794579 0.8712559293 0.5264872720 
-82.3057004974 0.0416760013 0.8712806999 0.5265583127 
-82.3071799536 0.0416725434 0.8713054765 0.5266293804 
-82.3086600541 0.0416690843 0.8713302589 0.5267004748 
-82.3101407937 0.0416656240 0.8713550472 0.5267715957 
-82.3116221676 0.0416621624 0.8713798412 0.5268427431 
-82.3131041708 0.0416586997 0.8714046409 0.5269139166 
-82.3145867985 0.0416552357 0.8714294461 0.5269851162 
-82.3160700458 0.0416517706 0.8714542567 0.5270563417 
-82.3175539081 0.0416483043 0.8714790727 0.5271275928 
-82.3190383805 0.0416448369 0.8715038940 0.5271988695 
-82.3205234585 0.0416413683 0.8715287205 0.5272701716 
-82.3220091375 0.0416378985 0.8715535521 0.5273414989 
-82.3234954130 0.0416344277 0.8715783888 0.5274128512 
-82.3249822804 0.0416309557 0.8716032304 0.5274842284 
-82.3264697353 0.0416274826 0.8716280768 0.5275556304 
-82.3279577734 0.0416240085 0.8716529281 0.5276270569 
-82.3294463902 0.0416205332 0.8716777841 0.5276985079 
-82.3309355815 0.0416170569 0.8717026446 0.5277699831 
-82.3324253431 0.0416135795 0.8717275098 0.5278414825 
-82.3339156708 0.0416101011 0.8717523794 0.5279130059 
-82.3354065604 0.0416066216 0.8717772534 0.5279845531 
-82.3368980079 0.0416031411 0.8718021317 0.5280561240 
-82.3383900091 0.0415996596 0.8718270143 0.5281277184 
-82.3398825601 0.0415961770 0.8718519010 0.5281993363 
-82.3413756570 0.0415926935 0.8718767919 0.5282709774 
-82.3428692958 0.0415892089 0.8719016868 0.5283426417 
-82.3443634727 0.0415857234 0.8719265856 0.5284143290 
-82.3458581838 0.0415822369 0.8719514883 0.5284860391 
-82.3473534254 0.0415787494 0.8719763948 0.5285577720 
-82.3488491938 0.0415752610 0.8720013051 0.5286295275 
-82.3503454853 0.0415717716 0.8720262191 0.5287013054 
-82.3518422962 0.0415682813 0.8720511366 0.5287731057 
-82.3533396229 0.0415647900 0.8720760577 0.5288449283 
-82.3548374619 0.0415612979 0.8721009823 0.5289167729 
-82.3563358098 0.0415578048 0.8721259103 0.5289886395 
-82.3578346629 0.0415543108 0.8721508417 0.5290605279 
-82.3593340180 0.0415508159 0.8721757763 0.5291324381 
-82.3608338716 0.0415473201 0.8722007142 0.5292043699 
-82.3623342203 0.0415438235 0.8722256552 0.5292763232 
-82.3638350609 0.0415403260 0.8722505994 0.5293482979 
-82.3653363902 0.0415368276 0.8722755465 0.5294202938 
-82.3668382049 0.0415333283 0.8723004967 0.5294923109 
-82.3683405017 0.0415298282 0.8723254497 0.5295643490 
-82.3698432777 0.0415263272 0.8723504057 0.5296364081 
-82.3713465297 0.0415228255 0.8723753644 0.5297084880 
-82.3728502546 0.0415193229 0.8724003259 0.5297805886 
-82.3743544494 0.0415158194 0.8724252900 0.5298527098 
-82.3758591111 0.0415123152 0.8724502568 0.5299248515 
-82.3773642369 0.0415088101 0.8724752262 0.5299970136 
-82.3788698237 0.0415053043 0.8725001981 0.5300691960 
-82.3803758687 0.0415017976 0.8725251725 0.5301413986 
-82.3818823691 0.0414982902 0.8725501493 0.5302136213 
-82.3833893221 0.0414947820 0.8725751285 0.5302858640 
-82.3848967250 0.0414912730 0.8726001099 0.5303581266 
-82.3864045750 0.0414877633 0.8726250937 0.5304304089 
-82.3879128694 0.0414842528 0.8726500796 0.5305027110 
-82.3894216056 0.0414807415 0.8726750677 0.5305750327 
-82.3909307810 0.0414772295 0.8727000579 0.5306473740 
-82.3924403930 0.0414737168 0.8727250502 0.5307197346 
-82.3939504391 0.0414702033 0.8727500445 0.5307921146 
-82.3954609168 0.0414666891 0.8727750408 0.5308645138 
-82.3969718236 0.0414631741 0.8728000390 0.5309369322 
-82.3984831570 0.0414596585 0.8728250391 0.5310093697 
-82.3999949147 0.0414561421 0.8728500410 0.5310818261 
-82.4015070943 0.0414526251 0.8728750447 0.5311543014 
-82.4030196935 0.0414491073 0.8729000501 0.5312267956 
-82.4045327100 0.0414455889 0.8729250572 0.5312993085 
-82.4060461415 0.0414420697 0.8729500660 0.5313718400 
-82.4075599858 0.0414385499 0.8729750764 0.5314443901 
-82.4090742407 0.0414350294 0.8730000884 0.5315169587 
-82.4105889040 0.0414315082 0.8730251019 0.5315895457 
-82.4121039736 0.0414279864 0.8730501169 0.5316621510 
-82.4136194475 0.0414244639 0.8730751334 0.5317347746 
-82.4151353235 0.0414209407 0.8731001512 0.5318074163 
-82.4166515996 0.0414174169 0.8731251704 0.5318800761 
-82.4181682738 0.0414138925 0.8731501910 0.5319527540 
-82.4196853442 0.0414103674 0.8731752129 0.5320254498 
-82.4212028088 0.0414068416 0.8732002360 0.5320981635 
-82.4227206658 0.0414033152 0.8732252603 0.5321708950 
-82.4242389132 0.0413997882 0.8732502858 0.5322436443 
-82.4257575492 0.0413962606 0.8732753125 0.5323164112 
-82.4272765720 0.0413927324 0.8733003403 0.5323891957 
-82.4287959798 0.0413892035 0.8733253691 0.5324619977 
-82.4303157710 0.0413856740 0.8733503991 0.5325348172 
-82.4318359437 0.0413821440 0.8733754300 0.5326076540 
-82.4333564963 0.0413786133 0.8734004619 0.5326805082 
-82.4348774272 0.0413750820 0.8734254947 0.5327533797 
-82.4363987347 0.0413715501 0.8734505285 0.5328262683 
-82.4379204173 0.0413680177 0.8734755632 0.5328991741 
-82.4394424733 0.0413644846 0.8735005987 0.5329720970 
-82.4409649013 0.0413609510 0.8735256350 0.5330450368 
-82.4424876998 0.0413574168 0.8735506722 0.5331179936 
-82.4440108673 0.0413538820 0.8735757101 0.5331909673 
-82.4455344024 0.0413503466 0.8736007488 0.5332639578 
-82.4470583036 0.0413468107 0.8736257881 0.5333369651 
-82.4485825697 0.0413432742 0.8736508282 0.5334099891 
-82.4501071992 0.0413397371 0.8736758689 0.5334830297 
-82.4516321908 0.0413361995 0.8737009102 0.5335560869 
-82.4531575434 0.0413326613 0.8737259521 0.5336291606 
-82.4546832555 0.0413291226 0.8737509947 0.5337022509 
-82.4562093261 0.0413255833 0.8737760378 0.5337753575 
-82.4577357538 0.0413220434 0.8738010814 0.5338484805 
-82.4592625377 0.0413185031 0.8738261255 0.5339216198 
-82.4607896765 0.0413149622 0.8738511701 0.5339947754 
-82.4623171691 0.0413114207 0.8738762152 0.5340679472 
-82.4638450144 0.0413078787 0.8739012607 0.5341411351 
-82.4653732116 0.0413043362 0.8739263067 0.5342143391 
-82.4669017595 0.0413007931 0.8739513530 0.5342875592 
-82.4684306571 0.0412972495 0.8739763997 0.5343607952 
-82.4699599036 0.0412937054 0.8740014468 0.5344340472 
-82.4714894980 0.0412901608 0.8740264942 0.5345073151 
-82.4730194394 0.0412866156 0.8740515420 0.5345805988 
-82.4745497270 0.0412830700 0.8740765901 0.5346538984 
-82.4760803601 0.0412795238 0.8741016384 0.5347272136 
-82.4776113377 0.0412759770 0.8741266870 0.5348005446 
-82.4791426592 0.0412724298 0.8741517359 0.5348738912 
-82.4806743238 0.0412688821 0.8741767850 0.5349472534 
-82.4822063309 0.0412653338 0.8742018344 0.5350206312 
-82.4837386797 0.0412617851 0.8742268839 0.5350940245 
-82.4852713698 0.0412582358 0.8742519337 0.5351674332 
-82.4868044004 0.0412546860 0.8742769836 0.5352408573 
-82.4883377711 0.0412511358 0.8743020337 0.5353142968 
-82.4898714813 0.0412475850 0.8743270840 0.5353877517 
-82.4914055305 0.0412440337 0.8743521344 0.5354612218 
-82.4929399183 0.0412404819 0.8743771850 0.5355347071 
-82.4944746443 0.0412369297 0.8744022356 0.5356082076 
-82.4960097080 0.0412333769 0.8744272864 0.5356817233 
-82.4975451092 0.0412298236 0.8744523373 0.5357552541 
-82.4990808475 0.0412262699 0.8744773883 0.5358287999 
-82.5006169226 0.0412227156 0.8745024394 0.5359023607 
-82.5021533343 0.0412191608 0.8745274906 0.5359759365 
-82.5036900824 0.0412156056 0.8745525418 0.5360495272 
-82.5052271667 0.0412120498 0.8745775931 0.5361231327 
-82.5067645871 0.0412084936 0.8746026445 0.5361967532 
-82.5083023434 0.0412049369 0.8746276960 0.5362703884 
-82.5098404358 0.0412013797 0.8746527475 0.5363440383 
-82.5113788640 0.0411978219 0.8746777990 0.5364177030 
-82.5129176282 0.0411942637 0.8747028506 0.5364913823 
-82.5144567283 0.0411907050 0.8747279022 0.5365650763 
-82.5159961646 0.0411871458 0.8747529539 0.5366387848 
-82.5175359371 0.0411835862 0.8747780056 0.5367125078 
-82.5190760460 0.0411800260 0.8748030574 0.5367862454 
-82.5206164916 0.0411764653 0.8748281092 0.5368599974 
-82.5221572741 0.0411729042 0.8748531611 0.5369337638 
-82.5236983938 0.0411693425 0.8748782130 0.5370075446 
-82.5252398511 0.0411657804 0.8749032649 0.5370813396 
-82.5267816464 0.0411622177 0.8749283169 0.5371551490 
-82.5283237801 0.0411586546 0.8749533690 0.5372289726 
-82.5298662527 0.0411550909 0.8749784211 0.5373028104 
-82.5314090648 0.0411515268 0.8750034733 0.5373766623 
-82.5329522168 0.0411479622 0.8750285256 0.5374505284 
-82.5344957096 0.0411443970 0.8750535780 0.5375244085 
-82.5360395436 0.0411408314 0.8750786304 0.5375983026 
-82.5375837198 0.0411372653 0.8751036830 0.5376722107 
-82.5391282388 0.0411336986 0.8751287356 0.5377461327 
-82.5406731014 0.0411301315 0.8751537884 0.5378200686 
-82.5422183087 0.0411265638 0.8751788413 0.5378940184 
-82.5437638614 0.0411229957 0.8752038943 0.5379679819 
-82.5453097607 0.0411194270 0.8752289475 0.5380419592 
-82.5468560075 0.0411158578 0.8752540009 0.5381159502 
-82.5484026029 0.0411122881 0.8752790544 0.5381899548 
-82.5499495482 0.0411087178 0.8753041082 0.5382639731 
-82.5514968446 0.0411051471 0.8753291622 0.5383380049 
-82.5530444933 0.0411015758 0.8753542164 0.5384120502 
-82.5545924957 0.0410980040 0.8753792709 0.5384861090 
-82.5561408532 0.0410944316 0.8754043256 0.5385601812 
-82.5576895673 0.0410908588 0.8754293806 0.5386342667 
-82.5592386395 0.0410872854 0.8754544360 0.5387083656 
-82.5607880714 0.0410837114 0.8754794917 0.5387824778 
-82.5623378648 0.0410801369 0.8755045477 0.5388566031 
-82.5638880213 0.0410765619 0.8755296042 0.5389307417 
-82.5654385428 0.0410729863 0.8755546611 0.5390048933 
-82.5669894312 0.0410694101 0.8755797184 0.5390790580 
-82.5685406885 0.0410658334 0.8756047762 0.5391532357 
-82.5700923167 0.0410622561 0.8756298345 0.5392274263 
-82.5716443179 0.0410586782 0.8756548933 0.5393016298 
-82.5731966943 0.0410550998 0.8756799527 0.5393758462 
-82.5747494483 0.0410515208 0.8757050127 0.5394500753 
-82.5763025822 0.0410479412 0.8757300733 0.5395243172 
-82.5778560985 0.0410443610 0.8757551346 0.5395985717 
-82.5794099998 0.0410407802 0.8757801966 0.5396728388 
-82.5809642886 0.0410371988 0.8758052594 0.5397471184 
-82.5825189677 0.0410336168 0.8758303230 0.5398214105 
-82.5840740400 0.0410300342 0.8758553874 0.5398957151 
-82.5856295084 0.0410264510 0.8758804526 0.5399700319 
-82.5871853759 0.0410228671 0.8759055188 0.5400443611 
-82.5887416457 0.0410192826 0.8759305860 0.5401187025 
-82.5902983209 0.0410156974 0.8759556542 0.5401930560 
-82.5918554051 0.0410121117 0.8759807234 0.5402674216 
-82.5934129015 0.0410085252 0.8760057938 0.5403417992 
-82.5949708138 0.0410049381 0.8760308653 0.5404161887 
-82.5965291457 0.0410013503 0.8760559381 0.5404905901 
-82.5980879011 0.0409977618 0.8760810121 0.5405650032 
-82.5996470837 0.0409941726 0.8761060875 0.5406394281 
-82.6012066978 0.0409905828 0.8761311643 0.5407138646 
-82.6027667474 0.0409869922 0.8761562426 0.5407883126 
-82.6043272370 0.0409834009 0.8761813224 0.5408627721 
-82.6058881709 0.0409798088 0.8762064039 0.5409372430 
-82.6074495539 0.0409762161 0.8762314869 0.5410117252 
-82.6090113905 0.0409726225 0.8762565718 0.5410862185 
-82.6105736858 0.0409690282 0.8762816584 0.5411607231 
-82.6121364448 0.0409654332 0.8763067470 0.5412352386 
-82.6136996726 0.0409618373 0.8763318375 0.5413097651 
-82.6152633746 0.0409582407 0.8763569301 0.5413843024 
-82.6168275565 0.0409546432 0.8763820248 0.5414588505 
-82.6183922237 0.0409510450 0.8764071217 0.5415334092 
-82.6199573823 0.0409474458 0.8764322209 0.5416079784 
-82.6215230383 0.0409438459 0.8764573225 0.5416825581 
-82.6230891978 0.0409402450 0.8764824267 0.5417571482 
-82.6246558674 0.0409366433 0.8765075334 0.5418317485 
-82.6262230536 0.0409330407 0.8765326428 0.5419063589 
-82.6277907631 0.0409294372 0.8765577550 0.5419809793 
-82.6293590031 0.0409258328 0.8765828701 0.5420556096 
-82.6309277808 0.0409222274 0.8766079882 0.5421302496 
-82.6324971035 0.0409186211 0.8766331095 0.5422048994 
-82.6340669790 0.0409150138 0.8766582339 0.5422795586 
-82.6356374150 0.0409114055 0.8766833617 0.5423542273 
-82.6372084198 0.0409077962 0.8767084930 0.5424289053 
-82.6387800016 0.0409041858 0.8767336279 0.5425035924 
-82.6403521691 0.0409005745 0.8767587665 0.5425782885 
-82.6419249311 0.0408969620 0.8767839090 0.5426529935 
-82.6434982967 0.0408933485 0.8768090555 0.5427277072 
-82.6450722752 0.0408897338 0.8768342061 0.5428024295 
-82.6466468764 0.0408861180 0.8768593610 0.5428771603 
-82.6482221102 0.0408825011 0.8768845204 0.5429518994 
-82.6497979867 0.0408788830 0.8769096843 0.5430266466 
-82.6513745165 0.0408752636 0.8769348530 0.5431014018 
-82.6529517104 0.0408716431 0.8769600266 0.5431761648 
-82.6545295795 0.0408680213 0.8769852052 0.5432509354 
-82.6561081352 0.0408643982 0.8770103891 0.5433257136 
-82.6576873895 0.0408607738 0.8770355784 0.5434004991 
-82.6592673543 0.0408571481 0.8770607734 0.5434752917 
-82.6608480422 0.0408535210 0.8770859741 0.5435500913 
-82.6624294659 0.0408498926 0.8771111808 0.5436248976 
-82.6640116388 0.0408462627 0.8771363936 0.5436997106 
-82.6655945743 0.0408426314 0.8771616129 0.5437745299 
-82.6671782864 0.0408389985 0.8771868387 0.5438493555 
-82.6687627896 0.0408353642 0.8772120714 0.5439241870 
-82.6703480986 0.0408317283 0.8772373111 0.5439990243 
-82.6719342285 0.0408280909 0.8772625580 0.5440738673 
-82.6735211951 0.0408244518 0.8772878124 0.5441487155 
-82.6751090145 0.0408208111 0.8773130746 0.5442235690 
-82.6766977031 0.0408171687 0.8773383447 0.5442984273 
-82.6782872780 0.0408135246 0.8773636230 0.5443732904 
-82.6798777567 0.0408098786 0.8773889098 0.5444481579 
-82.6814691572 0.0408062309 0.8774142054 0.5445230296 
-82.6830614981 0.0408025814 0.8774395100 0.5445979053 
-82.6846547983 0.0407989299 0.8774648240 0.5446727847 
-82.6862490774 0.0407952765 0.8774901475 0.5447476675 
-82.6878443557 0.0407916211 0.8775154810 0.5448225536 
-82.6894406538 0.0407879637 0.8775408246 0.5448974426 
-82.6910379929 0.0407843042 0.8775661788 0.5449723342 
-82.6926363951 0.0407806426 0.8775915438 0.5450472282 
-82.6942358828 0.0407769788 0.8776169201 0.5451221243 
-82.6958364792 0.0407733127 0.8776423078 0.5451970221 
-82.6974382082 0.0407696444 0.8776677075 0.5452719215 
-82.6990410941 0.0407659737 0.8776931194 0.5453468220 
-82.7006451622 0.0407623007 0.8777185439 0.5454217234 
-82.7022504384 0.0407586252 0.8777439815 0.5454966254 
-82.7038569493 0.0407549471 0.8777694324 0.5455715275 
-82.7054647223 0.0407512665 0.8777948972 0.5456464296 
-82.7070737855 0.0407475832 0.8778203762 0.5457213312 
-82.7086841678 0.0407438973 0.8778458698 0.5457962319 
-82.7102958991 0.0407402085 0.8778713785 0.5458711316 
-82.7119090099 0.0407365170 0.8778969028 0.5459460296 
-82.7135235316 0.0407328225 0.8779224431 0.5460209258 
-82.7151394967 0.0407291250 0.8779479999 0.5460958197 
-82.7167569383 0.0407254244 0.8779735736 0.5461707108 
-82.7183758906 0.0407217207 0.8779991649 0.5462455990 
-82.7199963887 0.0407180138 0.8780247742 0.5463204836 
-82.7216184688 0.0407143036 0.8780504020 0.5463953643 
-82.7232421681 0.0407105900 0.8780760489 0.5464702407 
-82.7248675246 0.0407068729 0.8781017154 0.5465451123 
-82.7264945776 0.0407031523 0.8781274022 0.5466199788 
-82.7281233675 0.0406994280 0.8781531098 0.5466948395 
-82.7297539357 0.0406956999 0.8781788389 0.5467696942 
-82.7313863248 0.0406919681 0.8782045901 0.5468445422 
-82.7330205788 0.0406882323 0.8782303639 0.5469193832 
-82.7346567425 0.0406844924 0.8782561612 0.5469942166 
-82.7362948623 0.0406807484 0.8782819825 0.5470690419 
-82.7379349858 0.0406770001 0.8783078285 0.5471438586 
-82.7395771618 0.0406732475 0.8783337001 0.5472186663 
-82.7412214408 0.0406694904 0.8783595979 0.5472934642 
-82.7428678742 0.0406657287 0.8783855227 0.5473682520 
-82.7445165154 0.0406619622 0.8784114753 0.5474430290 
-82.7461674187 0.0406581910 0.8784374564 0.5475177947 
-82.7478206404 0.0406544148 0.8784634670 0.5475925484 
-82.7494762380 0.0406506334 0.8784895078 0.5476672897 
-82.7511342710 0.0406468469 0.8785155797 0.5477420178 
-82.7527948000 0.0406430550 0.8785416837 0.5478167322 
-82.7544578878 0.0406392575 0.8785678206 0.5478914322 
-82.7561235987 0.0406354544 0.8785939914 0.5479661172 
-82.7577919988 0.0406316455 0.8786201971 0.5480407865 
-82.7594631559 0.0406278307 0.8786464386 0.5481154395 
-82.7611371400 0.0406240097 0.8786727170 0.5481900754 
-82.7628140228 0.0406201825 0.8786990334 0.5482646936 
-82.7644938779 0.0406163488 0.8787253888 0.5483392933 
-82.7661767812 0.0406125085 0.8787517844 0.5484138738 
-82.7678628105 0.0406086615 0.8787782212 0.5484884344 
-82.7695520458 0.0406048074 0.8788047006 0.5485629742 
-82.7712445693 0.0406009462 0.8788312236 0.5486374926 
-82.7729404655 0.0405970776 0.8788577915 0.5487119887 
-82.7746398211 0.0405932015 0.8788844056 0.5487864617 
-82.7763427254 0.0405893177 0.8789110673 0.5488609108 
-82.7780492699 0.0405854259 0.8789377778 0.5489353351 
-82.7797595489 0.0405815260 0.8789645385 0.5490097338 
-82.7814736590 0.0405776176 0.8789913509 0.5490841060 
-82.7831916996 0.0405737007 0.8790182164 0.5491584508 
-82.7849137729 0.0405697749 0.8790451365 0.5492327673 
-82.7866399838 0.0405658401 0.8790721128 0.5493070546 
-82.7883704399 0.0405618960 0.8790991468 0.5493813116 
-82.7901052522 0.0405579422 0.8791262402 0.5494555375 
-82.7918445344 0.0405539787 0.8791533946 0.5495297312 
-82.7935884033 0.0405500051 0.8791806118 0.5496038917 
-82.7953369789 0.0405460211 0.8792078936 0.5496780181 
-82.7970903848 0.0405420265 0.8792352416 0.5497521091 
-82.7988487475 0.0405380210 0.8792626579 0.5498261638 
-82.8006121973 0.0405340043 0.8792901442 0.5499001811 
-82.8023808679 0.0405299760 0.8793177026 0.5499741599 
-82.8041548967 0.0405259360 0.8793453351 0.5500480989 
-82.8059344247 0.0405218838 0.8793730438 0.5501219971 
-82.8077195970 0.0405178191 0.8794008307 0.5501958533 
-82.8095105623 0.0405137416 0.8794286981 0.5502696662 
-82.8113074738 0.0405096510 0.8794566483 0.5503434346 
-82.8131104884 0.0405055469 0.8794846834 0.5504171572 
-82.8149197675 0.0405014290 0.8795128059 0.5504908328 
-82.8167354770 0.0404972968 0.8795410182 0.5505644601 
-82.8185577869 0.0404931500 0.8795693229 0.5506380377 
-82.8203868722 0.0404889881 0.8795977224 0.5507115642 
-82.8222229125 0.0404848109 0.8796262194 0.5507850383 
-82.8240660921 0.0404806178 0.8796548167 0.5508584586 
-82.8259166007 0.0404764085 0.8796835169 0.5509318235 
-82.8277746326 0.0404721825 0.8797123230 0.5510051317 
-82.8296403878 0.0404679393 0.8797412378 0.5510783815 
-82.8315140715 0.0404636786 0.8797702645 0.5511515715 
-82.8333958944 0.0404593997 0.8797994060 0.5512247002 
-82.8352860730 0.0404551023 0.8798286656 0.5512977658 
-82.8371848295 0.0404507859 0.8798580465 0.5513707668 
-82.8390923923 0.0404464498 0.8798875520 0.5514437016 
-82.8410089957 0.0404420937 0.8799171856 0.5515165683 
-82.8429348805 0.0404377169 0.8799469508 0.5515893653 
-82.8448702940 0.0404333190 0.8799768513 0.5516620909 
-82.8468154898 0.0404288992 0.8800068907 0.5517347432 
-82.8487707289 0.0404244571 0.8800370729 0.5518073203 
-82.8507362787 0.0404199921 0.8800674018 0.5518798205 
-82.8527124142 0.0404155034 0.8800978814 0.5519522417 
-82.8546994176 0.0404109906 0.8801285159 0.5520245821 
-82.8566975788 0.0404064530 0.8801593095 0.5520968397 
-82.8587071953 0.0404018898 0.8801902665 0.5521690123 
-82.8607285726 0.0403973004 0.8802213915 0.5522410981 
-82.8627620244 0.0403926840 0.8802526889 0.5523130948 
-82.8648078730 0.0403880401 0.8802841637 0.5523850002 
-82.8668664490 0.0403833678 0.8803158205 0.5524568123 
-82.8689380919 0.0403786663 0.8803476643 0.5525285287 
-82.8710231505 0.0403739350 0.8803797003 0.5526001472 
-82.8731219826 0.0403691729 0.8804119337 0.5526716654 
-82.8752349559 0.0403643793 0.8804443698 0.5527430809 
-82.8773624475 0.0403595532 0.8804770142 0.5528143914 
-82.8795048448 0.0403546940 0.8805098726 0.5528855943 
-82.8816625456 0.0403498006 0.8805429507 0.5529566871 
-82.8838359581 0.0403448721 0.8805762545 0.5530276672 
-82.8860255014 0.0403399077 0.8806097902 0.5530985319 
-82.8882316059 0.0403349063 0.8806435641 0.5531692787 
-82.8904547132 0.0403298669 0.8806775825 0.5532399047 
-82.8926952769 0.0403247886 0.8807118522 0.5533104072 
-82.8949537625 0.0403196703 0.8807463799 0.5533807832 
-82.8972306478 0.0403145109 0.8807811726 0.5534510299 
-82.8995264235 0.0403093093 0.8808162374 0.5535211443 
-82.9018415931 0.0403040645 0.8808515817 0.5535911233 
-82.9041766735 0.0402987752 0.8808872132 0.5536609639 
-82.9065321955 0.0402934403 0.8809231394 0.5537306627 
-82.9089087037 0.0402880585 0.8809593683 0.5538002167 
-82.9113067572 0.0402826287 0.8809959082 0.5538696226 
-82.9137269300 0.0402771495 0.8810327673 0.5539388768 
-82.9161698111 0.0402716195 0.8810699543 0.5540079760 
-82.9186360054 0.0402660376 0.8811074779 0.5540769167 
-82.9211261334 0.0402604022 0.8811453473 0.5541456952 
-82.9236408322 0.0402547120 0.8811835716 0.5542143080 
-82.9261807558 0.0402489655 0.8812221605 0.5542827511 
-82.9287465754 0.0402431612 0.8812611236 0.5543510209 
-82.9313389798 0.0402372975 0.8813004710 0.5544191133 
-82.9339586761 0.0402313730 0.8813402130 0.5544870244 
-82.9366063901 0.0402253859 0.8813803602 0.5545547501 
-82.9392828667 0.0402193347 0.8814209233 0.5546222862 
-82.9419888702 0.0402132176 0.8814619135 0.5546896284 
-82.9447251854 0.0402070329 0.8815033421 0.5547567724 
-82.9474926176 0.0402007787 0.8815452210 0.5548237138 
-82.9502919933 0.0401944533 0.8815875620 0.5548904478 
-82.9531241608 0.0401880548 0.8816303774 0.5549569700 
-82.9559899906 0.0401815812 0.8816736800 0.5550232755 
-82.9588903763 0.0401750305 0.8817174825 0.5550893595 
-82.9618262348 0.0401684008 0.8817617984 0.5551552169 
-82.9647985072 0.0401616899 0.8818066413 0.5552208427 
-82.9678081594 0.0401548957 0.8818520251 0.5552862317 
-82.9708561825 0.0401480159 0.8818979642 0.5553513785 
-82.9739435939 0.0401410484 0.8819444732 0.5554162778 
-82.9770714375 0.0401339908 0.8819915673 0.5554809238 
-82.9802407846 0.0401268408 0.8820392619 0.5555453110 
-82.9834527348 0.0401195959 0.8820875730 0.5556094335 
-82.9867084163 0.0401122536 0.8821365167 0.5556732854 
-82.9900089872 0.0401048113 0.8821861098 0.5557368605 
-82.9933556358 0.0400972665 0.8822363695 0.5558001525 
-82.9967495815 0.0400896164 0.8822873131 0.5558631552 
-83.0001920759 0.0400818583 0.8823389589 0.5559258620 
-83.0036844032 0.0400739893 0.8823913251 0.5559882661 
-83.0072278813 0.0400660066 0.8824444308 0.5560503607 
-83.0108238628 0.0400579071 0.8824982954 0.5561121389 
-83.0144737356 0.0400496878 0.8825529388 0.5561735934 
-83.0181789238 0.0400413455 0.8826083814 0.5562347169 
-83.0219408893 0.0400328771 0.8826646441 0.5562955019 
-83.0257611317 0.0400242791 0.8827217485 0.5563559406 
-83.0296411904 0.0400155484 0.8827797164 0.5564160252 
-83.0335826447 0.0400066813 0.8828385705 0.5564757477 
-83.0375871155 0.0399976743 0.8828983339 0.5565350997 
-83.0416562661 0.0399885238 0.8829590304 0.5565940729 
-83.0457918033 0.0399792260 0.8830206841 0.5566526584 
-83.0499954786 0.0399697771 0.8830833201 0.5567108476 
-83.0542690895 0.0399601731 0.8831469639 0.5567686312 
-83.0586144802 0.0399504100 0.8832116417 0.5568260000 
-83.0630335436 0.0399404837 0.8832773802 0.5568829444 
-83.0675282218 0.0399303898 0.8833442072 0.5569394547 
-83.0721005081 0.0399201241 0.8834121506 0.5569955209 
-83.0767524476 0.0399096821 0.8834812396 0.5570511327 
-83.0814861392 0.0398990592 0.8835515035 0.5571062798 
-83.0863037367 0.0398882507 0.8836229729 0.5571609512 
-83.0912074503 0.0398772518 0.8836956789 0.5572151361 
-83.0961995481 0.0398660576 0.8837696532 0.5572688231 
-83.1012823574 0.0398546629 0.8838449287 0.5573220008 
-83.1064582667 0.0398430626 0.8839215387 0.5573746573 
-83.1117297271 0.0398312514 0.8839995176 0.5574267806 
-83.1170992535 0.0398192238 0.8840789005 0.5574783582 
-83.1225694272 0.0398069742 0.8841597234 0.5575293774 
-83.1281428969 0.0397944969 0.8842420233 0.5575798253 
-83.1338223806 0.0397817859 0.8843258378 0.5576296885 
-83.1396106678 0.0397688354 0.8844112058 0.5576789535 
-83.1455106210 0.0397556390 0.8844981669 0.5577276064 
-83.1515251777 0.0397421904 0.8845867617 0.5577756327 
-83.1576573527 0.0397284832 0.8846770318 0.5578230180 
-83.1639102396 0.0397145107 0.8847690199 0.5578697473 
-83.1702870134 0.0397002660 0.8848627695 0.5579158052 
-83.1767909323 0.0396857421 0.8849583255 0.5579611761 
-83.1834253402 0.0396709320 0.8850557335 0.5580058440 
-83.1901936686 0.0396558281 0.8851550404 0.5580497926 
-83.1970994395 0.0396404230 0.8852562943 0.5580930049 
-83.2041462671 0.0396247089 0.8853595443 0.5581354639 
-83.2113378608 0.0396086779 0.8854648406 0.5581771519 
-83.2186780276 0.0395923219 0.8855722348 0.5582180511 
-83.2261706746 0.0395756326 0.8856817797 0.5582581432 
-83.2338198116 0.0395586014 0.8857935291 0.5582974092 
-83.2416295544 0.0395412196 0.8859075384 0.5583358300 
-83.2496041267 0.0395234782 0.8860238640 0.5583733861 
-83.2577478638 0.0395053680 0.8861425638 0.5584100573 
-83.2660652154 0.0394868797 0.8862636970 0.5584458233 
-83.2745607483 0.0394680035 0.8863873242 0.5584806630 
-83.2832391499 0.0394487296 0.8865135074 0.5585145550 
-83.2921052317 0.0394290478 0.8866423101 0.5585474776 
-83.3011639318 0.0394089479 0.8867737970 0.5585794084 
-83.3104203192 0.0393884190 0.8869080345 0.5586103246 
-83.3198795968 0.0393674503 0.8870450905 0.5586402031 
-83.3295471054 0.0393460307 0.8871850345 0.5586690200 
-83.3394283269 0.0393241487 0.8873279373 0.5586967510 
-83.3495288887 0.0393017926 0.8874738716 0.5587233716 
-83.3598545675 0.0392789503 0.8876229117 0.5587488563 
-83.3704112929 0.0392556095 0.8877751333 0.5587731796 
-83.3812051523 0.0392317577 0.8879306140 0.5587963150 
-83.3922423947 0.0392073819 0.8880894330 0.5588182357 
-83.4035294353 0.0391824688 0.8882516715 0.5588389145 
-83.4150728600 0.0391570049 0.8884174122 0.5588583233 
-83.4268794301 0.0391309764 0.8885867395 0.5588764338 
-83.4389560870 0.0391043689 0.8887597400 0.5588932168 
-83.4513099576 0.0390771679 0.8889365020 0.5589086427 
-83.4639483587 0.0390493585 0.8891171155 0.5589226813 
-83.4768788030 0.0390209254 0.8893016726 0.5589353018 
-83.4901090038 0.0389918530 0.8894902673 0.5589464725 
-83.5036468812 0.0389621251 0.8896829956 0.5589561613 
-83.5175005676 0.0389317253 0.8898799554 0.5589643354 
-83.5316784132 0.0389006369 0.8900812468 0.5589709612 
-83.5461889931 0.0388688426 0.8902869717 0.5589760043 
-83.5610411123 0.0388363248 0.8904972342 0.5589794296 
-83.5762438134 0.0388030655 0.8907121405 0.5589812012 
-83.5918063823 0.0387690460 0.8909317990 0.5589812822 
-83.6077383556 0.0387342476 0.8911563200 0.5589796347 
-83.6240495277 0.0386986508 0.8913858161 0.5589762199 
-83.6407499578 0.0386622357 0.8916204021 0.5589709978 
-83.6578499776 0.0386249822 0.8918601951 0.5589639273 
-83.6753601991 0.0385868693 0.8921053141 0.5589549658 
-83.6932915227 0.0385478759 0.8923558806 0.5589440693 
-83.7116551453 0.0385079801 0.8926120183 0.5589311922 
-83.7304625690 0.0384671596 0.8928738530 0.5589162869 
-83.7497256099 0.0384253917 0.8931415131 0.5588993040 
-83.7694564069 0.0383826530 0.8934151288 0.5588801916 
-83.7896674319 0.0383389196 0.8936948330 0.5588588950 
-83.8103714988 0.0382941671 0.8939807607 0.5588353568 
-83.8315817738 0.0382483704 0.8942730492 0.5588095159 
-83.8533117860 0.0382015040 0.8945718382 0.5587813071 
-83.8755754381 0.0381535418 0.8948772695 0.5587506609 
-83.8983870175 0.0381044568 0.8951894873 0.5587175019 
-83.9217612080 0.0380542219 0.8955086380 0.5586817488 
-83.9457131017 0.0380028088 0.8958348703 0.5586433128 
-83.9702582115 0.0379501891 0.8961683352 0.5586020962 
-83.9954124843 0.0378963333 0.8965091859 0.5585579913 
-84.0211923140 0.0378412115 0.8968575776 0.5585108782 
-84.0476145558 0.0377847931 0.8972136679 0.5584606226 
-84.0746965409 0.0377270468 0.8975776165 0.5584070730 
-84.1024560913 0.0376679404 0.8979495851 0.5583500577 
-84.1309115362 0.0376074412 0.8983297377 0.5582893802 
-84.1600817283 0.0375455158 0.8987182400 0.5582248150 
-84.1899860613 0.0374821298 0.8991152600 0.5581561010 
-84.2206444883 0.0374172482 0.8995209674 0.5580829345 
-84.2520775408 0.0373508353 0.8999355340 0.5580049603 
-84.2843063496 0.0372828544 0.9003591332 0.5579217603 
-84.3173526660 0.0372132681 0.9007919404 0.5578328404 
-84.3512388845 0.0371420380 0.9012341326 0.5577376137 
-84.3859880679 0.0370691252 0.9016858885 0.5576353800 
-84.4216239729 0.0369944895 0.9021473885 0.5575253003 
-84.4581710785 0.0369180900 0.9026188143 0.5574063661 
-84.4956546167 0.0368398848 0.9031003494 0.5572773608 
-84.5341006054 0.0367598310 0.9035921788 0.5571368129 
-84.5735358852 0.0366778849 0.9040944888 0.5569829385 
-84.6139881590 0.0365940013 0.9046074672 0.5568135712 
-84.6554860366 0.0365081344 0.9051313035 0.5566260791 
-84.6980590845 0.0364202370 0.9056661884 0.5564172660 
-84.7417378810 0.0363302605 0.9062123146 0.5561832605 
-84.7865540798 0.0362381554 0.9067698764 0.5559194015 
-84.8325404807 0.0361438704 0.9073390700 0.5556201400 
-84.8797311107 0.0360473531 0.9079200942 0.5552790025 
-84.9281613153 0.0359485492 0.9085131501 0.5548886789 
-84.9778678587 0.0358474028 0.9091184419 0.5544411974 
-85.0288890380 0.0357438560 0.9097361772 0.5539288815 
-85.0812651134 0.0356378483 0.9103665716 0.5533769933 
-85.1350387336 0.0355293158 0.9110098527 0.5529083907 
-85.1902521999 0.0354181965 0.9116662243 0.5525858106 
-85.2469467033 0.0353044325 0.9123358567 0.5523867426 
-85.2513249301 0.0352956608 0.9123875591 0.5523722791 
