-81.9352261365 0.0425503014 0.8649276104 0.5093813339 
-81.9352227359 0.0425503095 0.8649275463 0.5093690301 
-81.9352160442 0.0425503254 0.8649274201 0.5093444068 
-81.9352062804 0.0425503487 0.8649272356 0.5093074607 
-81.9351937742 0.0425503786 0.8649269990 0.5092582523 
-81.9351789656 0.0425504139 0.8649267180 0.5091969742 
-81.9351622303 0.0425504538 0.8649263995 0.5091057896 
-81.9351448981 0.0425504951 0.8649260675 0.5090388154 
-81.9351273784 0.0425505369 0.8649257293 0.5089765164 
-81.9351102190 0.0425505779 0.8649253948 0.5089182947 
-81.9350939324 0.0425506168 0.8649250733 0.5088636697 
-81.9350790003 0.0425506524 0.8649247733 0.5088122591 
-81.9350658767 0.0425506837 0.8649245032 0.5087637610 
-81.9350549910 0.0425507098 0.8649242706 0.5087179377 
-81.9350467500 0.0425507295 0.8649240829 0.5086746009 
-81.9350415397 0.0425507420 0.8649239470 0.5086335999 
-81.9350397268 0.0425507464 0.8649238695 0.5085948125 
-81.9350416598 0.0425507418 0.8649238567 0.5085581375 
-81.9350476698 0.0425507276 0.8649239145 0.5085234892 
-81.9350580720 0.0425507029 0.8649240486 0.5084907938 
-81.9350731656 0.0425506670 0.8649242645 0.5084599858 
-81.9350932353 0.0425506193 0.8649245671 0.5084310064 
-81.9351185516 0.0425505591 0.8649249614 0.5084038020 
-81.9351493710 0.0425504857 0.8649254520 0.5083783226 
-81.9351859373 0.0425503987 0.8649260432 0.5083545214 
-81.9352284817 0.0425502974 0.8649267393 0.5083323538 
-81.9352772231 0.0425501814 0.8649275441 0.5083117775 
-81.9353323689 0.0425500501 0.8649284613 0.5082927516 
-81.9353941156 0.0425499030 0.8649294945 0.5082752368 
-81.9354626486 0.0425497398 0.8649306471 0.5082591952 
-81.9355381431 0.0425495601 0.8649319221 0.5082445902 
-81.9356207647 0.0425493633 0.8649333225 0.5082313863 
-81.9357106691 0.0425491492 0.8649348511 0.5082195492 
-81.9358080030 0.0425489174 0.8649365105 0.5082090458 
-81.9359129044 0.0425486675 0.8649383033 0.5081998438 
-81.9360255028 0.0425483993 0.8649402316 0.5081919123 
-81.9361459195 0.0425481125 0.8649422978 0.5081852210 
-81.9362742681 0.0425478068 0.8649445037 0.5081797409 
-81.9364106547 0.0425474819 0.8649468514 0.5081754435 
-81.9365551783 0.0425471377 0.8649493425 0.5081723016 
-81.9367079309 0.0425467738 0.8649519787 0.5081702886 
-81.9368689978 0.0425463901 0.8649547615 0.5081693788 
-81.9370384580 0.0425459865 0.8649576923 0.5081695473 
-81.9372163846 0.0425455627 0.8649607725 0.5081707698 
-81.9374028446 0.0425451185 0.8649640031 0.5081730231 
-81.9375978993 0.0425446539 0.8649673853 0.5081762844 
-81.9378016049 0.0425441686 0.8649709202 0.5081805316 
-81.9380140123 0.0425436627 0.8649746084 0.5081857435 
-81.9382351672 0.0425431359 0.8649784510 0.5081918993 
-81.9384651109 0.0425425882 0.8649824485 0.5081989790 
-81.9387038799 0.0425420194 0.8649866017 0.5082069629 
-81.9389515064 0.0425414296 0.8649909111 0.5082158324 
-81.9392080184 0.0425408186 0.8649953771 0.5082255689 
-81.9394734399 0.0425401863 0.8650000002 0.5082361547 
-81.9397477911 0.0425395328 0.8650047807 0.5082475724 
-81.9400310882 0.0425388581 0.8650097189 0.5082598054 
-81.9403233444 0.0425381619 0.8650148151 0.5082728373 
-81.9406245690 0.0425374445 0.8650200692 0.5082866523 
-81.9409347683 0.0425367056 0.8650254815 0.5083012350 
-81.9412539456 0.0425359454 0.8650310520 0.5083165705 
-81.9415821010 0.0425351638 0.8650367807 0.5083326442 
-81.9419192319 0.0425343608 0.8650426674 0.5083494421 
-81.9422653330 0.0425335365 0.8650487121 0.5083669504 
-81.9426203964 0.0425326909 0.8650549146 0.5083851559 
-81.9429844117 0.0425318239 0.8650612747 0.5084040456 
-81.9433573661 0.0425309357 0.8650677921 0.5084236069 
-81.9437392446 0.0425300262 0.8650744665 0.5084438276 
-81.9441300300 0.0425290956 0.8650812977 0.5084646956 
-81.9445297031 0.0425281438 0.8650882852 0.5084861996 
-81.9449382428 0.0425271708 0.8650954287 0.5085083280 
-81.9453556259 0.0425261769 0.8651027276 0.5085310701 
-81.9457818276 0.0425251620 0.8651101816 0.5085544151 
-81.9462168214 0.0425241261 0.8651177901 0.5085783526 
-81.9466605792 0.0425230694 0.8651255526 0.5086028724 
-81.9471130713 0.0425219919 0.8651334685 0.5086279648 
-81.9475742665 0.0425208938 0.8651415373 0.5086536200 
-81.9480441323 0.0425197750 0.8651497584 0.5086798288 
-81.9485226349 0.0425186357 0.8651581310 0.5087065820 
-81.9490097392 0.0425174759 0.8651666547 0.5087338707 
-81.9495054090 0.0425162957 0.8651753286 0.5087616862 
-81.9500096067 0.0425150953 0.8651841521 0.5087900202 
-81.9505222941 0.0425138747 0.8651931244 0.5088188642 
-81.9510434316 0.0425126340 0.8652022450 0.5088482104 
-81.9515729789 0.0425113733 0.8652115129 0.5088780509 
-81.9521108946 0.0425100927 0.8652209274 0.5089083779 
-81.9526571367 0.0425087924 0.8652304878 0.5089391841 
-81.9532116621 0.0425074723 0.8652401932 0.5089704621 
-81.9537744272 0.0425061327 0.8652500429 0.5090022049 
-81.9543453876 0.0425047736 0.8652600360 0.5090344054 
-81.9549244984 0.0425033952 0.8652701717 0.5090670568 
-81.9555117137 0.0425019975 0.8652804491 0.5091001526 
-81.9561069876 0.0425005807 0.8652908674 0.5091336863 
-81.9567102730 0.0424991448 0.8653014258 0.5091676515 
-81.9573215229 0.0424976900 0.8653121233 0.5092020419 
-81.9579406895 0.0424962165 0.8653229591 0.5092368517 
-81.9585677247 0.0424947242 0.8653339323 0.5092720747 
-81.9592025799 0.0424932134 0.8653450420 0.5093077053 
-81.9598452061 0.0424916842 0.8653562873 0.5093437378 
-81.9604955543 0.0424901366 0.8653676672 0.5093801666 
-81.9611535748 0.0424885708 0.8653791810 0.5094169863 
-81.9618192179 0.0424869869 0.8653908276 0.5094541915 
-81.9624924334 0.0424853851 0.8654026061 0.5094917772 
-81.9631731711 0.0424837654 0.8654145157 0.5095297381 
-81.9638613806 0.0424821280 0.8654265553 0.5095680693 
-81.9645570112 0.0424804730 0.8654387242 0.5096067659 
-81.9652600120 0.0424788006 0.8654510212 0.5096458232 
-81.9659703322 0.0424771108 0.8654634455 0.5096852363 
-81.9666879207 0.0424754037 0.8654759962 0.5097250007 
-81.9674127264 0.0424736796 0.8654886723 0.5097651120 
-81.9681446981 0.0424719384 0.8655014728 0.5098055656 
-81.9688837845 0.0424701804 0.8655143969 0.5098463573 
-81.9696299345 0.0424684057 0.8655274436 0.5098874827 
-81.9703830967 0.0424666144 0.8655406119 0.5099289377 
-81.9711432199 0.0424648066 0.8655539009 0.5099707182 
-81.9719102527 0.0424629824 0.8655673097 0.5100128203 
-81.9726841440 0.0424611420 0.8655808373 0.5100552398 
-81.9734648425 0.0424592855 0.8655944828 0.5100979730 
-81.9742522971 0.0424574129 0.8656082453 0.5101410160 
-81.9750464568 0.0424555245 0.8656221238 0.5101843651 
-81.9758472707 0.0424536204 0.8656361174 0.5102280166 
-81.9766546877 0.0424517007 0.8656502251 0.5102719670 
-81.9774686572 0.0424497654 0.8656644460 0.5103162126 
-81.9782891286 0.0424478148 0.8656787793 0.5103607500 
-81.9791160513 0.0424458489 0.8656932239 0.5104055758 
-81.9799493749 0.0424438679 0.8657077789 0.5104506865 
-81.9807890492 0.0424418719 0.8657224435 0.5104960789 
-81.9816350241 0.0424398609 0.8657372167 0.5105417497 
-81.9824872498 0.0424378353 0.8657520976 0.5105876957 
-81.9833456766 0.0424357949 0.8657670852 0.5106339137 
-81.9842102547 0.0424337401 0.8657821788 0.5106804007 
-81.9850809350 0.0424316708 0.8657973773 0.5107271536 
-81.9859576683 0.0424295872 0.8658126799 0.5107741693 
-81.9868404055 0.0424274895 0.8658280857 0.5108214450 
-81.9877290980 0.0424253777 0.8658435938 0.5108689776 
-81.9886236972 0.0424232520 0.8658592033 0.5109167644 
-81.9895241549 0.0424211124 0.8658749133 0.5109648025 
-81.9904304228 0.0424189592 0.8658907230 0.5110130891 
-81.9913424532 0.0424167923 0.8659066314 0.5110616215 
-81.9922601984 0.0424146120 0.8659226378 0.5111103970 
-81.9931836111 0.0424124183 0.8659387411 0.5111594129 
-81.9941126441 0.0424102114 0.8659549407 0.5112086666 
-81.9950472506 0.0424079913 0.8659712355 0.5112581555 
-81.9959873838 0.0424057582 0.8659876249 0.5113078771 
-81.9969329975 0.0424035123 0.8660041078 0.5113578289 
-81.9978840455 0.0424012535 0.8660206835 0.5114080083 
-81.9988404819 0.0423989820 0.8660373512 0.5114584129 
-81.9998022612 0.0423966980 0.8660541099 0.5115090404 
-82.0007693381 0.0423944015 0.8660709590 0.5115598883 
-82.0017416674 0.0423920926 0.8660878975 0.5116109543 
-82.0027192044 0.0423897715 0.8661049246 0.5116622361 
-82.0037019046 0.0423874382 0.8661220396 0.5117137314 
-82.0046897237 0.0423850929 0.8661392416 0.5117654380 
-82.0056826179 0.0423827357 0.8661565298 0.5118173537 
-82.0066805433 0.0423803667 0.8661739034 0.5118694762 
-82.0076834568 0.0423779859 0.8661913617 0.5119218034 
-82.0086913150 0.0423755935 0.8662089038 0.5119743331 
-82.0097040752 0.0423731897 0.8662265290 0.5120270633 
-82.0107216949 0.0423707744 0.8662442365 0.5120799919 
-82.0117441318 0.0423683478 0.8662620255 0.5121331168 
-82.0127713439 0.0423659100 0.8662798953 0.5121864360 
-82.0138032895 0.0423634611 0.8662978450 0.5122399474 
-82.0148399274 0.0423610012 0.8663158740 0.5122936492 
-82.0158812162 0.0423585304 0.8663339815 0.5123475394 
-82.0169271153 0.0423560488 0.8663521668 0.5124016160 
-82.0179775842 0.0423535564 0.8663704290 0.5124558771 
-82.0190325825 0.0423510535 0.8663887676 0.5125103209 
-82.0200920703 0.0423485401 0.8664071817 0.5125649454 
-82.0211560080 0.0423460162 0.8664256706 0.5126197489 
-82.0222243562 0.0423434820 0.8664442336 0.5126747295 
-82.0232970758 0.0423409376 0.8664628701 0.5127298855 
-82.0243741281 0.0423383831 0.8664815792 0.5127852151 
-82.0254554744 0.0423358185 0.8665003604 0.5128407164 
-82.0265410767 0.0423332439 0.8665192128 0.5128963879 
-82.0276308970 0.0423306596 0.8665381359 0.5129522278 
-82.0287248977 0.0423280654 0.8665571289 0.5130082343 
-82.0298230413 0.0423254616 0.8665761911 0.5130644058 
-82.0309252910 0.0423228481 0.8665953219 0.5131207408 
-82.0320316097 0.0423202252 0.8666145206 0.5131772374 
-82.0331419612 0.0423175929 0.8666337866 0.5132338942 
-82.0342563091 0.0423149512 0.8666531191 0.5132907095 
-82.0353746176 0.0423123004 0.8666725176 0.5133476818 
-82.0364968509 0.0423096403 0.8666919813 0.5134048094 
-82.0376229738 0.0423069712 0.8667115097 0.5134620909 
-82.0387529512 0.0423042932 0.8667311022 0.5135195247 
-82.0398867482 0.0423016062 0.8667507579 0.5135771094 
-82.0410243303 0.0422989104 0.8667704765 0.5136348433 
-82.0421656634 0.0422962059 0.8667902571 0.5136927251 
-82.0433107133 0.0422934927 0.8668100992 0.5137507533 
-82.0444594466 0.0422907710 0.8668300023 0.5138089265 
-82.0456118296 0.0422880408 0.8668499656 0.5138672431 
-82.0467678293 0.0422853022 0.8668699886 0.5139257019 
-82.0479274128 0.0422825552 0.8668900707 0.5139843014 
-82.0490905475 0.0422798001 0.8669102113 0.5140430402 
-82.0502572010 0.0422770367 0.8669304099 0.5141019170 
-82.0514273414 0.0422742653 0.8669506657 0.5141609304 
-82.0526009368 0.0422714858 0.8669709783 0.5142200791 
-82.0537779556 0.0422686984 0.8669913471 0.5142793618 
-82.0549583667 0.0422659032 0.8670117715 0.5143387771 
-82.0561421389 0.0422631001 0.8670322509 0.5143983237 
-82.0573292416 0.0422602893 0.8670527848 0.5144580005 
-82.0585196442 0.0422574709 0.8670733727 0.5145178061 
-82.0597133166 0.0422546450 0.8670940139 0.5145777392 
-82.0609102288 0.0422518115 0.8671147080 0.5146377986 
-82.0621103510 0.0422489706 0.8671354544 0.5146979832 
-82.0633136538 0.0422461224 0.8671562526 0.5147582916 
-82.0645201080 0.0422432669 0.8671771021 0.5148187227 
-82.0657296846 0.0422404042 0.8671980022 0.5148792754 
-82.0669423550 0.0422375343 0.8672189526 0.5149399483 
-82.0681580906 0.0422346574 0.8672399526 0.5150007404 
-82.0693768632 0.0422317734 0.8672610018 0.5150616505 
-82.0705986450 0.0422288825 0.8672820997 0.5151226774 
-82.0718234081 0.0422259848 0.8673032457 0.5151838202 
-82.0730511250 0.0422230802 0.8673244395 0.5152450775 
-82.0742817686 0.0422201689 0.8673456803 0.5153064484 
-82.0755153119 0.0422172510 0.8673669679 0.5153679317 
-82.0767517280 0.0422143264 0.8673883017 0.5154295263 
-82.0779909904 0.0422113953 0.8674096812 0.5154912312 
-82.0792330729 0.0422084577 0.8674311059 0.5155530454 
-82.0804779493 0.0422055137 0.8674525754 0.5156149677 
-82.0817255939 0.0422025633 0.8674740892 0.5156769972 
-82.0829759810 0.0421996066 0.8674956468 0.5157391328 
-82.0842290853 0.0421966437 0.8675172479 0.5158013735 
-82.0854848816 0.0421936746 0.8675388918 0.5158637183 
-82.0867433449 0.0421906995 0.8675605782 0.5159261662 
-82.0880044507 0.0421877182 0.8675823067 0.5159887162 
-82.0892681744 0.0421847310 0.8676040767 0.5160513673 
-82.0905344917 0.0421817378 0.8676258879 0.5161141187 
-82.0918033786 0.0421787388 0.8676477398 0.5161769693 
-82.0930748113 0.0421757339 0.8676696320 0.5162399181 
-82.0943487661 0.0421727233 0.8676915640 0.5163029643 
-82.0956252197 0.0421697070 0.8677135355 0.5163661070 
-82.0969041489 0.0421666850 0.8677355460 0.5164293451 
-82.0981855308 0.0421636574 0.8677575951 0.5164926779 
-82.0994693424 0.0421606243 0.8677796823 0.5165561044 
-82.1007555614 0.0421575857 0.8678018074 0.5166196237 
-82.1020441653 0.0421545417 0.8678239698 0.5166832349 
-82.1033351320 0.0421514923 0.8678461691 0.5167469373 
-82.1046284395 0.0421484376 0.8678684051 0.5168107298 
-82.1059240662 0.0421453776 0.8678906772 0.5168746117 
-82.1072219904 0.0421423124 0.8679129852 0.5169385822 
-82.1085221909 0.0421392420 0.8679353285 0.5170026403 
-82.1098246464 0.0421361665 0.8679577069 0.5170667853 
-82.1111293360 0.0421330859 0.8679801199 0.5171310164 
-82.1124362390 0.0421300003 0.8680025672 0.5171953327 
-82.1137453347 0.0421269098 0.8680250484 0.5172597334 
-82.1150566029 0.0421238143 0.8680475631 0.5173242178 
-82.1163700233 0.0421207139 0.8680701110 0.5173887851 
-82.1176855760 0.0421176088 0.8680926917 0.5174534345 
-82.1190032410 0.0421144988 0.8681153048 0.5175181652 
-82.1203229989 0.0421113842 0.8681379501 0.5175829764 
-82.1216448301 0.0421082648 0.8681606271 0.5176478675 
-82.1229687153 0.0421051409 0.8681833355 0.5177128376 
-82.1242946356 0.0421020123 0.8682060749 0.5177778861 
-82.1256225719 0.0420988792 0.8682288450 0.5178430122 
-82.1269525056 0.0420957416 0.8682516456 0.5179082152 
-82.1282844181 0.0420925995 0.8682744761 0.5179734943 
-82.1296182910 0.0420894531 0.8682973364 0.5180388489 
-82.1309541062 0.0420863022 0.8683202260 0.5181042783 
-82.1322918455 0.0420831471 0.8683431447 0.5181697817 
-82.1336314912 0.0420799877 0.8683660922 0.5182353586 
-82.1349730255 0.0420768240 0.8683890680 0.5183010081 
-82.1363164309 0.0420736562 0.8684120719 0.5183667297 
-82.1376616901 0.0420704842 0.8684351036 0.5184325227 
-82.1390087858 0.0420673081 0.8684581628 0.5184983864 
-82.1403577011 0.0420641279 0.8684812492 0.5185643202 
-82.1417084190 0.0420609437 0.8685043624 0.5186303234 
-82.1430609229 0.0420577555 0.8685275022 0.5186963954 
-82.1444151961 0.0420545634 0.8685506682 0.5187625355 
-82.1457712224 0.0420513674 0.8685738602 0.5188287432 
-82.1471289854 0.0420481674 0.8685970779 0.5188950178 
-82.1484884692 0.0420449637 0.8686203209 0.5189613587 
-82.1498496577 0.0420417562 0.8686435890 0.5190277653 
-82.1512125352 0.0420385449 0.8686668820 0.5190942370 
-82.1525770860 0.0420353299 0.8686901995 0.5191607733 
-82.1539432948 0.0420321112 0.8687135412 0.5192273735 
-82.1553111461 0.0420288889 0.8687369069 0.5192940370 
-82.1566806248 0.0420256630 0.8687602963 0.5193607633 
-82.1580517159 0.0420224335 0.8687837092 0.5194275518 
-82.1594244045 0.0420192005 0.8688071452 0.5194944019 
-82.1607986758 0.0420159640 0.8688306041 0.5195613131 
-82.1621745153 0.0420127240 0.8688540856 0.5196282849 
-82.1635519084 0.0420094806 0.8688775895 0.5196953167 
-82.1649308409 0.0420062338 0.8689011155 0.5197624079 
-82.1663112986 0.0420029836 0.8689246633 0.5198295581 
-82.1676932675 0.0419997301 0.8689482328 0.5198967666 
-82.1690767336 0.0419964734 0.8689718236 0.5199640330 
-82.1704616832 0.0419932133 0.8689954356 0.5200313568 
-82.1718481026 0.0419899501 0.8690190684 0.5200987374 
-82.1732359783 0.0419866836 0.8690427218 0.5201661744 
-82.1746252971 0.0419834140 0.8690663956 0.5202336672 
-82.1760160455 0.0419801413 0.8690900895 0.5203012153 
-82.1774082105 0.0419768654 0.8691138033 0.5203688183 
-82.1788017792 0.0419735865 0.8691375368 0.5204364757 
-82.1801967387 0.0419703046 0.8691612897 0.5205041870 
-82.1815930762 0.0419670197 0.8691850619 0.5205719516 
-82.1829907791 0.0419637317 0.8692088530 0.5206397692 
-82.1843898350 0.0419604409 0.8692326628 0.5207076393 
-82.1857902314 0.0419571471 0.8692564912 0.5207755614 
-82.1871919563 0.0419538505 0.8692803379 0.5208435351 
-82.1885949973 0.0419505509 0.8693042027 0.5209115599 
-82.1899993426 0.0419472486 0.8693280854 0.5209796353 
-82.1914049803 0.0419439435 0.8693519858 0.5210477610 
-82.1928118985 0.0419406356 0.8693759035 0.5211159365 
-82.1942200857 0.0419373249 0.8693998386 0.5211841613 
-82.1956295303 0.0419340115 0.8694237906 0.5212524351 
-82.1970402209 0.0419306955 0.8694477595 0.5213207573 
-82.1984521461 0.0419273768 0.8694717450 0.5213891277 
-82.1998652949 0.0419240555 0.8694957470 0.5214575457 
-82.2012796560 0.0419207315 0.8695197651 0.5215260110 
-82.2026952186 0.0419174050 0.8695437993 0.5215945232 
-82.2041119718 0.0419140759 0.8695678493 0.5216630818 
-82.2055299047 0.0419107443 0.8695919150 0.5217316865 
-82.2069490069 0.0419074102 0.8696159961 0.5218003368 
-82.2083692676 0.0419040736 0.8696400924 0.5218690324 
-82.2097906765 0.0419007346 0.8696642038 0.5219377730 
-82.2112132232 0.0418973931 0.8696883301 0.5220065580 
-82.2126368976 0.0418940493 0.8697124711 0.5220753872 
-82.2140616894 0.0418907030 0.8697366266 0.5221442602 
-82.2154875886 0.0418873544 0.8697607964 0.5222131766 
-82.2169145854 0.0418840035 0.8697849804 0.5222821360 
-82.2183426698 0.0418806503 0.8698091783 0.5223511381 
-82.2197718322 0.0418772948 0.8698333901 0.5224201825 
-82.2212020629 0.0418739370 0.8698576154 0.5224892689 
-82.2226333523 0.0418705770 0.8698818543 0.5225583969 
-82.2240656910 0.0418672148 0.8699061064 0.5226275662 
-82.2254990698 0.0418638504 0.8699303716 0.5226967764 
-82.2269334792 0.0418604838 0.8699546498 0.5227660272 
-82.2283689102 0.0418571151 0.8699789407 0.5228353183 
-82.2298053537 0.0418537442 0.8700032443 0.5229046493 
-82.2312428006 0.0418503713 0.8700275603 0.5229740199 
-82.2326812422 0.0418469962 0.8700518886 0.5230434298 
-82.2341206695 0.0418436191 0.8700762291 0.5231128787 
-82.2355610739 0.0418402400 0.8701005816 0.5231823662 
-82.2370024468 0.0418368588 0.8701249458 0.5232518920 
-82.2384447796 0.0418334757 0.8701493218 0.5233214559 
-82.2398880639 0.0418300906 0.8701737092 0.5233910574 
-82.2413322913 0.0418267035 0.8701981081 0.5234606964 
-82.2427774534 0.0418233144 0.8702225181 0.5235303725 
-82.2442235422 0.0418199235 0.8702469392 0.5236000854 
-82.2456705495 0.0418165307 0.8702713713 0.5236698349 
-82.2471184672 0.0418131359 0.8702958141 0.5237396206 
-82.2485672874 0.0418097393 0.8703202676 0.5238094422 
-82.2500170022 0.0418063409 0.8703447315 0.5238792994 
-82.2514676039 0.0418029407 0.8703692058 0.5239491921 
-82.2529190846 0.0417995386 0.8703936904 0.5240191198 
-82.2543714368 0.0417961348 0.8704181850 0.5240890824 
-82.2558246529 0.0417927292 0.8704426895 0.5241590795 
-82.2572787255 0.0417893218 0.8704672038 0.5242291110 
-82.2587336470 0.0417859127 0.8704917279 0.5242991764 
-82.2601894101 0.0417825019 0.8705162614 0.5243692756 
-82.2616460077 0.0417790894 0.8705408044 0.5244394083 
-82.2631034325 0.0417756752 0.8705653566 0.5245095742 
-82.2645616773 0.0417722594 0.8705899180 0.5245797731 
-82.2660207352 0.0417688419 0.8706144884 0.5246500047 
-82.2674805992 0.0417654228 0.8706390677 0.5247202688 
-82.2689412623 0.0417620021 0.8706636558 0.5247905651 
-82.2704027177 0.0417585797 0.8706882525 0.5248608934 
-82.2718649588 0.0417551558 0.8707128578 0.5249312535 
-82.2733279786 0.0417517304 0.8707374714 0.5250016451 
-82.2747917708 0.0417483034 0.8707620934 0.5250720679 
-82.2762563285 0.0417448748 0.8707867235 0.5251425218 
-82.2777216455 0.0417414447 0.8708113616 0.5252130065 
-82.2791877152 0.0417380132 0.8708360077 0.5252835217 
-82.2806545313 0.0417345801 0.8708606616 0.5253540673 
-82.2821220875 0.0417311456 0.8708853232 0.5254246430 
-82.2835903775 0.0417277096 0.8709099924 0.5254952487 
-82.2850593951 0.0417242722 0.8709346691 0.5255658840 
-82.2865291343 0.0417208334 0.8709593532 0.5256365488 
-82.2879995890 0.0417173931 0.8709840445 0.5257072428 
-82.2894707532 0.0417139515 0.8710087429 0.5257779659 
-82.2909426210 0.0417105084 0.8710334484 0.5258487178 
-82.2924151865 0.0417070640 0.8710581609 0.5259194983 
-82.2938884439 0.0417036183 0.8710828802 0.5259903072 
-82.2953623874 0.0417001712 0.8711076062 0.5260611444 
-82.2968370114 0.0416967228 0.8711323388 0.5261320096 
-82.2983123101 0.0416932730 0.8711570780 0.5262029025 
-82.2997882781 0.0416898220 0.8711818235 0.5262738231 
-82.3012649098 0.0416863696 0.8712065755 0.5263447712 
-82.3027421997 0.0416829160 0.8712313336 0.5264157464 
-82.3042201424 0.0416794612 0.8712560978 0.5264867487 
-82.3056987326 0.0416760051 0.8712808681 0.5265577778 
-82.3071779649 0.0416725477 0.8713056443 0.5266288336 
-82.3086578340 0.0416690892 0.8713304264 0.5266999159 
-82.3101383349 0.0416656294 0.8713552142 0.5267710245 
-82.3116194623 0.0416621684 0.8713800076 0.5268421591 
-82.3131012111 0.0416587062 0.8714048066 0.5269133198 
-82.3145835763 0.0416552429 0.8714296111 0.5269845061 
-82.3160665529 0.0416517784 0.8714544210 0.5270557181 
-82.3175501360 0.0416483128 0.8714792361 0.5271269555 
-82.3190343205 0.0416448460 0.8715040565 0.5271982181 
-82.3205191018 0.0416413781 0.8715288819 0.5272695057 
-82.3220044749 0.0416379090 0.8715537124 0.5273408183 
-82.3234904352 0.0416344389 0.8715785478 0.5274121556 
-82.3249769779 0.0416309677 0.8716033880 0.5274835175 
-82.3264640983 0.0416274954 0.8716282331 0.5275549038 
-82.3279517919 0.0416240220 0.8716530828 0.5276263143 
-82.3294400541 0.0416205476 0.8716779371 0.5276977490 
-82.3309288802 0.0416170721 0.8717027959 0.5277692075 
-82.3324182660 0.0416135956 0.8717276592 0.5278406899 
-82.3339082069 0.0416101181 0.8717525268 0.5279121958 
-82.3353986985 0.0416066395 0.8717773987 0.5279837252 
-82.3368897365 0.0416031599 0.8718022748 0.5280552780 
-82.3383813166 0.0415996794 0.8718271551 0.5281268538 
-82.3398734345 0.0415961978 0.8718520393 0.5281984528 
-82.3413660859 0.0415927153 0.8718769276 0.5282700745 
-82.3428592667 0.0415892318 0.8719018197 0.5283417190 
-82.3443529728 0.0415857474 0.8719267157 0.5284133861 
-82.3458472000 0.0415822620 0.8719516154 0.5284850757 
-82.3473419444 0.0415787757 0.8719765187 0.5285567875 
-82.3488372017 0.0415752884 0.8720014257 0.5286285215 
-82.3503329681 0.0415718003 0.8720263361 0.5287002775 
-82.3518292396 0.0415683112 0.8720512501 0.5287720553 
-82.3533260124 0.0415648212 0.8720761674 0.5288438550 
-82.3548232824 0.0415613304 0.8721010880 0.5289156762 
-82.3563210460 0.0415578387 0.8721260119 0.5289875189 
-82.3578192992 0.0415543461 0.8721509389 0.5290593830 
-82.3593180383 0.0415508526 0.8721758690 0.5291312683 
-82.3608172596 0.0415473583 0.8722008022 0.5292031747 
-82.3623169594 0.0415438631 0.8722257383 0.5292751020 
-82.3638171341 0.0415403671 0.8722506774 0.5293470502 
-82.3653177799 0.0415368703 0.8722756193 0.5294190191 
-82.3668188933 0.0415333727 0.8723005639 0.5294910085 
-82.3683204708 0.0415298742 0.8723255113 0.5295630185 
-82.3698225088 0.0415263750 0.8723504613 0.5296350487 
-82.3713250038 0.0415228750 0.8723754139 0.5297070992 
-82.3728279523 0.0415193741 0.8724003690 0.5297791698 
-82.3743313510 0.0415158726 0.8724253266 0.5298512604 
-82.3758351964 0.0415123702 0.8724502865 0.5299233708 
-82.3773394851 0.0415088671 0.8724752488 0.5299955010 
-82.3788442138 0.0415053632 0.8725002134 0.5300676508 
-82.3803493793 0.0415018586 0.8725251802 0.5301398201 
-82.3818549781 0.0414983533 0.8725501491 0.5302120088 
-82.3833610071 0.0414948472 0.8725751201 0.5302842168 
-82.3848674630 0.0414913404 0.8726000932 0.5303564440 
-82.3863743426 0.0414878329 0.8726250682 0.5304286902 
-82.3878816428 0.0414843247 0.8726500452 0.5305009554 
-82.3893893604 0.0414808158 0.8726750240 0.5305732395 
-82.3908974923 0.0414773062 0.8727000047 0.5306455422 
-82.3924060355 0.0414737959 0.8727249870 0.5307178636 
-82.3939149868 0.0414702850 0.8727499711 0.5307902036 
-82.3954243432 0.0414667734 0.8727749569 0.5308625619 
-82.3969341017 0.0414632611 0.8727999442 0.5309349386 
-82.3984442594 0.0414597481 0.8728249330 0.5310073335 
-82.3999548132 0.0414562346 0.8728499234 0.5310797464 
-82.4014657602 0.0414527204 0.8728749151 0.5311521774 
-82.4029770976 0.0414492055 0.8728999083 0.5312246263 
-82.4044888224 0.0414456900 0.8729249028 0.5312970930 
-82.4060009318 0.0414421740 0.8729498985 0.5313695774 
-82.4075134229 0.0414386573 0.8729748955 0.5314420793 
-82.4090262929 0.0414351400 0.8729998936 0.5315145988 
-82.4105395390 0.0414316221 0.8730248928 0.5315871357 
-82.4120531585 0.0414281036 0.8730498932 0.5316596899 
-82.4135671485 0.0414245845 0.8730748945 0.5317322612 
-82.4150815064 0.0414210648 0.8730998968 0.5318048497 
-82.4165962295 0.0414175446 0.8731249001 0.5318774552 
-82.4181113149 0.0414140238 0.8731499042 0.5319500776 
-82.4196267602 0.0414105025 0.8731749091 0.5320227169 
-82.4211425626 0.0414069806 0.8731999149 0.5320953728 
-82.4226587195 0.0414034581 0.8732249213 0.5321680454 
-82.4241752283 0.0413999351 0.8732499285 0.5322407345 
-82.4256920864 0.0413964116 0.8732749362 0.5323134401 
-82.4272092913 0.0413928876 0.8732999446 0.5323861620 
-82.4287268403 0.0413893630 0.8733249536 0.5324589002 
-82.4302447310 0.0413858379 0.8733499630 0.5325316546 
-82.4317629608 0.0413823123 0.8733749729 0.5326044250 
-82.4332815272 0.0413787862 0.8733999832 0.5326772114 
-82.4348004277 0.0413752596 0.8734249939 0.5327500137 
-82.4363196600 0.0413717325 0.8734500049 0.5328228318 
-82.4378392214 0.0413682050 0.8734750162 0.5328956656 
-82.4393591097 0.0413646769 0.8735000277 0.5329685150 
-82.4408793224 0.0413611484 0.8735250394 0.5330413799 
-82.4423998570 0.0413576194 0.8735500513 0.5331142603 
-82.4439207112 0.0413540899 0.8735750633 0.5331871561 
-82.4454418827 0.0413505600 0.8736000753 0.5332600671 
-82.4469633690 0.0413470296 0.8736250874 0.5333329932 
-82.4484851679 0.0413434988 0.8736500995 0.5334059345 
-82.4500072770 0.0413399676 0.8736751115 0.5334788907 
-82.4515296940 0.0413364359 0.8737001234 0.5335518619 
-82.4530524166 0.0413329038 0.8737251352 0.5336248478 
-82.4545754425 0.0413293712 0.8737501469 0.5336978485 
-82.4560987696 0.0413258383 0.8737751583 0.5337708638 
-82.4576223954 0.0413223049 0.8738001694 0.5338438937 
-82.4591463178 0.0413187711 0.8738251803 0.5339169380 
-82.4606705345 0.0413152369 0.8738501908 0.5339899967 
-82.4621950434 0.0413117024 0.8738752009 0.5340630697 
-82.4637198422 0.0413081674 0.8739002107 0.5341361568 
-82.4652449288 0.0413046320 0.8739252200 0.5342092581 
-82.4667703009 0.0413010963 0.8739502288 0.5342823734 
-82.4682959564 0.0412975602 0.8739752370 0.5343555026 
-82.4698218932 0.0412940237 0.8740002448 0.5344286457 
-82.4713481092 0.0412904868 0.8740252519 0.5345018024 
-82.4728746021 0.0412869496 0.8740502584 0.5345749729 
-82.4744013699 0.0412834121 0.8740752642 0.5346481569 
-82.4759284104 0.0412798741 0.8741002693 0.5347213544 
-82.4774557217 0.0412763359 0.8741252736 0.5347945653 
-82.4789833016 0.0412727973 0.8741502772 0.5348677894 
-82.4805111480 0.0412692583 0.8741752800 0.5349410268 
-82.4820392589 0.0412657190 0.8742002819 0.5350142773 
-82.4835676322 0.0412621794 0.8742252829 0.5350875407 
-82.4850962659 0.0412586395 0.8742502830 0.5351608172 
-82.4866251580 0.0412550993 0.8742752821 0.5352341064 
-82.4881543065 0.0412515587 0.8743002803 0.5353074084 
-82.4896837093 0.0412480179 0.8743252774 0.5353807230 
-82.4912133645 0.0412444767 0.8743502735 0.5354540502 
-82.4927432700 0.0412409352 0.8743752684 0.5355273899 
-82.4942734240 0.0412373935 0.8744002623 0.5356007419 
-82.4958038245 0.0412338514 0.8744252549 0.5356741061 
-82.4973344695 0.0412303091 0.8744502464 0.5357474826 
-82.4988653570 0.0412267665 0.8744752367 0.5358208711 
-82.5003964853 0.0412232236 0.8745002256 0.5358942715 
-82.5019278522 0.0412196805 0.8745252133 0.5359676839 
-82.5034594560 0.0412161371 0.8745501997 0.5360411080 
-82.5049912947 0.0412125934 0.8745751847 0.5361145438 
-82.5065233665 0.0412090494 0.8746001683 0.5361879912 
-82.5080556695 0.0412055053 0.8746251505 0.5362614500 
-82.5095882018 0.0412019608 0.8746501313 0.5363349202 
-82.5111209616 0.0411984161 0.8746751105 0.5364084017 
-82.5126539470 0.0411948712 0.8747000883 0.5364818944 
-82.5141871563 0.0411913261 0.8747250645 0.5365553980 
-82.5157205876 0.0411877807 0.8747500391 0.5366289127 
-82.5172542391 0.0411842351 0.8747750121 0.5367024382 
-82.5187881091 0.0411806892 0.8747999835 0.5367759744 
-82.5203221957 0.0411771432 0.8748249532 0.5368495212 
-82.5218564972 0.0411735969 0.8748499213 0.5369230785 
-82.5233910119 0.0411700505 0.8748748875 0.5369966463 
-82.5249257380 0.0411665038 0.8748998521 0.5370702243 
-82.5264606738 0.0411629569 0.8749248148 0.5371438125 
-82.5279958177 0.0411594098 0.8749497758 0.5372174108 
-82.5295311678 0.0411558626 0.8749747349 0.5372910190 
-82.5310667226 0.0411523151 0.8749996921 0.5373646370 
-82.5326024803 0.0411487675 0.8750246475 0.5374382647 
-82.5341384394 0.0411452196 0.8750496009 0.5375119020 
-82.5356745982 0.0411416716 0.8750745524 0.5375855488 
-82.5372109552 0.0411381234 0.8750995019 0.5376592048 
-82.5387475086 0.0411345751 0.8751244494 0.5377328701 
-82.5402842570 0.0411310266 0.8751493948 0.5378065445 
-82.5418211988 0.0411274779 0.8751743382 0.5378802278 
-82.5433583324 0.0411239291 0.8751992795 0.5379539200 
-82.5448956564 0.0411203801 0.8752242188 0.5380276208 
-82.5464331692 0.0411168309 0.8752491559 0.5381013302 
-82.5479708695 0.0411132816 0.8752740908 0.5381750481 
-82.5495087556 0.0411097322 0.8752990236 0.5382487742 
-82.5510468263 0.0411061826 0.8753239541 0.5383225084 
-82.5525850800 0.0411026329 0.8753488824 0.5383962507 
-82.5541235155 0.0410990830 0.8753738085 0.5384700008 
-82.5556621313 0.0410955331 0.8753987323 0.5385437586 
-82.5572009262 0.0410919829 0.8754236539 0.5386175240 
-82.5587398989 0.0410884327 0.8754485731 0.5386912968 
-82.5602790480 0.0410848823 0.8754734899 0.5387650769 
-82.5618183724 0.0410813319 0.8754984044 0.5388388641 
-82.5633578707 0.0410777813 0.8755233166 0.5389126583 
-82.5648975420 0.0410742305 0.8755482263 0.5389864592 
-82.5664373849 0.0410706797 0.8755731336 0.5390602668 
-82.5679773985 0.0410671288 0.8755980385 0.5391340809 
-82.5695175816 0.0410635777 0.8756229410 0.5392079013 
-82.5710579331 0.0410600266 0.8756478409 0.5392817278 
-82.5725984522 0.0410564754 0.8756727384 0.5393555603 
-82.5741391378 0.0410529240 0.8756976334 0.5394293986 
-82.5756799890 0.0410493726 0.8757225259 0.5395032425 
-82.5772210049 0.0410458210 0.8757474158 0.5395770919 
-82.5787621848 0.0410422694 0.8757723032 0.5396509466 
-82.5803035278 0.0410387177 0.8757971880 0.5397248063 
-82.5818450332 0.0410351659 0.8758220703 0.5397986709 
-82.5833867003 0.0410316140 0.8758469499 0.5398725403 
-82.5849285285 0.0410280620 0.8758718270 0.5399464141 
-82.5864705171 0.0410245099 0.8758967015 0.5400202923 
-82.5880126658 0.0410209578 0.8759215733 0.5400941746 
-82.5895549740 0.0410174056 0.8759464425 0.5401680608 
-82.5910974412 0.0410138532 0.8759713091 0.5402419507 
-82.5926400673 0.0410103008 0.8759961731 0.5403158442 
-82.5941828518 0.0410067484 0.8760210344 0.5403897409 
-82.5957257946 0.0410031958 0.8760458930 0.5404636407 
-82.5972688955 0.0409996432 0.8760707490 0.5405375434 
-82.5988121545 0.0409960905 0.8760956024 0.5406114487 
-82.6003555716 0.0409925377 0.8761204531 0.5406853564 
-82.6018991468 0.0409889848 0.8761453011 0.5407592663 
-82.6034428804 0.0409854319 0.8761701465 0.5408331781 
-82.6049867725 0.0409818789 0.8761949892 0.5409070917 
-82.6065308235 0.0409783258 0.8762198292 0.5409810067 
-82.6080750339 0.0409747726 0.8762446666 0.5410549230 
-82.6096194041 0.0409712193 0.8762695014 0.5411288402 
-82.6111639348 0.0409676660 0.8762943335 0.5412027581 
-82.6127086266 0.0409641125 0.8763191630 0.5412766766 
-82.6142534805 0.0409605590 0.8763439899 0.5413505952 
-82.6157984973 0.0409570054 0.8763688142 0.5414245137 
-82.6173436780 0.0409534517 0.8763936359 0.5414984320 
-82.6188890239 0.0409498979 0.8764184550 0.5415723496 
-82.6204345361 0.0409463440 0.8764432716 0.5416462663 
-82.6219802161 0.0409427900 0.8764680856 0.5417201819 
-82.6235260654 0.0409392359 0.8764928971 0.5417940960 
-82.6250720857 0.0409356817 0.8765177061 0.5418680083 
-82.6266182788 0.0409321274 0.8765425127 0.5419419186 
-82.6281646465 0.0409285730 0.8765673168 0.5420158265 
-82.6297111909 0.0409250184 0.8765921185 0.5420897318 
-82.6312579144 0.0409214638 0.8766169178 0.5421636341 
-82.6328048193 0.0409179090 0.8766417147 0.5422375330 
-82.6343519080 0.0409143540 0.8766665093 0.5423114284 
-82.6358991835 0.0409107990 0.8766913017 0.5423853198 
-82.6374466485 0.0409072437 0.8767160918 0.5424592069 
-82.6389943061 0.0409036884 0.8767408798 0.5425330893 
-82.6405421596 0.0409001328 0.8767656656 0.5426069668 
-82.6420902125 0.0408965771 0.8767904492 0.5426808389 
-82.6436384683 0.0408930212 0.8768152309 0.5427547054 
-82.6451869310 0.0408894651 0.8768400105 0.5428285657 
-82.6467356046 0.0408859088 0.8768647883 0.5429024197 
-82.6482844934 0.0408823524 0.8768895641 0.5429762668 
-82.6498336019 0.0408787957 0.8769143382 0.5430501067 
-82.6513829349 0.0408752387 0.8769391105 0.5431239391 
-82.6529324973 0.0408716816 0.8769638811 0.5431977634 
-82.6544822944 0.0408681241 0.8769886502 0.5432715794 
-82.6560323317 0.0408645665 0.8770134177 0.5433453866 
-82.6575826150 0.0408610085 0.8770381839 0.5434191845 
-82.6591331503 0.0408574502 0.8770629486 0.5434929728 
-82.6606839439 0.0408538917 0.8770877122 0.5435667510 
-82.6622350025 0.0408503328 0.8771124745 0.5436405187 
-82.6637863329 0.0408467736 0.8771372358 0.5437142754 
-82.6653379425 0.0408432141 0.8771619962 0.5437880207 
-82.6668898387 0.0408396541 0.8771867557 0.5438617542 
-82.6684420295 0.0408360938 0.8772115145 0.5439354753 
-82.6699945231 0.0408325331 0.8772362727 0.5440091835 
-82.6715473281 0.0408289719 0.8772610304 0.5440828784 
-82.6731004535 0.0408254103 0.8772857877 0.5441565595 
-82.6746539085 0.0408218483 0.8773105448 0.5442302263 
-82.6762077030 0.0408182857 0.8773353018 0.5443038783 
-82.6777618470 0.0408147227 0.8773600589 0.5443775149 
-82.6793163511 0.0408111591 0.8773848163 0.5444511357 
-82.6808712263 0.0408075949 0.8774095739 0.5445247400 
-82.6824264840 0.0408040302 0.8774343322 0.5445983274 
-82.6839821361 0.0408004648 0.8774590911 0.5446718973 
-82.6855381948 0.0407968988 0.8774838510 0.5447454491 
-82.6870946731 0.0407933322 0.8775086119 0.5448189822 
-82.6886515843 0.0407897648 0.8775333741 0.5448924961 
-82.6902089422 0.0407861967 0.8775581377 0.5449659902 
-82.6917667611 0.0407826278 0.8775829031 0.5450394639 
-82.6933250560 0.0407790582 0.8776076703 0.5451129165 
-82.6948838424 0.0407754877 0.8776324397 0.5451863474 
-82.6964431363 0.0407719163 0.8776572114 0.5452597560 
-82.6980029544 0.0407683440 0.8776819857 0.5453331417 
-82.6995633140 0.0407647708 0.8777067629 0.5454065037 
-82.7011242330 0.0407611966 0.8777315432 0.5454798415 
-82.7026857299 0.0407576214 0.8777563268 0.5455531543 
-82.7042478240 0.0407540451 0.8777811141 0.5456264415 
-82.7058105353 0.0407504676 0.8778059054 0.5456997024 
-82.7073738844 0.0407468890 0.8778307009 0.5457729362 
-82.7089378927 0.0407433092 0.8778555009 0.5458461423 
-82.7105025823 0.0407397281 0.8778803059 0.5459193198 
-82.7120679762 0.0407361457 0.8779051160 0.5459924681 
-82.7136340981 0.0407325620 0.8779299317 0.5460655863 
-82.7152009726 0.0407289768 0.8779547534 0.5461386738 
-82.7167686251 0.0407253901 0.8779795813 0.5462117297 
-82.7183370820 0.0407218019 0.8780044158 0.5462847532 
-82.7199063704 0.0407182120 0.8780292575 0.5463577436 
-82.7214765185 0.0407146205 0.8780541066 0.5464306999 
-82.7230475553 0.0407110273 0.8780789636 0.5465036215 
-82.7246195111 0.0407074323 0.8781038290 0.5465765073 
-82.7261924168 0.0407038353 0.8781287031 0.5466493565 
-82.7277663046 0.0407002365 0.8781535866 0.5467221684 
-82.7293412078 0.0406966356 0.8781784797 0.5467949419 
-82.7309171608 0.0406930326 0.8782033831 0.5468676761 
-82.7324941989 0.0406894275 0.8782282972 0.5469403702 
-82.7340723588 0.0406858200 0.8782532227 0.5470130232 
-82.7356516785 0.0406822102 0.8782781600 0.5470856342 
-82.7372321970 0.0406785980 0.8783031097 0.5471582021 
-82.7388139547 0.0406749833 0.8783280724 0.5472307260 
-82.7403969932 0.0406713659 0.8783530487 0.5473032049 
-82.7419813558 0.0406677458 0.8783780393 0.5473756379 
-82.7435670867 0.0406641229 0.8784030448 0.5474480237 
-82.7451542319 0.0406604971 0.8784280658 0.5475203615 
-82.7467428388 0.0406568682 0.8784531031 0.5475926501 
-82.7483329561 0.0406532362 0.8784781573 0.5476648884 
-82.7499246344 0.0406496009 0.8785032292 0.5477370754 
-82.7515179256 0.0406459622 0.8785283196 0.5478092100 
-82.7531128834 0.0406423201 0.8785534293 0.5478812909 
-82.7547095633 0.0406386743 0.8785785590 0.5479533171 
-82.7563080222 0.0406350248 0.8786037096 0.5480252874 
-82.7579083192 0.0406313714 0.8786288819 0.5480972005 
-82.7595105149 0.0406277139 0.8786540769 0.5481690553 
-82.7611146720 0.0406240523 0.8786792954 0.5482408506 
-82.7627208551 0.0406203864 0.8787045384 0.5483125850 
-82.7643291308 0.0406167160 0.8787298069 0.5483842574 
-82.7659395678 0.0406130410 0.8787551019 0.5484558664 
-82.7675522367 0.0406093613 0.8787804243 0.5485274108 
-82.7691672106 0.0406056766 0.8788057754 0.5485988891 
-82.7707845646 0.0406019867 0.8788311561 0.5486703001 
-82.7724043762 0.0405982916 0.8788565676 0.5487416424 
-82.7740267252 0.0405945910 0.8788820111 0.5488129146 
-82.7756516939 0.0405908848 0.8789074877 0.5488841152 
-82.7772793671 0.0405871727 0.8789329988 0.5489552428 
-82.7789098321 0.0405834546 0.8789585456 0.5490262960 
-82.7805431788 0.0405797302 0.8789841294 0.5490972733 
-82.7821794999 0.0405759994 0.8790097516 0.5491681732 
-82.7838188908 0.0405722619 0.8790354135 0.5492389941 
-82.7854614499 0.0405685175 0.8790611167 0.5493097345 
-82.7871072784 0.0405647660 0.8790868625 0.5493803929 
-82.7887564806 0.0405610071 0.8791126526 0.5494509675 
-82.7904091638 0.0405572406 0.8791384884 0.5495214568 
-82.7920654386 0.0405534663 0.8791643716 0.5495918591 
-82.7937254187 0.0405496839 0.8791903040 0.5496621728 
-82.7953892214 0.0405458931 0.8792162871 0.5497323961 
-82.7970569674 0.0405420936 0.8792423228 0.5498025273 
-82.7987287807 0.0405382853 0.8792684128 0.5498725646 
-82.8004047893 0.0405344677 0.8792945591 0.5499425063 
-82.8020851247 0.0405306406 0.8793207636 0.5500123506 
-82.8037699222 0.0405268037 0.8793470283 0.5500820955 
-82.8054593214 0.0405229566 0.8793733552 0.5501517392 
-82.8071534656 0.0405190991 0.8793997464 0.5502212799 
-82.8088525024 0.0405152309 0.8794262041 0.5502907155 
-82.8105565836 0.0405113515 0.8794527305 0.5503600442 
-82.8122658656 0.0405074606 0.8794793278 0.5504292639 
-82.8139805091 0.0405035578 0.8795059986 0.5504983726 
-82.8157006795 0.0404996429 0.8795327451 0.5505673682 
-82.8174265469 0.0404957153 0.8795595699 0.5506362487 
-82.8191582865 0.0404917748 0.8795864756 0.5507050120 
-82.8208960784 0.0404878209 0.8796134647 0.5507736558 
-82.8226401076 0.0404838531 0.8796405401 0.5508421781 
-82.8243905648 0.0404798711 0.8796677044 0.5509105765 
-82.8261476459 0.0404758744 0.8796949606 0.5509788489 
-82.8279115524 0.0404718625 0.8797223117 0.5510469929 
-82.8296824916 0.0404678351 0.8797497607 0.5511150063 
-82.8314606765 0.0404637916 0.8797773106 0.5511828866 
-82.8332463264 0.0404597314 0.8798049648 0.5512506314 
-82.8350396666 0.0404556542 0.8798327265 0.5513182384 
-82.8368409289 0.0404515594 0.8798605992 0.5513857051 
-82.8386503514 0.0404474464 0.8798885863 0.5514530288 
-82.8404681791 0.0404433147 0.8799166914 0.5515202072 
-82.8422946639 0.0404391638 0.8799449182 0.5515872376 
-82.8441300646 0.0404349930 0.8799732706 0.5516541174 
-82.8459746475 0.0404308018 0.8800017524 0.5517208438 
-82.8478286860 0.0404265895 0.8800303676 0.5517874143 
-82.8496924613 0.0404223555 0.8800591205 0.5518538260 
-82.8515662627 0.0404180992 0.8800880151 0.5519200761 
-82.8534503871 0.0404138198 0.8801170560 0.5519861618 
-82.8553451400 0.0404095168 0.8801462475 0.5520520803 
-82.8572508351 0.0404051894 0.8801755943 0.5521178285 
-82.8591677950 0.0404008368 0.8802051011 0.5521834036 
-82.8610963513 0.0403964583 0.8802347728 0.5522488024 
-82.8630368445 0.0403920533 0.8802646143 0.5523140220 
-82.8649896246 0.0403876207 0.8802946309 0.5523790591 
-82.8669550514 0.0403831600 0.8803248278 0.5524439107 
-82.8689334944 0.0403786702 0.8803552104 0.5525085736 
-82.8709253335 0.0403741505 0.8803857844 0.5525730443 
-82.8729309587 0.0403696000 0.8804165553 0.5526373197 
-82.8749507709 0.0403650178 0.8804475292 0.5527013964 
-82.8769851821 0.0403604030 0.8804787120 0.5527652710 
-82.8790346153 0.0403557547 0.8805101100 0.5528289399 
-82.8810995053 0.0403510718 0.8805417295 0.5528923996 
-82.8831802986 0.0403463534 0.8805735772 0.5529556466 
-82.8852774539 0.0403415984 0.8806056596 0.5530186772 
-82.8873914424 0.0403368057 0.8806379838 0.5530814877 
-82.8895227482 0.0403319744 0.8806705569 0.5531440743 
-82.8916718685 0.0403271033 0.8807033861 0.5532064333 
-82.8938393140 0.0403221912 0.8807364789 0.5532685607 
-82.8960256091 0.0403172370 0.8807698430 0.5533304526 
-82.8982312926 0.0403122394 0.8808034863 0.5533921050 
-82.9004569177 0.0403071973 0.8808374170 0.5534535139 
-82.9027030528 0.0403021093 0.8808716433 0.5535146750 
-82.9049702813 0.0402969741 0.8809061738 0.5535755843 
-82.9072592026 0.0402917905 0.8809410173 0.5536362373 
-82.9095704322 0.0402865570 0.8809761827 0.5536966299 
-82.9119046019 0.0402812722 0.8810116795 0.5537567575 
-82.9142623609 0.0402759346 0.8810475169 0.5538166157 
-82.9166443756 0.0402705429 0.8810837049 0.5538762000 
-82.9190513302 0.0402650954 0.8811202534 0.5539355057 
-82.9214839275 0.0402595905 0.8811571727 0.5539945281 
-82.9239428888 0.0402540268 0.8811944734 0.5540532625 
-82.9264289549 0.0402484025 0.8812321662 0.5541117040 
-82.9289428864 0.0402427159 0.8812702623 0.5541698476 
-82.9314854642 0.0402369652 0.8813087732 0.5542276884 
-82.9340574899 0.0402311488 0.8813477105 0.5542852212 
-82.9366597866 0.0402252647 0.8813870862 0.5543424409 
-82.9392931995 0.0402193111 0.8814269127 0.5543993422 
-82.9419585958 0.0402132861 0.8814672026 0.5544559197 
-82.9446568662 0.0402071876 0.8815079690 0.5545121680 
-82.9473889250 0.0402010136 0.8815492251 0.5545680816 
-82.9501557106 0.0401947621 0.8815909847 0.5546236548 
-82.9529581864 0.0401884309 0.8816332617 0.5546788819 
-82.9557973414 0.0401820178 0.8816760706 0.5547337571 
-82.9586741907 0.0401755205 0.8817194262 0.5547882744 
-82.9615897763 0.0401689368 0.8817633436 0.5548424280 
-82.9645451677 0.0401622642 0.8818078384 0.5548962115 
-82.9675414629 0.0401555003 0.8818529265 0.5549496190 
-82.9705797886 0.0401486427 0.8818986243 0.5550026439 
-82.9736613015 0.0401416887 0.8819449486 0.5550552798 
-82.9767871886 0.0401346357 0.8819919166 0.5551075203 
-82.9799586683 0.0401274810 0.8820395460 0.5551593586 
-82.9831769912 0.0401202219 0.8820878549 0.5552107881 
-82.9864434406 0.0401128555 0.8821368618 0.5552618017 
-82.9897593338 0.0401053789 0.8821865860 0.5553123926 
-82.9931260226 0.0400977891 0.8822370468 0.5553625535 
-82.9965448943 0.0400900831 0.8822882645 0.5554122773 
-83.0000173729 0.0400822576 0.8823402594 0.5554615565 
-83.0035449194 0.0400743095 0.8823930528 0.5555103836 
-83.0071290334 0.0400662355 0.8824466662 0.5555587511 
-83.0107712539 0.0400580321 0.8825011218 0.5556066511 
-83.0144731599 0.0400496959 0.8825564423 0.5556540758 
-83.0182363722 0.0400412233 0.8826126511 0.5557010171 
-83.0220625538 0.0400326107 0.8826697721 0.5557474668 
-83.0259534112 0.0400238542 0.8827278297 0.5557934166 
-83.0299106958 0.0400149501 0.8827868491 0.5558388580 
-83.0339362045 0.0400058943 0.8828468560 0.5558837825 
-83.0380317814 0.0399966829 0.8829078768 0.5559281811 
-83.0421993187 0.0399873117 0.8829699386 0.5559720451 
-83.0464407581 0.0399777764 0.8830330691 0.5560153654 
-83.0507580921 0.0399680726 0.8830972968 0.5560581326 
-83.0551533649 0.0399581959 0.8831626507 0.5561003374 
-83.0596286744 0.0399481417 0.8832291607 0.5561419702 
-83.0641861730 0.0399379053 0.8832968574 0.5561830212 
-83.0688280695 0.0399274818 0.8833657722 0.5562234806 
-83.0735566300 0.0399168662 0.8834359372 0.5562633382 
-83.0783741800 0.0399060536 0.8835073854 0.5563025839 
-83.0832831053 0.0398950387 0.8835801503 0.5563412070 
-83.0882858541 0.0398838162 0.8836542668 0.5563791971 
-83.0933849382 0.0398723805 0.8837297700 0.5564165432 
-83.0985829351 0.0398607262 0.8838066963 0.5564532344 
-83.1038824892 0.0398488474 0.8838850829 0.5564892594 
-83.1092863139 0.0398367382 0.8839649678 0.5565246068 
-83.1147971931 0.0398243927 0.8840463900 0.5565592651 
-83.1204179833 0.0398118046 0.8841293894 0.5565932224 
-83.1261516154 0.0397989675 0.8842140070 0.5566264667 
-83.1320010964 0.0397858750 0.8843002846 0.5566589858 
-83.1379695118 0.0397725204 0.8843882651 0.5566907671 
-83.1440600273 0.0397588969 0.8844779924 0.5567217982 
-83.1502758910 0.0397449974 0.8845695115 0.5567520660 
-83.1566204356 0.0397308148 0.8846628685 0.5567815575 
-83.1630970804 0.0397163417 0.8847581104 0.5568102593 
-83.1697093339 0.0397015706 0.8848552856 0.5568381579 
-83.1764607958 0.0396864937 0.8849544434 0.5568652394 
-83.1833551596 0.0396711032 0.8850556344 0.5568914899 
-83.1903962149 0.0396553909 0.8851589104 0.5569168950 
-83.1975878501 0.0396393484 0.8852643242 0.5569414403 
-83.2049340546 0.0396229674 0.8853719302 0.5569651109 
-83.2124389220 0.0396062390 0.8854817838 0.5569878919 
-83.2201066525 0.0395891543 0.8855939418 0.5570097679 
-83.2279415558 0.0395717041 0.8857084621 0.5570307234 
-83.2359480537 0.0395538791 0.8858254043 0.5570507426 
-83.2441306834 0.0395356696 0.8859448291 0.5570698095 
-83.2524941008 0.0395170657 0.8860667986 0.5570879077 
-83.2610430826 0.0394980574 0.8861913764 0.5571050206 
-83.2697825308 0.0394786343 0.8863186276 0.5571211313 
-83.2787174751 0.0394587858 0.8864486187 0.5571362226 
-83.2878530764 0.0394385011 0.8865814175 0.5571502770 
-83.2971946308 0.0394177690 0.8867170938 0.5571632769 
-83.3067475726 0.0393965782 0.8868557184 0.5571752040 
-83.3165174784 0.0393749169 0.8869973641 0.5571860402 
-83.3265100706 0.0393527732 0.8871421051 0.5571957666 
-83.3367312215 0.0393301350 0.8872900172 0.5572043643 
-83.3471869573 0.0393069895 0.8874411781 0.5572118140 
-83.3578834620 0.0392833241 0.8875956670 0.5572180960 
-83.3688270818 0.0392591255 0.8877535647 0.5572231903 
-83.3800243297 0.0392343804 0.8879149541 0.5572270766 
-83.3914818896 0.0392090748 0.8880799195 0.5572297341 
-83.4032066210 0.0391831947 0.8882485472 0.5572311418 
-83.4152055641 0.0391567257 0.8884209253 0.5572312782 
-83.4274859441 0.0391296528 0.8885971438 0.5572301215 
-83.4400551770 0.0391019611 0.8887772943 0.5572276493 
-83.4529208739 0.0390736349 0.8889614708 0.5572238388 
-83.4660908472 0.0390446583 0.8891497687 0.5572186670 
-83.4795731155 0.0390150152 0.8893422857 0.5572121100 
-83.4933759096 0.0389846889 0.8895391213 0.5572041437 
-83.5075076779 0.0389536622 0.8897403772 0.5571947433 
-83.5219770933 0.0389219179 0.8899461569 0.5571838835 
-83.5367930582 0.0388894379 0.8901565660 0.5571715382 
-83.5519647119 0.0388562042 0.8903717124 0.5571576807 
-83.5675014368 0.0388221978 0.8905917057 0.5571422837 
-83.5834128649 0.0387873998 0.8908166580 0.5571253187 
-83.5997088853 0.0387517906 0.8910466832 0.5571067567 
-83.6163996511 0.0387153500 0.8912818975 0.5570865674 
-83.6334955870 0.0386780576 0.8915224193 0.5570647195 
-83.6510073970 0.0386398924 0.8917683692 0.5570411804 
-83.6689460720 0.0386008330 0.8920198697 0.5570159161 
-83.6873228985 0.0385608573 0.8922770459 0.5569888909 
-83.7061494666 0.0385199429 0.8925400249 0.5569600675 
-83.7254376791 0.0384780668 0.8928089360 0.5569294061 
-83.7451997603 0.0384352055 0.8930839107 0.5568968650 
-83.7654482654 0.0383913350 0.8933650829 0.5568623991 
-83.7861960901 0.0383464306 0.8936525886 0.5568259605 
-83.8074564807 0.0383004672 0.8939465661 0.5567874973 
-83.8292430444 0.0382534190 0.8942471557 0.5567469533 
-83.8515697598 0.0382052598 0.8945545003 0.5567042667 
-83.8744509885 0.0381559626 0.8948687447 0.5566593700 
-83.8979014862 0.0381055000 0.8951900360 0.5566121878 
-83.9219364145 0.0380538437 0.8955185234 0.5565626362 
-83.9465713539 0.0380009651 0.8958543585 0.5565106209 
-83.9718223163 0.0379468347 0.8961976947 0.5564560346 
-83.9977057585 0.0378914224 0.8965486878 0.5563987549 
-84.0242385962 0.0378346976 0.8969074956 0.5563386410 
-84.0514382189 0.0377766287 0.8972742779 0.5562755295 
-84.0793225048 0.0377171838 0.8976491966 0.5562092295 
-84.1079098372 0.0376563299 0.8980324155 0.5561395165 
-84.1372191215 0.0375940335 0.8984241004 0.5560661246 
-84.1672698024 0.0375302603 0.8988244190 0.5559887367 
-84.1980818833 0.0374649752 0.8992335409 0.5559069725 
-84.2296759461 0.0373981424 0.8996516374 0.5558203730 
-84.2620731723 0.0373297252 0.9000788816 0.5557283809 
-84.2952953661 0.0372596863 0.9005154486 0.5556303156 
-84.3293649789 0.0371879871 0.9009615148 0.5555253426 
-84.3643051359 0.0371145887 0.9014172584 0.5554124325 
-84.4001396652 0.0370394508 0.9018828595 0.5552903101 
-84.4368931300 0.0369625325 0.9023584995 0.5551573895 
-84.4745908642 0.0368837918 0.9028443617 0.5550116906 
-84.5132590125 0.0368031856 0.9033406309 0.5548507328 
-84.5529245753 0.0367206699 0.9038474939 0.5546714023 
-84.5936154609 0.0366361994 0.9043651395 0.5544697841 
-84.6353605451 0.0365497278 0.9048937584 0.5542409591 
-84.6781897411 0.0364612071 0.9054335439 0.5539787652 
-84.7221340813 0.0363705883 0.9059846922 0.5536755387 
-84.7672258149 0.0362778205 0.9065474028 0.5533218691 
-84.8134985208 0.0361828513 0.9071218793 0.5529063721 
-84.8609872446 0.0360856262 0.9077083304 0.5524158435 
-84.9097288476 0.0359860881 0.9083069733 0.5518548701 
-84.9597627685 0.0358841760 0.9089180424 0.5513241249 
-85.0111289358 0.0357798289 0.9095417613 0.5509081622 
-85.0638663255 0.0356729893 0.9101783239 0.5506058146 
-85.0666507037 0.0356673563 0.9102119936 0.5505937181 
