-81.9489901838 0.0425175184 0.8651686188 0.5100268457 
-81.9489889256 0.0425175214 0.8651685951 0.5100201260 
-81.9489864325 0.0425175273 0.8651685481 0.5100067589 
-81.9489827502 0.0425175361 0.8651684787 0.5099868905 
-81.9489779471 0.0425175476 0.8651683881 0.5099607435 
-81.9489721133 0.0425175615 0.8651682778 0.5099286204 
-81.9489652058 0.0425175779 0.8651681472 0.5098748753 
-81.9489577731 0.0425175956 0.8651680061 0.5098380496 
-81.9489497809 0.0425176147 0.8651678538 0.5098017715 
-81.9489413502 0.0425176348 0.8651676927 0.5097660928 
-81.9489325999 0.0425176556 0.8651675247 0.5097310556 
-81.9489236466 0.0425176770 0.8651673521 0.5096966935 
-81.9489146045 0.0425176986 0.8651671768 0.5096630330 
-81.9489055856 0.0425177201 0.8651670008 0.5096300943 
-81.9488966991 0.0425177413 0.8651668263 0.5095978924 
-81.9488880520 0.0425177619 0.8651666550 0.5095664382 
-81.9488797486 0.0425177817 0.8651664888 0.5095357388 
-81.9488718910 0.0425178004 0.8651663296 0.5095057986 
-81.9488645783 0.0425178179 0.8651661792 0.5094766196 
-81.9488579077 0.0425178338 0.8651660393 0.5094482017 
-81.9488519736 0.0425178480 0.8651659116 0.5094205431 
-81.9488468679 0.0425178602 0.8651657977 0.5093936406 
-81.9488426805 0.0425178702 0.8651656994 0.5093674898 
-81.9488394984 0.0425178778 0.8651656180 0.5093420850 
-81.9488374067 0.0425178828 0.8651655553 0.5093174199 
-81.9488364879 0.0425178851 0.8651655126 0.5092934874 
-81.9488368224 0.0425178843 0.8651654914 0.5092702798 
-81.9488384882 0.0425178804 0.8651654931 0.5092477890 
-81.9488415615 0.0425178732 0.8651655191 0.5092260066 
-81.9488461158 0.0425178624 0.8651655707 0.5092049237 
-81.9488522229 0.0425178479 0.8651656491 0.5091845315 
-81.9488599525 0.0425178295 0.8651657557 0.5091648210 
-81.9488693721 0.0425178071 0.8651658916 0.5091457829 
-81.9488805473 0.0425177806 0.8651660580 0.5091274081 
-81.9488935419 0.0425177497 0.8651662561 0.5091096874 
-81.9489084176 0.0425177143 0.8651664870 0.5090926116 
-81.9489252344 0.0425176743 0.8651667518 0.5090761717 
-81.9489440503 0.0425176296 0.8651670514 0.5090603585 
-81.9489649219 0.0425175800 0.8651673869 0.5090451631 
-81.9489879035 0.0425175253 0.8651677593 0.5090305766 
-81.9490130482 0.0425174655 0.8651681696 0.5090165902 
-81.9490404073 0.0425174004 0.8651686186 0.5090031951 
-81.9490700302 0.0425173299 0.8651691072 0.5089903828 
-81.9491019652 0.0425172539 0.8651696364 0.5089781448 
-81.9491362586 0.0425171723 0.8651702068 0.5089664728 
-81.9491729555 0.0425170850 0.8651708195 0.5089553586 
-81.9492120994 0.0425169919 0.8651714750 0.5089447939 
-81.9492537323 0.0425168928 0.8651721742 0.5089347709 
-81.9492978948 0.0425167877 0.8651729178 0.5089252817 
-81.9493446262 0.0425166765 0.8651737065 0.5089163186 
-81.9493939644 0.0425165591 0.8651745410 0.5089078739 
-81.9494459460 0.0425164354 0.8651754219 0.5088999402 
-81.9495006063 0.0425163053 0.8651763499 0.5088925101 
-81.9495579793 0.0425161687 0.8651773256 0.5088855764 
-81.9496180979 0.0425160256 0.8651783495 0.5088791319 
-81.9496809937 0.0425158760 0.8651794223 0.5088731698 
-81.9497466971 0.0425157196 0.8651805444 0.5088676831 
-81.9498152374 0.0425155564 0.8651817164 0.5088626650 
-81.9498866428 0.0425153865 0.8651829388 0.5088581090 
-81.9499609404 0.0425152096 0.8651842121 0.5088540085 
-81.9500381562 0.0425150258 0.8651855367 0.5088503572 
-81.9501183153 0.0425148350 0.8651869132 0.5088471488 
-81.9502014416 0.0425146372 0.8651883418 0.5088443770 
-81.9502875581 0.0425144322 0.8651898230 0.5088420358 
-81.9503766868 0.0425142201 0.8651913573 0.5088401193 
-81.9504688488 0.0425140007 0.8651929450 0.5088386216 
-81.9505640643 0.0425137740 0.8651945864 0.5088375370 
-81.9506623526 0.0425135401 0.8651962819 0.5088368598 
-81.9507637320 0.0425132988 0.8651980318 0.5088365845 
-81.9508682200 0.0425130501 0.8651998364 0.5088367057 
-81.9509758334 0.0425127939 0.8652016961 0.5088372180 
-81.9510865881 0.0425125303 0.8652036111 0.5088381161 
-81.9512004991 0.0425122591 0.8652055816 0.5088393949 
-81.9513175808 0.0425119804 0.8652076080 0.5088410494 
-81.9514378467 0.0425116942 0.8652096904 0.5088430745 
-81.9515613097 0.0425114003 0.8652118291 0.5088454655 
-81.9516879819 0.0425110988 0.8652140243 0.5088482174 
-81.9518178746 0.0425107896 0.8652162762 0.5088513257 
-81.9519509987 0.0425104727 0.8652185851 0.5088547855 
-81.9520873642 0.0425101481 0.8652209509 0.5088585926 
-81.9522269804 0.0425098158 0.8652233740 0.5088627422 
-81.9523698563 0.0425094757 0.8652258545 0.5088672302 
-81.9525159998 0.0425091278 0.8652283925 0.5088720521 
-81.9526654187 0.0425087721 0.8652309882 0.5088772038 
-81.9528181198 0.0425084087 0.8652336417 0.5088826811 
-81.9529741096 0.0425080374 0.8652363530 0.5088884799 
-81.9531333939 0.0425076582 0.8652391223 0.5088945962 
-81.9532959780 0.0425072712 0.8652419497 0.5089010260 
-81.9534618668 0.0425068764 0.8652448353 0.5089077656 
-81.9536310643 0.0425064737 0.8652477790 0.5089148111 
-81.9538035746 0.0425060631 0.8652507811 0.5089221587 
-81.9539794007 0.0425056446 0.8652538415 0.5089298049 
-81.9541585454 0.0425052182 0.8652569604 0.5089377459 
-81.9543410112 0.0425047839 0.8652601376 0.5089459783 
-81.9545267999 0.0425043417 0.8652633733 0.5089544986 
-81.9547159129 0.0425038915 0.8652666675 0.5089633033 
-81.9549083512 0.0425034335 0.8652700201 0.5089723891 
-81.9551041154 0.0425029676 0.8652734313 0.5089817527 
-81.9553032058 0.0425024937 0.8652769010 0.5089913908 
-81.9555056220 0.0425020120 0.8652804291 0.5090013003 
-81.9557113636 0.0425015223 0.8652840157 0.5090114780 
-81.9559204295 0.0425010247 0.8652876608 0.5090219208 
-81.9561328184 0.0425005192 0.8652913642 0.5090326257 
-81.9563485286 0.0425000058 0.8652951261 0.5090435898 
-81.9565675581 0.0424994846 0.8652989463 0.5090548100 
-81.9567899046 0.0424989554 0.8653028247 0.5090662835 
-81.9570155652 0.0424984183 0.8653067615 0.5090780074 
-81.9572445371 0.0424978734 0.8653107564 0.5090899791 
-81.9574768169 0.0424973206 0.8653148094 0.5091021957 
-81.9577124010 0.0424967600 0.8653189204 0.5091146545 
-81.9579512855 0.0424961915 0.8653230894 0.5091273529 
-81.9581934662 0.0424956151 0.8653273164 0.5091402884 
-81.9584389386 0.0424950310 0.8653316011 0.5091534582 
-81.9586876980 0.0424944390 0.8653359435 0.5091668599 
-81.9589397394 0.0424938392 0.8653403435 0.5091804911 
-81.9591950576 0.0424932316 0.8653448011 0.5091943492 
-81.9594536470 0.0424926163 0.8653493161 0.5092084319 
-81.9597155020 0.0424919932 0.8653538883 0.5092227369 
-81.9599806166 0.0424913623 0.8653585178 0.5092372617 
-81.9602489845 0.0424907237 0.8653632044 0.5092520041 
-81.9605205996 0.0424900774 0.8653679479 0.5092669619 
-81.9607954550 0.0424894234 0.8653727482 0.5092821328 
-81.9610735440 0.0424887617 0.8653776052 0.5092975146 
-81.9613548596 0.0424880923 0.8653825188 0.5093131053 
-81.9616393945 0.0424874153 0.8653874889 0.5093289026 
-81.9619271415 0.0424867306 0.8653925152 0.5093449045 
-81.9622180929 0.0424860383 0.8653975977 0.5093611090 
-81.9625122410 0.0424853385 0.8654027363 0.5093775141 
-81.9628095779 0.0424846310 0.8654079307 0.5093941177 
-81.9631100955 0.0424839160 0.8654131808 0.5094109179 
-81.9634137855 0.0424831935 0.8654184864 0.5094279127 
-81.9637206396 0.0424824634 0.8654238475 0.5094451004 
-81.9640306493 0.0424817259 0.8654292639 0.5094624789 
-81.9643438058 0.0424809809 0.8654347353 0.5094800465 
-81.9646601004 0.0424802284 0.8654402616 0.5094978014 
-81.9649795241 0.0424794685 0.8654458427 0.5095157417 
-81.9653020678 0.0424787011 0.8654514784 0.5095338658 
-81.9656277223 0.0424779264 0.8654571685 0.5095521718 
-81.9659564784 0.0424771444 0.8654629129 0.5095706581 
-81.9662883265 0.0424763549 0.8654687113 0.5095893230 
-81.9666232570 0.0424755582 0.8654745637 0.5096081647 
-81.9669612605 0.0424747542 0.8654804697 0.5096271818 
-81.9673023270 0.0424739428 0.8654864293 0.5096463726 
-81.9676464467 0.0424731243 0.8654924423 0.5096657354 
-81.9679936096 0.0424722985 0.8654985084 0.5096852688 
-81.9683438058 0.0424714655 0.8655046275 0.5097049711 
-81.9686970250 0.0424706254 0.8655107994 0.5097248409 
-81.9690532570 0.0424697781 0.8655170239 0.5097448767 
-81.9694124916 0.0424689236 0.8655233008 0.5097650769 
-81.9697747183 0.0424680621 0.8655296300 0.5097854402 
-81.9701399266 0.0424671935 0.8655360112 0.5098059650 
-81.9705081060 0.0424663178 0.8655424442 0.5098266500 
-81.9708792460 0.0424654351 0.8655489289 0.5098474938 
-81.9712533358 0.0424645454 0.8655554650 0.5098684949 
-81.9716303647 0.0424636488 0.8655620524 0.5098896521 
-81.9720103220 0.0424627452 0.8655686908 0.5099109639 
-81.9723931967 0.0424618347 0.8655753801 0.5099324291 
-81.9727789779 0.0424609172 0.8655821200 0.5099540463 
-81.9731676547 0.0424599930 0.8655889104 0.5099758142 
-81.9735592161 0.0424590618 0.8655957510 0.5099977317 
-81.9739536511 0.0424581239 0.8656026417 0.5100197973 
-81.9743509484 0.0424571792 0.8656095822 0.5100420099 
-81.9747510970 0.0424562277 0.8656165723 0.5100643683 
-81.9751540858 0.0424552694 0.8656236119 0.5100868712 
-81.9755599034 0.0424543045 0.8656307007 0.5101095174 
-81.9759685386 0.0424533329 0.8656378385 0.5101323059 
-81.9763799801 0.0424523546 0.8656450251 0.5101552353 
-81.9767942167 0.0424513697 0.8656522604 0.5101783046 
-81.9772112369 0.0424503783 0.8656595440 0.5102015126 
-81.9776310294 0.0424493802 0.8656668758 0.5102248582 
-81.9780535828 0.0424483756 0.8656742556 0.5102483403 
-81.9784788857 0.0424473645 0.8656816831 0.5102719577 
-81.9789069266 0.0424463469 0.8656891582 0.5102957096 
-81.9793376941 0.0424453228 0.8656966806 0.5103195946 
-81.9797711766 0.0424442923 0.8657042502 0.5103436119 
-81.9802073628 0.0424432555 0.8657118667 0.5103677603 
-81.9806462410 0.0424422122 0.8657195299 0.5103920388 
-81.9810877999 0.0424411626 0.8657272396 0.5104164465 
-81.9815320277 0.0424401066 0.8657349956 0.5104409823 
-81.9819789131 0.0424390444 0.8657427977 0.5104656451 
-81.9824284444 0.0424379759 0.8657506456 0.5104904342 
-81.9828806102 0.0424369012 0.8657585392 0.5105153483 
-81.9833353988 0.0424358202 0.8657664783 0.5105403867 
-81.9837927986 0.0424347331 0.8657744626 0.5105655484 
-81.9842527983 0.0424336398 0.8657824919 0.5105908323 
-81.9847153861 0.0424325404 0.8657905660 0.5106162377 
-81.9851805505 0.0424314349 0.8657986847 0.5106417635 
-81.9856482800 0.0424303234 0.8658068477 0.5106674089 
-81.9861185630 0.0424292057 0.8658150550 0.5106931730 
-81.9865913879 0.0424280821 0.8658233062 0.5107190549 
-81.9870667433 0.0424269525 0.8658316012 0.5107450537 
-81.9875446176 0.0424258169 0.8658399397 0.5107711685 
-81.9880249992 0.0424246754 0.8658483215 0.5107973985 
-81.9885078767 0.0424235280 0.8658567465 0.5108237429 
-81.9889932385 0.0424223748 0.8658652143 0.5108502008 
-81.9894810732 0.0424212157 0.8658737249 0.5108767714 
-81.9899713692 0.0424200507 0.8658822779 0.5109034538 
-81.9904641151 0.0424188800 0.8658908732 0.5109302473 
-81.9909592995 0.0424177035 0.8658995106 0.5109571510 
-81.9914569109 0.0424165213 0.8659081898 0.5109841641 
-81.9919569379 0.0424153333 0.8659169107 0.5110112860 
-81.9924593690 0.0424141397 0.8659256731 0.5110385157 
-81.9929641929 0.0424129404 0.8659344766 0.5110658525 
-81.9934713983 0.0424117355 0.8659433212 0.5110932956 
-81.9939809737 0.0424105250 0.8659522066 0.5111208444 
-81.9944929079 0.0424093090 0.8659611326 0.5111484980 
-81.9950071895 0.0424080874 0.8659700990 0.5111762556 
-81.9955238073 0.0424068602 0.8659791056 0.5112041167 
-81.9960427500 0.0424056276 0.8659881522 0.5112320804 
-81.9965640063 0.0424043895 0.8659972386 0.5112601461 
-81.9970875651 0.0424031460 0.8660063646 0.5112883129 
-81.9976134151 0.0424018971 0.8660155299 0.5113165803 
-81.9981415452 0.0424006428 0.8660247344 0.5113449475 
-81.9986719443 0.0423993831 0.8660339779 0.5113734138 
-81.9992046011 0.0423981182 0.8660432602 0.5114019785 
-81.9997395047 0.0423968479 0.8660525810 0.5114306411 
-82.0002766440 0.0423955723 0.8660619402 0.5114594007 
-82.0008160080 0.0423942915 0.8660713375 0.5114882567 
-82.0013575856 0.0423930055 0.8660807728 0.5115172085 
-82.0019013659 0.0423917143 0.8660902458 0.5115462554 
-82.0024473379 0.0423904179 0.8660997564 0.5115753968 
-82.0029954907 0.0423891163 0.8661093044 0.5116046320 
-82.0035458135 0.0423878097 0.8661188895 0.5116339604 
-82.0040982953 0.0423864980 0.8661285116 0.5116633814 
-82.0046529254 0.0423851812 0.8661381705 0.5116928943 
-82.0052096930 0.0423838593 0.8661478659 0.5117224986 
-82.0057685873 0.0423825325 0.8661575977 0.5117521935 
-82.0063295976 0.0423812006 0.8661673657 0.5117819786 
-82.0068927132 0.0423798639 0.8661771697 0.5118118531 
-82.0074579235 0.0423785221 0.8661870094 0.5118418166 
-82.0080252177 0.0423771755 0.8661968847 0.5118718684 
-82.0085945854 0.0423758240 0.8662067955 0.5119020079 
-82.0091660159 0.0423744676 0.8662167414 0.5119322346 
-82.0097394988 0.0423731064 0.8662267224 0.5119625479 
-82.0103150236 0.0423717404 0.8662367382 0.5119929472 
-82.0108925798 0.0423703696 0.8662467886 0.5120234319 
-82.0114721569 0.0423689941 0.8662568735 0.5120540015 
-82.0120537447 0.0423676138 0.8662669926 0.5120846554 
-82.0126373327 0.0423662288 0.8662771458 0.5121153931 
-82.0132229107 0.0423648392 0.8662873328 0.5121462140 
-82.0138104683 0.0423634449 0.8662975536 0.5121771176 
-82.0143999954 0.0423620459 0.8663078078 0.5122081034 
-82.0149914818 0.0423606424 0.8663180954 0.5122391707 
-82.0155849172 0.0423592342 0.8663284161 0.5122703192 
-82.0161802916 0.0423578216 0.8663387698 0.5123015482 
-82.0167775949 0.0423564043 0.8663491562 0.5123328573 
-82.0173768170 0.0423549826 0.8663595752 0.5123642459 
-82.0179779479 0.0423535564 0.8663700267 0.5123957136 
-82.0185809776 0.0423521257 0.8663805103 0.5124272597 
-82.0191858963 0.0423506906 0.8663910260 0.5124588838 
-82.0197926939 0.0423492511 0.8664015735 0.5124905855 
-82.0204013607 0.0423478072 0.8664121527 0.5125223641 
-82.0210118868 0.0423463589 0.8664227634 0.5125542193 
-82.0216242624 0.0423449063 0.8664334054 0.5125861505 
-82.0222384778 0.0423434493 0.8664440786 0.5126181573 
-82.0228545234 0.0423419881 0.8664547827 0.5126502391 
-82.0234723893 0.0423405226 0.8664655176 0.5126823956 
-82.0240920660 0.0423390528 0.8664762832 0.5127146261 
-82.0247135440 0.0423375789 0.8664870792 0.5127469303 
-82.0253368136 0.0423361007 0.8664979054 0.5127793077 
-82.0259618653 0.0423346183 0.8665087617 0.5128117579 
-82.0265886897 0.0423331318 0.8665196480 0.5128442802 
-82.0272172774 0.0423316412 0.8665305640 0.5128768745 
-82.0278476189 0.0423301464 0.8665415096 0.5129095400 
-82.0284797049 0.0423286476 0.8665524846 0.5129422765 
-82.0291135261 0.0423271447 0.8665634889 0.5129750835 
-82.0297490732 0.0423256377 0.8665745222 0.5130079605 
-82.0303863370 0.0423241267 0.8665855844 0.5130409071 
-82.0310253082 0.0423226118 0.8665966753 0.5130739228 
-82.0316659778 0.0423210928 0.8666077949 0.5131070073 
-82.0323083367 0.0423195699 0.8666189428 0.5131401600 
-82.0329523756 0.0423180431 0.8666301190 0.5131733807 
-82.0335980857 0.0423165123 0.8666413232 0.5132066688 
-82.0342454579 0.0423149777 0.8666525554 0.5132400239 
-82.0348944832 0.0423134392 0.8666638153 0.5132734457 
-82.0355451528 0.0423118969 0.8666751028 0.5133069337 
-82.0361974577 0.0423103507 0.8666864177 0.5133404874 
-82.0368513892 0.0423088007 0.8666977598 0.5133741066 
-82.0375069383 0.0423072470 0.8667091291 0.5134077907 
-82.0381640965 0.0423056895 0.8667205254 0.5134415395 
-82.0388228549 0.0423041282 0.8667319484 0.5134753524 
-82.0394832048 0.0423025632 0.8667433980 0.5135092291 
-82.0401451377 0.0423009946 0.8667548741 0.5135431692 
-82.0408086450 0.0422994222 0.8667663766 0.5135771724 
-82.0414737180 0.0422978462 0.8667779051 0.5136112381 
-82.0421403482 0.0422962666 0.8667894597 0.5136453661 
-82.0428085272 0.0422946833 0.8668010402 0.5136795560 
-82.0434782466 0.0422930965 0.8668126463 0.5137138074 
-82.0441494979 0.0422915061 0.8668242780 0.5137481198 
-82.0448222727 0.0422899121 0.8668359351 0.5137824930 
-82.0454965628 0.0422883146 0.8668476175 0.5138169266 
-82.0461723598 0.0422867135 0.8668593249 0.5138514202 
-82.0468496556 0.0422851090 0.8668710573 0.5138859733 
-82.0475284418 0.0422835010 0.8668828144 0.5139205858 
-82.0482087104 0.0422818896 0.8668945962 0.5139552572 
-82.0488904531 0.0422802747 0.8669064025 0.5139899871 
-82.0495736620 0.0422786564 0.8669182332 0.5140247752 
-82.0502583290 0.0422770347 0.8669300880 0.5140596211 
-82.0509444460 0.0422754096 0.8669419670 0.5140945246 
-82.0516320051 0.0422737812 0.8669538698 0.5141294852 
-82.0523209983 0.0422721494 0.8669657964 0.5141645026 
-82.0530114177 0.0422705144 0.8669777467 0.5141995764 
-82.0537032556 0.0422688760 0.8669897204 0.5142347064 
-82.0543965040 0.0422672343 0.8670017174 0.5142698921 
-82.0550911551 0.0422655894 0.8670137377 0.5143051332 
-82.0557872013 0.0422639412 0.8670257810 0.5143404295 
-82.0564846349 0.0422622898 0.8670378473 0.5143757806 
-82.0571834481 0.0422606352 0.8670499363 0.5144111860 
-82.0578836333 0.0422589774 0.8670620480 0.5144466456 
-82.0585851830 0.0422573164 0.8670741822 0.5144821590 
-82.0592880896 0.0422556523 0.8670863387 0.5145177259 
-82.0599923455 0.0422539851 0.8670985175 0.5145533458 
-82.0606979433 0.0422523147 0.8671107184 0.5145890187 
-82.0614048755 0.0422506412 0.8671229412 0.5146247440 
-82.0621131348 0.0422489647 0.8671351859 0.5146605215 
-82.0628227137 0.0422472851 0.8671474523 0.5146963509 
-82.0635336050 0.0422456024 0.8671597402 0.5147322319 
-82.0642458013 0.0422439167 0.8671720496 0.5147681641 
-82.0649592954 0.0422422281 0.8671843803 0.5148041473 
-82.0656740801 0.0422405364 0.8671967321 0.5148401811 
-82.0663901481 0.0422388417 0.8672091050 0.5148762653 
-82.0671074924 0.0422371441 0.8672214987 0.5149123996 
-82.0678261058 0.0422354436 0.8672339133 0.5149485835 
-82.0685459812 0.0422337401 0.8672463485 0.5149848170 
-82.0692671117 0.0422320337 0.8672588042 0.5150210996 
-82.0699894901 0.0422303244 0.8672712804 0.5150574311 
-82.0707131095 0.0422286123 0.8672837767 0.5150938111 
-82.0714379631 0.0422268973 0.8672962933 0.5151302394 
-82.0721640439 0.0422251795 0.8673088299 0.5151667157 
-82.0728913450 0.0422234588 0.8673213863 0.5152032398 
-82.0736198596 0.0422217354 0.8673339625 0.5152398113 
-82.0743495810 0.0422200091 0.8673465584 0.5152764299 
-82.0750805023 0.0422182801 0.8673591738 0.5153130954 
-82.0758126169 0.0422165483 0.8673718086 0.5153498075 
-82.0765459180 0.0422148138 0.8673844627 0.5153865659 
-82.0772803991 0.0422130765 0.8673971360 0.5154233703 
-82.0780160535 0.0422113366 0.8674098283 0.5154602205 
-82.0787528746 0.0422095939 0.8674225395 0.5154971162 
-82.0794908558 0.0422078486 0.8674352696 0.5155340572 
-82.0802299908 0.0422061006 0.8674480183 0.5155710431 
-82.0809702729 0.0422043500 0.8674607856 0.5156080737 
-82.0817116958 0.0422025967 0.8674735713 0.5156451487 
-82.0824542530 0.0422008408 0.8674863754 0.5156822679 
-82.0831979382 0.0421990823 0.8674991977 0.5157194310 
-82.0839427450 0.0421973213 0.8675120382 0.5157566378 
-82.0846886671 0.0421955577 0.8675248966 0.5157938880 
-82.0854356983 0.0421937915 0.8675377729 0.5158311813 
-82.0861838322 0.0421920227 0.8675506669 0.5158685174 
-82.0869330627 0.0421902515 0.8675635787 0.5159058963 
-82.0876833837 0.0421884777 0.8675765079 0.5159433175 
-82.0884347889 0.0421867015 0.8675894546 0.5159807808 
-82.0891872723 0.0421849228 0.8676024187 0.5160182860 
-82.0899408277 0.0421831416 0.8676153999 0.5160558329 
-82.0906954492 0.0421813579 0.8676283982 0.5160934211 
-82.0914511307 0.0421795718 0.8676414136 0.5161310505 
-82.0922078663 0.0421777833 0.8676544458 0.5161687208 
-82.0929656499 0.0421759924 0.8676674948 0.5162064318 
-82.0937244758 0.0421741991 0.8676805605 0.5162441832 
-82.0944843379 0.0421724035 0.8676936427 0.5162819749 
-82.0952452305 0.0421706054 0.8677067414 0.5163198064 
-82.0960071477 0.0421688050 0.8677198564 0.5163576777 
-82.0967700838 0.0421670023 0.8677329878 0.5163955885 
-82.0975340329 0.0421651972 0.8677461352 0.5164335386 
-82.0982989894 0.0421633899 0.8677592987 0.5164715277 
-82.0990649476 0.0421615802 0.8677724781 0.5165095556 
-82.0998319017 0.0421597683 0.8677856734 0.5165476221 
-82.1005998462 0.0421579541 0.8677988844 0.5165857270 
-82.1013687755 0.0421561376 0.8678121111 0.5166238699 
-82.1021386840 0.0421543189 0.8678253532 0.5166620508 
-82.1029095661 0.0421524980 0.8678386108 0.5167002694 
-82.1036814163 0.0421506749 0.8678518838 0.5167385254 
-82.1044542292 0.0421488495 0.8678651720 0.5167768187 
-82.1052279993 0.0421470220 0.8678784753 0.5168151491 
-82.1060027212 0.0421451923 0.8678917936 0.5168535162 
-82.1067783895 0.0421433604 0.8679051269 0.5168919200 
-82.1075549988 0.0421415264 0.8679184751 0.5169303601 
-82.1083325438 0.0421396903 0.8679318380 0.5169688365 
-82.1091110192 0.0421378520 0.8679452155 0.5170073488 
-82.1098904197 0.0421360116 0.8679586076 0.5170458969 
-82.1106707401 0.0421341692 0.8679720142 0.5170844805 
-82.1114519752 0.0421323246 0.8679854351 0.5171230995 
-82.1122341197 0.0421304780 0.8679988703 0.5171617536 
-82.1130171685 0.0421286293 0.8680123197 0.5172004427 
-82.1138011166 0.0421267785 0.8680257832 0.5172391665 
-82.1145859587 0.0421249257 0.8680392606 0.5172779248 
-82.1153716899 0.0421230709 0.8680527520 0.5173167175 
-82.1161583050 0.0421212141 0.8680662572 0.5173555443 
-82.1169457990 0.0421193553 0.8680797761 0.5173944051 
-82.1177341671 0.0421174945 0.8680933087 0.5174332996 
-82.1185234041 0.0421156317 0.8681068548 0.5174722277 
-82.1193135052 0.0421137670 0.8681204143 0.5175111891 
-82.1201044655 0.0421119003 0.8681339872 0.5175501837 
-82.1208962801 0.0421100317 0.8681475734 0.5175892113 
-82.1216889441 0.0421081611 0.8681611728 0.5176282717 
-82.1224824528 0.0421062887 0.8681747853 0.5176673647 
-82.1232768012 0.0421044143 0.8681884108 0.5177064901 
-82.1240719848 0.0421025380 0.8682020493 0.5177456477 
-82.1248679986 0.0421006599 0.8682157006 0.5177848373 
-82.1256648380 0.0420987799 0.8682293646 0.5178240588 
-82.1264624984 0.0420968980 0.8682430414 0.5178633120 
-82.1272609750 0.0420950143 0.8682567307 0.5179025967 
-82.1280602632 0.0420931287 0.8682704325 0.5179419126 
-82.1288603584 0.0420912413 0.8682841468 0.5179812598 
-82.1296612560 0.0420893521 0.8682978734 0.5180206378 
-82.1304629515 0.0420874611 0.8683116122 0.5180600467 
-82.1312654403 0.0420855683 0.8683253633 0.5180994861 
-82.1320687179 0.0420836737 0.8683391264 0.5181389560 
-82.1328727799 0.0420817774 0.8683529016 0.5181784561 
-82.1336776218 0.0420798793 0.8683666887 0.5182179863 
-82.1344832391 0.0420779794 0.8683804876 0.5182575464 
-82.1352896275 0.0420760778 0.8683942983 0.5182971363 
-82.1360967825 0.0420741745 0.8684081208 0.5183367557 
-82.1369046998 0.0420722694 0.8684219548 0.5183764045 
-82.1377133752 0.0420703627 0.8684358004 0.5184160826 
-82.1385228042 0.0420684542 0.8684496575 0.5184557897 
-82.1393329826 0.0420665441 0.8684635259 0.5184955257 
-82.1401439062 0.0420646323 0.8684774056 0.5185352905 
-82.1409555707 0.0420627188 0.8684912966 0.5185750838 
-82.1417679718 0.0420608037 0.8685051988 0.5186149056 
-82.1425811055 0.0420588869 0.8685191120 0.5186547555 
-82.1433949676 0.0420569685 0.8685330362 0.5186946336 
-82.1442095539 0.0420550484 0.8685469714 0.5187345396 
-82.1450248603 0.0420531268 0.8685609174 0.5187744734 
-82.1458408827 0.0420512035 0.8685748743 0.5188144348 
-82.1466576171 0.0420492787 0.8685888418 0.5188544237 
-82.1474750594 0.0420473522 0.8686028200 0.5188944399 
-82.1482932056 0.0420454242 0.8686168087 0.5189344832 
-82.1491120517 0.0420434946 0.8686308079 0.5189745535 
-82.1499315938 0.0420415634 0.8686448176 0.5190146507 
-82.1507518278 0.0420396308 0.8686588376 0.5190547745 
-82.1515727499 0.0420376965 0.8686728679 0.5190949249 
-82.1523943561 0.0420357607 0.8686869084 0.5191351017 
-82.1532166426 0.0420338235 0.8687009590 0.5191753048 
-82.1540396055 0.0420318847 0.8687150198 0.5192155339 
-82.1548632411 0.0420299444 0.8687290905 0.5192557890 
-82.1556875453 0.0420280026 0.8687431711 0.5192960699 
-82.1565125146 0.0420260593 0.8687572617 0.5193363764 
-82.1573381450 0.0420241146 0.8687713620 0.5193767085 
-82.1581644329 0.0420221683 0.8687854720 0.5194170660 
-82.1589913746 0.0420202207 0.8687995917 0.5194574487 
-82.1598189662 0.0420182715 0.8688137211 0.5194978564 
-82.1606472042 0.0420163210 0.8688278599 0.5195382892 
-82.1614760849 0.0420143690 0.8688420082 0.5195787467 
-82.1623056046 0.0420124156 0.8688561659 0.5196192289 
-82.1631357597 0.0420104608 0.8688703330 0.5196597357 
-82.1639665467 0.0420085046 0.8688845093 0.5197002668 
-82.1647979619 0.0420065469 0.8688986948 0.5197408222 
-82.1656300018 0.0420045879 0.8689128894 0.5197814018 
-82.1664626628 0.0420026276 0.8689270932 0.5198220053 
-82.1672959415 0.0420006658 0.8689413059 0.5198626327 
-82.1681298343 0.0419987027 0.8689555276 0.5199032838 
-82.1689643379 0.0419967382 0.8689697582 0.5199439586 
-82.1697994486 0.0419947724 0.8689839976 0.5199846567 
-82.1706351631 0.0419928053 0.8689982458 0.5200253783 
-82.1714714780 0.0419908368 0.8690125027 0.5200661230 
-82.1723083898 0.0419888670 0.8690267682 0.5201068908 
-82.1731458953 0.0419868959 0.8690410423 0.5201476816 
-82.1739839910 0.0419849235 0.8690553250 0.5201884952 
-82.1748226736 0.0419829498 0.8690696161 0.5202293315 
-82.1756619399 0.0419809748 0.8690839156 0.5202701904 
-82.1765017865 0.0419789985 0.8690982234 0.5203110717 
-82.1773422101 0.0419770210 0.8691125395 0.5203519753 
-82.1781832074 0.0419750422 0.8691268638 0.5203929012 
-82.1790247754 0.0419730621 0.8691411964 0.5204338491 
-82.1798669106 0.0419710808 0.8691555370 0.5204748190 
-82.1807096100 0.0419690983 0.8691698856 0.5205158107 
-82.1815528703 0.0419671145 0.8691842423 0.5205568242 
-82.1823966885 0.0419651295 0.8691986069 0.5205978592 
-82.1832410612 0.0419631433 0.8692129794 0.5206389158 
-82.1840859855 0.0419611558 0.8692273597 0.5206799937 
-82.1849314583 0.0419591672 0.8692417478 0.5207210928 
-82.1857774763 0.0419571774 0.8692561435 0.5207622131 
-82.1866240366 0.0419551863 0.8692705470 0.5208033545 
-82.1874711362 0.0419531941 0.8692849580 0.5208445167 
-82.1883187719 0.0419512008 0.8692993766 0.5208856997 
-82.1891669408 0.0419492062 0.8693138027 0.5209269034 
-82.1900156398 0.0419472105 0.8693282362 0.5209681276 
-82.1908648661 0.0419452137 0.8693426772 0.5210093723 
-82.1917146165 0.0419432157 0.8693571254 0.5210506374 
-82.1925648883 0.0419412165 0.8693715809 0.5210919227 
-82.1934156785 0.0419392163 0.8693860437 0.5211332281 
-82.1942669841 0.0419372149 0.8694005136 0.5211745535 
-82.1951188022 0.0419352124 0.8694149907 0.5212158989 
-82.1959711301 0.0419332088 0.8694294748 0.5212572640 
-82.1968239648 0.0419312041 0.8694439659 0.5212986489 
-82.1976773035 0.0419291983 0.8694584641 0.5213400533 
-82.1985311433 0.0419271914 0.8694729691 0.5213814772 
-82.1993854816 0.0419251834 0.8694874810 0.5214229205 
-82.2002403154 0.0419231743 0.8695019997 0.5214643830 
-82.2010956420 0.0419211642 0.8695165252 0.5215058648 
-82.2019514587 0.0419191530 0.8695310574 0.5215473656 
-82.2028077627 0.0419171407 0.8695455963 0.5215888854 
-82.2036645512 0.0419151274 0.8695601418 0.5216304240 
-82.2045218217 0.0419131131 0.8695746938 0.5216719814 
-82.2053795713 0.0419110977 0.8695892524 0.5217135575 
-82.2062377975 0.0419090813 0.8696038175 0.5217551521 
-82.2070964975 0.0419070639 0.8696183890 0.5217967652 
-82.2079556688 0.0419050455 0.8696329668 0.5218383967 
-82.2088153086 0.0419030260 0.8696475510 0.5218800464 
-82.2096754144 0.0419010055 0.8696621415 0.5219217144 
-82.2105359836 0.0418989841 0.8696767382 0.5219634004 
-82.2113970136 0.0418969616 0.8696913412 0.5220051043 
-82.2122585019 0.0418949382 0.8697059502 0.5220468262 
-82.2131204458 0.0418929138 0.8697205654 0.5220885659 
-82.2139828429 0.0418908884 0.8697351866 0.5221303233 
-82.2148456907 0.0418888620 0.8697498138 0.5221720983 
-82.2157089865 0.0418868347 0.8697644470 0.5222138908 
-82.2165727281 0.0418848064 0.8697790861 0.5222557007 
-82.2174369128 0.0418827772 0.8697937311 0.5222975279 
-82.2183015382 0.0418807470 0.8698083819 0.5223393724 
-82.2191666019 0.0418787159 0.8698230386 0.5223812341 
-82.2200321014 0.0418766839 0.8698377009 0.5224231128 
-82.2208980344 0.0418746509 0.8698523689 0.5224650085 
-82.2217643984 0.0418726171 0.8698670427 0.5225069210 
-82.2226311911 0.0418705823 0.8698817220 0.5225488504 
-82.2234984100 0.0418685465 0.8698964069 0.5225907965 
-82.2243660529 0.0418665099 0.8699110973 0.5226327592 
-82.2252341173 0.0418644724 0.8699257932 0.5226747384 
-82.2261026010 0.0418624340 0.8699404945 0.5227167341 
-82.2269715016 0.0418603947 0.8699552013 0.5227587462 
-82.2278408169 0.0418583546 0.8699699134 0.5228007745 
-82.2287105445 0.0418563135 0.8699846308 0.5228428191 
-82.2295806822 0.0418542716 0.8699993535 0.5228848797 
-82.2304512277 0.0418522288 0.8700140815 0.5229269564 
-82.2313221788 0.0418501852 0.8700288147 0.5229690490 
-82.2321935333 0.0418481407 0.8700435530 0.5230111575 
-82.2330652888 0.0418460953 0.8700582964 0.5230532818 
-82.2339374433 0.0418440492 0.8700730449 0.5230954218 
-82.2348099945 0.0418420021 0.8700877984 0.5231375774 
-82.2356829403 0.0418399543 0.8701025570 0.5231797486 
-82.2365562784 0.0418379056 0.8701173205 0.5232219352 
-82.2374300068 0.0418358561 0.8701320889 0.5232641373 
-82.2383041233 0.0418338058 0.8701468623 0.5233063546 
-82.2391786257 0.0418317546 0.8701616404 0.5233485872 
-82.2400535120 0.0418297027 0.8701764234 0.5233908349 
-82.2409287801 0.0418276499 0.8701912111 0.5234330977 
-82.2418044278 0.0418255964 0.8702060036 0.5234753755 
-82.2426804532 0.0418235421 0.8702208008 0.5235176683 
-82.2435568541 0.0418214869 0.8702356026 0.5235599758 
-82.2444336284 0.0418194310 0.8702504091 0.5236022982 
-82.2453107742 0.0418173744 0.8702652201 0.5236446353 
-82.2461882894 0.0418153169 0.8702800357 0.5236869870 
-82.2470661721 0.0418132587 0.8702948558 0.5237293532 
-82.2479444201 0.0418111997 0.8703096803 0.5237717340 
-82.2488230316 0.0418091400 0.8703245093 0.5238141291 
-82.2497020045 0.0418070795 0.8703393428 0.5238565386 
-82.2505813369 0.0418050182 0.8703541805 0.5238989624 
-82.2514610268 0.0418029562 0.8703690227 0.5239414004 
-82.2523410724 0.0418008935 0.8703838691 0.5239838524 
-82.2532214715 0.0417988300 0.8703987198 0.5240263186 
-82.2541022225 0.0417967659 0.8704135747 0.5240687987 
-82.2549833232 0.0417947009 0.8704284338 0.5241112928 
-82.2558647719 0.0417926353 0.8704432971 0.5241538007 
-82.2567465667 0.0417905689 0.8704581645 0.5241963224 
-82.2576287056 0.0417885019 0.8704730360 0.5242388578 
-82.2585111869 0.0417864341 0.8704879115 0.5242814068 
-82.2593940087 0.0417843656 0.8705027911 0.5243239695 
-82.2602771691 0.0417822965 0.8705176747 0.5243665456 
-82.2611606663 0.0417802266 0.8705325622 0.5244091352 
-82.2620444985 0.0417781560 0.8705474537 0.5244517382 
-82.2629286640 0.0417760848 0.8705623490 0.5244943545 
-82.2638131608 0.0417740129 0.8705772483 0.5245369840 
-82.2646979873 0.0417719402 0.8705921513 0.5245796268 
-82.2655831416 0.0417698670 0.8706070582 0.5246222826 
-82.2664686220 0.0417677930 0.8706219688 0.5246649516 
-82.2673544268 0.0417657184 0.8706368832 0.5247076335 
-82.2682405541 0.0417636432 0.8706518013 0.5247503283 
-82.2691270024 0.0417615672 0.8706667230 0.5247930361 
-82.2700137698 0.0417594906 0.8706816484 0.5248357566 
-82.2709008546 0.0417574134 0.8706965774 0.5248784899 
-82.2717882552 0.0417553356 0.8707115100 0.5249212359 
-82.2726759699 0.0417532571 0.8707264461 0.5249639945 
-82.2735639969 0.0417511779 0.8707413858 0.5250067657 
-82.2744523347 0.0417490981 0.8707563289 0.5250495494 
-82.2753409816 0.0417470177 0.8707712755 0.5250923456 
-82.2762299358 0.0417449367 0.8707862256 0.5251351541 
-82.2771191958 0.0417428551 0.8708011790 0.5251779750 
-82.2780087600 0.0417407728 0.8708161359 0.5252208082 
-82.2788986267 0.0417386899 0.8708310960 0.5252636535 
-82.2797887944 0.0417366064 0.8708460595 0.5253065111 
-82.2806792614 0.0417345224 0.8708610263 0.5253493807 
-82.2815700261 0.0417324377 0.8708759963 0.5253922624 
-82.2824610870 0.0417303524 0.8708909696 0.5254351560 
-82.2833524425 0.0417282665 0.8709059460 0.5254780616 
-82.2842440910 0.0417261801 0.8709209256 0.5255209791 
-82.2851360310 0.0417240930 0.8709359084 0.5255639084 
-82.2860282610 0.0417220054 0.8709508943 0.5256068494 
-82.2869207793 0.0417199172 0.8709658833 0.5256498022 
-82.2878135846 0.0417178284 0.8709808753 0.5256927667 
-82.2887066753 0.0417157390 0.8709958704 0.5257357427 
-82.2896000498 0.0417136491 0.8710108685 0.5257787303 
-82.2904937067 0.0417115586 0.8710258696 0.5258217294 
-82.2913876445 0.0417094676 0.8710408736 0.5258647399 
-82.2922818617 0.0417073760 0.8710558806 0.5259077618 
-82.2931763568 0.0417052838 0.8710708904 0.5259507951 
-82.2940711285 0.0417031911 0.8710859032 0.5259938397 
-82.2949661752 0.0417010979 0.8711009187 0.5260368954 
-82.2958614955 0.0416990041 0.8711159372 0.5260799624 
-82.2967570879 0.0416969097 0.8711309584 0.5261230405 
-82.2976529511 0.0416948149 0.8711459823 0.5261661297 
-82.2985490837 0.0416927195 0.8711610090 0.5262092300 
-82.2994454841 0.0416906235 0.8711760385 0.5262523412 
-82.3003421510 0.0416885271 0.8711910706 0.5262954633 
-82.3012390831 0.0416864301 0.8712061054 0.5263385964 
-82.3021362790 0.0416843326 0.8712211429 0.5263817403 
-82.3030337372 0.0416822346 0.8712361830 0.5264248949 
-82.3039314564 0.0416801361 0.8712512256 0.5264680603 
-82.3048294352 0.0416780371 0.8712662709 0.5265112364 
-82.3057276723 0.0416759375 0.8712813187 0.5265544232 
-82.3066261664 0.0416738375 0.8712963690 0.5265976205 
-82.3075249162 0.0416717369 0.8713114218 0.5266408284 
-82.3084239202 0.0416696359 0.8713264771 0.5266840468 
-82.3093231771 0.0416675344 0.8713415348 0.5267272757 
-82.3102226858 0.0416654323 0.8713565950 0.5267705149 
-82.3111224448 0.0416633298 0.8713716576 0.5268137646 
-82.3120224529 0.0416612269 0.8713867225 0.5268570245 
-82.3129227088 0.0416591234 0.8714017898 0.5269002947 
-82.3138232111 0.0416570194 0.8714168595 0.5269435752 
-82.3147239587 0.0416549150 0.8714319314 0.5269868658 
-82.3156249503 0.0416528101 0.8714470057 0.5270301666 
-82.3165261846 0.0416507048 0.8714620822 0.5270734775 
-82.3174276603 0.0416485989 0.8714771609 0.5271167984 
-82.3183293762 0.0416464926 0.8714922419 0.5271601293 
-82.3192313311 0.0416443859 0.8715073251 0.5272034702 
-82.3201335238 0.0416422787 0.8715224105 0.5272468211 
-82.3210359530 0.0416401710 0.8715374980 0.5272901818 
-82.3219386175 0.0416380629 0.8715525876 0.5273335523 
-82.3228415162 0.0416359544 0.8715676794 0.5273769327 
-82.3237446477 0.0416338453 0.8715827732 0.5274203228 
-82.3246480110 0.0416317359 0.8715978691 0.5274637226 
-82.3255516048 0.0416296260 0.8716129671 0.5275071320 
-82.3264554279 0.0416275157 0.8716280671 0.5275505512 
-82.3273594792 0.0416254049 0.8716431691 0.5275939799 
-82.3282637576 0.0416232938 0.8716582731 0.5276374181 
-82.3291682618 0.0416211821 0.8716733790 0.5276808658 
-82.3300729907 0.0416190701 0.8716884869 0.5277243231 
-82.3309779432 0.0416169576 0.8717035967 0.5277677897 
-82.3318831181 0.0416148448 0.8717187084 0.5278112657 
-82.3327885143 0.0416127315 0.8717338220 0.5278547511 
-82.3336941307 0.0416106177 0.8717489374 0.5278982458 
-82.3345999661 0.0416085036 0.8717640547 0.5279417498 
-82.3355060194 0.0416063891 0.8717791738 0.5279852630 
-82.3364122896 0.0416042741 0.8717942947 0.5280287854 
-82.3373187755 0.0416021588 0.8718094174 0.5280723169 
-82.3382254760 0.0416000431 0.8718245419 0.5281158575 
-82.3391323901 0.0415979269 0.8718396681 0.5281594073 
-82.3400395166 0.0415958104 0.8718547960 0.5282029661 
-82.3409468545 0.0415936934 0.8718699256 0.5282465338 
-82.3418544028 0.0415915761 0.8718850569 0.5282901106 
-82.3427621603 0.0415894584 0.8719001898 0.5283336963 
-82.3436701260 0.0415873403 0.8719153245 0.5283772909 
-82.3445782988 0.0415852218 0.8719304607 0.5284208943 
-82.3454866778 0.0415831030 0.8719455985 0.5284645065 
-82.3463952618 0.0415809837 0.8719607379 0.5285081276 
-82.3473040498 0.0415788641 0.8719758789 0.5285517574 
-82.3482130408 0.0415767441 0.8719910215 0.5285953959 
-82.3491222338 0.0415746238 0.8720061656 0.5286390431 
-82.3500316278 0.0415725030 0.8720213112 0.5286826989 
-82.3509412217 0.0415703819 0.8720364583 0.5287263633 
-82.3518510146 0.0415682605 0.8720516068 0.5287700364 
-82.3527610054 0.0415661386 0.8720667569 0.5288137179 
-82.3536711931 0.0415640165 0.8720819083 0.5288574080 
-82.3545815768 0.0415618939 0.8720970612 0.5289011065 
-82.3554921555 0.0415597710 0.8721122155 0.5289448135 
-82.3564029282 0.0415576478 0.8721273712 0.5289885288 
-82.3573138939 0.0415555242 0.8721425283 0.5290322526 
-82.3582250516 0.0415534003 0.8721576867 0.5290759847 
-82.3591364005 0.0415512760 0.8721728464 0.5291197250 
-82.3600479394 0.0415491514 0.8721880075 0.5291634737 
-82.3609596676 0.0415470264 0.8722031699 0.5292072306 
-82.3618715840 0.0415449011 0.8722183335 0.5292509957 
-82.3627836876 0.0415427755 0.8722334985 0.5292947690 
-82.3636959776 0.0415406495 0.8722486647 0.5293385504 
-82.3646084531 0.0415385232 0.8722638321 0.5293823399 
-82.3655211130 0.0415363965 0.8722790007 0.5294261375 
-82.3664339565 0.0415342696 0.8722941705 0.5294699431 
-82.3673469826 0.0415321423 0.8723093416 0.5295137568 
-82.3682601905 0.0415300147 0.8723245137 0.5295575785 
-82.3691735792 0.0415278868 0.8723396871 0.5296014080 
-82.3700871478 0.0415257585 0.8723548616 0.5296452456 
-82.3710008954 0.0415236300 0.8723700372 0.5296890910 
-82.3719148212 0.0415215011 0.8723852138 0.5297329442 
-82.3728289241 0.0415193719 0.8724003916 0.5297768053 
-82.3737432035 0.0415172424 0.8724155705 0.5298206742 
-82.3746576583 0.0415151126 0.8724307504 0.5298645509 
-82.3755722877 0.0415129825 0.8724459314 0.5299084353 
-82.3764870908 0.0415108521 0.8724611133 0.5299523274 
-82.3774020668 0.0415087214 0.8724762963 0.5299962272 
-82.3783172148 0.0415065903 0.8724914803 0.5300401347 
-82.3792325338 0.0415044590 0.8725066653 0.5300840497 
-82.3801480232 0.0415023274 0.8725218512 0.5301279724 
-82.3810636820 0.0415001955 0.8725370380 0.5301719026 
-82.3819795093 0.0414980633 0.8725522258 0.5302158404 
-82.3828955044 0.0414959309 0.8725674146 0.5302597856 
-82.3838116664 0.0414937981 0.8725826042 0.5303037383 
-82.3847279944 0.0414916650 0.8725977947 0.5303476985 
-82.3856444876 0.0414895317 0.8726129861 0.5303916661 
-82.3865611453 0.0414873981 0.8726281783 0.5304356411 
-82.3874779665 0.0414852642 0.8726433714 0.5304796235 
-82.3883949504 0.0414831300 0.8726585653 0.5305236132 
-82.3893120963 0.0414809956 0.8726737600 0.5305676102 
-82.3902294034 0.0414788609 0.8726889555 0.5306116144 
-82.3911468707 0.0414767259 0.8727041518 0.5306556260 
-82.3920644976 0.0414745906 0.8727193489 0.5306996447 
-82.3929822832 0.0414724551 0.8727345467 0.5307436707 
-82.3939002267 0.0414703193 0.8727497453 0.5307877038 
-82.3948183273 0.0414681832 0.8727649446 0.5308317441 
-82.3957365842 0.0414660469 0.8727801446 0.5308757914 
-82.3966549967 0.0414639103 0.8727953453 0.5309198459 
-82.3975735640 0.0414617735 0.8728105467 0.5309639075 
-82.3984922852 0.0414596364 0.8728257488 0.5310079760 
-82.3994111597 0.0414574991 0.8728409515 0.5310520516 
-82.4003301866 0.0414553615 0.8728561548 0.5310961342 
-82.4012493651 0.0414532236 0.8728713588 0.5311402237 
-82.4021686946 0.0414510855 0.8728865634 0.5311843202 
-82.4030881741 0.0414489472 0.8729017686 0.5312284235 
-82.4040078031 0.0414468086 0.8729169744 0.5312725338 
-82.4049275807 0.0414446698 0.8729321808 0.5313166509 
-82.4058475061 0.0414425307 0.8729473878 0.5313607748 
-82.4067675787 0.0414403914 0.8729625952 0.5314049055 
-82.4076877976 0.0414382518 0.8729778033 0.5314490430 
-82.4086081621 0.0414361120 0.8729930118 0.5314931873 
-82.4095286716 0.0414339720 0.8730082209 0.5315373383 
-82.4104493251 0.0414318317 0.8730234304 0.5315814959 
-82.4113701221 0.0414296913 0.8730386404 0.5316256603 
-82.4122910617 0.0414275505 0.8730538509 0.5316698313 
-82.4132121433 0.0414254096 0.8730690619 0.5317140090 
-82.4141333661 0.0414232684 0.8730842733 0.5317581932 
-82.4150547294 0.0414211270 0.8730994851 0.5318023840 
-82.4159762325 0.0414189854 0.8731146974 0.5318465814 
-82.4168978746 0.0414168436 0.8731299100 0.5318907853 
-82.4178196551 0.0414147015 0.8731451231 0.5319349957 
-82.4187415732 0.0414125593 0.8731603365 0.5319792126 
-82.4196636282 0.0414104168 0.8731755503 0.5320234359 
-82.4205858193 0.0414082741 0.8731907644 0.5320676657 
-82.4215081460 0.0414061312 0.8732059789 0.5321119019 
-82.4224306075 0.0414039880 0.8732211937 0.5321561444 
-82.4233532031 0.0414018447 0.8732364088 0.5322003934 
-82.4242759320 0.0413997012 0.8732516243 0.5322446486 
-82.4251987937 0.0413975574 0.8732668400 0.5322889102 
-82.4261217873 0.0413954135 0.8732820560 0.5323331780 
-82.4270449122 0.0413932693 0.8732972723 0.5323774521 
-82.4279681678 0.0413911250 0.8733124888 0.5324217325 
-82.4288915533 0.0413889804 0.8733277056 0.5324660191 
-82.4298150680 0.0413868357 0.8733429226 0.5325103118 
-82.4307387113 0.0413846907 0.8733581399 0.5325546108 
-82.4316624825 0.0413825456 0.8733733573 0.5325989158 
-82.4325863809 0.0413804003 0.8733885749 0.5326432270 
-82.4335104058 0.0413782547 0.8734037928 0.5326875443 
-82.4344345565 0.0413761090 0.8734190107 0.5327318677 
-82.4353588325 0.0413739631 0.8734342289 0.5327761971 
-82.4362832329 0.0413718170 0.8734494472 0.5328205326 
-82.4372077571 0.0413696708 0.8734646656 0.5328648740 
-82.4381324046 0.0413675243 0.8734798842 0.5329092215 
-82.4390571745 0.0413653777 0.8734951029 0.5329535749 
-82.4399820662 0.0413632309 0.8735103216 0.5329979342 
-82.4409070792 0.0413610839 0.8735255405 0.5330422995 
-82.4418322126 0.0413589367 0.8735407594 0.5330866706 
-82.4427574659 0.0413567894 0.8735559785 0.5331310476 
-82.4436828384 0.0413546419 0.8735711975 0.5331754305 
-82.4446083294 0.0413524942 0.8735864166 0.5332198191 
-82.4455339383 0.0413503463 0.8736016358 0.5332642136 
-82.4464596645 0.0413481983 0.8736168549 0.5333086139 
-82.4473855072 0.0413460501 0.8736320741 0.5333530199 
-82.4483114659 0.0413439018 0.8736472933 0.5333974316 
-82.4492375398 0.0413417533 0.8736625124 0.5334418491 
-82.4501637284 0.0413396046 0.8736777316 0.5334862722 
-82.4510900310 0.0413374557 0.8736929506 0.5335307010 
-82.4520164470 0.0413353067 0.8737081697 0.5335751354 
-82.4529429756 0.0413331576 0.8737233887 0.5336195755 
-82.4538696163 0.0413310082 0.8737386076 0.5336640211 
-82.4547963684 0.0413288588 0.8737538265 0.5337084723 
-82.4557232314 0.0413267091 0.8737690452 0.5337529291 
-82.4566502044 0.0413245594 0.8737842639 0.5337973914 
-82.4575772870 0.0413224094 0.8737994824 0.5338418592 
-82.4585044785 0.0413202594 0.8738147008 0.5338863324 
-82.4594317782 0.0413181091 0.8738299191 0.5339308112 
-82.4603591855 0.0413159588 0.8738451372 0.5339752954 
-82.4612866998 0.0413138083 0.8738603552 0.5340197849 
-82.4622143205 0.0413116576 0.8738755730 0.5340642799 
-82.4631420468 0.0413095068 0.8738907906 0.5341087803 
-82.4640698783 0.0413073559 0.8739060081 0.5341532860 
-82.4649978142 0.0413052048 0.8739212253 0.5341977970 
-82.4659258539 0.0413030536 0.8739364423 0.5342423133 
-82.4668539968 0.0413009022 0.8739516591 0.5342868349 
-82.4677822423 0.0412987507 0.8739668757 0.5343313617 
-82.4687105898 0.0412965991 0.8739820920 0.5343758938 
-82.4696390386 0.0412944474 0.8739973081 0.5344204311 
-82.4705675881 0.0412922955 0.8740125239 0.5344649736 
-82.4714962377 0.0412901435 0.8740277395 0.5345095212 
-82.4724249867 0.0412879914 0.8740429547 0.5345540740 
-82.4733538346 0.0412858391 0.8740581697 0.5345986319 
-82.4742827807 0.0412836867 0.8740733843 0.5346431949 
-82.4752118244 0.0412815342 0.8740885986 0.5346877629 
-82.4761409651 0.0412793816 0.8741038126 0.5347323360 
-82.4770702021 0.0412772289 0.8741190263 0.5347769142 
-82.4779995349 0.0412750760 0.8741342396 0.5348214973 
-82.4789289628 0.0412729230 0.8741494525 0.5348660854 
-82.4798584852 0.0412707699 0.8741646651 0.5349106785 
-82.4807881015 0.0412686167 0.8741798773 0.5349552765 
-82.4817178110 0.0412664634 0.8741950891 0.5349998794 
-82.4826476132 0.0412643100 0.8742103005 0.5350444873 
-82.4835775074 0.0412621565 0.8742255115 0.5350890999 
-82.4845074931 0.0412600028 0.8742407221 0.5351337174 
-82.4854375695 0.0412578491 0.8742559322 0.5351783398 
-82.4863677361 0.0412556952 0.8742711419 0.5352229669 
-82.4872979923 0.0412535413 0.8742863511 0.5352675988 
-82.4882283375 0.0412513872 0.8743015599 0.5353122354 
-82.4891587710 0.0412492331 0.8743167682 0.5353568768 
-82.4900892922 0.0412470788 0.8743319760 0.5354015228 
-82.4910199005 0.0412449244 0.8743471833 0.5354461736 
-82.4919505953 0.0412427700 0.8743623901 0.5354908290 
-82.4928813760 0.0412406154 0.8743775964 0.5355354890 
-82.4938122420 0.0412384608 0.8743928022 0.5355801536 
-82.4947431926 0.0412363061 0.8744080074 0.5356248228 
-82.4956742272 0.0412341513 0.8744232121 0.5356694965 
-82.4966053453 0.0412319963 0.8744384162 0.5357141748 
-82.4975365461 0.0412298414 0.8744536198 0.5357588576 
-82.4984678292 0.0412276863 0.8744688227 0.5358035448 
-82.4993991938 0.0412255311 0.8744840251 0.5358482365 
-82.5003306394 0.0412233759 0.8744992269 0.5358929327 
-82.5012621653 0.0412212205 0.8745144281 0.5359376332 
-82.5021937710 0.0412190651 0.8745296287 0.5359823382 
-82.5031254558 0.0412169096 0.8745448286 0.5360270475 
-82.5040572190 0.0412147541 0.8745600279 0.5360717611 
-82.5049890602 0.0412125984 0.8745752265 0.5361164790 
-82.5059209786 0.0412104427 0.8745904245 0.5361612012 
-82.5068529737 0.0412082869 0.8746056218 0.5362059277 
-82.5077850447 0.0412061311 0.8746208184 0.5362506584 
-82.5087171912 0.0412039751 0.8746360144 0.5362953933 
-82.5096494125 0.0412018191 0.8746512096 0.5363401323 
-82.5105817080 0.0411996631 0.8746664042 0.5363848756 
-82.5115140771 0.0411975069 0.8746815980 0.5364296229 
-82.5124465190 0.0411953507 0.8746967910 0.5364743744 
-82.5133790333 0.0411931945 0.8747119834 0.5365191299 
-82.5143116193 0.0411910382 0.8747271749 0.5365638895 
-82.5152442764 0.0411888818 0.8747423658 0.5366086531 
-82.5161770039 0.0411867253 0.8747575558 0.5366534206 
-82.5171098013 0.0411845688 0.8747727451 0.5366981922 
-82.5180426679 0.0411824123 0.8747879335 0.5367429677 
-82.5189756031 0.0411802557 0.8748031212 0.5367877471 
-82.5199086063 0.0411780990 0.8748183080 0.5368325304 
-82.5208416768 0.0411759423 0.8748334941 0.5368773175 
-82.5217748140 0.0411737856 0.8748486793 0.5369221085 
-82.5227080174 0.0411716288 0.8748638636 0.5369669033 
-82.5236412862 0.0411694719 0.8748790471 0.5370117018 
-82.5245746199 0.0411673150 0.8748942297 0.5370565041 
-82.5255080178 0.0411651581 0.8749094115 0.5371013101 
-82.5264414793 0.0411630011 0.8749245923 0.5371461198 
-82.5273750038 0.0411608441 0.8749397723 0.5371909331 
-82.5283085906 0.0411586870 0.8749549514 0.5372357501 
-82.5292422392 0.0411565299 0.8749701295 0.5372805707 
-82.5301759489 0.0411543728 0.8749853068 0.5373253949 
-82.5311097190 0.0411522156 0.8750004831 0.5373702226 
-82.5320435489 0.0411500584 0.8750156584 0.5374150538 
-82.5329774381 0.0411479012 0.8750308328 0.5374598885 
-82.5339113858 0.0411457439 0.8750460062 0.5375047266 
-82.5348453915 0.0411435866 0.8750611786 0.5375495682 
-82.5357794544 0.0411414293 0.8750763501 0.5375944132 
-82.5367135741 0.0411392719 0.8750915206 0.5376392615 
-82.5376477497 0.0411371146 0.8751066900 0.5376841131 
-82.5385819808 0.0411349572 0.8751218584 0.5377289681 
-82.5395162667 0.0411327997 0.8751370258 0.5377738263 
-82.5404506067 0.0411306423 0.8751521922 0.5378186878 
-82.5413850002 0.0411284848 0.8751673575 0.5378635524 
-82.5423194465 0.0411263274 0.8751825218 0.5379084203 
-82.5432539451 0.0411241699 0.8751976850 0.5379532912 
-82.5441884953 0.0411220124 0.8752128471 0.5379981653 
-82.5451230964 0.0411198548 0.8752280081 0.5380430425 
-82.5460577478 0.0411176973 0.8752431680 0.5380879227 
-82.5469924489 0.0411155398 0.8752583268 0.5381328059 
-82.5479271990 0.0411133822 0.8752734845 0.5381776920 
-82.5488619975 0.0411112247 0.8752886411 0.5382225812 
-82.5497968437 0.0411090671 0.8753037965 0.5382674732 
-82.5507317371 0.0411069096 0.8753189507 0.5383123681 
-82.5516666769 0.0411047520 0.8753341038 0.5383572658 
-82.5526016625 0.0411025944 0.8753492558 0.5384021664 
-82.5535366933 0.0411004369 0.8753644065 0.5384470697 
-82.5544717686 0.0410982793 0.8753795561 0.5384919757 
-82.5554068878 0.0410961217 0.8753947044 0.5385368845 
-82.5563420502 0.0410939642 0.8754098515 0.5385817959 
-82.5572772552 0.0410918066 0.8754249974 0.5386267099 
-82.5582125022 0.0410896491 0.8754401421 0.5386716266 
-82.5591477905 0.0410874916 0.8754552856 0.5387165457 
-82.5600831194 0.0410853340 0.8754704277 0.5387614674 
-82.5610184883 0.0410831765 0.8754855686 0.5388063916 
-82.5619538966 0.0410810191 0.8755007083 0.5388513182 
-82.5628893435 0.0410788616 0.8755158466 0.5388962472 
-82.5638248286 0.0410767041 0.8755309837 0.5389411786 
-82.5647603510 0.0410745467 0.8755461194 0.5389861122 
-82.5656959102 0.0410723893 0.8755612539 0.5390310482 
-82.5666315055 0.0410702319 0.8755763870 0.5390759865 
-82.5675671363 0.0410680745 0.8755915187 0.5391209269 
-82.5685028019 0.0410659171 0.8756066491 0.5391658695 
-82.5694385016 0.0410637598 0.8756217782 0.5392108142 
-82.5703742349 0.0410616025 0.8756369059 0.5392557610 
-82.5713100010 0.0410594453 0.8756520322 0.5393007099 
-82.5722457993 0.0410572880 0.8756671571 0.5393456607 
-82.5731816292 0.0410551308 0.8756822807 0.5393906135 
-82.5741174900 0.0410529736 0.8756974028 0.5394355683 
-82.5750533811 0.0410508165 0.8757125235 0.5394805249 
-82.5759893018 0.0410486594 0.8757276427 0.5395254833 
-82.5769252514 0.0410465024 0.8757427606 0.5395704436 
-82.5778612294 0.0410443453 0.8757578769 0.5396154056 
-82.5787972350 0.0410421884 0.8757729919 0.5396603693 
-82.5797332677 0.0410400314 0.8757881053 0.5397053346 
-82.5806693267 0.0410378745 0.8758032173 0.5397503016 
-82.5816054115 0.0410357177 0.8758183277 0.5397952701 
-82.5825415213 0.0410335609 0.8758334367 0.5398402401 
-82.5834776556 0.0410314041 0.8758485442 0.5398852117 
-82.5844138137 0.0410292474 0.8758636501 0.5399301846 
-82.5853499949 0.0410270908 0.8758787545 0.5399751589 
-82.5862861986 0.0410249342 0.8758938574 0.5400201346 
-82.5872224242 0.0410227777 0.8759089587 0.5400651116 
-82.5881586710 0.0410206212 0.8759240584 0.5401100898 
-82.5890949384 0.0410184647 0.8759391566 0.5401550692 
-82.5900312257 0.0410163084 0.8759542532 0.5402000497 
-82.5909675324 0.0410141521 0.8759693482 0.5402450313 
-82.5919038577 0.0410119958 0.8759844416 0.5402900140 
-82.5928402010 0.0410098397 0.8759995334 0.5403349977 
-82.5937765618 0.0410076835 0.8760146235 0.5403799822 
-82.5947129393 0.0410055275 0.8760297120 0.5404249677 
-82.5956493329 0.0410033715 0.8760447989 0.5404699541 
-82.5965857421 0.0410012156 0.8760598842 0.5405149412 
-82.5975221661 0.0409990598 0.8760749677 0.5405599290 
-82.5984586044 0.0409969040 0.8760900496 0.5406049175 
-82.5993950564 0.0409947483 0.8761051298 0.5406499067 
-82.6003315213 0.0409925927 0.8761202083 0.5406948964 
-82.6012679987 0.0409904371 0.8761352852 0.5407398866 
-82.6022044878 0.0409882817 0.8761503603 0.5407848773 
-82.6031409882 0.0409861263 0.8761654337 0.5408298684 
-82.6040774990 0.0409839710 0.8761805053 0.5408748598 
-82.6050140199 0.0409818158 0.8761955752 0.5409198516 
-82.6059505501 0.0409796606 0.8762106434 0.5409648435 
-82.6068870890 0.0409775056 0.8762257098 0.5410098357 
-82.6078236361 0.0409753506 0.8762407744 0.5410548279 
-82.6087601908 0.0409731957 0.8762558373 0.5410998202 
-82.6096967524 0.0409710409 0.8762708984 0.5411448126 
-82.6106333204 0.0409688862 0.8762859576 0.5411898048 
-82.6115698941 0.0409667316 0.8763010151 0.5412347969 
-82.6125064731 0.0409645771 0.8763160708 0.5412797889 
-82.6134430568 0.0409624227 0.8763311246 0.5413247805 
-82.6143796445 0.0409602683 0.8763461766 0.5413697719 
-82.6153162357 0.0409581141 0.8763612267 0.5414147629 
-82.6162528298 0.0409559600 0.8763762750 0.5414597535 
-82.6171894263 0.0409538060 0.8763913215 0.5415047435 
-82.6181260247 0.0409516520 0.8764063660 0.5415497330 
-82.6190626243 0.0409494982 0.8764214087 0.5415947219 
-82.6199992246 0.0409473445 0.8764364495 0.5416397101 
-82.6209358252 0.0409451909 0.8764514885 0.5416846975 
-82.6218724254 0.0409430373 0.8764665255 0.5417296840 
-82.6228090247 0.0409408839 0.8764815606 0.5417746697 
-82.6237456226 0.0409387306 0.8764965937 0.5418196543 
-82.6246822187 0.0409365774 0.8765116250 0.5418646380 
-82.6256188123 0.0409344244 0.8765266543 0.5419096205 
-82.6265554031 0.0409322714 0.8765416817 0.5419546019 
-82.6274919904 0.0409301185 0.8765567071 0.5419995819 
-82.6284285739 0.0409279658 0.8765717305 0.5420445607 
-82.6293651529 0.0409258132 0.8765867520 0.5420895381 
-82.6303017272 0.0409236607 0.8766017715 0.5421345139 
-82.6312382961 0.0409215083 0.8766167891 0.5421794883 
-82.6321748592 0.0409193560 0.8766318046 0.5422244610 
-82.6331114162 0.0409172038 0.8766468181 0.5422694320 
-82.6340479665 0.0409150518 0.8766618297 0.5423144012 
-82.6349845097 0.0409128999 0.8766768392 0.5423593686 
-82.6359210454 0.0409107481 0.8766918467 0.5424043340 
-82.6368575732 0.0409085964 0.8767068522 0.5424492974 
-82.6377940926 0.0409064449 0.8767218556 0.5424942588 
-82.6387306034 0.0409042935 0.8767368570 0.5425392179 
-82.6396671050 0.0409021422 0.8767518564 0.5425841748 
-82.6406035972 0.0408999910 0.8767668537 0.5426291294 
-82.6415400795 0.0408978400 0.8767818489 0.5426740815 
-82.6424765517 0.0408956891 0.8767968421 0.5427190312 
-82.6434130133 0.0408935383 0.8768118332 0.5427639782 
-82.6443494640 0.0408913876 0.8768268223 0.5428089226 
-82.6452859036 0.0408892371 0.8768418092 0.5428538642 
-82.6462223317 0.0408870867 0.8768567941 0.5428988030 
-82.6471587480 0.0408849365 0.8768717769 0.5429437388 
-82.6480951523 0.0408827864 0.8768867576 0.5429886716 
-82.6490315443 0.0408806364 0.8769017362 0.5430336013 
-82.6499679237 0.0408784865 0.8769167127 0.5430785277 
-82.6509042903 0.0408763368 0.8769316871 0.5431234509 
-82.6518406438 0.0408741872 0.8769466594 0.5431683707 
-82.6527769842 0.0408720377 0.8769616295 0.5432132870 
-82.6537133111 0.0408698884 0.8769765975 0.5432581998 
-82.6546496244 0.0408677392 0.8769915635 0.5433031088 
-82.6555859239 0.0408655902 0.8770065272 0.5433480141 
-82.6565222095 0.0408634413 0.8770214889 0.5433929155 
-82.6574584810 0.0408612925 0.8770364484 0.5434378130 
-82.6583947384 0.0408591439 0.8770514058 0.5434827064 
-82.6593309816 0.0408569954 0.8770663611 0.5435275956 
-82.6602672104 0.0408548470 0.8770813142 0.5435724806 
-82.6612034249 0.0408526988 0.8770962652 0.5436173612 
-82.6621396249 0.0408505507 0.8771112140 0.5436622373 
-82.6630758105 0.0408484028 0.8771261607 0.5437071088 
-82.6640119817 0.0408462550 0.8771411053 0.5437519757 
-82.6649481384 0.0408441073 0.8771560477 0.5437968378 
-82.6658842808 0.0408419598 0.8771709879 0.5438416950 
-82.6668204088 0.0408398124 0.8771859261 0.5438865472 
-82.6677565227 0.0408376651 0.8772008620 0.5439313943 
-82.6686926224 0.0408355180 0.8772157959 0.5439762362 
-82.6696287082 0.0408333710 0.8772307276 0.5440210728 
-82.6705647801 0.0408312242 0.8772456571 0.5440659039 
-82.6715008384 0.0408290775 0.8772605845 0.5441107294 
-82.6724368833 0.0408269309 0.8772755098 0.5441555493 
-82.6733729149 0.0408247845 0.8772904330 0.5442003634 
-82.6743089336 0.0408226382 0.8773053540 0.5442451716 
-82.6752449396 0.0408204920 0.8773202729 0.5442899738 
-82.6761809333 0.0408183460 0.8773351897 0.5443347698 
-82.6771169149 0.0408162001 0.8773501043 0.5443795596 
-82.6780528849 0.0408140543 0.8773650168 0.5444243430 
-82.6789888437 0.0408119087 0.8773799273 0.5444691198 
-82.6799247916 0.0408097632 0.8773948356 0.5445138901 
-82.6808607291 0.0408076178 0.8774097418 0.5445586536 
-82.6817966567 0.0408054725 0.8774246459 0.5446034103 
-82.6827325750 0.0408033274 0.8774395480 0.5446481599 
-82.6836684844 0.0408011824 0.8774544479 0.5446929024 
-82.6846043856 0.0407990375 0.8774693458 0.5447376376 
-82.6855402792 0.0407968928 0.8774842417 0.5447823654 
-82.6864761658 0.0407947481 0.8774991355 0.5448270858 
-82.6874120461 0.0407926036 0.8775140272 0.5448717984 
-82.6883479209 0.0407904592 0.8775289169 0.5449165033 
-82.6892837909 0.0407883149 0.8775438046 0.5449612002 
-82.6902196569 0.0407861708 0.8775586902 0.5450058890 
-82.6911555197 0.0407840267 0.8775735739 0.5450505697 
-82.6920913803 0.0407818827 0.8775884555 0.5450952420 
-82.6930272395 0.0407797389 0.8776033352 0.5451399058 
-82.6939630984 0.0407775952 0.8776182129 0.5451845609 
-82.6948989578 0.0407754515 0.8776330887 0.5452292073 
-82.6958348189 0.0407733080 0.8776479625 0.5452738448 
-82.6967706827 0.0407711646 0.8776628344 0.5453184732 
-82.6977065504 0.0407690213 0.8776777044 0.5453630924 
-82.6986424232 0.0407668780 0.8776925725 0.5454077022 
-82.6995783022 0.0407647349 0.8777074388 0.5454523025 
-82.7005141888 0.0407625918 0.8777223032 0.5454968931 
-82.7014500843 0.0407604488 0.8777371657 0.5455414739 
-82.7023859901 0.0407583059 0.8777520264 0.5455860447 
-82.7033219075 0.0407561631 0.8777668853 0.5456306054 
-82.7042578381 0.0407540204 0.8777817425 0.5456751558 
-82.7051937834 0.0407518777 0.8777965979 0.5457196957 
-82.7061297450 0.0407497351 0.8778114515 0.5457642250 
-82.7070657245 0.0407475926 0.8778263035 0.5458087435 
-82.7080017236 0.0407454501 0.8778411537 0.5458532511 
-82.7089377441 0.0407433076 0.8778560023 0.5458977476 
-82.7098737877 0.0407411653 0.8778708493 0.5459422327 
-82.7108098564 0.0407390230 0.8778856946 0.5459867065 
-82.7117459521 0.0407368807 0.8779005384 0.5460311686 
-82.7126820768 0.0407347384 0.8779153806 0.5460756189 
-82.7136182325 0.0407325962 0.8779302212 0.5461200572 
-82.7145544214 0.0407304540 0.8779450604 0.5461644834 
-82.7154906457 0.0407283119 0.8779598981 0.5462088973 
-82.7164269075 0.0407261698 0.8779747344 0.5462532986 
-82.7173632094 0.0407240276 0.8779895692 0.5462976873 
-82.7182995535 0.0407218855 0.8780044027 0.5463420631 
-82.7192359425 0.0407197434 0.8780192349 0.5463864259 
-82.7201723789 0.0407176013 0.8780340658 0.5464307754 
-82.7211088652 0.0407154592 0.8780488954 0.5464751115 
-82.7220454042 0.0407133170 0.8780637238 0.5465194340 
-82.7229819986 0.0407111749 0.8780785510 0.5465637427 
-82.7239186514 0.0407090327 0.8780933771 0.5466080373 
-82.7248553654 0.0407068905 0.8781082021 0.5466523178 
-82.7257921436 0.0407047482 0.8781230260 0.5466965839 
-82.7267289892 0.0407026059 0.8781378489 0.5467408354 
-82.7276659053 0.0407004635 0.8781526708 0.5467850721 
-82.7286028952 0.0406983211 0.8781674918 0.5468292938 
-82.7295399622 0.0406961786 0.8781823120 0.5468735003 
-82.7304771099 0.0406940360 0.8781971313 0.5469176915 
-82.7314143417 0.0406918933 0.8782119498 0.5469618669 
-82.7323516613 0.0406897506 0.8782267677 0.5470060266 
-82.7332890724 0.0406876077 0.8782415848 0.5470501703 
-82.7342265789 0.0406854647 0.8782564014 0.5470942977 
-82.7351641847 0.0406833216 0.8782712174 0.5471384086 
-82.7361018938 0.0406811784 0.8782860329 0.5471825028 
-82.7370397103 0.0406790350 0.8783008479 0.5472265802 
-82.7379776386 0.0406768915 0.8783156626 0.5472706404 
-82.7389156829 0.0406747478 0.8783304770 0.5473146832 
-82.7398538477 0.0406726040 0.8783452911 0.5473587085 
-82.7407921375 0.0406704599 0.8783601050 0.5474027160 
-82.7417305572 0.0406683157 0.8783749188 0.5474467054 
-82.7426691114 0.0406661713 0.8783897326 0.5474906766 
-82.7436078050 0.0406640267 0.8784045463 0.5475346293 
-82.7445466432 0.0406618818 0.8784193602 0.5475785632 
-82.7454856310 0.0406597367 0.8784341742 0.5476224782 
-82.7464247739 0.0406575914 0.8784489885 0.5476663739 
-82.7473640770 0.0406554458 0.8784638031 0.5477102502 
-82.7483035461 0.0406532999 0.8784786181 0.5477541067 
-82.7492431868 0.0406511537 0.8784934336 0.5477979434 
-82.7501830049 0.0406490073 0.8785082497 0.5478417598 
-82.7511230063 0.0406468605 0.8785230664 0.5478855557 
-82.7520631971 0.0406447134 0.8785378839 0.5479293309 
-82.7530035836 0.0406425660 0.8785527021 0.5479730852 
-82.7539441721 0.0406404182 0.8785675213 0.5480168182 
-82.7548849692 0.0406382700 0.8785823416 0.5480605297 
-82.7558259814 0.0406361215 0.8785971629 0.5481042195 
-82.7567672157 0.0406339725 0.8786119854 0.5481478872 
-82.7577086790 0.0406318232 0.8786268093 0.5481915327 
-82.7586503784 0.0406296734 0.8786416346 0.5482351556 
-82.7595923213 0.0406275231 0.8786564614 0.5482787556 
-82.7605345150 0.0406253724 0.8786712898 0.5483223326 
-82.7614769673 0.0406232212 0.8786861199 0.5483658861 
-82.7624196858 0.0406210695 0.8787009519 0.5484094159 
-82.7633626787 0.0406189173 0.8787157859 0.5484529218 
-82.7643059539 0.0406167646 0.8787306220 0.5484964035 
-82.7652495200 0.0406146113 0.8787454603 0.5485398606 
-82.7661933852 0.0406124574 0.8787603008 0.5485832929 
-82.7671375585 0.0406103029 0.8787751439 0.5486267001 
-82.7680820485 0.0406081478 0.8787899895 0.5486700818 
-82.7690268645 0.0406059921 0.8788048379 0.5487134378 
-82.7699720157 0.0406038357 0.8788196891 0.5487567679 
-82.7709175115 0.0406016787 0.8788345433 0.5488000715 
-82.7718633616 0.0405995209 0.8788494006 0.5488433486 
-82.7728095759 0.0405973624 0.8788642612 0.5488865987 
-82.7737561645 0.0405952032 0.8788791252 0.5489298215 
-82.7747031378 0.0405930432 0.8788939927 0.5489730168 
-82.7756505061 0.0405908824 0.8789088640 0.5490161841 
-82.7765982804 0.0405887208 0.8789237392 0.5490593233 
-82.7775464714 0.0405865584 0.8789386184 0.5491024339 
-82.7784950905 0.0405843950 0.8789535018 0.5491455156 
-82.7794441491 0.0405822308 0.8789683895 0.5491885681 
-82.7803936588 0.0405800657 0.8789832818 0.5492315911 
-82.7813436316 0.0405778996 0.8789981788 0.5492745843 
-82.7822940796 0.0405757326 0.8790130807 0.5493175472 
-82.7832450153 0.0405735645 0.8790279877 0.5493604795 
-82.7841964513 0.0405713955 0.8790428999 0.5494033810 
-82.7851484004 0.0405692253 0.8790578175 0.5494462512 
-82.7861008760 0.0405670541 0.8790727408 0.5494890898 
-82.7870538915 0.0405648817 0.8790876698 0.5495318965 
-82.7880074606 0.0405627082 0.8791026050 0.5495746708 
-82.7889615973 0.0405605335 0.8791175463 0.5496174125 
-82.7899163159 0.0405583576 0.8791324941 0.5496601211 
-82.7908716310 0.0405561805 0.8791474485 0.5497027963 
-82.7918275574 0.0405540021 0.8791624098 0.5497454378 
-82.7927841104 0.0405518223 0.8791773782 0.5497880451 
-82.7937413054 0.0405496412 0.8791923538 0.5498306178 
-82.7946991582 0.0405474587 0.8792073371 0.5498731557 
-82.7956576849 0.0405452748 0.8792223281 0.5499156582 
-82.7966169019 0.0405430894 0.8792373271 0.5499581251 
-82.7975768259 0.0405409026 0.8792523344 0.5500005559 
-82.7985374740 0.0405387142 0.8792673502 0.5500429502 
-82.7994988637 0.0405365242 0.8792823747 0.5500853077 
-82.8004610126 0.0405343326 0.8792974083 0.5501276278 
-82.8014239388 0.0405321393 0.8793124512 0.5501699104 
-82.8023876609 0.0405299443 0.8793275036 0.5502121548 
-82.8033521975 0.0405277476 0.8793425659 0.5502543607 
-82.8043175680 0.0405255492 0.8793576382 0.5502965278 
-82.8052837917 0.0405233488 0.8793727210 0.5503386554 
-82.8062508887 0.0405211467 0.8793878144 0.5503807434 
-82.8072188792 0.0405189425 0.8794029189 0.5504227912 
-82.8081877840 0.0405167365 0.8794180346 0.5504647983 
-82.8091576240 0.0405145284 0.8794331619 0.5505067644 
-82.8101284209 0.0405123182 0.8794483011 0.5505486890 
-82.8111001966 0.0405101060 0.8794634525 0.5505905717 
-82.8120729733 0.0405078915 0.8794786165 0.5506324121 
-82.8130467738 0.0405056749 0.8794937934 0.5506742096 
-82.8140216213 0.0405034560 0.8795089835 0.5507159638 
-82.8149975394 0.0405012347 0.8795241872 0.5507576743 
-82.8159745522 0.0404990111 0.8795394048 0.5507993406 
-82.8169526842 0.0404967851 0.8795546367 0.5508409623 
-82.8179319603 0.0404945566 0.8795698833 0.5508825388 
-82.8189124062 0.0404923255 0.8795851448 0.5509240697 
-82.8198940476 0.0404900918 0.8796004218 0.5509655545 
-82.8208769109 0.0404878555 0.8796157145 0.5510069928 
-82.8218610232 0.0404856164 0.8796310235 0.5510483840 
-82.8228464118 0.0404833746 0.8796463490 0.5510897277 
-82.8238331047 0.0404811299 0.8796616915 0.5511310234 
-82.8248211302 0.0404788823 0.8796770514 0.5511722705 
-82.8258105174 0.0404766317 0.8796924291 0.5512134686 
-82.8268012957 0.0404743781 0.8797078251 0.5512546171 
-82.8277934952 0.0404721214 0.8797232398 0.5512957156 
-82.8287871466 0.0404698614 0.8797386737 0.5513367636 
-82.8297822809 0.0404675983 0.8797541272 0.5513777604 
-82.8307789300 0.0404653318 0.8797696007 0.5514187056 
-82.8317771261 0.0404630619 0.8797850948 0.5514595987 
-82.8327769021 0.0404607886 0.8798006099 0.5515004391 
-82.8337782917 0.0404585117 0.8798161466 0.5515412262 
-82.8347813289 0.0404562311 0.8798317053 0.5515819596 
-82.8357860484 0.0404539469 0.8798472864 0.5516226387 
-82.8367924856 0.0404516589 0.8798628907 0.5516632629 
-82.8378006767 0.0404493670 0.8798785185 0.5517038318 
-82.8388106581 0.0404470712 0.8798941705 0.5517443446 
-82.8398224674 0.0404447714 0.8799098471 0.5517848008 
-82.8408361425 0.0404424674 0.8799255489 0.5518252000 
-82.8418517220 0.0404401593 0.8799412765 0.5518655414 
-82.8428692455 0.0404378468 0.8799570305 0.5519058245 
-82.8438887530 0.0404355300 0.8799728115 0.5519460488 
-82.8449102853 0.0404332087 0.8799886200 0.5519862136 
-82.8459338840 0.0404308828 0.8800044566 0.5520263184 
-82.8469595915 0.0404285523 0.8800203221 0.5520663624 
-82.8479874507 0.0404262170 0.8800362170 0.5521063453 
-82.8490175054 0.0404238769 0.8800521419 0.5521462662 
-82.8500498004 0.0404215318 0.8800680975 0.5521861246 
-82.8510843810 0.0404191816 0.8800840846 0.5522259199 
-82.8521212933 0.0404168263 0.8801001037 0.5522656514 
-82.8531605845 0.0404144657 0.8801161555 0.5523053185 
-82.8542023024 0.0404120997 0.8801322408 0.5523449206 
-82.8552464957 0.0404097282 0.8801483603 0.5523844571 
-82.8562932140 0.0404073512 0.8801645146 0.5524239272 
-82.8573425077 0.0404049684 0.8801807046 0.5524633303 
-82.8583944281 0.0404025798 0.8801969310 0.5525026658 
-82.8594490275 0.0404001852 0.8802131946 0.5525419329 
-82.8605063590 0.0403977846 0.8802294961 0.5525811311 
-82.8615664767 0.0403953778 0.8802458363 0.5526202596 
-82.8626294356 0.0403929647 0.8802622161 0.5526593177 
-82.8636952918 0.0403905452 0.8802786362 0.5526983049 
-82.8647641022 0.0403881190 0.8802950976 0.5527372202 
-82.8658359247 0.0403856862 0.8803116010 0.5527760632 
-82.8669108184 0.0403832466 0.8803281473 0.5528148329 
-82.8679888432 0.0403808000 0.8803447374 0.5528535288 
-82.8690700602 0.0403783463 0.8803613722 0.5528921501 
-82.8701545315 0.0403758853 0.8803780527 0.5529306962 
-82.8712423202 0.0403734170 0.8803947796 0.5529691661 
-82.8723334907 0.0403709412 0.8804115541 0.5530075593 
-82.8734281083 0.0403684576 0.8804283770 0.5530458749 
-82.8745262396 0.0403659663 0.8804452494 0.5530841122 
-82.8756279522 0.0403634670 0.8804621721 0.5531222705 
-82.8767333149 0.0403609595 0.8804791463 0.5531603490 
-82.8778423977 0.0403584438 0.8804961729 0.5531983469 
-82.8789552719 0.0403559196 0.8805132531 0.5532362635 
-82.8800720100 0.0403533868 0.8805303878 0.5532740978 
-82.8811926855 0.0403508452 0.8805475782 0.5533118493 
-82.8823173734 0.0403482947 0.8805648253 0.5533495170 
-82.8834461501 0.0403457351 0.8805821303 0.5533871001 
-82.8845790929 0.0403431662 0.8805994944 0.5534245979 
-82.8857162808 0.0403405878 0.8806169186 0.5534620095 
-82.8868577939 0.0403379997 0.8806344041 0.5534993341 
-82.8880037139 0.0403354019 0.8806519523 0.5535365709 
-82.8891541236 0.0403327940 0.8806695642 0.5535737190 
-82.8903091075 0.0403301759 0.8806872411 0.5536107775 
-82.8914687513 0.0403275474 0.8807049842 0.5536477457 
-82.8926331423 0.0403249084 0.8807227950 0.5536846226 
-82.8938023692 0.0403222585 0.8807406746 0.5537214074 
-82.8949765223 0.0403195977 0.8807586244 0.5537580991 
-82.8961556933 0.0403169256 0.8807766457 0.5537946970 
-82.8973399755 0.0403142421 0.8807947400 0.5538312001 
-82.8985294639 0.0403115470 0.8808129085 0.5538676076 
-82.8997242548 0.0403088401 0.8808311528 0.5539039184 
-82.9009244465 0.0403061211 0.8808494742 0.5539401317 
-82.9021301387 0.0403033899 0.8808678743 0.5539762466 
-82.9033414327 0.0403006461 0.8808863545 0.5540122621 
-82.9045584319 0.0402978896 0.8809049163 0.5540481774 
-82.9057812409 0.0402951201 0.8809235613 0.5540839913 
-82.9070099666 0.0402923374 0.8809422911 0.5541197030 
-82.9082447172 0.0402895412 0.8809611072 0.5541553116 
-82.9094856030 0.0402867313 0.8809800112 0.5541908160 
-82.9107327362 0.0402839075 0.8809990049 0.5542262153 
-82.9119862306 0.0402810695 0.8810180898 0.5542615084 
-82.9132462020 0.0402782169 0.8810372678 0.5542966944 
-82.9145127684 0.0402753497 0.8810565404 0.5543317723 
-82.9157860493 0.0402724675 0.8810759095 0.5543667409 
-82.9170661666 0.0402695699 0.8810953769 0.5544015995 
-82.9183532440 0.0402666569 0.8811149444 0.5544363468 
-82.9196474073 0.0402637280 0.8811346138 0.5544709818 
-82.9209487845 0.0402607829 0.8811543870 0.5545055035 
-82.9222575055 0.0402578215 0.8811742659 0.5545399108 
-82.9235737025 0.0402548434 0.8811942525 0.5545742027 
-82.9248975099 0.0402518482 0.8812143487 0.5546083780 
-82.9262290643 0.0402488358 0.8812345565 0.5546424357 
-82.9275685045 0.0402458057 0.8812548780 0.5546763747 
-82.9289159717 0.0402427577 0.8812753153 0.5547101938 
-82.9302716094 0.0402396914 0.8812958704 0.5547438919 
-82.9316355633 0.0402366066 0.8813165455 0.5547774680 
-82.9330079818 0.0402335028 0.8813373428 0.5548109208 
-82.9343890154 0.0402303798 0.8813582644 0.5548442493 
-82.9357788174 0.0402272372 0.8813793127 0.5548774522 
-82.9371775435 0.0402240746 0.8814004899 0.5549105283 
-82.9385853518 0.0402208918 0.8814217983 0.5549434766 
-82.9400024033 0.0402176883 0.8814432403 0.5549762958 
-82.9414288613 0.0402144638 0.8814648182 0.5550089847 
-82.9428648920 0.0402112178 0.8814865346 0.5550415421 
-82.9443106643 0.0402079502 0.8815083919 0.5550739667 
-82.9457663498 0.0402046603 0.8815303926 0.5551062574 
-82.9472321231 0.0402013480 0.8815525393 0.5551384128 
-82.9487081612 0.0401980127 0.8815748345 0.5551704318 
-82.9501946445 0.0401946540 0.8815972810 0.5552023131 
-82.9516917561 0.0401912717 0.8816198813 0.5552340553 
-82.9531996821 0.0401878651 0.8816426382 0.5552656571 
-82.9547186116 0.0401844340 0.8816655545 0.5552971174 
-82.9562487368 0.0401809779 0.8816886330 0.5553284347 
-82.9577902532 0.0401774963 0.8817118766 0.5553596078 
-82.9593433592 0.0401739889 0.8817352881 0.5553906353 
-82.9609082567 0.0401704551 0.8817588705 0.5554215158 
-82.9624851505 0.0401668945 0.8817826268 0.5554522480 
-82.9640742492 0.0401633067 0.8818065601 0.5554828304 
-82.9656757645 0.0401596912 0.8818306734 0.5555132618 
-82.9672899114 0.0401560474 0.8818549700 0.5555435407 
-82.9689169088 0.0401523749 0.8818794529 0.5555736657 
-82.9705569788 0.0401486733 0.8819041254 0.5556036354 
-82.9722103472 0.0401449420 0.8819289909 0.5556334483 
-82.9738772435 0.0401411805 0.8819540527 0.5556631030 
-82.9755579008 0.0401373882 0.8819793141 0.5556925979 
-82.9772525561 0.0401335648 0.8820047787 0.5557219317 
-82.9789614500 0.0401297095 0.8820304500 0.5557511028 
-82.9806848274 0.0401258219 0.8820563314 0.5557801098 
-82.9824229367 0.0401219015 0.8820824268 0.5558089510 
-82.9841760305 0.0401179476 0.8821087396 0.5558376250 
-82.9859443655 0.0401139597 0.8821352737 0.5558661302 
-82.9877282025 0.0401099373 0.8821620329 0.5558944651 
-82.9895278065 0.0401058796 0.8821890210 0.5559226280 
-82.9913434467 0.0401017862 0.8822162420 0.5559506173 
-82.9931753967 0.0400976565 0.8822436997 0.5559784316 
-82.9950239345 0.0400934897 0.8822713984 0.5560060690 
-82.9968893425 0.0400892854 0.8822993420 0.5560335281 
-82.9987719077 0.0400850427 0.8823275348 0.5560608071 
-83.0006719216 0.0400807612 0.8823559809 0.5560879043 
-83.0025896806 0.0400764402 0.8823846848 0.5561148182 
-83.0045254856 0.0400720789 0.8824136507 0.5561415469 
-83.0064796425 0.0400676767 0.8824428831 0.5561680887 
-83.0084524619 0.0400632329 0.8824723865 0.5561944420 
-83.0104442595 0.0400587469 0.8825021655 0.5562206049 
-83.0124553561 0.0400542179 0.8825322247 0.5562465757 
-83.0144860775 0.0400496451 0.8825625688 0.5562723526 
-83.0165367549 0.0400450279 0.8825932028 0.5562979338 
-83.0186077245 0.0400403656 0.8826241313 0.5563233175 
-83.0206993282 0.0400356573 0.8826553594 0.5563485019 
-83.0228119130 0.0400309023 0.8826868920 0.5563734850 
-83.0249458318 0.0400260998 0.8827187344 0.5563982651 
-83.0271014429 0.0400212490 0.8827508916 0.5564228401 
-83.0292791103 0.0400163492 0.8827833689 0.5564472083 
-83.0314792039 0.0400113994 0.8828161716 0.5564713676 
-83.0337020995 0.0400063990 0.8828493052 0.5564953162 
-83.0359481788 0.0400013470 0.8828827752 0.5565190520 
-83.0382178297 0.0399962425 0.8829165872 0.5565425731 
-83.0405114460 0.0399910848 0.8829507468 0.5565658775 
-83.0428294282 0.0399858730 0.8829852598 0.5565889631 
-83.0451721827 0.0399806060 0.8830201320 0.5566118279 
-83.0475401227 0.0399752831 0.8830553695 0.5566344698 
-83.0499336679 0.0399699033 0.8830909781 0.5566568868 
-83.0523532444 0.0399644657 0.8831269640 0.5566790767 
-83.0547992855 0.0399589693 0.8831633336 0.5567010373 
-83.0572722311 0.0399534132 0.8832000929 0.5567227667 
-83.0597725281 0.0399477963 0.8832372485 0.5567442625 
-83.0623006304 0.0399421178 0.8832748069 0.5567655226 
-83.0648569995 0.0399363765 0.8833127746 0.5567865448 
-83.0674421037 0.0399305714 0.8833511584 0.5568073268 
-83.0700564192 0.0399247015 0.8833899651 0.5568278664 
-83.0727004292 0.0399187658 0.8834292015 0.5568481612 
-83.0753746251 0.0399127632 0.8834688747 0.5568682091 
-83.0780795058 0.0399066925 0.8835089917 0.5568880075 
-83.0808155781 0.0399005527 0.8835495599 0.5569075543 
-83.0835833569 0.0398943426 0.8835905865 0.5569268470 
-83.0863833652 0.0398880611 0.8836320789 0.5569458832 
-83.0892161342 0.0398817070 0.8836740448 0.5569646604 
-83.0920822038 0.0398752792 0.8837164918 0.5569831763 
-83.0949821220 0.0398687765 0.8837594276 0.5570014284 
-83.0979164459 0.0398621976 0.8838028601 0.5570194141 
-83.1008857411 0.0398555414 0.8838467975 0.5570371309 
-83.1038905822 0.0398488064 0.8838912477 0.5570545762 
-83.1069315530 0.0398419916 0.8839362190 0.5570717475 
-83.1100092464 0.0398350956 0.8839817199 0.5570886422 
-83.1131242647 0.0398281171 0.8840277588 0.5571052576 
-83.1162772198 0.0398210547 0.8840743443 0.5571215911 
-83.1194687331 0.0398139072 0.8841214852 0.5571376399 
-83.1226994359 0.0398066730 0.8841691903 0.5571534014 
-83.1259699695 0.0397993510 0.8842174688 0.5571688727 
-83.1292809853 0.0397919395 0.8842663296 0.5571840511 
-83.1326331449 0.0397844373 0.8843157821 0.5571989338 
-83.1360271205 0.0397768428 0.8843658357 0.5572135180 
-83.1394635948 0.0397691545 0.8844165000 0.5572278007 
-83.1429432612 0.0397613711 0.8844677846 0.5572417792 
-83.1464668242 0.0397534908 0.8845196994 0.5572554503 
-83.1500349994 0.0397455123 0.8845722544 0.5572688112 
-83.1536485135 0.0397374339 0.8846254596 0.5572818588 
-83.1573081049 0.0397292540 0.8846793253 0.5572945902 
-83.1610145235 0.0397209711 0.8847338619 0.5573070023 
-83.1647685310 0.0397125834 0.8847890801 0.5573190919 
-83.1685709013 0.0397040893 0.8848449905 0.5573308559 
-83.1724224203 0.0396954871 0.8849016040 0.5573422912 
-83.1763238864 0.0396867751 0.8849589316 0.5573533945 
-83.1802761106 0.0396779516 0.8850169845 0.5573641627 
-83.1842799167 0.0396690147 0.8850757741 0.5573745923 
-83.1883361414 0.0396599628 0.8851353119 0.5573846802 
-83.1924456346 0.0396507939 0.8851956094 0.5573944229 
-83.1966092598 0.0396415062 0.8852566787 0.5574038171 
-83.2008278938 0.0396320979 0.8853185317 0.5574128593 
-83.2051024276 0.0396225669 0.8853811805 0.5574215461 
-83.2094337659 0.0396129115 0.8854446375 0.5574298740 
-83.2138228280 0.0396031296 0.8855089153 0.5574378393 
-83.2182705473 0.0395932193 0.8855740265 0.5574454386 
-83.2227778724 0.0395831784 0.8856399841 0.5574526681 
-83.2273457665 0.0395730050 0.8857068010 0.5574595242 
-83.2319752082 0.0395626970 0.8857744906 0.5574660032 
-83.2366671914 0.0395522523 0.8858430662 0.5574721013 
-83.2414227259 0.0395416687 0.8859125415 0.5574778147 
-83.2462428372 0.0395309440 0.8859829304 0.5574831396 
-83.2511285672 0.0395200761 0.8860542467 0.5574880720 
-83.2560809741 0.0395090626 0.8861265047 0.5574926080 
-83.2611011329 0.0394979014 0.8861997187 0.5574967436 
-83.2661901355 0.0394865900 0.8862739034 0.5575004747 
-83.2713490912 0.0394751263 0.8863490736 0.5575037973 
-83.2765791267 0.0394635077 0.8864252442 0.5575067072 
-83.2818813866 0.0394517318 0.8865024305 0.5575092002 
-83.2872570335 0.0394397963 0.8865806478 0.5575112721 
-83.2927072485 0.0394276986 0.8866599118 0.5575129185 
-83.2982332313 0.0394154362 0.8867402382 0.5575141351 
-83.3038362007 0.0394030066 0.8868216432 0.5575149175 
-83.3095173946 0.0393904071 0.8869041430 0.5575152612 
-83.3152780706 0.0393776351 0.8869877540 0.5575151616 
-83.3211195063 0.0393646879 0.8870724930 0.5575146143 
-83.3270429994 0.0393515629 0.8871583769 0.5575136145 
-83.3330498684 0.0393382573 0.8872454228 0.5575121575 
-83.3391414523 0.0393247682 0.8873336481 0.5575102385 
-83.3453191117 0.0393110929 0.8874230704 0.5575078528 
-83.3515842287 0.0392972285 0.8875137076 0.5575049953 
-83.3579382073 0.0392831720 0.8876055777 0.5575016612 
-83.3643824737 0.0392689204 0.8876986990 0.5574978454 
-83.3709184768 0.0392544709 0.8877930901 0.5574935428 
-83.3775476888 0.0392398203 0.8878887698 0.5574887482 
-83.3842716048 0.0392249656 0.8879857571 0.5574834563 
-83.3910917442 0.0392099036 0.8880840713 0.5574776619 
-83.3980096501 0.0391946311 0.8881837319 0.5574713595 
-83.4050268906 0.0391791448 0.8882847588 0.5574645435 
-83.4121450584 0.0391634417 0.8883871719 0.5574572086 
-83.4193657719 0.0391475182 0.8884909916 0.5574493489 
-83.4266906751 0.0391313710 0.8885962384 0.5574409588 
-83.4341214383 0.0391149968 0.8887029331 0.5574320324 
-83.4416597584 0.0390983919 0.8888110968 0.5574225638 
-83.4493073595 0.0390815531 0.8889207508 0.5574125470 
-83.4570659931 0.0390644765 0.8890319168 0.5574019758 
-83.4649374389 0.0390471587 0.8891446165 0.5573908441 
-83.4729235050 0.0390295959 0.8892588723 0.5573791456 
-83.4810260284 0.0390117845 0.8893747064 0.5573668737 
-83.4892468755 0.0389937206 0.8894921415 0.5573540221 
-83.4975879427 0.0389754005 0.8896112008 0.5573405839 
-83.5060511568 0.0389568201 0.8897319073 0.5573265525 
-83.5146384756 0.0389379757 0.8898542846 0.5573119208 
-83.5233518881 0.0389188631 0.8899783566 0.5572966820 
-83.5321934157 0.0388994783 0.8901041473 0.5572808288 
-83.5411651119 0.0388798173 0.8902316812 0.5572643538 
-83.5502690635 0.0388598758 0.8903609828 0.5572472497 
-83.5595073909 0.0388396495 0.8904920772 0.5572295088 
-83.5688822486 0.0388191343 0.8906249896 0.5572111232 
-83.5783958260 0.0387983258 0.8907597457 0.5571920850 
-83.5880503478 0.0387772194 0.8908963711 0.5571723860 
-83.5978480746 0.0387558109 0.8910348921 0.5571520179 
-83.6077913038 0.0387340955 0.8911753351 0.5571309721 
-83.6178823699 0.0387120688 0.8913177268 0.5571092397 
-83.6281236451 0.0386897260 0.8914620944 0.5570868117 
-83.6385175403 0.0386670624 0.8916084650 0.5570636788 
-83.6490665056 0.0386440732 0.8917568665 0.5570398313 
-83.6597730308 0.0386207535 0.8919073267 0.5570152595 
-83.6706396462 0.0385970984 0.8920598738 0.5569899530 
-83.6816689236 0.0385731029 0.8922145365 0.5569639013 
-83.6928634764 0.0385487619 0.8923713437 0.5569370934 
-83.7042259611 0.0385240702 0.8925303244 0.5569095180 
-83.7157590773 0.0384990227 0.8926915082 0.5568811630 
-83.7274655690 0.0384736140 0.8928549249 0.5568520163 
-83.7393482251 0.0384478388 0.8930206046 0.5568220648 
-83.7514098804 0.0384216916 0.8931885777 0.5567912951 
-83.7636534161 0.0383951669 0.8933588749 0.5567596928 
-83.7760817610 0.0383682591 0.8935315272 0.5567272431 
-83.7886978921 0.0383409626 0.8937065661 0.5566939300 
-83.8015048357 0.0383132716 0.8938840231 0.5566597369 
-83.8145056679 0.0382851803 0.8940639303 0.5566246458 
-83.8277035160 0.0382566827 0.8942463198 0.5565886378 
-83.8411015589 0.0382277729 0.8944312243 0.5565516924 
-83.8547030285 0.0381984447 0.8946186767 0.5565137878 
-83.8685112106 0.0381686922 0.8948087102 0.5564749004 
-83.8825294457 0.0381385089 0.8950013582 0.5564350047 
-83.8967611300 0.0381078886 0.8951966547 0.5563940730 
-83.9112097168 0.0380768249 0.8953946336 0.5563520750 
-83.9258787174 0.0380453112 0.8955953295 0.5563089777 
-83.9407717019 0.0380133410 0.8957987770 0.5562647446 
-83.9558923009 0.0379809076 0.8960050111 0.5562193358 
-83.9712442062 0.0379480042 0.8962140673 0.5561727069 
-83.9868311724 0.0379146239 0.8964259810 0.5561248086 
-84.0026570179 0.0378807599 0.8966407883 0.5560755860 
-84.0187256261 0.0378464050 0.8968585252 0.5560249777 
-84.0350409472 0.0378115522 0.8970792284 0.5559729148 
-84.0516069991 0.0377761941 0.8973029346 0.5559193197 
-84.0684278691 0.0377403234 0.8975296809 0.5558641047 
-84.0855077154 0.0377039326 0.8977595047 0.5558071709 
-84.1028507684 0.0376670143 0.8979924436 0.5557484056 
-84.1204613329 0.0376295608 0.8982285356 0.5556876808 
-84.1383437892 0.0375915642 0.8984678188 0.5556248504 
-84.1565025954 0.0375530168 0.8987103318 0.5555597476 
-84.1749422891 0.0375139106 0.8989561135 0.5554921811 
-84.1936674892 0.0374742374 0.8992052028 0.5554219317 
-84.2126828987 0.0374339891 0.8994576391 0.5553487474 
-84.2319933062 0.0373931574 0.8997134621 0.5552723385 
-84.2516035890 0.0373517337 0.8999727118 0.5551923709 
-84.2715187154 0.0373097096 0.9002354285 0.5551084599 
-84.2917437475 0.0372670764 0.9005016525 0.5550201617 
-84.3122838447 0.0372238252 0.9007714249 0.5549269639 
-84.3331442663 0.0371799470 0.9010447869 0.5548282758 
-84.3543303760 0.0371354328 0.9013217798 0.5547234163 
-84.3758476454 0.0370902733 0.9016024458 0.5546116014 
-84.3977016583 0.0370444592 0.9018868270 0.5544919300 
-84.4198981159 0.0369979808 0.9021749660 0.5543633704 
-84.4424428420 0.0369508285 0.9024669061 0.5542247464 
-84.4653417887 0.0369029923 0.9027626907 0.5540747256 
-84.4886010434 0.0368544621 0.9030623640 0.5539118116 
-84.5122268356 0.0368052277 0.9033659706 0.5537343424 
-84.5362255448 0.0367552786 0.9036735557 0.5535404966 
-84.5606037095 0.0367046041 0.9039851652 0.5533283287 
-84.5853680385 0.0366531931 0.9043008459 0.5530960006 
-84.6105254328 0.0366010344 0.9046206455 0.5528431422 
-84.6360830371 0.0365481165 0.9049446132 0.5525754857 
-84.6620482574 0.0364944272 0.9052728003 0.5523085516 
-84.6884286127 0.0364399544 0.9056052574 0.5520587027 
-84.7152315917 0.0363846861 0.9059420332 0.5518346783 
-84.7424646376 0.0363286107 0.9062831739 0.5516387591 
-84.7458277020 0.0363216910 0.9063253843 0.5516211953 
