-82.5683382855 0.0410670785 0.8752725296 0.5211913345 
-82.5683735111 0.0410669973 0.8752730815 0.5211888243 
-82.5684439696 0.0410668349 0.8752741854 0.5211838270 
-82.5685496760 0.0410665914 0.8752758416 0.5211763879 
-82.5686906525 0.0410662665 0.8752780504 0.5211665732 
-82.5688669286 0.0410658603 0.8752808123 0.5211544681 
-82.5690784204 0.0410653730 0.8752841259 0.5211279797 
-82.5693254527 0.0410648038 0.8752879964 0.5211137501 
-82.5696079481 0.0410641528 0.8752924226 0.5210993556 
-82.5699259555 0.0410634201 0.8752974053 0.5210848009 
-82.5702795275 0.0410626054 0.8753029452 0.5210700940 
-82.5706687201 0.0410617087 0.8753090432 0.5210552453 
-82.5710935926 0.0410607297 0.8753157001 0.5210402679 
-82.5715542082 0.0410596685 0.8753229170 0.5210251764 
-82.5720506332 0.0410585248 0.8753306949 0.5210099872 
-82.5725829376 0.0410572984 0.8753390347 0.5209947180 
-82.5731511947 0.0410559892 0.8753479377 0.5209793874 
-82.5737554812 0.0410545971 0.8753574049 0.5209640146 
-82.5743958772 0.0410531218 0.8753674375 0.5209486193 
-82.5750724660 0.0410515633 0.8753780368 0.5209332211 
-82.5757853345 0.0410499212 0.8753892041 0.5209178400 
-82.5765345727 0.0410481953 0.8754009407 0.5209024953 
-82.5773202738 0.0410463856 0.8754132480 0.5208872061 
-82.5781425344 0.0410444917 0.8754261274 0.5208719908 
-82.5790014542 0.0410425135 0.8754395804 0.5208568673 
-82.5798971362 0.0410404507 0.8754536084 0.5208418525 
-82.5808296865 0.0410383031 0.8754682131 0.5208269628 
-82.5817992145 0.0410360705 0.8754833960 0.5208122132 
-82.5828058325 0.0410337526 0.8754991588 0.5207976181 
-82.5838496561 0.0410313491 0.8755155032 0.5207831909 
-82.5849308042 0.0410288598 0.8755324309 0.5207689438 
-82.5860493984 0.0410262844 0.8755499436 0.5207548883 
-82.5872055639 0.0410236227 0.8755680432 0.5207410346 
-82.5883994286 0.0410208743 0.8755867314 0.5207273922 
-82.5896311236 0.0410180391 0.8756060103 0.5207139695 
-82.5909007834 0.0410151166 0.8756258818 0.5207007740 
-82.5922085453 0.0410121067 0.8756463477 0.5206878125 
-82.5935545498 0.0410090089 0.8756674102 0.5206750907 
-82.5949389404 0.0410058230 0.8756890713 0.5206626138 
-82.5963618640 0.0410025487 0.8757113330 0.5206503859 
-82.5978234705 0.0409991856 0.8757341976 0.5206384107 
-82.5993239128 0.0409957334 0.8757576671 0.5206266912 
-82.6008633471 0.0409921918 0.8757817439 0.5206152296 
-82.6024419328 0.0409885604 0.8758064302 0.5206040276 
-82.6040598323 0.0409848388 0.8758317282 0.5205930866 
-82.6057172114 0.0409810268 0.8758576404 0.5205824072 
-82.6074142390 0.0409771239 0.8758841691 0.5205719896 
-82.6091510872 0.0409731298 0.8759113167 0.5205618337 
-82.6109279314 0.0409690441 0.8759390857 0.5205519389 
-82.6127449504 0.0409648664 0.8759674787 0.5205423045 
-82.6146023259 0.0409605963 0.8759964981 0.5205329290 
-82.6165002432 0.0409562334 0.8760261466 0.5205238110 
-82.6184388909 0.0409517773 0.8760564268 0.5205149487 
-82.6204184609 0.0409472277 0.8760873413 0.5205063401 
-82.6224391484 0.0409425840 0.8761188930 0.5204979827 
-82.6245011522 0.0409378458 0.8761510845 0.5204898742 
-82.6266046743 0.0409330128 0.8761839187 0.5204820118 
-82.6287499202 0.0409280844 0.8762173984 0.5204743927 
-82.6309370989 0.0409230603 0.8762515265 0.5204670137 
-82.6331664230 0.0409179399 0.8762863060 0.5204598717 
-82.6354381084 0.0409127229 0.8763217399 0.5204529633 
-82.6377523746 0.0409074087 0.8763578310 0.5204462850 
-82.6401094449 0.0409019968 0.8763945827 0.5204398331 
-82.6425095460 0.0408964868 0.8764319978 0.5204336040 
-82.6449529082 0.0408908782 0.8764700797 0.5204275938 
-82.6474397656 0.0408851705 0.8765088315 0.5204217984 
-82.6499703559 0.0408793632 0.8765482564 0.5204162139 
-82.6525449205 0.0408734557 0.8765883578 0.5204108360 
-82.6551637049 0.0408674476 0.8766291390 0.5204056604 
-82.6578269578 0.0408613383 0.8766706034 0.5204006829 
-82.6605349322 0.0408551273 0.8767127544 0.5203958989 
-82.6632878848 0.0408488139 0.8767555955 0.5203913039 
-82.6660860762 0.0408423978 0.8767991303 0.5203868933 
-82.6689297708 0.0408358783 0.8768433622 0.5203826622 
-82.6718192372 0.0408292548 0.8768882950 0.5203786060 
-82.6747547479 0.0408225267 0.8769339323 0.5203747197 
-82.6777365793 0.0408156936 0.8769802778 0.5203709982 
-82.6807650120 0.0408087547 0.8770273353 0.5203674366 
-82.6838403307 0.0408017095 0.8770751086 0.5203640295 
-82.6869628242 0.0407945574 0.8771236015 0.5203607717 
-82.6901327857 0.0407872978 0.8771728181 0.5203576578 
-82.6933505122 0.0407799299 0.8772227622 0.5203546823 
-82.6966163053 0.0407724533 0.8772734378 0.5203518396 
-82.6999304708 0.0407648672 0.8773248491 0.5203491239 
-82.7032933189 0.0407571710 0.8773770001 0.5203465294 
-82.7067051641 0.0407493640 0.8774298951 0.5203440500 
-82.7101663255 0.0407414456 0.8774835381 0.5203416797 
-82.7136771263 0.0407334151 0.8775379336 0.5203394121 
-82.7172378947 0.0407252717 0.8775930858 0.5203372409 
-82.7208489632 0.0407170149 0.8776489990 0.5203351592 
-82.7245106689 0.0407086438 0.8777056778 0.5203331604 
-82.7282233536 0.0407001579 0.8777631266 0.5203312375 
-82.7319873638 0.0406915562 0.8778213499 0.5203293832 
-82.7358030508 0.0406828382 0.8778803523 0.5203275900 
-82.7396707707 0.0406740030 0.8779401384 0.5203258503 
-82.7435908844 0.0406650500 0.8780007130 0.5203241559 
-82.7475637577 0.0406559783 0.8780620808 0.5203224988 
-82.7515897614 0.0406467872 0.8781242466 0.5203208701 
-82.7556692712 0.0406374759 0.8781872152 0.5203192610 
-82.7598026682 0.0406280436 0.8782509917 0.5203176621 
-82.7639903381 0.0406184895 0.8783155808 0.5203160636 
-82.7682326722 0.0406088128 0.8783809877 0.5203144552 
-82.7725300669 0.0405990127 0.8784472174 0.5203128261 
-82.7768829238 0.0405890883 0.8785142752 0.5203111652 
-82.7812916501 0.0405790388 0.8785821661 0.5203094603 
-82.7857566581 0.0405688634 0.8786508955 0.5203076991 
-82.7902783658 0.0405585611 0.8787204686 0.5203058680 
-82.7948571967 0.0405481311 0.8787908909 0.5203039531 
-82.7994935799 0.0405375726 0.8788621678 0.5203019394 
-82.8041879503 0.0405268846 0.8789343047 0.5202998110 
-82.8089407483 0.0405160662 0.8790073073 0.5202975508 
-82.8137524204 0.0405051164 0.8790811811 0.5202951408 
-82.8186234189 0.0404940345 0.8791559318 0.5202925618 
-82.8235542021 0.0404828194 0.8792315653 0.5202897929 
-82.8285452343 0.0404714702 0.8793080872 0.5202868122 
-82.8335969860 0.0404599858 0.8793855034 0.5202835958 
-82.8387099341 0.0404483654 0.8794638199 0.5202801183 
-82.8438845616 0.0404366080 0.8795430428 0.5202763525 
-82.8491213580 0.0404247125 0.8796231779 0.5202722689 
-82.8544208195 0.0404126780 0.8797042316 0.5202678362 
-82.8597834486 0.0404005033 0.8797862099 0.5202630204 
-82.8652097549 0.0403881875 0.8798691192 0.5202577852 
-82.8707002545 0.0403757296 0.8799529658 0.5202520917 
-82.8762554709 0.0403631284 0.8800377561 0.5202458981 
-82.8818759342 0.0403503829 0.8801234966 0.5202391596 
-82.8875621820 0.0403374920 0.8802101939 0.5202318285 
-82.8933147593 0.0403244546 0.8802978545 0.5202238537 
-82.8991342185 0.0403112695 0.8803864852 0.5202151810 
-82.9050211196 0.0402979357 0.8804760928 0.5202057531 
-82.9109760303 0.0402844520 0.8805666841 0.5201955092 
-82.9169995266 0.0402708172 0.8806582660 0.5201843857 
-82.9230921922 0.0402570302 0.8807508457 0.5201723165 
-82.9292546194 0.0402430897 0.8808444302 0.5201592331 
-82.9354874087 0.0402289946 0.8809390267 0.5201450658 
-82.9417911696 0.0402147436 0.8810346424 0.5201297443 
-82.9481665202 0.0402003355 0.8811312848 0.5201131996 
-82.9546140875 0.0401857691 0.8812289613 0.5200953660 
-82.9611345082 0.0401710430 0.8813276795 0.5200761835 
-82.9677284279 0.0401561559 0.8814274470 0.5200556018 
-82.9743965023 0.0401411066 0.8815282715 0.5200335852 
-82.9811393966 0.0401258938 0.8816301610 0.5200101188 
-82.9879577861 0.0401105160 0.8817331233 0.5199852169 
-82.9948523563 0.0400949719 0.8818371665 0.5199589332 
-83.0018238029 0.0400792602 0.8819422988 0.5199313720 
-83.0088728318 0.0400633793 0.8820485283 0.5199027003 
-83.0160001592 0.0400473280 0.8821558635 0.5198731552 
-83.0232065111 0.0400311047 0.8822643128 0.5198430444 
-83.0304926229 0.0400147081 0.8823738847 0.5198127327 
-83.0341759291 0.0400064215 0.8824292473 0.5197974612 
-83.0379401056 0.0399979546 0.8824858112 0.5197812815 
-83.0417855363 0.0399893067 0.8825435807 0.5197642607 
-83.0457126145 0.0399804769 0.8826025605 0.5197464572 
-83.0497217419 0.0399714644 0.8826627549 0.5197279210 
-83.0538133295 0.0399622685 0.8827241689 0.5197086953 
-83.0579877971 0.0399528883 0.8827868070 0.5196888168 
-83.0622455734 0.0399433230 0.8828506742 0.5196683166 
-83.0665870959 0.0399335718 0.8829157754 0.5196472206 
-83.0710128114 0.0399236337 0.8829821158 0.5196255503 
-83.0755231752 0.0399135078 0.8830497003 0.5196033234 
-83.0801186518 0.0399031933 0.8831185343 0.5195805539 
-83.0847997148 0.0398926892 0.8831886231 0.5195572531 
-83.0895668467 0.0398819945 0.8832599720 0.5195334292 
-83.0944205392 0.0398711084 0.8833325866 0.5195090885 
-83.0993612932 0.0398600298 0.8834064725 0.5194842351 
-83.1043896187 0.0398487578 0.8834816353 0.5194588714 
-83.1095060350 0.0398372913 0.8835580809 0.5194329982 
-83.1147110708 0.0398256293 0.8836358149 0.5194066152 
-83.1200052642 0.0398137708 0.8837148435 0.5193797209 
-83.1253891627 0.0398017147 0.8837951725 0.5193523127 
-83.1308633233 0.0397894599 0.8838768082 0.5193243874 
-83.1364283128 0.0397770053 0.8839597567 0.5192959409 
-83.1420847075 0.0397643498 0.8840440244 0.5192669686 
-83.1478330934 0.0397514923 0.8841296175 0.5192374653 
-83.1536740666 0.0397384317 0.8842165426 0.5192074255 
-83.1596082329 0.0397251667 0.8843048062 0.5191768431 
-83.1656362082 0.0397116961 0.8843944150 0.5191457119 
-83.1717586183 0.0396980189 0.8844853757 0.5191140251 
-83.1779760995 0.0396841337 0.8845776950 0.5190817760 
-83.1842892980 0.0396700393 0.8846713800 0.5190489574 
-83.1906988705 0.0396557345 0.8847664376 0.5190155621 
-83.1972054843 0.0396412180 0.8848628748 0.5189815825 
-83.2038098168 0.0396264884 0.8849606989 0.5189470113 
-83.2105125564 0.0396115446 0.8850599170 0.5189118406 
-83.2173144021 0.0395963851 0.8851605366 0.5188760626 
-83.2242160636 0.0395810086 0.8852625650 0.5188396695 
-83.2312182616 0.0395654137 0.8853660098 0.5188026532 
-83.2383217278 0.0395495991 0.8854708785 0.5187650057 
-83.2455272049 0.0395335633 0.8855771789 0.5187267190 
-83.2528354471 0.0395173050 0.8856849186 0.5186877848 
-83.2602472196 0.0395008226 0.8857941056 0.5186481949 
-83.2677632991 0.0394841148 0.8859047478 0.5186079412 
-83.2753844738 0.0394671800 0.8860168532 0.5185670154 
-83.2831115437 0.0394500167 0.8861304299 0.5185254092 
-83.2909453204 0.0394326234 0.8862454861 0.5184831144 
-83.2988866273 0.0394149986 0.8863620301 0.5184401226 
-83.3069363000 0.0393971407 0.8864800703 0.5183964256 
-83.3150951859 0.0393790482 0.8865996150 0.5183520151 
-83.3233641449 0.0393607194 0.8867206729 0.5183068828 
-83.3317440489 0.0393421527 0.8868432525 0.5182610205 
-83.3402357825 0.0393233464 0.8869673625 0.5182144199 
-83.3488402428 0.0393042990 0.8870930117 0.5181670729 
-83.3575583395 0.0392850087 0.8872202090 0.5181189711 
-83.3663909953 0.0392654739 0.8873489632 0.5180701065 
-83.3753391456 0.0392456927 0.8874792834 0.5180204709 
-83.3844037391 0.0392256635 0.8876111788 0.5179700561 
-83.3935857376 0.0392053845 0.8877446584 0.5179188542 
-83.4028861162 0.0391848540 0.8878797315 0.5178668570 
-83.4123058635 0.0391640700 0.8880164075 0.5178140566 
-83.4218459819 0.0391430309 0.8881546958 0.5177604449 
-83.4315074872 0.0391217347 0.8882946059 0.5177060140 
-83.4412914095 0.0391001795 0.8884361473 0.5176507560 
-83.4511987925 0.0390783635 0.8885793296 0.5175946630 
-83.4612306944 0.0390562848 0.8887241626 0.5175377271 
-83.4713881877 0.0390339415 0.8888706562 0.5174799405 
-83.4816723592 0.0390113315 0.8890188200 0.5174212952 
-83.4920843105 0.0389884528 0.8891686641 0.5173617836 
-83.5026251580 0.0389653036 0.8893201985 0.5173013977 
-83.5132960328 0.0389418818 0.8894734332 0.5172401298 
-83.5240980815 0.0389181853 0.8896283785 0.5171779718 
-83.5350324655 0.0388942121 0.8897850444 0.5171149161 
-83.5461003620 0.0388699600 0.8899434414 0.5170509545 
-83.5573029637 0.0388454270 0.8901035797 0.5169860791 
-83.5686414788 0.0388206110 0.8902654698 0.5169202818 
-83.5801171319 0.0387955097 0.8904291222 0.5168535544 
-83.5917311633 0.0387701210 0.8905945473 0.5167858886 
-83.6034848298 0.0387444427 0.8907617558 0.5167172758 
-83.6153794045 0.0387184725 0.8909307584 0.5166477075 
-83.6274161774 0.0386922083 0.8911015658 0.5165771747 
-83.6395964550 0.0386656477 0.8912741888 0.5165056683 
-83.6519215611 0.0386387884 0.8914486382 0.5164331790 
-83.6643928366 0.0386116282 0.8916249249 0.5163596968 
-83.6770116397 0.0385841646 0.8918030600 0.5162852118 
-83.6897793464 0.0385563954 0.8919830543 0.5162097132 
-83.7026973504 0.0385283181 0.8921649189 0.5161331900 
-83.7157670635 0.0384999302 0.8923486650 0.5160556306 
-83.7289899155 0.0384712295 0.8925343037 0.5159770226 
-83.7423673548 0.0384422133 0.8927218463 0.5158973529 
-83.7559008485 0.0384128792 0.8929113039 0.5158166078 
-83.7695918825 0.0383832248 0.8931026878 0.5157347724 
-83.7834419618 0.0383532474 0.8932960095 0.5156518310 
-83.7974526107 0.0383229445 0.8934912802 0.5155677666 
-83.8116253732 0.0382923135 0.8936885114 0.5154825610 
-83.8259618129 0.0382613518 0.8938877146 0.5153961947 
-83.8404635136 0.0382300567 0.8940889011 0.5153086463 
-83.8551320794 0.0381984257 0.8942920826 0.5152198931 
-83.8699691349 0.0381664559 0.8944972706 0.5151299101 
-83.8849763257 0.0381341448 0.8947044766 0.5150386704 
-83.9001553182 0.0381014895 0.8949137123 0.5149461446 
-83.9155078003 0.0380684873 0.8951249893 0.5148523007 
-83.9310354818 0.0380351354 0.8953383192 0.5147571041 
-83.9467400941 0.0380014309 0.8955537138 0.5146605166 
-83.9626233911 0.0379673711 0.8957711847 0.5145624969 
-83.9786871491 0.0379329531 0.8959907436 0.5144629998 
-83.9949331673 0.0378981740 0.8962124023 0.5143619758 
-84.0113632682 0.0378630307 0.8964361724 0.5142593709 
-84.0279792978 0.0378275205 0.8966620658 0.5141551260 
-84.0447831260 0.0377916403 0.8968900942 0.5140491767 
-84.0617766469 0.0377553871 0.8971202694 0.5139414523 
-84.0789617792 0.0377187579 0.8973526031 0.5138318758 
-84.0963404668 0.0376817496 0.8975871071 0.5137203629 
-84.1139146787 0.0376443591 0.8978237932 0.5136068216 
-84.1316864100 0.0376065834 0.8980626731 0.5134911514 
-84.1496576819 0.0375684191 0.8983037587 0.5133732429 
-84.1678305424 0.0375298633 0.8985470617 0.5132529764 
-84.1862070664 0.0374909127 0.8987925937 0.5131302221 
-84.2047893568 0.0374515640 0.8990403667 0.5130048385 
-84.2235795443 0.0374118139 0.8992903924 0.5128766719 
-84.2425797885 0.0373716593 0.8995426824 0.5127455561 
-84.2617922781 0.0373310967 0.8997972485 0.5126113109 
-84.2812192316 0.0372901228 0.9000541023 0.5124737423 
-84.3008628977 0.0372487342 0.9003132557 0.5123326416 
-84.3207255564 0.0372069275 0.9005747201 0.5121877852 
-84.3408095190 0.0371646991 0.9008385074 0.5120389353 
-84.3611171292 0.0371220458 0.9011046291 0.5118858397 
-84.3816507639 0.0370789638 0.9013730969 0.5117282340 
-84.4024128335 0.0370354497 0.9016439223 0.5115658426 
-84.4234057827 0.0369914998 0.9019171169 0.5113983829 
-84.4446320919 0.0369471105 0.9021926923 0.5112255688 
-84.4660942771 0.0369022782 0.9024706600 0.5110471162 
-84.4877948913 0.0368569991 0.9027510316 0.5108627505 
-84.5097365252 0.0368112694 0.9030338184 0.5106722149 
-84.5319218080 0.0367650855 0.9033190321 0.5104752911 
-84.5543534085 0.0367184435 0.9036066839 0.5102718648 
-84.5770340379 0.0366713394 0.9038967855 0.5100621733 
-84.5999664557 0.0366237694 0.9041893483 0.5098475705 
-84.6231534802 0.0365757294 0.9044843840 0.5096319316 
-84.6465979847 0.0365272155 0.9047819045 0.5094218792 
-84.6703028670 0.0364782234 0.9050819212 0.5092240163 
-84.6942710232 0.0364287492 0.9053844452 0.5090426931 
-84.7185053448 0.0363787889 0.9056894866 0.5088802743 
-84.7430087216 0.0363283385 0.9059970550 0.5087377145 
-84.7677840414 0.0362773943 0.9063071591 0.5086146479 
-84.7928341927 0.0362259523 0.9066198073 0.5085094690 
-84.8181620696 0.0361740089 0.9069350070 0.5084196601 
-84.8437705794 0.0361215602 0.9072527655 0.5083422241 
-83.0341759291 0.0400064215 0.8824292473 0.5197974612 
-83.0379401056 0.0399979546 0.8824858112 0.5197812815 
-83.0417855363 0.0399893067 0.8825435807 0.5197642607 
-83.0457126145 0.0399804769 0.8826025605 0.5197464572 
-83.0497217419 0.0399714644 0.8826627549 0.5197279210 
-83.0538133295 0.0399622685 0.8827241689 0.5197086953 
-83.0579877971 0.0399528883 0.8827868070 0.5196888168 
-83.0622455734 0.0399433230 0.8828506742 0.5196683166 
-83.0665870959 0.0399335718 0.8829157754 0.5196472206 
-83.0710128114 0.0399236337 0.8829821158 0.5196255503 
-83.0755231752 0.0399135078 0.8830497003 0.5196033234 
-83.0801186518 0.0399031933 0.8831185343 0.5195805539 
-83.0847997148 0.0398926892 0.8831886231 0.5195572531 
-83.0895668467 0.0398819945 0.8832599720 0.5195334292 
-83.0944205392 0.0398711084 0.8833325866 0.5195090885 
-83.0993612932 0.0398600298 0.8834064725 0.5194842351 
-83.1043896187 0.0398487578 0.8834816353 0.5194588714 
-83.1095060350 0.0398372913 0.8835580809 0.5194329982 
-83.1147110708 0.0398256293 0.8836358149 0.5194066152 
-83.1200052642 0.0398137708 0.8837148435 0.5193797209 
-83.1253891627 0.0398017147 0.8837951725 0.5193523127 
-83.1308633233 0.0397894599 0.8838768082 0.5193243874 
-83.1364283128 0.0397770053 0.8839597567 0.5192959409 
-83.1420847075 0.0397643498 0.8840440244 0.5192669686 
-83.1478330934 0.0397514923 0.8841296175 0.5192374653 
-83.1536740666 0.0397384317 0.8842165426 0.5192074255 
-83.1596082329 0.0397251667 0.8843048062 0.5191768431 
-83.1656362082 0.0397116961 0.8843944150 0.5191457119 
-83.1717586183 0.0396980189 0.8844853757 0.5191140251 
-83.1779760995 0.0396841337 0.8845776950 0.5190817760 
-83.1842892980 0.0396700393 0.8846713800 0.5190489574 
-83.1906988705 0.0396557345 0.8847664376 0.5190155621 
-83.1972054842 0.0396412180 0.8848628748 0.5189815825 
-83.2038098168 0.0396264884 0.8849606989 0.5189470113 
-83.2105125564 0.0396115446 0.8850599170 0.5189118406 
-83.2173144021 0.0395963851 0.8851605366 0.5188760626 
-83.2242160636 0.0395810086 0.8852625650 0.5188396695 
-83.2312182616 0.0395654137 0.8853660098 0.5188026532 
-83.2383217278 0.0395495991 0.8854708785 0.5187650057 
-83.2455272049 0.0395335633 0.8855771789 0.5187267190 
-83.2528354471 0.0395173050 0.8856849186 0.5186877848 
-83.2602472196 0.0395008226 0.8857941056 0.5186481949 
-83.2677632991 0.0394841148 0.8859047478 0.5186079412 
-83.2753844738 0.0394671800 0.8860168532 0.5185670154 
-83.2831115437 0.0394500167 0.8861304299 0.5185254092 
-83.2909453204 0.0394326234 0.8862454861 0.5184831144 
-83.2988866273 0.0394149986 0.8863620301 0.5184401226 
-83.3069363000 0.0393971407 0.8864800703 0.5183964256 
-83.3150951859 0.0393790482 0.8865996150 0.5183520151 
-83.3233641449 0.0393607194 0.8867206729 0.5183068828 
-83.3317440489 0.0393421527 0.8868432525 0.5182610205 
-83.3402357825 0.0393233464 0.8869673625 0.5182144199 
-83.3488402428 0.0393042990 0.8870930117 0.5181670729 
-83.3575583395 0.0392850087 0.8872202090 0.5181189711 
-83.3663909953 0.0392654739 0.8873489632 0.5180701065 
-83.3753391456 0.0392456927 0.8874792834 0.5180204709 
-83.3844037391 0.0392256635 0.8876111788 0.5179700561 
-83.3935857376 0.0392053845 0.8877446584 0.5179188542 
-83.4028861162 0.0391848540 0.8878797315 0.5178668570 
-83.4123058635 0.0391640700 0.8880164075 0.5178140566 
-83.4218459819 0.0391430309 0.8881546958 0.5177604449 
-83.4315074872 0.0391217347 0.8882946059 0.5177060140 
-83.4412914095 0.0391001795 0.8884361473 0.5176507560 
-83.4511987925 0.0390783635 0.8885793296 0.5175946630 
-83.4612306944 0.0390562848 0.8887241626 0.5175377271 
-83.4713881877 0.0390339415 0.8888706562 0.5174799405 
-83.4816723592 0.0390113315 0.8890188200 0.5174212952 
-83.4920843105 0.0389884528 0.8891686641 0.5173617836 
-83.5026251580 0.0389653036 0.8893201985 0.5173013977 
-83.5132960328 0.0389418818 0.8894734332 0.5172401298 
-83.5240980815 0.0389181853 0.8896283785 0.5171779718 
-83.5350324655 0.0388942121 0.8897850444 0.5171149161 
-83.5461003620 0.0388699600 0.8899434414 0.5170509545 
-83.5573029636 0.0388454270 0.8901035797 0.5169860791 
-83.5686414788 0.0388206110 0.8902654698 0.5169202818 
-83.5801171319 0.0387955097 0.8904291222 0.5168535544 
-83.5917311633 0.0387701210 0.8905945473 0.5167858886 
-83.6034848298 0.0387444427 0.8907617558 0.5167172758 
-83.6153794045 0.0387184725 0.8909307584 0.5166477075 
-83.6274161774 0.0386922083 0.8911015658 0.5165771747 
-83.6395964550 0.0386656477 0.8912741888 0.5165056683 
-83.6519215611 0.0386387884 0.8914486382 0.5164331790 
-83.6643928366 0.0386116282 0.8916249249 0.5163596968 
-83.6770116397 0.0385841646 0.8918030600 0.5162852118 
-83.6897793464 0.0385563954 0.8919830543 0.5162097132 
-83.7026973504 0.0385283181 0.8921649189 0.5161331900 
-83.7157670634 0.0384999302 0.8923486650 0.5160556306 
-83.7289899154 0.0384712295 0.8925343037 0.5159770226 
-83.7423673548 0.0384422133 0.8927218463 0.5158973529 
-83.7559008485 0.0384128792 0.8929113039 0.5158166078 
-83.7695918825 0.0383832248 0.8931026878 0.5157347724 
-83.7834419618 0.0383532474 0.8932960095 0.5156518310 
-83.7974526107 0.0383229445 0.8934912802 0.5155677666 
-83.8116253732 0.0382923135 0.8936885114 0.5154825610 
-83.8259618129 0.0382613518 0.8938877146 0.5153961947 
-83.8404635136 0.0382300567 0.8940889011 0.5153086463 
-83.8551320794 0.0381984257 0.8942920826 0.5152198931 
-83.8699691349 0.0381664559 0.8944972706 0.5151299101 
-83.8849763257 0.0381341448 0.8947044766 0.5150386704 
-83.9001553181 0.0381014895 0.8949137123 0.5149461446 
-83.9155078003 0.0380684873 0.8951249893 0.5148523007 
-83.9310354818 0.0380351354 0.8953383192 0.5147571041 
-83.9467400941 0.0380014309 0.8955537138 0.5146605166 
-83.9626233911 0.0379673711 0.8957711847 0.5145624969 
-83.9786871490 0.0379329531 0.8959907436 0.5144629998 
-83.9949331673 0.0378981740 0.8962124023 0.5143619758 
-84.0113632682 0.0378630307 0.8964361724 0.5142593709 
-84.0279792978 0.0378275205 0.8966620658 0.5141551260 
-84.0447831260 0.0377916403 0.8968900942 0.5140491767 
-84.0617766468 0.0377553871 0.8971202694 0.5139414523 
-84.0789617792 0.0377187579 0.8973526031 0.5138318758 
-84.0963404667 0.0376817496 0.8975871071 0.5137203629 
-84.1139146787 0.0376443591 0.8978237932 0.5136068216 
-84.1316864100 0.0376065834 0.8980626731 0.5134911514 
-84.1496576819 0.0375684191 0.8983037587 0.5133732429 
-84.1678305424 0.0375298633 0.8985470617 0.5132529764 
-84.1862070664 0.0374909127 0.8987925937 0.5131302221 
-84.2047893568 0.0374515640 0.8990403667 0.5130048385 
-84.2235795443 0.0374118139 0.8992903924 0.5128766719 
-84.2425797885 0.0373716593 0.8995426824 0.5127455561 
-84.2617922781 0.0373310967 0.8997972485 0.5126113109 
-84.2812192315 0.0372901228 0.9000541023 0.5124737423 
-84.3008628977 0.0372487342 0.9003132557 0.5123326416 
-84.3207255563 0.0372069275 0.9005747201 0.5121877852 
-84.3408095189 0.0371646991 0.9008385074 0.5120389353 
-84.3611171292 0.0371220458 0.9011046291 0.5118858397 
-84.3816507639 0.0370789638 0.9013730969 0.5117282340 
-84.4024128334 0.0370354497 0.9016439223 0.5115658426 
-84.4234057827 0.0369914998 0.9019171169 0.5113983829 
-84.4446320918 0.0369471105 0.9021926923 0.5112255688 
-84.4660942770 0.0369022782 0.9024706600 0.5110471162 
-84.4877948913 0.0368569991 0.9027510316 0.5108627505 
-84.5097365252 0.0368112694 0.9030338184 0.5106722149 
-84.5319218080 0.0367650855 0.9033190321 0.5104752911 
-84.5543534085 0.0367184435 0.9036066839 0.5102718648 
-84.5770340378 0.0366713394 0.9038967855 0.5100621733 
-84.5999664557 0.0366237694 0.9041893483 0.5098475705 
-84.6231534801 0.0365757294 0.9044843840 0.5096319316 
-84.6465979847 0.0365272155 0.9047819045 0.5094218792 
-84.6703028670 0.0364782234 0.9050819212 0.5092240163 
-84.6942710232 0.0364287492 0.9053844452 0.5090426931 
-84.7185053448 0.0363787889 0.9056894866 0.5088802743 
-84.7430087216 0.0363283385 0.9059970550 0.5087377145 
-84.7677840414 0.0362773943 0.9063071591 0.5086146479 
-84.7928341927 0.0362259523 0.9066198073 0.5085094690 
-84.8181620696 0.0361740089 0.9069350070 0.5084196601 
-84.8437705793 0.0361215602 0.9072527655 0.5083422241 
-84.8479222550 0.0361130634 0.9073043585 0.5083277213 
-84.8479222550 0.0361130634 0.9073043585 0.5083277213 
