-82.2373754458 0.0418368409 0.8697326350 0.5053835037 
-82.2376651253 0.0418361619 0.8697373415 0.5053680957 
-82.2382448965 0.0418348028 0.8697467610 0.5053370118 
-82.2391155875 0.0418327619 0.8697609069 0.5052897850 
-82.2402784509 0.0418300362 0.8697797992 0.5052258830 
-82.2417351721 0.0418266220 0.8698034649 0.5051448890 
-82.2434877074 0.0418225148 0.8698319351 0.5050280788 
-82.2455394399 0.0418177069 0.8698652653 0.5049384044 
-82.2478928585 0.0418121927 0.8699034946 0.5048548642 
-82.2505507778 0.0418059657 0.8699466669 0.5047761669 
-82.2535161804 0.0417990194 0.8699948287 0.5047013570 
-82.2567922299 0.0417913467 0.8700480285 0.5046297328 
-82.2603822823 0.0417829399 0.8701063178 0.5045607780 
-82.2642898940 0.0417737914 0.8701697505 0.5044941087 
-82.2685188300 0.0417638925 0.8702383836 0.5044294337 
-82.2730730697 0.0417532347 0.8703122767 0.5043665263 
-82.2779568128 0.0417418084 0.8703914927 0.5043052045 
-82.2831744854 0.0417296041 0.8704760973 0.5042453177 
-82.2887307446 0.0417166114 0.8705661594 0.5041867369 
-82.2946304845 0.0417028195 0.8706617511 0.5041293487 
-82.3008788412 0.0416882172 0.8707629477 0.5040730506 
-82.3074811984 0.0416727927 0.8708698275 0.5040177481 
-82.3144431929 0.0416565337 0.8709824725 0.5039633526 
-82.3217707205 0.0416394272 0.8711009679 0.5039097795 
-82.3294699417 0.0416214600 0.8712254021 0.5038569470 
-82.3375472883 0.0416026180 0.8713558672 0.5038047749 
-82.3460094691 0.0415828867 0.8714924588 0.5037531840 
-82.3548634772 0.0415622510 0.8716352759 0.5037020949 
-82.3641165965 0.0415406950 0.8717844212 0.5036514270 
-82.3737764088 0.0415182027 0.8719400011 0.5036010970 
-82.3838508018 0.0414947568 0.8721021255 0.5035510172 
-82.3943479764 0.0414703400 0.8722709082 0.5035010933 
-82.4052764552 0.0414449340 0.8724464668 0.5034512216 
-82.4166450910 0.0414185199 0.8726289228 0.5034012846 
-82.4284630760 0.0413910781 0.8728184015 0.5033511465 
-82.4407399515 0.0413625885 0.8730150323 0.5033006461 
-82.4534856182 0.0413330300 0.8732189486 0.5032495878 
-82.4667103472 0.0413023811 0.8734302878 0.5031977305 
-82.4804247920 0.0412706193 0.8736491916 0.5031447722 
-82.4946400019 0.0412377215 0.8738758061 0.5030903313 
-82.5093674358 0.0412036637 0.8741102815 0.5030339222 
-82.5246189790 0.0411684211 0.8743527728 0.5029749271 
-82.5404069609 0.0411319681 0.8746034395 0.5029125615 
-82.5567441757 0.0410942783 0.8748624459 0.5028458397 
-82.5736439059 0.0410553241 0.8751299615 0.5027735443 
-82.5911199497 0.0410150773 0.8754061610 0.5026942182 
-82.6091866517 0.0409735084 0.8756912248 0.5026062145 
-82.6278589383 0.0409305869 0.8759853393 0.5025078818 
-82.6471523555 0.0408862811 0.8762886972 0.5023980584 
-82.6670831077 0.0408405581 0.8766014980 0.5022772309 
-82.6876680844 0.0407933836 0.8769239484 0.5021496295 
-82.6982964442 0.0407690463 0.8770901992 0.5020849087 
-82.7096055441 0.0407431647 0.8772669756 0.5020147723 
-82.7216050045 0.0407157197 0.8774543922 0.5019405701 
-82.7343050280 0.0406866907 0.8776525696 0.5018631754 
-82.7477164000 0.0406560564 0.8778616346 0.5017831293 
-82.7618504934 0.0406237941 0.8780817196 0.5017007477 
-82.7767192761 0.0405898802 0.8783129631 0.5016161977 
-82.7923353216 0.0405542899 0.8785555093 0.5015295512 
-82.8087118203 0.0405169973 0.8788095079 0.5014408196 
-82.8258625929 0.0404779753 0.8790751145 0.5013499764 
-82.8438021046 0.0404371957 0.8793524904 0.5012569705 
-82.8625454799 0.0403946292 0.8796418023 0.5011617351 
-82.8821085192 0.0403502453 0.8799432228 0.5010641916 
-82.9025077154 0.0403040121 0.8802569299 0.5009642528 
-82.9237602721 0.0402558968 0.8805831071 0.5008618245 
-82.9458841221 0.0402058651 0.8809219434 0.5007568054 
-82.9688979474 0.0401538816 0.8812736333 0.5006490876 
-82.9928211999 0.0400999096 0.8816383766 0.5005385558 
-83.0176741233 0.0400439110 0.8820163783 0.5004250865 
-83.0434777756 0.0399858466 0.8824078489 0.5003085468 
-83.0702540539 0.0399256756 0.8828130037 0.5001887924 
-83.0980257187 0.0398633561 0.8832320631 0.5000656654 
-83.1268164210 0.0397988447 0.8836652526 0.4999389913 
-83.1566507300 0.0397320965 0.8841128022 0.4998085752 
-83.1875541625 0.0396630654 0.8845749469 0.4996741970 
-83.2195532136 0.0395917035 0.8850519259 0.4995356054 
-83.2526753894 0.0395179619 0.8855439829 0.4993925095 
-83.2869492412 0.0394417898 0.8860513658 0.4992445697 
-83.3224044021 0.0393631350 0.8865743265 0.4990913836 
-83.3590716256 0.0392819438 0.8871131206 0.4989324704 
-83.3969828263 0.0391981608 0.8876680076 0.4987672484 
-83.4361711242 0.0391117290 0.8882392501 0.4985950075 
-83.4766708911 0.0390225899 0.8888271141 0.4984148722 
-83.5185178017 0.0389306830 0.8894318683 0.4982257535 
-83.5617488875 0.0388359464 0.8900537844 0.4980262868 
-83.6064025972 0.0387383160 0.8906931363 0.4978147491 
-83.6525188614 0.0386377263 0.8913502006 0.4975889521 
-83.7001391654 0.0385341095 0.8920252557 0.4973461024 
-83.7493066301 0.0384273960 0.8927185822 0.4970826215 
-83.8000661031 0.0383175142 0.8934304623 0.4967939192 
-83.8524642630 0.0382043901 0.8941611805 0.4964741191 
-83.9065497396 0.0380879475 0.8949110230 0.4961157576 
-83.9623732537 0.0379681077 0.8956802786 0.4957095265 
-84.0199877792 0.0378447893 0.8964692387 0.4952442302 
-84.0794487316 0.0377179077 0.8972781982 0.4947072180 
-84.1408142061 0.0375873755 0.8981074565 0.4940894568 
-84.2041456131 0.0374531004 0.8989573242 0.4934482301 
-84.2695071444 0.0373149873 0.8998281128 0.4929113515 
-84.3369632243 0.0371729433 0.9007200964 0.4925081968 
-82.6982964442 0.0407690463 0.8770901992 0.5020849087 
-82.7096055441 0.0407431647 0.8772669756 0.5020147723 
-82.7216050045 0.0407157197 0.8774543922 0.5019405701 
-82.7343050280 0.0406866907 0.8776525696 0.5018631754 
-82.7477164000 0.0406560564 0.8778616346 0.5017831293 
-82.7618504934 0.0406237941 0.8780817196 0.5017007477 
-82.7767192761 0.0405898802 0.8783129631 0.5016161977 
-82.7923353216 0.0405542899 0.8785555093 0.5015295512 
-82.8087118203 0.0405169973 0.8788095079 0.5014408196 
-82.8258625929 0.0404779753 0.8790751145 0.5013499764 
-82.8438021046 0.0404371957 0.8793524904 0.5012569705 
-82.8625454799 0.0403946292 0.8796418023 0.5011617351 
-82.8821085192 0.0403502453 0.8799432228 0.5010641916 
-82.9025077154 0.0403040121 0.8802569299 0.5009642528 
-82.9237602721 0.0402558968 0.8805831071 0.5008618245 
-82.9458841221 0.0402058651 0.8809219434 0.5007568054 
-82.9688979474 0.0401538816 0.8812736333 0.5006490876 
-82.9928211999 0.0400999096 0.8816383766 0.5005385558 
-83.0176741233 0.0400439110 0.8820163783 0.5004250865 
-83.0434777756 0.0399858466 0.8824078489 0.5003085468 
-83.0702540539 0.0399256756 0.8828130037 0.5001887924 
-83.0980257187 0.0398633561 0.8832320631 0.5000656654 
-83.1268164210 0.0397988447 0.8836652526 0.4999389913 
-83.1566507300 0.0397320965 0.8841128022 0.4998085752 
-83.1875541625 0.0396630654 0.8845749469 0.4996741970 
-83.2195532136 0.0395917035 0.8850519259 0.4995356054 
-83.2526753894 0.0395179619 0.8855439829 0.4993925095 
-83.2869492412 0.0394417898 0.8860513658 0.4992445697 
-83.3224044021 0.0393631350 0.8865743265 0.4990913836 
-83.3590716256 0.0392819438 0.8871131206 0.4989324704 
-83.3969828263 0.0391981608 0.8876680076 0.4987672484 
-83.4361711242 0.0391117290 0.8882392501 0.4985950075 
-83.4766708911 0.0390225899 0.8888271141 0.4984148722 
-83.5185178017 0.0389306830 0.8894318683 0.4982257535 
-83.5617488875 0.0388359464 0.8900537844 0.4980262868 
-83.6064025972 0.0387383160 0.8906931363 0.4978147491 
-83.6525188614 0.0386377263 0.8913502006 0.4975889521 
-83.7001391654 0.0385341095 0.8920252557 0.4973461024 
-83.7493066301 0.0384273960 0.8927185822 0.4970826215 
-83.8000661031 0.0383175142 0.8934304623 0.4967939192 
-83.8524642630 0.0382043901 0.8941611805 0.4964741191 
-83.9065497396 0.0380879475 0.8949110230 0.4961157576 
-83.9623732537 0.0379681077 0.8956802786 0.4957095265 
-84.0199877792 0.0378447893 0.8964692387 0.4952442302 
-84.0794487316 0.0377179077 0.8972781982 0.4947072180 
-84.1408142061 0.0375873755 0.8981074565 0.4940894568 
-84.2041456131 0.0374531004 0.8989573242 0.4934482301 
-84.2695071444 0.0373149873 0.8998281128 0.4929113515 
-84.3369632243 0.0371729433 0.9007200964 0.4925081968 
-84.3449550246 0.0371561476 0.9008254857 0.4924693718 
-84.3449550246 0.0371561476 0.9008254857 0.4924693718 
