-81.9682353964 0.0424717301 0.8654999852 0.5104569581 
-81.9682368215 0.0424717267 0.8655000051 0.5104448716 
-81.9682397819 0.0424717197 0.8655000467 0.5104206831 
-81.9682444979 0.0424717085 0.8655001141 0.5103843891 
-81.9682513012 0.0424716924 0.8655002131 0.5103360506 
-81.9682606344 0.0424716702 0.8655003519 0.5102758598 
-81.9682728760 0.0424716412 0.8655005371 0.5101859975 
-81.9682893623 0.0424716020 0.8655007928 0.5101205289 
-81.9683105060 0.0424715518 0.8655011263 0.5100599376 
-81.9683368591 0.0424714892 0.8655015477 0.5100036267 
-81.9683689386 0.0424714130 0.8655020661 0.5099511162 
-81.9684072306 0.0424713220 0.8655026903 0.5099020246 
-81.9684521940 0.0424712151 0.8655034284 0.5098560510 
-81.9685042630 0.0424710914 0.8655042884 0.5098129581 
-81.9685638498 0.0424709498 0.8655052776 0.5097725585 
-81.9686313456 0.0424707893 0.8655064029 0.5097347023 
-81.9687071228 0.0424706092 0.8655076711 0.5096992680 
-81.9687915355 0.0424704085 0.8655090884 0.5096661554 
-81.9688849213 0.0424701865 0.8655106610 0.5096352796 
-81.9689876012 0.0424699424 0.8655123945 0.5096065677 
-81.9690998813 0.0424696755 0.8655142944 0.5095799553 
-81.9692220528 0.0424693850 0.8655163659 0.5095553846 
-81.9693543931 0.0424690704 0.8655186140 0.5095328030 
-81.9694971660 0.0424687310 0.8655210433 0.5095121618 
-81.9696506226 0.0424683661 0.8655236583 0.5094934154 
-81.9698150016 0.0424679753 0.8655264634 0.5094765205 
-81.9699905297 0.0424675580 0.8655294624 0.5094614360 
-81.9701774224 0.0424671136 0.8655326592 0.5094481227 
-81.9703758842 0.0424666418 0.8655360575 0.5094365426 
-81.9705861089 0.0424661419 0.8655396606 0.5094266595 
-81.9708082803 0.0424656137 0.8655434719 0.5094184382 
-81.9710425725 0.0424650566 0.8655474943 0.5094118452 
-81.9712891502 0.0424644704 0.8655517309 0.5094068478 
-81.9715481691 0.0424638545 0.8655561842 0.5094034149 
-81.9718197764 0.0424632087 0.8655608570 0.5094015161 
-81.9721041106 0.0424625327 0.8655657517 0.5094011224 
-81.9724013028 0.0424618261 0.8655708705 0.5094022059 
-81.9727114758 0.0424610887 0.8655762155 0.5094047394 
-81.9730347455 0.0424603201 0.8655817888 0.5094086971 
-81.9733712204 0.0424595201 0.8655875923 0.5094140540 
-81.9737210023 0.0424586885 0.8655936278 0.5094207859 
-81.9740841864 0.0424578251 0.8655998967 0.5094288698 
-81.9744608616 0.0424569295 0.8656064008 0.5094382834 
-81.9748511107 0.0424560018 0.8656131413 0.5094490053 
-81.9752550107 0.0424550416 0.8656201197 0.5094610151 
-81.9756726328 0.0424540488 0.8656273370 0.5094742928 
-81.9761040428 0.0424530232 0.8656347944 0.5094888198 
-81.9765493016 0.0424519647 0.8656424929 0.5095045777 
-81.9770084646 0.0424508732 0.8656504334 0.5095215494 
-81.9774815825 0.0424497485 0.8656586167 0.5095397180 
-81.9779687015 0.0424485906 0.8656670435 0.5095590678 
-81.9784698631 0.0424473994 0.8656757146 0.5095795834 
-81.9789851044 0.0424461747 0.8656846305 0.5096012505 
-81.9795144584 0.0424449164 0.8656937916 0.5096240552 
-81.9800579540 0.0424436246 0.8657031984 0.5096479844 
-81.9806156160 0.0424422992 0.8657128513 0.5096730254 
-81.9811874656 0.0424409401 0.8657227505 0.5096991665 
-81.9817735201 0.0424395473 0.8657328962 0.5097263963 
-81.9823737935 0.0424381207 0.8657432885 0.5097547043 
-81.9829882959 0.0424366603 0.8657539276 0.5097840804 
-81.9836170343 0.0424351661 0.8657648134 0.5098145152 
-81.9842600123 0.0424336382 0.8657759459 0.5098459998 
-81.9849172305 0.0424320765 0.8657873250 0.5098785259 
-81.9855886859 0.0424304810 0.8657989505 0.5099120858 
-81.9862743728 0.0424288517 0.8658108222 0.5099466723 
-81.9869742825 0.0424271887 0.8658229398 0.5099822789 
-81.9876884032 0.0424254920 0.8658353029 0.5100188995 
-81.9884167202 0.0424237616 0.8658479112 0.5100565284 
-81.9891592161 0.0424219976 0.8658607643 0.5100951609 
-81.9899158707 0.0424202000 0.8658738616 0.5101347923 
-81.9906866608 0.0424183690 0.8658872026 0.5101754188 
-81.9914715608 0.0424165045 0.8659007866 0.5102170368 
-81.9922705421 0.0424146066 0.8659146131 0.5102596436 
-81.9930835736 0.0424126754 0.8659286814 0.5103032365 
-81.9939106214 0.0424107110 0.8659429906 0.5103478139 
-81.9947516490 0.0424087135 0.8659575399 0.5103933741 
-81.9956066172 0.0424066830 0.8659723286 0.5104399163 
-81.9964754841 0.0424046195 0.8659873557 0.5104874399 
-81.9973582052 0.0424025233 0.8660026203 0.5105359450 
-81.9982547333 0.0424003943 0.8660181213 0.5105854320 
-81.9991650184 0.0423982328 0.8660338577 0.5106359017 
-82.0000890078 0.0423960389 0.8660498283 0.5106873555 
-82.0010266460 0.0423938126 0.8660660322 0.5107397951 
-82.0019778749 0.0423915542 0.8660824679 0.5107932225 
-82.0029426331 0.0423892638 0.8660991342 0.5108476400 
-82.0039208569 0.0423869416 0.8661160299 0.5109030505 
-82.0049124793 0.0423845877 0.8661331535 0.5109594567 
-82.0059174304 0.0423822022 0.8661505036 0.5110168618 
-82.0069356373 0.0423797854 0.8661680787 0.5110752689 
-82.0079670240 0.0423773375 0.8661858773 0.5111346812 
-82.0090115114 0.0423748586 0.8662038977 0.5111951015 
-82.0100690172 0.0423723490 0.8662221384 0.5112565324 
-82.0111394557 0.0423698088 0.8662405974 0.5113189759 
-82.0122227382 0.0423672383 0.8662592732 0.5113824332 
-82.0133187724 0.0423646377 0.8662781637 0.5114469041 
-82.0144274627 0.0423620072 0.8662972672 0.5115123867 
-82.0155487101 0.0423593470 0.8663165815 0.5115788769 
-82.0166824124 0.0423566575 0.8663361047 0.5116463676 
-82.0178284637 0.0423539389 0.8663558347 0.5117148474 
-82.0189867548 0.0423511914 0.8663757692 0.5117843001 
-82.0201571736 0.0423484153 0.8663959061 0.5118547024 
-82.0213396046 0.0423456108 0.8664162430 0.5119260227 
-82.0225339295 0.0423427784 0.8664367776 0.5119982181 
-82.0237400275 0.0423399182 0.8664575075 0.5120712316 
-82.0249577758 0.0423370306 0.8664784303 0.5121449886 
-82.0261870499 0.0423341159 0.8664995435 0.5122193916 
-82.0274277248 0.0423311743 0.8665208446 0.5122943148 
-82.0286796756 0.0423282062 0.8665423311 0.5123695971 
-82.0299427793 0.0423252118 0.8665640006 0.5124450331 
-82.0312169161 0.0423221915 0.8665858507 0.5125203635 
-82.0325019720 0.0423191456 0.8666078791 0.5125952630 
-82.0337978412 0.0423160742 0.8666300835 0.5126693278 
-82.0351044302 0.0423129776 0.8666524621 0.5127420621 
-82.0364216615 0.0423098560 0.8666750132 0.5128128665 
-82.0377494798 0.0423067096 0.8666977355 0.5128810321 
-82.0390878576 0.0423035384 0.8667206283 0.5129457463 
-82.0404368040 0.0423003424 0.8667436914 0.5130061251 
-82.0417963728 0.0422971214 0.8667669254 0.5130612964 
-82.0431666728 0.0422938753 0.8667903320 0.5131105827 
-82.0445478774 0.0422906036 0.8668139140 0.5131538736 
-82.0459402327 0.0422873057 0.8668376754 0.5131923087 
-82.0473440554 0.0422839810 0.8668616216 0.5132291467 
-82.0480518661 0.0422823047 0.8668736903 0.5132480846 
-82.0487715984 0.0422806003 0.8668859540 0.5132651634 
-82.0495034347 0.0422788673 0.8668984158 0.5132812261 
-82.0502475702 0.0422771052 0.8669110791 0.5132968752 
-82.0510042086 0.0422753137 0.8669239472 0.5133125333 
-82.0517735583 0.0422734921 0.8669370236 0.5133284906 
-82.0525558307 0.0422716400 0.8669503120 0.5133449417 
-82.0533512383 0.0422697569 0.8669638157 0.5133620141 
-82.0541599941 0.0422678423 0.8669775385 0.5133797888 
-82.0549823112 0.0422658957 0.8669914839 0.5133983152 
-82.0558184023 0.0422639166 0.8670056554 0.5134176211 
-82.0566684798 0.0422619045 0.8670200565 0.5134377207 
-82.0575327556 0.0422598588 0.8670346907 0.5134586185 
-82.0584114415 0.0422577792 0.8670495616 0.5134803126 
-82.0593047492 0.0422556651 0.8670646726 0.5135027974 
-82.0602128904 0.0422535159 0.8670800272 0.5135260641 
-82.0611360769 0.0422513313 0.8670956288 0.5135501023 
-82.0620745211 0.0422491107 0.8671114809 0.5135749004 
-82.0630284360 0.0422468536 0.8671275871 0.5136004459 
-82.0639980356 0.0422445596 0.8671439507 0.5136267258 
-82.0649835349 0.0422422280 0.8671605753 0.5136537270 
-82.0659851502 0.0422398584 0.8671774643 0.5136814361 
-82.0670030995 0.0422374504 0.8671946212 0.5137098399 
-82.0680376025 0.0422350033 0.8672120497 0.5137389252 
-82.0690888809 0.0422325167 0.8672297533 0.5137686788 
-82.0701571589 0.0422299900 0.8672477355 0.5137990880 
-82.0712426630 0.0422274228 0.8672659999 0.5138301402 
-82.0723456224 0.0422248144 0.8672845503 0.5138618229 
-82.0734662694 0.0422221643 0.8673033904 0.5138941241 
-82.0746048395 0.0422194720 0.8673225238 0.5139270320 
-82.0757615715 0.0422167370 0.8673419545 0.5139605350 
-82.0769367079 0.0422139586 0.8673616861 0.5139946221 
-82.0781304952 0.0422111363 0.8673817227 0.5140292822 
-82.0793431840 0.0422082696 0.8674020682 0.5140645048 
-82.0805750290 0.0422053577 0.8674227267 0.5141002797 
-82.0818262897 0.0422024001 0.8674437022 0.5141365968 
-82.0830972305 0.0421993962 0.8674649989 0.5141734464 
-82.0843881205 0.0421963454 0.8674866210 0.5142108193 
-82.0856992343 0.0421932470 0.8675085729 0.5142487063 
-82.0870308520 0.0421901004 0.8675308591 0.5142870987 
-82.0883832592 0.0421869049 0.8675534838 0.5143259880 
-82.0897567476 0.0421836598 0.8675764519 0.5143653659 
-82.0911516152 0.0421803645 0.8675997679 0.5144052247 
-82.0925681662 0.0421770182 0.8676234366 0.5144455566 
-82.0940067114 0.0421736202 0.8676474629 0.5144863543 
-82.0954675687 0.0421701697 0.8676718518 0.5145276107 
-82.0969510629 0.0421666661 0.8676966084 0.5145693190 
-82.0984575264 0.0421631085 0.8677217379 0.5146114728 
-82.0999872988 0.0421594962 0.8677472455 0.5146540656 
-82.1015407278 0.0421558283 0.8677731368 0.5146970916 
-82.1031181693 0.0421521040 0.8677994174 0.5147405449 
-82.1047199870 0.0421483225 0.8678260928 0.5147844201 
-82.1063465537 0.0421444829 0.8678531690 0.5148287120 
-82.1079982507 0.0421405844 0.8678806519 0.5148734155 
-82.1096754683 0.0421366259 0.8679085476 0.5149185260 
-82.1113786065 0.0421326067 0.8679368624 0.5149640389 
-82.1131080744 0.0421285256 0.8679656026 0.5150099502 
-82.1148642911 0.0421243819 0.8679947749 0.5150562557 
-82.1166476859 0.0421201744 0.8680243858 0.5151029518 
-82.1184586984 0.0421159022 0.8680544423 0.5151500351 
-82.1202977787 0.0421115642 0.8680849515 0.5151975022 
-82.1221653879 0.0421071593 0.8681159204 0.5152453503 
-82.1240619982 0.0421026865 0.8681473565 0.5152935766 
-82.1259880933 0.0420981446 0.8681792674 0.5153421787 
-82.1279441688 0.0420935325 0.8682116607 0.5153911543 
-82.1299307319 0.0420888489 0.8682445443 0.5154405015 
-82.1319483026 0.0420840928 0.8682779265 0.5154902186 
-82.1339974131 0.0420792629 0.8683118154 0.5155403042 
-82.1360786087 0.0420743579 0.8683462196 0.5155907569 
-82.1381924480 0.0420693765 0.8683811477 0.5156415759 
-82.1403395031 0.0420643174 0.8684166088 0.5156927606 
-82.1425203597 0.0420591793 0.8684526118 0.5157443104 
-82.1447356179 0.0420539607 0.8684891662 0.5157962251 
-82.1469858923 0.0420486602 0.8685262815 0.5158485049 
-82.1492718123 0.0420432764 0.8685639675 0.5159011501 
-82.1515940223 0.0420378079 0.8686022342 0.5159541612 
-82.1539531825 0.0420322530 0.8686410919 0.5160075392 
-82.1563499687 0.0420266102 0.8686805511 0.5160612849 
-82.1587850730 0.0420208779 0.8687206226 0.5161153997 
-82.1612592041 0.0420150545 0.8687613172 0.5161698852 
-82.1637730876 0.0420091384 0.8688026464 0.5162247430 
-82.1663274665 0.0420031277 0.8688446216 0.5162799750 
-82.1689231016 0.0419970208 0.8688872547 0.5163355833 
-82.1715607714 0.0419908158 0.8689305576 0.5163915700 
-82.1742412734 0.0419845110 0.8689745428 0.5164479375 
-82.1769654238 0.0419781044 0.8690192229 0.5165046879 
-82.1797340580 0.0419715942 0.8690646108 0.5165618236 
-82.1825480315 0.0419649783 0.8691107197 0.5166193467 
-82.1854082198 0.0419582547 0.8691575632 0.5166772591 
-82.1883155191 0.0419514215 0.8692051551 0.5167355623 
-82.1912708468 0.0419444764 0.8692535095 0.5167942571 
-82.1942751420 0.0419374173 0.8693026411 0.5168533439 
-82.1973293657 0.0419302421 0.8693525645 0.5169128215 
-82.2004345020 0.0419229485 0.8694032949 0.5169726876 
-82.2035915578 0.0419155341 0.8694548479 0.5170329379 
-82.2068015642 0.0419079966 0.8695072392 0.5170935654 
-82.2100655765 0.0419003336 0.8695604852 0.5171545599 
-82.2133846751 0.0418925426 0.8696146024 0.5172159069 
-82.2167599665 0.0418846211 0.8696696078 0.5172775864 
-82.2201925836 0.0418765665 0.8697255188 0.5173395713 
-82.2236836866 0.0418683762 0.8697823531 0.5174018254 
-82.2272344644 0.0418600474 0.8698401289 0.5174643010 
-82.2308461353 0.0418515773 0.8698988650 0.5175269356 
-82.2345199483 0.0418429631 0.8699585803 0.5175896485 
-82.2382571843 0.0418342019 0.8700192945 0.5176523352 
-82.2420591580 0.0418252908 0.8700810277 0.5177148620 
-82.2459272199 0.0418162265 0.8701438005 0.5177770582 
-82.2498627581 0.0418070060 0.8702076339 0.5178387079 
-82.2538672012 0.0417976259 0.8702725500 0.5178995387 
-82.2579420216 0.0417880831 0.8703385710 0.5179592102 
-82.2620887393 0.0417783739 0.8704057202 0.5180173001 
-82.2663089263 0.0417684949 0.8704740216 0.5180732906 
-82.2706042126 0.0417584423 0.8705435001 0.5181265561 
-82.2749762923 0.0417482122 0.8706141815 0.5181763562 
-82.2794269320 0.0417378008 0.8706860929 0.5182218415 
-82.2839579797 0.0417272037 0.8707592626 0.5182620865 
-82.2885713751 0.0417164166 0.8708337204 0.5182961755 
-82.2932691614 0.0417054348 0.8709094978 0.5183233917 
-82.2980534967 0.0416942535 0.8709866280 0.5183436072 
-82.3029266635 0.0416828674 0.8710651464 0.5183580025 
-82.3078910679 0.0416712710 0.8711450902 0.5183699920 
-82.3104201245 0.0416653646 0.8711857994 0.5183761654 
-82.3130441057 0.0416592372 0.8712280226 0.5183796347 
-82.3157643398 0.0416528860 0.8712717805 0.5183812737 
-82.3185822194 0.0416463077 0.8713170947 0.5183817033 
-82.3214991975 0.0416394992 0.8713639875 0.5183813547 
-82.3245167848 0.0416324568 0.8714124824 0.5183805208 
-82.3276365477 0.0416251772 0.8714626034 0.5183793948 
-82.3308601080 0.0416176565 0.8715143757 0.5183781001 
-82.3341891426 0.0416098912 0.8715678250 0.5183767120 
-82.3376253842 0.0416018771 0.8716229780 0.5183752733 
-82.3411706214 0.0415936103 0.8716798622 0.5183738050 
-82.3448267000 0.0415850867 0.8717385058 0.5183723137 
-82.3485955238 0.0415763019 0.8717989381 0.5183707962 
-82.3524790557 0.0415672514 0.8718611889 0.5183692432 
-82.3564793186 0.0415579309 0.8719252893 0.5183676407 
-82.3605983971 0.0415483355 0.8719912709 0.5183659719 
-82.3648384384 0.0415384604 0.8720591664 0.5183642180 
-82.3692016539 0.0415283007 0.8721290095 0.5183623587 
-82.3736903203 0.0415178513 0.8722008346 0.5183603728 
-82.3783067813 0.0415071069 0.8722746771 0.5183582381 
-82.3830534488 0.0414960621 0.8723505736 0.5183559322 
-82.3879328049 0.0414847114 0.8724285614 0.5183534322 
-82.3929474027 0.0414730490 0.8725086790 0.5183507149 
-82.3980998686 0.0414610691 0.8725909658 0.5183477570 
-82.4033929036 0.0414487657 0.8726754622 0.5183445349 
-82.4088292851 0.0414361325 0.8727622098 0.5183410252 
-82.4144118686 0.0414231633 0.8728512513 0.5183372043 
-82.4201435895 0.0414098515 0.8729426302 0.5183330484 
-82.4260274647 0.0413961904 0.8730363915 0.5183285339 
-82.4320665951 0.0413821731 0.8731325811 0.5183236371 
-82.4382641667 0.0413677926 0.8732312460 0.5183183342 
-82.4446234532 0.0413530416 0.8733324346 0.5183126016 
-82.4511478178 0.0413379127 0.8734361963 0.5183064154 
-82.4578407155 0.0413223983 0.8735425818 0.5182997519 
-82.4647056946 0.0413064905 0.8736516430 0.5182925873 
-82.4717463998 0.0412901814 0.8737634332 0.5182848976 
-82.4789665737 0.0412734627 0.8738780067 0.5182766590 
-82.4863700596 0.0412563259 0.8739954193 0.5182678475 
-82.4939608037 0.0412387625 0.8741157280 0.5182584391 
-82.5017428574 0.0412207635 0.8742389913 0.5182484096 
-82.5097203801 0.0412023200 0.8743652690 0.5182377349 
-82.5178976415 0.0411834225 0.8744946222 0.5182263907 
-82.5262790246 0.0411640615 0.8746271134 0.5182143525 
-82.5348690280 0.0411442273 0.8747628067 0.5182015959 
-82.5436722689 0.0411239099 0.8749017675 0.5181880963 
-82.5526934862 0.0411030989 0.8750440627 0.5181738287 
-82.5619375430 0.0410817838 0.8751897608 0.5181587684 
-82.5714094299 0.0410599540 0.8753389315 0.5181428902 
-82.5811142682 0.0410375983 0.8754916466 0.5181261688 
-82.5910573128 0.0410147055 0.8756479788 0.5181085787 
-82.6012439560 0.0409912640 0.8758080030 0.5180900944 
-82.6116797301 0.0409672619 0.8759717953 0.5180706899 
-82.6223703119 0.0409426872 0.8761394335 0.5180503393 
-82.6333215252 0.0409175274 0.8763109972 0.5180290161 
-82.6445393456 0.0408917698 0.8764865676 0.5180066937 
-82.6560299032 0.0408654015 0.8766662275 0.5179833455 
-82.6677994874 0.0408384090 0.8768500616 0.5179589442 
-82.6798545504 0.0408107788 0.8770381561 0.5179334626 
-82.6922017115 0.0407824969 0.8772305992 0.5179068728 
-82.7048477612 0.0407535491 0.8774274807 0.5178791469 
-82.7177996659 0.0407239207 0.8776288924 0.5178502565 
-82.7310645720 0.0406935969 0.8778349277 0.5178201729 
-82.7446498110 0.0406625622 0.8780456820 0.5177888671 
-82.7585629038 0.0406308012 0.8782612524 0.5177563094 
-82.7728115658 0.0405982978 0.8784817381 0.5177224699 
-82.7874037122 0.0405650357 0.8787072399 0.5176873183 
-82.8023474628 0.0405309981 0.8789378609 0.5176508236 
-82.8176511477 0.0404961679 0.8791737057 0.5176129543 
-82.8333233127 0.0404605276 0.8794148812 0.5175736786 
-82.8493727251 0.0404240594 0.8796614960 0.5175329636 
-82.8658083792 0.0403867448 0.8799136609 0.5174907761 
-82.8826395031 0.0403485653 0.8801714884 0.5174470820 
-82.8998755643 0.0403095017 0.8804350932 0.5174018464 
-82.9175262762 0.0402695344 0.8807045920 0.5173550335 
-82.9356016053 0.0402286435 0.8809801034 0.5173066065 
-82.9541117775 0.0401868085 0.8812617481 0.5172565274 
-82.9730672853 0.0401440086 0.8815496488 0.5172047571 
-82.9924788953 0.0401002223 0.8818439302 0.5171512549 
-83.0123576556 0.0400554279 0.8821447189 0.5170959787 
-83.0327149035 0.0400096031 0.8824521439 0.5170388844 
-83.0535622740 0.0399627252 0.8827663357 0.5169799259 
-83.0749117075 0.0399147707 0.8830874273 0.5169190547 
-83.0967754589 0.0398657160 0.8834155535 0.5168562194 
-83.1191661062 0.0398155368 0.8837508509 0.5167913657 
-83.1420965600 0.0397642082 0.8840934584 0.5167244352 
-83.1655800727 0.0397117048 0.8844435168 0.5166553655 
-83.1896302486 0.0396580009 0.8848011686 0.5165840887 
-83.2142610541 0.0396030698 0.8851665585 0.5165105312 
-83.2394868282 0.0395468847 0.8855398331 0.5164346121 
-83.2653222938 0.0394894179 0.8859211407 0.5163562418 
-83.2917825686 0.0394306411 0.8863106315 0.5162753208 
-83.3188831776 0.0393705258 0.8867084576 0.5161917373 
-83.3466400650 0.0393090423 0.8871147728 0.5161053650 
-83.3750696073 0.0392461608 0.8875297326 0.5160160596 
-83.4041886266 0.0391818507 0.8879534942 0.5159236556 
-83.4340144049 0.0391160805 0.8883862164 0.5158279614 
-83.4645646983 0.0390488184 0.8888280597 0.5157287534 
-83.4958577530 0.0389800318 0.8892791860 0.5156257692 
-83.5279123210 0.0389096874 0.8897397587 0.5155186983 
-83.5607476775 0.0388377512 0.8902099427 0.5154071711 
-83.5943836386 0.0387641885 0.8906899039 0.5152907449 
-83.6288405810 0.0386889638 0.8911798100 0.5151688859 
-83.6641394620 0.0386120411 0.8916798294 0.5150409477 
-83.7003018413 0.0385333832 0.8921901321 0.5149061423 
-83.7373499051 0.0384529526 0.8927108888 0.5147635053 
-83.7753064913 0.0383707107 0.8932422715 0.5146118508 
-83.8141951172 0.0382866181 0.8937844531 0.5144497148 
-83.8540400106 0.0382006345 0.8943376076 0.5142752835 
-83.8948661437 0.0381127188 0.8949019099 0.5140863035 
-83.9366992707 0.0380228288 0.8954775358 0.5138799701 
-83.9795659713 0.0379309216 0.8960646623 0.5136527905 
-84.0234936990 0.0378369529 0.8966634677 0.5134004213 
-84.0685108374 0.0377408774 0.8972741314 0.5131174865 
-84.1146467649 0.0376426486 0.8978968345 0.5127973963 
-84.1619319300 0.0375422187 0.8985317602 0.5124322086 
-84.2103979376 0.0374395384 0.8991790939 0.5120125792 
-84.2600776552 0.0373345568 0.8998390241 0.5115287171 
-84.3110054912 0.0372272208 0.9005117456 0.5109915957 
-84.3632177595 0.0371174747 0.9011974627 0.5104851919 
-84.4167512489 0.0370052629 0.9018963694 0.5100724901 
-84.4716424373 0.0368905319 0.9026086371 0.5097540321 
-82.3104201245 0.0416653646 0.8711857994 0.5183761654 
-82.3130441057 0.0416592372 0.8712280226 0.5183796347 
-82.3157643398 0.0416528860 0.8712717805 0.5183812737 
-82.3185822194 0.0416463077 0.8713170947 0.5183817033 
-82.3214991975 0.0416394992 0.8713639875 0.5183813547 
-82.3245167848 0.0416324568 0.8714124824 0.5183805208 
-82.3276365477 0.0416251772 0.8714626034 0.5183793948 
-82.3308601080 0.0416176565 0.8715143757 0.5183781001 
-82.3341891426 0.0416098912 0.8715678250 0.5183767120 
-82.3376253842 0.0416018771 0.8716229780 0.5183752733 
-82.3411706214 0.0415936103 0.8716798622 0.5183738050 
-82.3448267000 0.0415850867 0.8717385058 0.5183723137 
-82.3485955238 0.0415763019 0.8717989381 0.5183707962 
-82.3524790557 0.0415672514 0.8718611889 0.5183692432 
-82.3564793186 0.0415579309 0.8719252893 0.5183676407 
-82.3605983971 0.0415483355 0.8719912709 0.5183659719 
-82.3648384384 0.0415384604 0.8720591664 0.5183642180 
-82.3692016539 0.0415283007 0.8721290095 0.5183623587 
-82.3736903203 0.0415178513 0.8722008346 0.5183603728 
-82.3783067813 0.0415071069 0.8722746771 0.5183582381 
-82.3830534488 0.0414960621 0.8723505736 0.5183559322 
-82.3879328049 0.0414847114 0.8724285614 0.5183534322 
-82.3929474027 0.0414730490 0.8725086790 0.5183507149 
-82.3980998686 0.0414610691 0.8725909658 0.5183477570 
-82.4033929036 0.0414487657 0.8726754622 0.5183445349 
-82.4088292851 0.0414361325 0.8727622098 0.5183410252 
-82.4144118686 0.0414231633 0.8728512513 0.5183372043 
-82.4201435895 0.0414098515 0.8729426302 0.5183330484 
-82.4260274647 0.0413961904 0.8730363915 0.5183285339 
-82.4320665951 0.0413821731 0.8731325811 0.5183236371 
-82.4382641667 0.0413677926 0.8732312460 0.5183183342 
-82.4446234532 0.0413530416 0.8733324346 0.5183126016 
-82.4511478178 0.0413379127 0.8734361963 0.5183064154 
-82.4578407155 0.0413223983 0.8735425818 0.5182997519 
-82.4647056946 0.0413064905 0.8736516430 0.5182925873 
-82.4717463998 0.0412901814 0.8737634332 0.5182848976 
-82.4789665737 0.0412734627 0.8738780067 0.5182766590 
-82.4863700596 0.0412563259 0.8739954193 0.5182678475 
-82.4939608037 0.0412387625 0.8741157280 0.5182584391 
-82.5017428574 0.0412207635 0.8742389913 0.5182484096 
-82.5097203801 0.0412023200 0.8743652690 0.5182377349 
-82.5178976415 0.0411834225 0.8744946222 0.5182263907 
-82.5262790246 0.0411640615 0.8746271134 0.5182143525 
-82.5348690280 0.0411442273 0.8747628067 0.5182015959 
-82.5436722689 0.0411239099 0.8749017675 0.5181880963 
-82.5526934862 0.0411030989 0.8750440627 0.5181738287 
-82.5619375430 0.0410817838 0.8751897608 0.5181587684 
-82.5714094299 0.0410599540 0.8753389315 0.5181428902 
-82.5811142682 0.0410375983 0.8754916466 0.5181261688 
-82.5910573128 0.0410147055 0.8756479788 0.5181085787 
-82.6012439560 0.0409912640 0.8758080030 0.5180900944 
-82.6116797301 0.0409672619 0.8759717953 0.5180706899 
-82.6223703119 0.0409426872 0.8761394335 0.5180503393 
-82.6333215252 0.0409175274 0.8763109972 0.5180290161 
-82.6445393456 0.0408917698 0.8764865676 0.5180066937 
-82.6560299032 0.0408654015 0.8766662275 0.5179833455 
-82.6677994874 0.0408384090 0.8768500616 0.5179589442 
-82.6798545504 0.0408107788 0.8770381561 0.5179334626 
-82.6922017115 0.0407824969 0.8772305992 0.5179068728 
-82.7048477612 0.0407535491 0.8774274807 0.5178791469 
-82.7177996659 0.0407239207 0.8776288924 0.5178502565 
-82.7310645720 0.0406935969 0.8778349277 0.5178201729 
-82.7446498110 0.0406625622 0.8780456820 0.5177888671 
-82.7585629038 0.0406308012 0.8782612524 0.5177563094 
-82.7728115658 0.0405982978 0.8784817381 0.5177224699 
-82.7874037122 0.0405650357 0.8787072399 0.5176873183 
-82.8023474628 0.0405309981 0.8789378609 0.5176508236 
-82.8176511477 0.0404961679 0.8791737057 0.5176129543 
-82.8333233127 0.0404605276 0.8794148812 0.5175736786 
-82.8493727251 0.0404240594 0.8796614960 0.5175329636 
-82.8658083792 0.0403867448 0.8799136609 0.5174907761 
-82.8826395031 0.0403485653 0.8801714884 0.5174470820 
-82.8998755643 0.0403095017 0.8804350932 0.5174018464 
-82.9175262762 0.0402695344 0.8807045920 0.5173550335 
-82.9356016053 0.0402286435 0.8809801034 0.5173066065 
-82.9541117775 0.0401868085 0.8812617481 0.5172565274 
-82.9730672853 0.0401440086 0.8815496488 0.5172047571 
-82.9924788953 0.0401002223 0.8818439302 0.5171512549 
-83.0123576556 0.0400554279 0.8821447189 0.5170959787 
-83.0327149035 0.0400096031 0.8824521439 0.5170388844 
-83.0535622740 0.0399627252 0.8827663357 0.5169799259 
-83.0749117075 0.0399147707 0.8830874273 0.5169190547 
-83.0967754589 0.0398657160 0.8834155535 0.5168562194 
-83.1191661062 0.0398155368 0.8837508509 0.5167913657 
-83.1420965600 0.0397642082 0.8840934584 0.5167244352 
-83.1655800727 0.0397117048 0.8844435168 0.5166553655 
-83.1896302486 0.0396580009 0.8848011686 0.5165840887 
-83.2142610541 0.0396030698 0.8851665585 0.5165105312 
-83.2394868282 0.0395468847 0.8855398331 0.5164346121 
-83.2653222938 0.0394894179 0.8859211407 0.5163562418 
-83.2917825686 0.0394306411 0.8863106315 0.5162753208 
-83.3188831776 0.0393705258 0.8867084576 0.5161917373 
-83.3466400650 0.0393090423 0.8871147728 0.5161053650 
-83.3750696073 0.0392461608 0.8875297326 0.5160160596 
-83.4041886266 0.0391818507 0.8879534942 0.5159236556 
-83.4340144049 0.0391160805 0.8883862164 0.5158279614 
-83.4645646983 0.0390488184 0.8888280597 0.5157287534 
-83.4958577530 0.0389800318 0.8892791860 0.5156257692 
-83.5279123210 0.0389096874 0.8897397587 0.5155186983 
-83.5607476775 0.0388377512 0.8902099427 0.5154071711 
-83.5943836386 0.0387641885 0.8906899039 0.5152907449 
-83.6288405810 0.0386889638 0.8911798100 0.5151688859 
-83.6641394620 0.0386120411 0.8916798294 0.5150409477 
-83.7003018413 0.0385333832 0.8921901321 0.5149061423 
-83.7373499051 0.0384529526 0.8927108888 0.5147635053 
-83.7753064913 0.0383707107 0.8932422715 0.5146118508 
-83.8141951172 0.0382866181 0.8937844531 0.5144497148 
-83.8540400106 0.0382006345 0.8943376076 0.5142752835 
-83.8948661437 0.0381127188 0.8949019099 0.5140863035 
-83.9366992707 0.0380228288 0.8954775358 0.5138799701 
-83.9795659713 0.0379309216 0.8960646623 0.5136527905 
-84.0234936990 0.0378369529 0.8966634677 0.5134004213 
-84.0685108374 0.0377408774 0.8972741314 0.5131174865 
-84.1146467649 0.0376426486 0.8978968345 0.5127973963 
-84.1619319300 0.0375422187 0.8985317602 0.5124322086 
-84.2103979376 0.0374395384 0.8991790939 0.5120125792 
-84.2600776552 0.0373345568 0.8998390241 0.5115287171 
-84.3110054912 0.0372272208 0.9005117456 0.5109915957 
-84.3632177595 0.0371174747 0.9011974627 0.5104851919 
-84.4167512489 0.0370052629 0.9018963694 0.5100724901 
-84.4716424373 0.0368905319 0.9026086371 0.5097540321 
-82.0480518661 0.0422823047 0.8668736903 0.5132480846 
-82.0487715984 0.0422806003 0.8668859540 0.5132651634 
-82.0495034347 0.0422788673 0.8668984158 0.5132812261 
-82.0502475702 0.0422771052 0.8669110791 0.5132968752 
-82.0510042086 0.0422753137 0.8669239472 0.5133125333 
-82.0517735583 0.0422734921 0.8669370236 0.5133284906 
-82.0525558307 0.0422716400 0.8669503120 0.5133449417 
-82.0533512383 0.0422697569 0.8669638157 0.5133620141 
-82.0541599941 0.0422678423 0.8669775385 0.5133797888 
-82.0549823112 0.0422658957 0.8669914839 0.5133983152 
-82.0558184023 0.0422639166 0.8670056554 0.5134176211 
-82.0566684798 0.0422619045 0.8670200565 0.5134377207 
-82.0575327556 0.0422598588 0.8670346907 0.5134586185 
-82.0584114415 0.0422577792 0.8670495616 0.5134803126 
-82.0593047492 0.0422556651 0.8670646726 0.5135027974 
-82.0602128904 0.0422535159 0.8670800272 0.5135260641 
-82.0611360769 0.0422513313 0.8670956288 0.5135501023 
-82.0620745211 0.0422491107 0.8671114809 0.5135749004 
-82.0630284360 0.0422468536 0.8671275871 0.5136004459 
-82.0639980356 0.0422445596 0.8671439507 0.5136267258 
-82.0649835349 0.0422422280 0.8671605753 0.5136537270 
-82.0659851502 0.0422398584 0.8671774643 0.5136814361 
-82.0670030995 0.0422374504 0.8671946212 0.5137098399 
-82.0680376025 0.0422350033 0.8672120497 0.5137389252 
-82.0690888809 0.0422325167 0.8672297533 0.5137686788 
-82.0701571589 0.0422299900 0.8672477355 0.5137990880 
-82.0712426630 0.0422274228 0.8672659999 0.5138301402 
-82.0723456224 0.0422248144 0.8672845503 0.5138618229 
-82.0734662694 0.0422221643 0.8673033904 0.5138941241 
-82.0746048395 0.0422194720 0.8673225238 0.5139270320 
-82.0757615715 0.0422167370 0.8673419545 0.5139605350 
-82.0769367079 0.0422139586 0.8673616861 0.5139946221 
-82.0781304952 0.0422111363 0.8673817227 0.5140292822 
-82.0793431840 0.0422082696 0.8674020682 0.5140645048 
-82.0805750290 0.0422053577 0.8674227267 0.5141002797 
-82.0818262897 0.0422024001 0.8674437022 0.5141365968 
-82.0830972305 0.0421993962 0.8674649989 0.5141734464 
-82.0843881205 0.0421963454 0.8674866210 0.5142108193 
-82.0856992343 0.0421932470 0.8675085729 0.5142487063 
-82.0870308519 0.0421901004 0.8675308591 0.5142870987 
-82.0883832592 0.0421869049 0.8675534838 0.5143259880 
-82.0897567476 0.0421836598 0.8675764519 0.5143653659 
-82.0911516152 0.0421803645 0.8675997679 0.5144052247 
-82.0925681662 0.0421770182 0.8676234366 0.5144455566 
-82.0940067114 0.0421736202 0.8676474629 0.5144863543 
-82.0954675687 0.0421701697 0.8676718518 0.5145276107 
-82.0969510629 0.0421666661 0.8676966084 0.5145693190 
-82.0984575264 0.0421631085 0.8677217379 0.5146114728 
-82.0999872988 0.0421594962 0.8677472455 0.5146540656 
-82.1015407278 0.0421558283 0.8677731368 0.5146970916 
-82.1031181693 0.0421521040 0.8677994174 0.5147405449 
-82.1047199870 0.0421483225 0.8678260928 0.5147844201 
-82.1063465537 0.0421444829 0.8678531690 0.5148287120 
-82.1079982507 0.0421405844 0.8678806519 0.5148734155 
-82.1096754683 0.0421366259 0.8679085476 0.5149185260 
-82.1113786065 0.0421326067 0.8679368624 0.5149640389 
-82.1131080744 0.0421285256 0.8679656026 0.5150099502 
-82.1148642911 0.0421243819 0.8679947749 0.5150562557 
-82.1166476859 0.0421201744 0.8680243858 0.5151029518 
-82.1184586984 0.0421159022 0.8680544423 0.5151500351 
-82.1202977787 0.0421115642 0.8680849515 0.5151975022 
-82.1221653879 0.0421071593 0.8681159204 0.5152453503 
-82.1240619982 0.0421026865 0.8681473565 0.5152935766 
-82.1259880933 0.0420981446 0.8681792674 0.5153421787 
-82.1279441688 0.0420935325 0.8682116607 0.5153911543 
-82.1299307319 0.0420888489 0.8682445443 0.5154405015 
-82.1319483026 0.0420840928 0.8682779265 0.5154902186 
-82.1339974131 0.0420792629 0.8683118154 0.5155403042 
-82.1360786087 0.0420743579 0.8683462196 0.5155907569 
-82.1381924480 0.0420693765 0.8683811477 0.5156415759 
-82.1403395031 0.0420643174 0.8684166088 0.5156927606 
-82.1425203597 0.0420591793 0.8684526118 0.5157443104 
-82.1447356179 0.0420539607 0.8684891662 0.5157962251 
-82.1469858923 0.0420486602 0.8685262815 0.5158485049 
-82.1492718123 0.0420432764 0.8685639675 0.5159011501 
-82.1515940223 0.0420378079 0.8686022342 0.5159541612 
-82.1539531825 0.0420322530 0.8686410919 0.5160075392 
-82.1563499687 0.0420266102 0.8686805511 0.5160612849 
-82.1587850730 0.0420208779 0.8687206226 0.5161153997 
-82.1612592041 0.0420150545 0.8687613172 0.5161698852 
-82.1637730876 0.0420091384 0.8688026464 0.5162247430 
-82.1663274665 0.0420031277 0.8688446216 0.5162799750 
-82.1689231016 0.0419970208 0.8688872547 0.5163355833 
-82.1715607714 0.0419908158 0.8689305576 0.5163915700 
-82.1742412734 0.0419845110 0.8689745428 0.5164479375 
-82.1769654238 0.0419781044 0.8690192229 0.5165046879 
-82.1797340580 0.0419715942 0.8690646108 0.5165618236 
-82.1825480315 0.0419649783 0.8691107197 0.5166193467 
-82.1854082198 0.0419582547 0.8691575632 0.5166772591 
-82.1883155191 0.0419514215 0.8692051551 0.5167355623 
-82.1912708468 0.0419444764 0.8692535095 0.5167942571 
-82.1942751420 0.0419374173 0.8693026411 0.5168533439 
-82.1973293657 0.0419302421 0.8693525645 0.5169128215 
-82.2004345020 0.0419229485 0.8694032949 0.5169726876 
-82.2035915578 0.0419155341 0.8694548479 0.5170329379 
-82.2068015642 0.0419079966 0.8695072392 0.5170935654 
-82.2100655765 0.0419003336 0.8695604852 0.5171545599 
-82.2133846751 0.0418925426 0.8696146024 0.5172159069 
-82.2167599665 0.0418846211 0.8696696078 0.5172775864 
-82.2201925836 0.0418765665 0.8697255188 0.5173395713 
-82.2236836866 0.0418683762 0.8697823531 0.5174018254 
-82.2272344644 0.0418600474 0.8698401289 0.5174643010 
-82.2308461353 0.0418515773 0.8698988650 0.5175269356 
-82.2345199483 0.0418429631 0.8699585803 0.5175896485 
-82.2382571843 0.0418342019 0.8700192945 0.5176523352 
-82.2420591580 0.0418252908 0.8700810277 0.5177148620 
-82.2459272199 0.0418162265 0.8701438005 0.5177770582 
-82.2498627581 0.0418070060 0.8702076339 0.5178387079 
-82.2538672012 0.0417976259 0.8702725500 0.5178995387 
-82.2579420216 0.0417880831 0.8703385710 0.5179592102 
-82.2620887393 0.0417783739 0.8704057202 0.5180173001 
-82.2663089263 0.0417684949 0.8704740216 0.5180732906 
-82.2706042126 0.0417584423 0.8705435001 0.5181265561 
-82.2749762923 0.0417482122 0.8706141815 0.5181763562 
-82.2794269320 0.0417378008 0.8706860929 0.5182218415 
-82.2839579797 0.0417272037 0.8707592626 0.5182620865 
-82.2885713751 0.0417164166 0.8708337204 0.5182961755 
-82.2932691614 0.0417054348 0.8709094978 0.5183233917 
-82.2980534967 0.0416942535 0.8709866280 0.5183436072 
-82.3029266635 0.0416828674 0.8710651464 0.5183580025 
-82.3078910679 0.0416712710 0.8711450902 0.5183699920 
-82.3104201245 0.0416653646 0.8711857994 0.5183761654 
-82.3130441057 0.0416592372 0.8712280226 0.5183796347 
-82.3157643398 0.0416528860 0.8712717805 0.5183812737 
-82.3185822194 0.0416463077 0.8713170947 0.5183817033 
-82.3214991975 0.0416394992 0.8713639875 0.5183813547 
-82.3245167848 0.0416324568 0.8714124824 0.5183805208 
-82.3276365477 0.0416251772 0.8714626034 0.5183793948 
-82.3308601080 0.0416176565 0.8715143757 0.5183781001 
-82.3341891426 0.0416098912 0.8715678250 0.5183767120 
-82.3376253842 0.0416018771 0.8716229780 0.5183752733 
-82.3411706214 0.0415936103 0.8716798622 0.5183738050 
-82.3448267000 0.0415850867 0.8717385058 0.5183723137 
-82.3485955239 0.0415763019 0.8717989381 0.5183707962 
-82.3524790557 0.0415672514 0.8718611889 0.5183692432 
-82.3564793186 0.0415579309 0.8719252893 0.5183676407 
-82.3605983971 0.0415483355 0.8719912709 0.5183659719 
-82.3648384384 0.0415384604 0.8720591664 0.5183642180 
-82.3692016539 0.0415283007 0.8721290095 0.5183623587 
-82.3736903203 0.0415178513 0.8722008346 0.5183603728 
-82.3783067813 0.0415071069 0.8722746771 0.5183582381 
-82.3830534488 0.0414960621 0.8723505736 0.5183559322 
-82.3879328049 0.0414847114 0.8724285614 0.5183534322 
-82.3929474027 0.0414730490 0.8725086790 0.5183507149 
-82.3980998686 0.0414610691 0.8725909658 0.5183477570 
-82.4033929036 0.0414487657 0.8726754622 0.5183445349 
-82.4088292851 0.0414361325 0.8727622098 0.5183410252 
-82.4144118686 0.0414231633 0.8728512513 0.5183372043 
-82.4201435895 0.0414098515 0.8729426302 0.5183330484 
-82.4260274647 0.0413961904 0.8730363915 0.5183285339 
-82.4320665951 0.0413821731 0.8731325811 0.5183236371 
-82.4382641667 0.0413677926 0.8732312460 0.5183183342 
-82.4446234532 0.0413530416 0.8733324346 0.5183126016 
-82.4511478178 0.0413379127 0.8734361963 0.5183064154 
-82.4578407155 0.0413223983 0.8735425818 0.5182997519 
-82.4647056946 0.0413064905 0.8736516430 0.5182925873 
-82.4717463998 0.0412901814 0.8737634332 0.5182848976 
-82.4789665737 0.0412734627 0.8738780067 0.5182766590 
-82.4863700596 0.0412563259 0.8739954193 0.5182678475 
-82.4939608037 0.0412387625 0.8741157280 0.5182584391 
-82.5017428574 0.0412207635 0.8742389913 0.5182484096 
-82.5097203801 0.0412023200 0.8743652690 0.5182377349 
-82.5178976415 0.0411834225 0.8744946222 0.5182263907 
-82.5262790246 0.0411640615 0.8746271134 0.5182143525 
-82.5348690280 0.0411442273 0.8747628067 0.5182015959 
-82.5436722689 0.0411239099 0.8749017675 0.5181880963 
-82.5526934862 0.0411030989 0.8750440627 0.5181738287 
-82.5619375430 0.0410817838 0.8751897608 0.5181587684 
-82.5714094299 0.0410599540 0.8753389315 0.5181428902 
-82.5811142682 0.0410375983 0.8754916466 0.5181261688 
-82.5910573128 0.0410147055 0.8756479788 0.5181085787 
-82.6012439560 0.0409912640 0.8758080030 0.5180900944 
-82.6116797301 0.0409672619 0.8759717953 0.5180706899 
-82.6223703119 0.0409426872 0.8761394335 0.5180503393 
-82.6333215252 0.0409175274 0.8763109972 0.5180290161 
-82.6445393456 0.0408917698 0.8764865676 0.5180066937 
-82.6560299032 0.0408654015 0.8766662275 0.5179833455 
-82.6677994874 0.0408384090 0.8768500616 0.5179589442 
-82.6798545504 0.0408107788 0.8770381561 0.5179334626 
-82.6922017115 0.0407824969 0.8772305992 0.5179068728 
-82.7048477612 0.0407535491 0.8774274807 0.5178791469 
-82.7177996659 0.0407239207 0.8776288924 0.5178502565 
-82.7310645720 0.0406935969 0.8778349277 0.5178201729 
-82.7446498110 0.0406625622 0.8780456820 0.5177888671 
-82.7585629038 0.0406308012 0.8782612524 0.5177563094 
-82.7728115658 0.0405982978 0.8784817381 0.5177224699 
-82.7874037122 0.0405650357 0.8787072399 0.5176873183 
-82.8023474628 0.0405309981 0.8789378609 0.5176508236 
-82.8176511477 0.0404961679 0.8791737057 0.5176129543 
-82.8333233127 0.0404605276 0.8794148812 0.5175736786 
-82.8493727251 0.0404240594 0.8796614960 0.5175329636 
-82.8658083792 0.0403867448 0.8799136609 0.5174907761 
-82.8826395031 0.0403485653 0.8801714884 0.5174470820 
-82.8998755643 0.0403095017 0.8804350932 0.5174018464 
-82.9175262762 0.0402695344 0.8807045920 0.5173550335 
-82.9356016053 0.0402286435 0.8809801034 0.5173066065 
-82.9541117775 0.0401868085 0.8812617481 0.5172565274 
-82.9730672853 0.0401440086 0.8815496488 0.5172047571 
-82.9924788953 0.0401002223 0.8818439302 0.5171512549 
-83.0123576556 0.0400554279 0.8821447189 0.5170959787 
-83.0327149035 0.0400096031 0.8824521439 0.5170388844 
-83.0535622740 0.0399627252 0.8827663357 0.5169799259 
-83.0749117075 0.0399147707 0.8830874273 0.5169190547 
-83.0967754589 0.0398657160 0.8834155535 0.5168562194 
-83.1191661062 0.0398155368 0.8837508509 0.5167913657 
-83.1420965600 0.0397642082 0.8840934584 0.5167244352 
-83.1655800727 0.0397117048 0.8844435168 0.5166553655 
-83.1896302486 0.0396580009 0.8848011686 0.5165840887 
-83.2142610541 0.0396030698 0.8851665585 0.5165105312 
-83.2394868282 0.0395468847 0.8855398331 0.5164346121 
-83.2653222938 0.0394894179 0.8859211407 0.5163562418 
-83.2917825686 0.0394306411 0.8863106315 0.5162753208 
-83.3188831776 0.0393705258 0.8867084576 0.5161917373 
-83.3466400650 0.0393090423 0.8871147728 0.5161053650 
-83.3750696073 0.0392461608 0.8875297326 0.5160160596 
-83.4041886266 0.0391818507 0.8879534942 0.5159236556 
-83.4340144049 0.0391160805 0.8883862164 0.5158279614 
-83.4645646983 0.0390488184 0.8888280597 0.5157287534 
-83.4958577530 0.0389800318 0.8892791860 0.5156257692 
-83.5279123210 0.0389096874 0.8897397587 0.5155186983 
-83.5607476775 0.0388377512 0.8902099427 0.5154071711 
-83.5943836386 0.0387641885 0.8906899039 0.5152907449 
-83.6288405810 0.0386889638 0.8911798100 0.5151688859 
-83.6641394620 0.0386120411 0.8916798294 0.5150409477 
-83.7003018413 0.0385333832 0.8921901321 0.5149061423 
-83.7373499051 0.0384529526 0.8927108888 0.5147635053 
-83.7753064913 0.0383707107 0.8932422715 0.5146118508 
-83.8141951172 0.0382866181 0.8937844531 0.5144497148 
-83.8540400106 0.0382006345 0.8943376076 0.5142752835 
-83.8948661437 0.0381127188 0.8949019099 0.5140863035 
-83.9366992707 0.0380228288 0.8954775358 0.5138799701 
-83.9795659713 0.0379309216 0.8960646623 0.5136527905 
-84.0234936990 0.0378369529 0.8966634677 0.5134004213 
-84.0685108374 0.0377408774 0.8972741314 0.5131174865 
-84.1146467649 0.0376426486 0.8978968345 0.5127973963 
-84.1619319300 0.0375422187 0.8985317602 0.5124322086 
-84.2103979376 0.0374395384 0.8991790939 0.5120125792 
-84.2600776552 0.0373345568 0.8998390241 0.5115287171 
-84.3110054912 0.0372272208 0.9005117456 0.5109915957 
-84.3632177595 0.0371174747 0.9011974627 0.5104851919 
-84.4167512489 0.0370052629 0.9018963694 0.5100724901 
-84.4716424373 0.0368905319 0.9026086371 0.5097540321 
-82.3104201245 0.0416653646 0.8711857994 0.5183761654 
-82.3130441057 0.0416592372 0.8712280226 0.5183796347 
-82.3157643398 0.0416528860 0.8712717805 0.5183812737 
-82.3185822194 0.0416463077 0.8713170947 0.5183817033 
-82.3214991975 0.0416394992 0.8713639875 0.5183813547 
-82.3245167848 0.0416324568 0.8714124824 0.5183805208 
-82.3276365477 0.0416251772 0.8714626034 0.5183793948 
-82.3308601080 0.0416176565 0.8715143757 0.5183781001 
-82.3341891426 0.0416098912 0.8715678250 0.5183767120 
-82.3376253842 0.0416018771 0.8716229780 0.5183752733 
-82.3411706214 0.0415936103 0.8716798622 0.5183738050 
-82.3448267000 0.0415850867 0.8717385058 0.5183723137 
-82.3485955238 0.0415763019 0.8717989381 0.5183707962 
-82.3524790557 0.0415672514 0.8718611889 0.5183692432 
-82.3564793186 0.0415579309 0.8719252893 0.5183676407 
-82.3605983971 0.0415483355 0.8719912709 0.5183659719 
-82.3648384384 0.0415384604 0.8720591664 0.5183642180 
-82.3692016539 0.0415283007 0.8721290095 0.5183623587 
-82.3736903203 0.0415178513 0.8722008346 0.5183603728 
-82.3783067813 0.0415071069 0.8722746771 0.5183582381 
-82.3830534488 0.0414960621 0.8723505736 0.5183559322 
-82.3879328049 0.0414847114 0.8724285614 0.5183534322 
-82.3929474027 0.0414730490 0.8725086790 0.5183507149 
-82.3980998686 0.0414610691 0.8725909658 0.5183477570 
-82.4033929036 0.0414487657 0.8726754622 0.5183445349 
-82.4088292851 0.0414361325 0.8727622098 0.5183410252 
-82.4144118686 0.0414231633 0.8728512513 0.5183372043 
-82.4201435895 0.0414098515 0.8729426302 0.5183330484 
-82.4260274647 0.0413961904 0.8730363915 0.5183285339 
-82.4320665951 0.0413821731 0.8731325811 0.5183236371 
-82.4382641667 0.0413677926 0.8732312460 0.5183183342 
-82.4446234532 0.0413530416 0.8733324346 0.5183126016 
-82.4511478178 0.0413379127 0.8734361963 0.5183064154 
-82.4578407155 0.0413223983 0.8735425818 0.5182997519 
-82.4647056946 0.0413064905 0.8736516430 0.5182925873 
-82.4717463998 0.0412901814 0.8737634332 0.5182848976 
-82.4789665737 0.0412734627 0.8738780067 0.5182766590 
-82.4863700596 0.0412563259 0.8739954193 0.5182678475 
-82.4939608037 0.0412387625 0.8741157280 0.5182584391 
-82.5017428574 0.0412207635 0.8742389913 0.5182484096 
-82.5097203801 0.0412023200 0.8743652690 0.5182377349 
-82.5178976415 0.0411834225 0.8744946222 0.5182263907 
-82.5262790246 0.0411640615 0.8746271134 0.5182143525 
-82.5348690280 0.0411442273 0.8747628067 0.5182015959 
-82.5436722689 0.0411239099 0.8749017675 0.5181880963 
-82.5526934862 0.0411030989 0.8750440627 0.5181738287 
-82.5619375430 0.0410817838 0.8751897608 0.5181587684 
-82.5714094299 0.0410599540 0.8753389315 0.5181428902 
-82.5811142682 0.0410375983 0.8754916466 0.5181261688 
-82.5910573128 0.0410147055 0.8756479788 0.5181085787 
-82.6012439560 0.0409912640 0.8758080030 0.5180900944 
-82.6116797301 0.0409672619 0.8759717953 0.5180706899 
-82.6223703119 0.0409426872 0.8761394335 0.5180503393 
-82.6333215252 0.0409175274 0.8763109972 0.5180290161 
-82.6445393456 0.0408917698 0.8764865676 0.5180066937 
-82.6560299032 0.0408654015 0.8766662275 0.5179833455 
-82.6677994874 0.0408384090 0.8768500616 0.5179589442 
-82.6798545504 0.0408107788 0.8770381561 0.5179334626 
-82.6922017115 0.0407824969 0.8772305992 0.5179068728 
-82.7048477612 0.0407535491 0.8774274807 0.5178791469 
-82.7177996659 0.0407239207 0.8776288924 0.5178502565 
-82.7310645720 0.0406935969 0.8778349277 0.5178201729 
-82.7446498110 0.0406625622 0.8780456820 0.5177888671 
-82.7585629038 0.0406308012 0.8782612524 0.5177563094 
-82.7728115658 0.0405982978 0.8784817381 0.5177224699 
-82.7874037122 0.0405650357 0.8787072399 0.5176873183 
-82.8023474628 0.0405309981 0.8789378609 0.5176508236 
-82.8176511477 0.0404961679 0.8791737057 0.5176129543 
-82.8333233127 0.0404605276 0.8794148812 0.5175736786 
-82.8493727251 0.0404240594 0.8796614960 0.5175329636 
-82.8658083792 0.0403867448 0.8799136609 0.5174907761 
-82.8826395031 0.0403485653 0.8801714884 0.5174470820 
-82.8998755643 0.0403095017 0.8804350932 0.5174018464 
-82.9175262762 0.0402695344 0.8807045920 0.5173550335 
-82.9356016053 0.0402286435 0.8809801034 0.5173066065 
-82.9541117775 0.0401868085 0.8812617481 0.5172565274 
-82.9730672853 0.0401440086 0.8815496488 0.5172047571 
-82.9924788953 0.0401002223 0.8818439302 0.5171512549 
-83.0123576556 0.0400554279 0.8821447189 0.5170959787 
-83.0327149035 0.0400096031 0.8824521439 0.5170388844 
-83.0535622740 0.0399627252 0.8827663357 0.5169799259 
-83.0749117075 0.0399147707 0.8830874273 0.5169190547 
-83.0967754589 0.0398657160 0.8834155535 0.5168562194 
-83.1191661062 0.0398155368 0.8837508509 0.5167913657 
-83.1420965600 0.0397642082 0.8840934584 0.5167244352 
-83.1655800727 0.0397117048 0.8844435168 0.5166553655 
-83.1896302486 0.0396580009 0.8848011686 0.5165840887 
-83.2142610541 0.0396030698 0.8851665585 0.5165105312 
-83.2394868282 0.0395468847 0.8855398331 0.5164346121 
-83.2653222938 0.0394894179 0.8859211407 0.5163562418 
-83.2917825686 0.0394306411 0.8863106315 0.5162753208 
-83.3188831776 0.0393705258 0.8867084576 0.5161917373 
-83.3466400650 0.0393090423 0.8871147728 0.5161053650 
-83.3750696073 0.0392461608 0.8875297326 0.5160160596 
-83.4041886266 0.0391818507 0.8879534942 0.5159236556 
-83.4340144049 0.0391160805 0.8883862164 0.5158279614 
-83.4645646983 0.0390488184 0.8888280597 0.5157287534 
-83.4958577530 0.0389800318 0.8892791860 0.5156257692 
-83.5279123210 0.0389096874 0.8897397587 0.5155186983 
-83.5607476775 0.0388377512 0.8902099427 0.5154071711 
-83.5943836386 0.0387641885 0.8906899039 0.5152907449 
-83.6288405810 0.0386889638 0.8911798100 0.5151688859 
-83.6641394620 0.0386120411 0.8916798294 0.5150409477 
-83.7003018413 0.0385333832 0.8921901321 0.5149061423 
-83.7373499051 0.0384529526 0.8927108888 0.5147635053 
-83.7753064913 0.0383707107 0.8932422715 0.5146118508 
-83.8141951172 0.0382866181 0.8937844531 0.5144497148 
-83.8540400106 0.0382006345 0.8943376076 0.5142752835 
-83.8948661437 0.0381127188 0.8949019099 0.5140863035 
-83.9366992707 0.0380228288 0.8954775358 0.5138799701 
-83.9795659713 0.0379309216 0.8960646623 0.5136527905 
-84.0234936990 0.0378369529 0.8966634677 0.5134004213 
-84.0685108374 0.0377408774 0.8972741314 0.5131174865 
-84.1146467650 0.0376426486 0.8978968345 0.5127973963 
-84.1619319300 0.0375422187 0.8985317602 0.5124322086 
-84.2103979376 0.0374395384 0.8991790939 0.5120125792 
-84.2600776552 0.0373345568 0.8998390241 0.5115287171 
-84.3110054912 0.0372272208 0.9005117456 0.5109915957 
-84.3632177595 0.0371174747 0.9011974627 0.5104851919 
-84.4167512489 0.0370052629 0.9018963694 0.5100724901 
-84.4716424373 0.0368905319 0.9026086371 0.5097540321 
-84.4753599052 0.0368827733 0.9026568922 0.5097367107 
-84.4753599052 0.0368827733 0.9026568922 0.5097367107 
-84.4753599052 0.0368827733 0.9026568922 0.5097367107 
-84.4753599052 0.0368827733 0.9026568922 0.5097367107 
