-81.9681517977 0.0424719289 0.8654985709 0.5104548634 
-81.9681532031 0.0424719255 0.8654985904 0.5104427764 
-81.9681561240 0.0424719186 0.8654986313 0.5104185867 
-81.9681607807 0.0424719076 0.8654986977 0.5103822910 
-81.9681675049 0.0424718916 0.8654987954 0.5103339501 
-81.9681767393 0.0424718697 0.8654989325 0.5102737565 
-81.9681888622 0.0424718409 0.8654991156 0.5101838907 
-81.9682052100 0.0424718021 0.8654993689 0.5101184180 
-81.9682261953 0.0424717523 0.8654996998 0.5100578221 
-81.9682523700 0.0424716901 0.8655001181 0.5100015060 
-81.9682842512 0.0424716143 0.8655006331 0.5099489897 
-81.9683223250 0.0424715239 0.8655012535 0.5098998918 
-81.9683670500 0.0424714176 0.8655019876 0.5098539112 
-81.9684188606 0.0424712944 0.8655028432 0.5098108108 
-81.9684781688 0.0424711535 0.8655038275 0.5097704031 
-81.9685453659 0.0424709937 0.8655049477 0.5097325382 
-81.9686208240 0.0424708144 0.8655062104 0.5096970947 
-81.9687048975 0.0424706145 0.8655076220 0.5096639722 
-81.9687979235 0.0424703934 0.8655091884 0.5096330860 
-81.9689002232 0.0424701502 0.8655109154 0.5096043630 
-81.9690121025 0.0424698842 0.8655128084 0.5095777389 
-81.9691338527 0.0424695947 0.8655148727 0.5095531560 
-81.9692657509 0.0424692812 0.8655171132 0.5095305616 
-81.9694080610 0.0424689428 0.8655195346 0.5095099070 
-81.9695610339 0.0424685791 0.8655221414 0.5094911465 
-81.9697249081 0.0424681895 0.8655249378 0.5094742370 
-81.9698999105 0.0424677734 0.8655279278 0.5094591373 
-81.9700862563 0.0424673304 0.8655311153 0.5094458081 
-81.9702841498 0.0424668598 0.8655345038 0.5094342115 
-81.9704937849 0.0424663614 0.8655380969 0.5094243113 
-81.9707153451 0.0424658346 0.8655418977 0.5094160723 
-81.9709490046 0.0424652791 0.8655459093 0.5094094609 
-81.9711949278 0.0424646944 0.8655501347 0.5094044446 
-81.9714532703 0.0424640801 0.8655545765 0.5094009920 
-81.9717241791 0.0424634360 0.8655592373 0.5093990729 
-81.9720077928 0.0424627617 0.8655641197 0.5093986583 
-81.9723042420 0.0424620568 0.8655692258 0.5093997202 
-81.9726136498 0.0424613212 0.8655745577 0.5094022316 
-81.9729361315 0.0424605545 0.8655801176 0.5094061664 
-81.9732717958 0.0424597564 0.8655859073 0.5094114997 
-81.9736207442 0.0424589268 0.8655919285 0.5094182074 
-81.9739830717 0.0424580654 0.8655981828 0.5094262665 
-81.9743588671 0.0424571720 0.8656046718 0.5094356545 
-81.9747482130 0.0424562464 0.8656113970 0.5094463502 
-81.9751511861 0.0424552883 0.8656183595 0.5094583329 
-81.9755678577 0.0424542978 0.8656255606 0.5094715831 
-81.9759982933 0.0424532745 0.8656330014 0.5094860817 
-81.9764425534 0.0424522184 0.8656406828 0.5095018106 
-81.9769006934 0.0424511293 0.8656486059 0.5095187525 
-81.9773727639 0.0424500072 0.8656567713 0.5095368906 
-81.9778588107 0.0424488518 0.8656651799 0.5095562092 
-81.9783588751 0.0424476631 0.8656738323 0.5095766929 
-81.9788729941 0.0424464411 0.8656827290 0.5095983274 
-81.9794012004 0.0424451856 0.8656918706 0.5096210987 
-81.9799435227 0.0424438966 0.8657012574 0.5096449936 
-81.9804999857 0.0424425740 0.8657108899 0.5096699997 
-81.9810706101 0.0424412178 0.8657207682 0.5096961051 
-81.9816554133 0.0424398279 0.8657308926 0.5097232985 
-81.9822544086 0.0424384043 0.8657412631 0.5097515692 
-81.9828676063 0.0424369470 0.8657518800 0.5097809073 
-81.9834950129 0.0424354561 0.8657627432 0.5098113032 
-81.9841366318 0.0424339313 0.8657738525 0.5098427481 
-81.9847924633 0.0424323729 0.8657852080 0.5098752338 
-81.9854625042 0.0424307807 0.8657968095 0.5099087524 
-81.9861467486 0.0424291549 0.8658086566 0.5099432968 
-81.9868451872 0.0424274954 0.8658207492 0.5099788604 
-81.9875578082 0.0424258022 0.8658330869 0.5100154372 
-81.9882845966 0.0424240754 0.8658456692 0.5100530215 
-81.9890255346 0.0424223151 0.8658584958 0.5100916084 
-81.9897806017 0.0424205213 0.8658715662 0.5101311935 
-81.9905497745 0.0424186941 0.8658848797 0.5101717727 
-81.9913330269 0.0424168335 0.8658984358 0.5102133425 
-81.9921303301 0.0424149395 0.8659122338 0.5102559002 
-81.9929416526 0.0424130124 0.8659262730 0.5102994432 
-81.9937669603 0.0424110521 0.8659405527 0.5103439697 
-81.9946062163 0.0424090588 0.8659550720 0.5103894781 
-81.9954593810 0.0424070326 0.8659698301 0.5104359675 
-81.9963264122 0.0424049734 0.8659848261 0.5104834374 
-81.9972072650 0.0424028816 0.8660000589 0.5105318878 
-81.9981018919 0.0424007572 0.8660155277 0.5105813191 
-81.9990102424 0.0423986002 0.8660312313 0.5106317323 
-81.9999322635 0.0423964110 0.8660471687 0.5106831284 
-82.0008678994 0.0423941895 0.8660633386 0.5107355094 
-82.0018170915 0.0423919359 0.8660797398 0.5107888771 
-82.0027797781 0.0423896504 0.8660963711 0.5108432340 
-82.0037558949 0.0423873331 0.8661132311 0.5108985828 
-82.0047453746 0.0423849842 0.8661303185 0.5109549263 
-82.0057481470 0.0423826040 0.8661476317 0.5110122676 
-82.0067641386 0.0423801924 0.8661651694 0.5110706098 
-82.0077932730 0.0423777498 0.8661829299 0.5111299561 
-82.0088354707 0.0423752763 0.8662009116 0.5111903094 
-82.0098906489 0.0423727722 0.8662191129 0.5112516721 
-82.0109587216 0.0423702376 0.8662375321 0.5113140464 
-82.0120395993 0.0423676728 0.8662561672 0.5113774333 
-82.0131331896 0.0423650779 0.8662750165 0.5114418326 
-82.0142393962 0.0423624533 0.8662940780 0.5115072425 
-82.0153581197 0.0423597991 0.8663133498 0.5115736589 
-82.0164892573 0.0423571156 0.8663328297 0.5116410745 
-82.0176327026 0.0423544032 0.8663525157 0.5117094781 
-82.0187883461 0.0423516619 0.8663724056 0.5117788533 
-82.0199560749 0.0423488921 0.8663924972 0.5118491769 
-82.0211357730 0.0423460942 0.8664127880 0.5119204173 
-82.0223273217 0.0423432683 0.8664332759 0.5119925315 
-82.0235305997 0.0423404148 0.8664539583 0.5120654626 
-82.0247454834 0.0423375339 0.8664748329 0.5121391359 
-82.0259718479 0.0423346260 0.8664958971 0.5122134538 
-82.0272095675 0.0423316914 0.8665171485 0.5122882908 
-82.0284585168 0.0423287304 0.8665385845 0.5123634854 
-82.0297185722 0.0423257432 0.8665602028 0.5124388325 
-82.0309896133 0.0423227302 0.8665820008 0.5125140725 
-82.0322715254 0.0423196917 0.8666039763 0.5125888804 
-82.0335642022 0.0423166278 0.8666261272 0.5126628521 
-82.0348675493 0.0423135389 0.8666484513 0.5127354919 
-82.0361814889 0.0423104251 0.8666709472 0.5128062004 
-82.0375059647 0.0423072866 0.8666936134 0.5128742687 
-82.0388409488 0.0423041234 0.8667164492 0.5129388840 
-82.0401864495 0.0423009355 0.8667394545 0.5129991625 
-82.0415425198 0.0422977228 0.8667626299 0.5130542320 
-82.0429092679 0.0422944850 0.8667859770 0.5131034149 
-82.0442868664 0.0422912218 0.8668094985 0.5131466009 
-82.0456755608 0.0422879326 0.8668331986 0.5131849296 
-82.0470756669 0.0422846165 0.8668570825 0.5132216596 
-82.0477815911 0.0422829447 0.8668691196 0.5132405427 
-82.0484993800 0.0422812449 0.8668813508 0.5132575653 
-82.0492292157 0.0422795166 0.8668937792 0.5132735702 
-82.0499712930 0.0422777594 0.8669064081 0.5132891601 
-82.0507258151 0.0422759728 0.8669192408 0.5133047575 
-82.0514929900 0.0422741564 0.8669322808 0.5133206525 
-82.0522730285 0.0422723095 0.8669455318 0.5133370398 
-82.0530661428 0.0422704318 0.8669589973 0.5133540469 
-82.0538725453 0.0422685228 0.8669726807 0.5133717548 
-82.0546924487 0.0422665819 0.8669865858 0.5133902128 
-82.0555260650 0.0422646086 0.8670007159 0.5134094488 
-82.0563736061 0.0422626024 0.8670150747 0.5134294769 
-82.0572352836 0.0422605629 0.8670296656 0.5134503016 
-82.0581113084 0.0422584895 0.8670444920 0.5134719211 
-82.0590018918 0.0422563818 0.8670595576 0.5134943296 
-82.0599072447 0.0422542392 0.8670748656 0.5135175184 
-82.0608275786 0.0422520614 0.8670904197 0.5135414772 
-82.0617631050 0.0422498476 0.8671062232 0.5135661942 
-82.0627140364 0.0422475976 0.8671222797 0.5135916570 
-82.0636805860 0.0422453107 0.8671385925 0.5136178526 
-82.0646629681 0.0422429864 0.8671551651 0.5136447677 
-82.0656613985 0.0422406244 0.8671720011 0.5136723892 
-82.0666760943 0.0422382240 0.8671891039 0.5137007037 
-82.0677072745 0.0422357847 0.8672064771 0.5137296979 
-82.0687551601 0.0422333061 0.8672241242 0.5137593588 
-82.0698199744 0.0422307876 0.8672420488 0.5137896736 
-82.0709019432 0.0422282286 0.8672602545 0.5138206296 
-82.0720012948 0.0422256287 0.8672787450 0.5138522144 
-82.0731182608 0.0422229873 0.8672975239 0.5138844160 
-82.0742530757 0.0422203039 0.8673165950 0.5139172224 
-82.0754059774 0.0422175778 0.8673359620 0.5139506223 
-82.0765772077 0.0422148086 0.8673556288 0.5139846044 
-82.0777670120 0.0422119957 0.8673755994 0.5140191578 
-82.0789756400 0.0422091385 0.8673958775 0.5140542719 
-82.0802033455 0.0422062363 0.8674164674 0.5140899364 
-82.0814503869 0.0422032887 0.8674373729 0.5141261413 
-82.0827170277 0.0422002949 0.8674585984 0.5141628769 
-82.0840035359 0.0421972544 0.8674801480 0.5142001339 
-82.0853101850 0.0421941665 0.8675020260 0.5142379031 
-82.0866372541 0.0421910306 0.8675242369 0.5142761759 
-82.0879850277 0.0421878459 0.8675467850 0.5143149436 
-82.0893537964 0.0421846119 0.8675696750 0.5143541981 
-82.0907438568 0.0421813279 0.8675929116 0.5143939315 
-82.0921555122 0.0421779931 0.8676164994 0.5144341360 
-82.0935890721 0.0421746068 0.8676404434 0.5144748045 
-82.0950448531 0.0421711682 0.8676647485 0.5145159297 
-82.0965231789 0.0421676768 0.8676894198 0.5145575048 
-82.0980243803 0.0421641315 0.8677144624 0.5145995234 
-82.0995487959 0.0421605317 0.8677398818 0.5146419790 
-82.1010967720 0.0421568767 0.8677656832 0.5146848658 
-82.1026686628 0.0421531654 0.8677918723 0.5147281779 
-82.1042648309 0.0421493971 0.8678184548 0.5147719098 
-82.1058856476 0.0421455710 0.8678454363 0.5148160564 
-82.1075314926 0.0421416862 0.8678728230 0.5148606125 
-82.1092027550 0.0421377417 0.8679006207 0.5149055735 
-82.1108998328 0.0421337366 0.8679288359 0.5149509349 
-82.1126231338 0.0421296701 0.8679574748 0.5149966924 
-82.1143730755 0.0421255410 0.8679865440 0.5150428421 
-82.1161500855 0.0421213485 0.8680160502 0.5150893803 
-82.1179546016 0.0421170915 0.8680460002 0.5151363035 
-82.1197870723 0.0421127689 0.8680764010 0.5151836083 
-82.1216479569 0.0421083798 0.8681072597 0.5152312920 
-82.1235377259 0.0421039230 0.8681385838 0.5152793516 
-82.1254568610 0.0420993974 0.8681703807 0.5153277849 
-82.1274058559 0.0420948019 0.8682026581 0.5153765894 
-82.1293852161 0.0420901352 0.8682354240 0.5154257633 
-82.1313954594 0.0420853962 0.8682686864 0.5154753049 
-82.1334371161 0.0420805838 0.8683024535 0.5155252126 
-82.1355107294 0.0420756965 0.8683367339 0.5155754853 
-82.1376168558 0.0420707331 0.8683715362 0.5156261219 
-82.1397560652 0.0420656923 0.8684068693 0.5156771219 
-82.1419289412 0.0420605728 0.8684427423 0.5157284847 
-82.1441360817 0.0420553732 0.8684791644 0.5157802102 
-82.1463780988 0.0420500920 0.8685161453 0.5158322984 
-82.1486556196 0.0420447279 0.8685536946 0.5158847496 
-82.1509692862 0.0420392792 0.8685918225 0.5159375644 
-82.1533197563 0.0420337446 0.8686305389 0.5159907436 
-82.1557077031 0.0420281225 0.8686698546 0.5160442883 
-82.1581338162 0.0420224112 0.8687097801 0.5160981997 
-82.1605988017 0.0420166091 0.8687503265 0.5161524793 
-82.1631033826 0.0420107147 0.8687915049 0.5162071288 
-82.1656482989 0.0420047261 0.8688333268 0.5162621501 
-82.1682343086 0.0419986416 0.8688758040 0.5163175453 
-82.1708621876 0.0419924594 0.8689189486 0.5163733164 
-82.1735327302 0.0419861778 0.8689627728 0.5164294659 
-82.1762467496 0.0419797948 0.8690072892 0.5164859959 
-82.1790050783 0.0419733086 0.8690525107 0.5165429086 
-82.1818085685 0.0419667171 0.8690984505 0.5166002063 
-82.1846580925 0.0419600183 0.8691451221 0.5166578908 
-82.1875545431 0.0419532103 0.8691925392 0.5167159636 
-82.1904988345 0.0419462909 0.8692407160 0.5167744256 
-82.1934919022 0.0419392579 0.8692896669 0.5168332770 
-82.1965347038 0.0419321093 0.8693394068 0.5168925168 
-82.1996282197 0.0419248426 0.8693899506 0.5169521425 
-82.2027734531 0.0419174557 0.8694413138 0.5170121499 
-82.2059714312 0.0419099461 0.8694935123 0.5170725320 
-82.2092232056 0.0419023115 0.8695465622 0.5171332786 
-82.2125298528 0.0418945494 0.8696004800 0.5171943752 
-82.2158924749 0.0418866573 0.8696552827 0.5172558018 
-82.2193122008 0.0418786326 0.8697109876 0.5173175312 
-82.2227901866 0.0418704727 0.8697676125 0.5173795273 
-82.2263276166 0.0418621748 0.8698251753 0.5174417423 
-82.2299257048 0.0418537362 0.8698836948 0.5175041140 
-82.2335856954 0.0418451540 0.8699431900 0.5175665613 
-82.2373088649 0.0418364254 0.8700036804 0.5176289799 
-82.2410965231 0.0418275473 0.8700651859 0.5176912361 
-82.2449500155 0.0418185167 0.8701277273 0.5177531593 
-82.2488707252 0.0418093305 0.8701913254 0.5178145333 
-82.2528600757 0.0417999853 0.8702560021 0.5178750860 
-82.2569195341 0.0417904779 0.8703217798 0.5179344768 
-82.2610506149 0.0417808049 0.8703886816 0.5179922835 
-82.2652548848 0.0417709626 0.8704567314 0.5180479883 
-82.2695339678 0.0417609473 0.8705259539 0.5181009655 
-82.2738895524 0.0417507553 0.8705963751 0.5181504747 
-82.2783233992 0.0417403826 0.8706680218 0.5181956666 
-82.2828373499 0.0417298249 0.8707409223 0.5182356156 
-82.2874333382 0.0417190778 0.8708151064 0.5182694059 
-82.2921134008 0.0417081368 0.8708906053 0.5182963208 
-82.2968796892 0.0416969970 0.8709674523 0.5183162323 
-82.3017344790 0.0416856531 0.8710456826 0.5183303210 
-82.3066801694 0.0416740998 0.8711253335 0.5183420015 
-82.3091996970 0.0416682152 0.8711658935 0.5183480193 
-82.3118138016 0.0416621106 0.8712079624 0.5183513308 
-82.3145238074 0.0416557828 0.8712515606 0.5183528100 
-82.3173311033 0.0416492289 0.8712967095 0.5183530777 
-82.3202371382 0.0416424454 0.8713434317 0.5183525653 
-82.3232434181 0.0416354290 0.8713917504 0.5183515656 
-82.3263515051 0.0416281761 0.8714416897 0.5183502718 
-82.3295630162 0.0416206831 0.8714932745 0.5183488075 
-82.3328796234 0.0416129462 0.8715465307 0.5183472479 
-82.3363030543 0.0416049614 0.8716014848 0.5183456360 
-82.3398350921 0.0415967249 0.8716581642 0.5183439927 
-82.3434775773 0.0415882323 0.8717165971 0.5183423246 
-82.3472324078 0.0415794795 0.8717768126 0.5183406286 
-82.3511015406 0.0415704620 0.8718388407 0.5183388955 
-82.3550869926 0.0415611753 0.8719027122 0.5183371113 
-82.3591908418 0.0415516147 0.8719684586 0.5183352592 
-82.3634152290 0.0415417754 0.8720361127 0.5183333206 
-82.3677623587 0.0415316524 0.8721057079 0.5183312751 
-82.3722345007 0.0415212407 0.8721772786 0.5183291016 
-82.3768339912 0.0415105349 0.8722508603 0.5183267781 
-82.3815632348 0.0414995298 0.8723264892 0.5183242820 
-82.3864247055 0.0414882198 0.8724042026 0.5183215906 
-82.3914209487 0.0414765992 0.8724840390 0.5183186809 
-82.3965545824 0.0414646622 0.8725660375 0.5183155294 
-82.4018282990 0.0414524027 0.8726502386 0.5183121128 
-82.4072448670 0.0414398146 0.8727366838 0.5183084077 
-82.4128071329 0.0414268915 0.8728254155 0.5183043906 
-82.4185180226 0.0414136269 0.8729164772 0.5183000377 
-82.4243805435 0.0414000143 0.8730099138 0.5182953256 
-82.4303977861 0.0413860466 0.8731057709 0.5182902307 
-82.4365729265 0.0413717169 0.8732040957 0.5182847292 
-82.4429092276 0.0413570179 0.8733049362 0.5182787976 
-82.4494100417 0.0413419423 0.8734083418 0.5182724122 
-82.4560788123 0.0413264824 0.8735143631 0.5182655493 
-82.4629190764 0.0413106304 0.8736230518 0.5182581852 
-82.4699344664 0.0412943784 0.8737344609 0.5182502962 
-82.4771287127 0.0412777181 0.8738486448 0.5182418584 
-82.4845056459 0.0412606412 0.8739656590 0.5182328479 
-82.4920691990 0.0412431390 0.8740855606 0.5182232410 
-82.4998234100 0.0412252027 0.8742084076 0.5182130136 
-82.5077724243 0.0412068232 0.8743342598 0.5182021416 
-82.5159204975 0.0411879912 0.8744631782 0.5181906009 
-82.5242719976 0.0411686973 0.8745952251 0.5181783671 
-82.5328314081 0.0411489317 0.8747304643 0.5181654161 
-82.5416033307 0.0411286843 0.8748689612 0.5181517231 
-82.5505924881 0.0411079450 0.8750107825 0.5181372637 
-82.5598037268 0.0410867033 0.8751559964 0.5181220129 
-82.5692420205 0.0410649485 0.8753046726 0.5181059459 
-82.5789124728 0.0410426695 0.8754568825 0.5180890375 
-82.5888203207 0.0410198551 0.8756126989 0.5180712625 
-82.5989709377 0.0409964938 0.8757721961 0.5180525953 
-82.6093698371 0.0409725737 0.8759354503 0.5180330102 
-82.6200226759 0.0409480828 0.8761025392 0.5180124814 
-82.6309352578 0.0409230087 0.8762735419 0.5179909826 
-82.6421135373 0.0408973387 0.8764485394 0.5179684876 
-82.6535636232 0.0408710598 0.8766276145 0.5179449695 
-82.6652917827 0.0408441589 0.8768108516 0.5179204016 
-82.6773044451 0.0408166222 0.8769983366 0.5178947566 
-82.6896082064 0.0407884360 0.8771901576 0.5178680069 
-82.7022098330 0.0407595859 0.8773864041 0.5178401248 
-82.7151162664 0.0407300575 0.8775871677 0.5178110820 
-82.7283346275 0.0406998358 0.8777925415 0.5177808501 
-82.7418722214 0.0406689056 0.8780026206 0.5177494000 
-82.7557365420 0.0406372514 0.8782175021 0.5177167026 
-82.7699352768 0.0406048571 0.8784372847 0.5176827279 
-82.7844763122 0.0405717064 0.8786620692 0.5176474459 
-82.7993677386 0.0405377828 0.8788919582 0.5176108257 
-82.8146178556 0.0405030691 0.8791270562 0.5175728362 
-82.8302351778 0.0404675479 0.8793674698 0.5175334455 
-82.8462284400 0.0404312013 0.8796133073 0.5174926211 
-82.8626066036 0.0403940112 0.8798646792 0.5174503300 
-82.8793788623 0.0403559588 0.8801216979 0.5174065382 
-82.8965546485 0.0403170251 0.8803844777 0.5173612110 
-82.9141436395 0.0402771907 0.8806531350 0.5173143130 
-82.9321557644 0.0402364355 0.8809277882 0.5172658074 
-82.9506012105 0.0401947393 0.8812085578 0.5172156565 
-82.9694904309 0.0401520811 0.8814955659 0.5171638215 
-82.9888341514 0.0401084398 0.8817889373 0.5171102619 
-83.0086433782 0.0400637935 0.8820887981 0.5170549359 
-83.0289294054 0.0400181201 0.8823952770 0.5169977995 
-83.0497038233 0.0399713969 0.8827085045 0.5169388071 
-83.0709785265 0.0399236006 0.8830286130 0.5168779104 
-83.0927657227 0.0398747076 0.8833557370 0.5168150585 
-83.1150779411 0.0398246935 0.8836900130 0.5167501973 
-83.1379280422 0.0397735338 0.8840315796 0.5166832691 
-83.1613292267 0.0397212031 0.8843805772 0.5166142116 
-83.1852950456 0.0396676755 0.8847371481 0.5165429577 
-83.2098394103 0.0396129247 0.8851014368 0.5164694344 
-83.2349766033 0.0395569239 0.8854735894 0.5163935613 
-83.2607212889 0.0394996454 0.8858537541 0.5163152499 
-83.2870885249 0.0394410611 0.8862420808 0.5162344014 
-83.3140937740 0.0393811424 0.8866387213 0.5161509052 
-83.3417529165 0.0393198601 0.8870438291 0.5160646362 
-83.3700822626 0.0392571841 0.8874575596 0.5159754515 
-83.3990985666 0.0391930839 0.8878800696 0.5158831874 
-83.4288190397 0.0391275283 0.8883115177 0.5157876541 
-83.4592613658 0.0390604856 0.8887520642 0.5156886305 
-83.4904437158 0.0389919232 0.8892018708 0.5155858569 
-83.5223847644 0.0389218078 0.8896611006 0.5154790259 
-83.5551037066 0.0388501057 0.8901299182 0.5153677717 
-83.5886202761 0.0387767823 0.8906084896 0.5152516560 
-83.6229547637 0.0387018022 0.8910969819 0.5151301504 
-83.6581280383 0.0386251293 0.8915955638 0.5150026144 
-83.6941615683 0.0385467268 0.8921044047 0.5148682672 
-83.7310774449 0.0384665572 0.8926236754 0.5147261531 
-83.7688984077 0.0383845819 0.8931535478 0.5145750961 
-83.8076478725 0.0383007618 0.8936941945 0.5144136437 
-83.8473499615 0.0382150567 0.8942457895 0.5142399957 
-83.8880295371 0.0381274256 0.8948085075 0.5140519145 
-83.9297122399 0.0380378265 0.8953825244 0.5138466131 
-83.9724245312 0.0379462164 0.8959680172 0.5136206184 
-84.0161937415 0.0378525513 0.8965651639 0.5133696073 
-84.0610481261 0.0377567861 0.8971741440 0.5130882216 
-84.1070169300 0.0376588745 0.8977951387 0.5127698793 
-84.1541304620 0.0375587686 0.8984283311 0.5124066146 
-84.2024201818 0.0374564194 0.8990739067 0.5119889845 
-84.2519188057 0.0373517762 0.8997320542 0.5115069729 
-84.3026605879 0.0372447861 0.9004029683 0.5109712877 
-84.3546816853 0.0371353934 0.9010868539 0.5104654774 
-84.4080187329 0.0370235426 0.9017839051 0.5100521908 
-84.4627080623 0.0369091804 0.9024942941 0.5097321661 
-82.3091996970 0.0416682152 0.8711658935 0.5183480193 
-82.3118138016 0.0416621106 0.8712079624 0.5183513308 
-82.3145238074 0.0416557828 0.8712515606 0.5183528100 
-82.3173311033 0.0416492289 0.8712967095 0.5183530777 
-82.3202371382 0.0416424454 0.8713434317 0.5183525653 
-82.3232434181 0.0416354290 0.8713917504 0.5183515656 
-82.3263515051 0.0416281761 0.8714416897 0.5183502718 
-82.3295630162 0.0416206831 0.8714932745 0.5183488075 
-82.3328796234 0.0416129462 0.8715465307 0.5183472479 
-82.3363030543 0.0416049614 0.8716014848 0.5183456360 
-82.3398350921 0.0415967249 0.8716581642 0.5183439927 
-82.3434775773 0.0415882323 0.8717165971 0.5183423246 
-82.3472324078 0.0415794795 0.8717768126 0.5183406286 
-82.3511015406 0.0415704620 0.8718388407 0.5183388955 
-82.3550869926 0.0415611753 0.8719027122 0.5183371113 
-82.3591908418 0.0415516147 0.8719684586 0.5183352592 
-82.3634152290 0.0415417754 0.8720361127 0.5183333206 
-82.3677623587 0.0415316524 0.8721057079 0.5183312751 
-82.3722345007 0.0415212407 0.8721772786 0.5183291016 
-82.3768339912 0.0415105349 0.8722508603 0.5183267781 
-82.3815632348 0.0414995298 0.8723264892 0.5183242820 
-82.3864247055 0.0414882198 0.8724042026 0.5183215906 
-82.3914209487 0.0414765992 0.8724840390 0.5183186809 
-82.3965545824 0.0414646622 0.8725660375 0.5183155294 
-82.4018282990 0.0414524027 0.8726502386 0.5183121128 
-82.4072448670 0.0414398146 0.8727366838 0.5183084077 
-82.4128071329 0.0414268915 0.8728254155 0.5183043906 
-82.4185180226 0.0414136269 0.8729164772 0.5183000377 
-82.4243805435 0.0414000143 0.8730099138 0.5182953256 
-82.4303977861 0.0413860466 0.8731057709 0.5182902307 
-82.4365729265 0.0413717169 0.8732040957 0.5182847292 
-82.4429092276 0.0413570179 0.8733049362 0.5182787976 
-82.4494100417 0.0413419423 0.8734083418 0.5182724122 
-82.4560788123 0.0413264824 0.8735143631 0.5182655493 
-82.4629190764 0.0413106304 0.8736230518 0.5182581852 
-82.4699344664 0.0412943784 0.8737344609 0.5182502962 
-82.4771287127 0.0412777181 0.8738486448 0.5182418584 
-82.4845056459 0.0412606412 0.8739656590 0.5182328479 
-82.4920691990 0.0412431390 0.8740855606 0.5182232410 
-82.4998234100 0.0412252027 0.8742084076 0.5182130136 
-82.5077724243 0.0412068232 0.8743342598 0.5182021416 
-82.5159204975 0.0411879912 0.8744631782 0.5181906009 
-82.5242719976 0.0411686973 0.8745952251 0.5181783671 
-82.5328314081 0.0411489317 0.8747304643 0.5181654161 
-82.5416033307 0.0411286843 0.8748689612 0.5181517231 
-82.5505924881 0.0411079450 0.8750107825 0.5181372637 
-82.5598037268 0.0410867033 0.8751559964 0.5181220129 
-82.5692420205 0.0410649485 0.8753046726 0.5181059459 
-82.5789124728 0.0410426695 0.8754568825 0.5180890375 
-82.5888203207 0.0410198551 0.8756126989 0.5180712625 
-82.5989709377 0.0409964938 0.8757721961 0.5180525953 
-82.6093698371 0.0409725737 0.8759354503 0.5180330102 
-82.6200226759 0.0409480828 0.8761025392 0.5180124814 
-82.6309352578 0.0409230087 0.8762735419 0.5179909826 
-82.6421135373 0.0408973387 0.8764485394 0.5179684876 
-82.6535636232 0.0408710598 0.8766276145 0.5179449695 
-82.6652917827 0.0408441589 0.8768108516 0.5179204016 
-82.6773044451 0.0408166222 0.8769983366 0.5178947566 
-82.6896082064 0.0407884360 0.8771901576 0.5178680069 
-82.7022098330 0.0407595859 0.8773864041 0.5178401248 
-82.7151162664 0.0407300575 0.8775871677 0.5178110820 
-82.7283346275 0.0406998358 0.8777925415 0.5177808501 
-82.7418722214 0.0406689056 0.8780026206 0.5177494000 
-82.7557365420 0.0406372514 0.8782175021 0.5177167026 
-82.7699352768 0.0406048571 0.8784372847 0.5176827279 
-82.7844763122 0.0405717064 0.8786620692 0.5176474459 
-82.7993677386 0.0405377828 0.8788919582 0.5176108257 
-82.8146178556 0.0405030691 0.8791270562 0.5175728362 
-82.8302351778 0.0404675479 0.8793674698 0.5175334455 
-82.8462284400 0.0404312013 0.8796133073 0.5174926211 
-82.8626066036 0.0403940112 0.8798646792 0.5174503300 
-82.8793788623 0.0403559588 0.8801216979 0.5174065382 
-82.8965546485 0.0403170251 0.8803844777 0.5173612110 
-82.9141436395 0.0402771907 0.8806531350 0.5173143130 
-82.9321557644 0.0402364355 0.8809277882 0.5172658074 
-82.9506012105 0.0401947393 0.8812085578 0.5172156565 
-82.9694904309 0.0401520811 0.8814955659 0.5171638215 
-82.9888341514 0.0401084398 0.8817889373 0.5171102619 
-83.0086433782 0.0400637935 0.8820887981 0.5170549359 
-83.0289294054 0.0400181201 0.8823952770 0.5169977995 
-83.0497038233 0.0399713969 0.8827085045 0.5169388071 
-83.0709785265 0.0399236006 0.8830286130 0.5168779104 
-83.0927657227 0.0398747076 0.8833557370 0.5168150585 
-83.1150779411 0.0398246935 0.8836900130 0.5167501973 
-83.1379280422 0.0397735338 0.8840315796 0.5166832691 
-83.1613292267 0.0397212031 0.8843805772 0.5166142116 
-83.1852950456 0.0396676755 0.8847371481 0.5165429577 
-83.2098394103 0.0396129247 0.8851014368 0.5164694344 
-83.2349766033 0.0395569239 0.8854735894 0.5163935613 
-83.2607212889 0.0394996454 0.8858537541 0.5163152499 
-83.2870885249 0.0394410611 0.8862420808 0.5162344014 
-83.3140937740 0.0393811424 0.8866387213 0.5161509052 
-83.3417529165 0.0393198601 0.8870438291 0.5160646362 
-83.3700822626 0.0392571841 0.8874575596 0.5159754515 
-83.3990985666 0.0391930839 0.8878800696 0.5158831874 
-83.4288190397 0.0391275283 0.8883115177 0.5157876541 
-83.4592613658 0.0390604856 0.8887520642 0.5156886305 
-83.4904437158 0.0389919232 0.8892018708 0.5155858569 
-83.5223847644 0.0389218078 0.8896611006 0.5154790259 
-83.5551037066 0.0388501057 0.8901299182 0.5153677717 
-83.5886202761 0.0387767823 0.8906084896 0.5152516560 
-83.6229547637 0.0387018022 0.8910969819 0.5151301504 
-83.6581280383 0.0386251293 0.8915955638 0.5150026144 
-83.6941615683 0.0385467268 0.8921044047 0.5148682672 
-83.7310774449 0.0384665572 0.8926236754 0.5147261531 
-83.7688984077 0.0383845819 0.8931535478 0.5145750961 
-83.8076478725 0.0383007618 0.8936941945 0.5144136437 
-83.8473499615 0.0382150567 0.8942457895 0.5142399957 
-83.8880295371 0.0381274256 0.8948085075 0.5140519145 
-83.9297122399 0.0380378265 0.8953825244 0.5138466131 
-83.9724245312 0.0379462164 0.8959680172 0.5136206184 
-84.0161937415 0.0378525513 0.8965651639 0.5133696073 
-84.0610481261 0.0377567861 0.8971741440 0.5130882216 
-84.1070169300 0.0376588745 0.8977951387 0.5127698793 
-84.1541304620 0.0375587686 0.8984283311 0.5124066146 
-84.2024201818 0.0374564194 0.8990739067 0.5119889845 
-84.2519188057 0.0373517762 0.8997320542 0.5115069729 
-84.3026605879 0.0372447861 0.9004029683 0.5109712877 
-84.3546816853 0.0371353934 0.9010868539 0.5104654774 
-84.4080187329 0.0370235426 0.9017839051 0.5100521908 
-84.4627080623 0.0369091804 0.9024942941 0.5097321661 
-82.0477815911 0.0422829447 0.8668691196 0.5132405427 
-82.0484993800 0.0422812449 0.8668813508 0.5132575653 
-82.0492292157 0.0422795166 0.8668937792 0.5132735702 
-82.0499712930 0.0422777594 0.8669064081 0.5132891601 
-82.0507258151 0.0422759728 0.8669192408 0.5133047575 
-82.0514929900 0.0422741564 0.8669322808 0.5133206525 
-82.0522730285 0.0422723095 0.8669455318 0.5133370398 
-82.0530661428 0.0422704318 0.8669589973 0.5133540469 
-82.0538725453 0.0422685228 0.8669726807 0.5133717548 
-82.0546924487 0.0422665819 0.8669865858 0.5133902128 
-82.0555260650 0.0422646086 0.8670007159 0.5134094488 
-82.0563736061 0.0422626024 0.8670150747 0.5134294769 
-82.0572352836 0.0422605629 0.8670296656 0.5134503016 
-82.0581113084 0.0422584895 0.8670444920 0.5134719211 
-82.0590018918 0.0422563818 0.8670595576 0.5134943296 
-82.0599072447 0.0422542392 0.8670748656 0.5135175184 
-82.0608275786 0.0422520614 0.8670904197 0.5135414772 
-82.0617631050 0.0422498476 0.8671062232 0.5135661942 
-82.0627140364 0.0422475976 0.8671222797 0.5135916570 
-82.0636805860 0.0422453107 0.8671385925 0.5136178526 
-82.0646629681 0.0422429864 0.8671551651 0.5136447677 
-82.0656613985 0.0422406244 0.8671720011 0.5136723892 
-82.0666760943 0.0422382240 0.8671891039 0.5137007037 
-82.0677072745 0.0422357847 0.8672064771 0.5137296979 
-82.0687551601 0.0422333061 0.8672241242 0.5137593588 
-82.0698199744 0.0422307876 0.8672420488 0.5137896736 
-82.0709019432 0.0422282286 0.8672602545 0.5138206296 
-82.0720012948 0.0422256287 0.8672787450 0.5138522144 
-82.0731182608 0.0422229873 0.8672975239 0.5138844160 
-82.0742530757 0.0422203039 0.8673165950 0.5139172224 
-82.0754059774 0.0422175778 0.8673359620 0.5139506223 
-82.0765772077 0.0422148086 0.8673556288 0.5139846044 
-82.0777670120 0.0422119957 0.8673755994 0.5140191578 
-82.0789756400 0.0422091385 0.8673958775 0.5140542719 
-82.0802033455 0.0422062363 0.8674164674 0.5140899364 
-82.0814503869 0.0422032887 0.8674373729 0.5141261413 
-82.0827170277 0.0422002949 0.8674585984 0.5141628769 
-82.0840035359 0.0421972544 0.8674801480 0.5142001339 
-82.0853101850 0.0421941665 0.8675020260 0.5142379031 
-82.0866372541 0.0421910306 0.8675242369 0.5142761759 
-82.0879850277 0.0421878459 0.8675467850 0.5143149436 
-82.0893537964 0.0421846119 0.8675696750 0.5143541981 
-82.0907438568 0.0421813279 0.8675929116 0.5143939315 
-82.0921555122 0.0421779931 0.8676164994 0.5144341360 
-82.0935890721 0.0421746068 0.8676404434 0.5144748045 
-82.0950448531 0.0421711682 0.8676647485 0.5145159297 
-82.0965231789 0.0421676768 0.8676894198 0.5145575048 
-82.0980243803 0.0421641315 0.8677144624 0.5145995234 
-82.0995487959 0.0421605317 0.8677398818 0.5146419790 
-82.1010967720 0.0421568767 0.8677656832 0.5146848658 
-82.1026686628 0.0421531654 0.8677918723 0.5147281779 
-82.1042648309 0.0421493971 0.8678184548 0.5147719098 
-82.1058856476 0.0421455710 0.8678454363 0.5148160564 
-82.1075314926 0.0421416862 0.8678728230 0.5148606125 
-82.1092027550 0.0421377417 0.8679006207 0.5149055735 
-82.1108998328 0.0421337366 0.8679288359 0.5149509349 
-82.1126231338 0.0421296701 0.8679574748 0.5149966924 
-82.1143730755 0.0421255410 0.8679865440 0.5150428421 
-82.1161500855 0.0421213485 0.8680160502 0.5150893803 
-82.1179546016 0.0421170915 0.8680460002 0.5151363035 
-82.1197870723 0.0421127689 0.8680764010 0.5151836083 
-82.1216479569 0.0421083798 0.8681072597 0.5152312920 
-82.1235377259 0.0421039230 0.8681385838 0.5152793516 
-82.1254568610 0.0420993974 0.8681703807 0.5153277849 
-82.1274058559 0.0420948019 0.8682026581 0.5153765894 
-82.1293852161 0.0420901352 0.8682354240 0.5154257633 
-82.1313954594 0.0420853962 0.8682686864 0.5154753049 
-82.1334371161 0.0420805838 0.8683024535 0.5155252126 
-82.1355107294 0.0420756965 0.8683367339 0.5155754853 
-82.1376168558 0.0420707331 0.8683715362 0.5156261219 
-82.1397560652 0.0420656923 0.8684068693 0.5156771219 
-82.1419289412 0.0420605728 0.8684427423 0.5157284847 
-82.1441360817 0.0420553732 0.8684791644 0.5157802102 
-82.1463780988 0.0420500920 0.8685161453 0.5158322984 
-82.1486556196 0.0420447279 0.8685536946 0.5158847496 
-82.1509692863 0.0420392792 0.8685918225 0.5159375644 
-82.1533197563 0.0420337446 0.8686305389 0.5159907436 
-82.1557077031 0.0420281225 0.8686698546 0.5160442883 
-82.1581338162 0.0420224112 0.8687097801 0.5160981997 
-82.1605988017 0.0420166091 0.8687503265 0.5161524793 
-82.1631033826 0.0420107147 0.8687915049 0.5162071288 
-82.1656482989 0.0420047261 0.8688333268 0.5162621501 
-82.1682343086 0.0419986416 0.8688758040 0.5163175453 
-82.1708621876 0.0419924594 0.8689189486 0.5163733164 
-82.1735327302 0.0419861778 0.8689627728 0.5164294659 
-82.1762467496 0.0419797948 0.8690072892 0.5164859959 
-82.1790050783 0.0419733086 0.8690525107 0.5165429086 
-82.1818085685 0.0419667171 0.8690984505 0.5166002063 
-82.1846580925 0.0419600183 0.8691451221 0.5166578908 
-82.1875545431 0.0419532103 0.8691925392 0.5167159636 
-82.1904988345 0.0419462909 0.8692407160 0.5167744256 
-82.1934919022 0.0419392579 0.8692896669 0.5168332770 
-82.1965347038 0.0419321093 0.8693394068 0.5168925168 
-82.1996282197 0.0419248426 0.8693899506 0.5169521425 
-82.2027734531 0.0419174557 0.8694413138 0.5170121499 
-82.2059714312 0.0419099461 0.8694935123 0.5170725320 
-82.2092232056 0.0419023115 0.8695465622 0.5171332786 
-82.2125298528 0.0418945494 0.8696004800 0.5171943752 
-82.2158924749 0.0418866573 0.8696552827 0.5172558018 
-82.2193122008 0.0418786326 0.8697109876 0.5173175312 
-82.2227901866 0.0418704727 0.8697676125 0.5173795273 
-82.2263276166 0.0418621748 0.8698251753 0.5174417423 
-82.2299257048 0.0418537362 0.8698836948 0.5175041140 
-82.2335856954 0.0418451540 0.8699431900 0.5175665613 
-82.2373088649 0.0418364254 0.8700036804 0.5176289799 
-82.2410965231 0.0418275473 0.8700651859 0.5176912361 
-82.2449500155 0.0418185167 0.8701277273 0.5177531593 
-82.2488707252 0.0418093305 0.8701913254 0.5178145333 
-82.2528600757 0.0417999853 0.8702560021 0.5178750860 
-82.2569195341 0.0417904779 0.8703217798 0.5179344768 
-82.2610506149 0.0417808049 0.8703886816 0.5179922835 
-82.2652548848 0.0417709626 0.8704567314 0.5180479883 
-82.2695339678 0.0417609473 0.8705259539 0.5181009655 
-82.2738895524 0.0417507553 0.8705963751 0.5181504747 
-82.2783233992 0.0417403826 0.8706680218 0.5181956666 
-82.2828373499 0.0417298249 0.8707409223 0.5182356156 
-82.2874333382 0.0417190778 0.8708151064 0.5182694059 
-82.2921134008 0.0417081368 0.8708906053 0.5182963208 
-82.2968796892 0.0416969970 0.8709674523 0.5183162323 
-82.3017344790 0.0416856531 0.8710456826 0.5183303210 
-82.3066801694 0.0416740998 0.8711253335 0.5183420015 
-82.3091996970 0.0416682152 0.8711658935 0.5183480193 
-82.3118138016 0.0416621106 0.8712079624 0.5183513308 
-82.3145238074 0.0416557828 0.8712515606 0.5183528100 
-82.3173311033 0.0416492289 0.8712967095 0.5183530777 
-82.3202371382 0.0416424454 0.8713434317 0.5183525653 
-82.3232434181 0.0416354290 0.8713917504 0.5183515656 
-82.3263515051 0.0416281761 0.8714416897 0.5183502718 
-82.3295630162 0.0416206831 0.8714932745 0.5183488075 
-82.3328796234 0.0416129462 0.8715465307 0.5183472479 
-82.3363030543 0.0416049614 0.8716014848 0.5183456360 
-82.3398350921 0.0415967249 0.8716581642 0.5183439927 
-82.3434775773 0.0415882323 0.8717165971 0.5183423246 
-82.3472324078 0.0415794795 0.8717768126 0.5183406286 
-82.3511015406 0.0415704620 0.8718388407 0.5183388955 
-82.3550869926 0.0415611753 0.8719027122 0.5183371113 
-82.3591908418 0.0415516147 0.8719684586 0.5183352592 
-82.3634152290 0.0415417754 0.8720361127 0.5183333206 
-82.3677623587 0.0415316524 0.8721057079 0.5183312751 
-82.3722345007 0.0415212407 0.8721772786 0.5183291016 
-82.3768339912 0.0415105349 0.8722508603 0.5183267781 
-82.3815632348 0.0414995298 0.8723264892 0.5183242820 
-82.3864247055 0.0414882198 0.8724042026 0.5183215906 
-82.3914209487 0.0414765992 0.8724840390 0.5183186809 
-82.3965545824 0.0414646622 0.8725660375 0.5183155294 
-82.4018282990 0.0414524027 0.8726502386 0.5183121128 
-82.4072448670 0.0414398146 0.8727366838 0.5183084077 
-82.4128071329 0.0414268915 0.8728254155 0.5183043906 
-82.4185180226 0.0414136269 0.8729164772 0.5183000377 
-82.4243805435 0.0414000143 0.8730099138 0.5182953256 
-82.4303977861 0.0413860466 0.8731057709 0.5182902307 
-82.4365729265 0.0413717169 0.8732040957 0.5182847292 
-82.4429092276 0.0413570179 0.8733049362 0.5182787976 
-82.4494100417 0.0413419423 0.8734083418 0.5182724122 
-82.4560788123 0.0413264824 0.8735143631 0.5182655493 
-82.4629190764 0.0413106304 0.8736230518 0.5182581852 
-82.4699344664 0.0412943784 0.8737344609 0.5182502962 
-82.4771287127 0.0412777181 0.8738486448 0.5182418584 
-82.4845056459 0.0412606412 0.8739656590 0.5182328479 
-82.4920691990 0.0412431390 0.8740855606 0.5182232410 
-82.4998234100 0.0412252027 0.8742084076 0.5182130136 
-82.5077724243 0.0412068232 0.8743342598 0.5182021416 
-82.5159204975 0.0411879912 0.8744631782 0.5181906009 
-82.5242719976 0.0411686973 0.8745952251 0.5181783671 
-82.5328314081 0.0411489317 0.8747304643 0.5181654161 
-82.5416033307 0.0411286843 0.8748689612 0.5181517231 
-82.5505924881 0.0411079450 0.8750107825 0.5181372637 
-82.5598037268 0.0410867033 0.8751559964 0.5181220129 
-82.5692420205 0.0410649485 0.8753046726 0.5181059459 
-82.5789124728 0.0410426695 0.8754568825 0.5180890375 
-82.5888203207 0.0410198551 0.8756126989 0.5180712625 
-82.5989709377 0.0409964938 0.8757721961 0.5180525953 
-82.6093698371 0.0409725737 0.8759354503 0.5180330102 
-82.6200226759 0.0409480828 0.8761025392 0.5180124814 
-82.6309352578 0.0409230087 0.8762735419 0.5179909826 
-82.6421135373 0.0408973387 0.8764485394 0.5179684876 
-82.6535636232 0.0408710598 0.8766276145 0.5179449695 
-82.6652917827 0.0408441589 0.8768108516 0.5179204016 
-82.6773044451 0.0408166222 0.8769983366 0.5178947566 
-82.6896082064 0.0407884360 0.8771901576 0.5178680069 
-82.7022098330 0.0407595859 0.8773864041 0.5178401248 
-82.7151162664 0.0407300575 0.8775871677 0.5178110820 
-82.7283346275 0.0406998358 0.8777925415 0.5177808501 
-82.7418722214 0.0406689056 0.8780026206 0.5177494000 
-82.7557365420 0.0406372514 0.8782175021 0.5177167026 
-82.7699352768 0.0406048571 0.8784372847 0.5176827279 
-82.7844763122 0.0405717064 0.8786620692 0.5176474459 
-82.7993677386 0.0405377828 0.8788919582 0.5176108257 
-82.8146178556 0.0405030691 0.8791270562 0.5175728362 
-82.8302351778 0.0404675479 0.8793674698 0.5175334455 
-82.8462284400 0.0404312013 0.8796133073 0.5174926211 
-82.8626066036 0.0403940112 0.8798646792 0.5174503300 
-82.8793788623 0.0403559588 0.8801216979 0.5174065382 
-82.8965546485 0.0403170251 0.8803844777 0.5173612110 
-82.9141436395 0.0402771907 0.8806531350 0.5173143130 
-82.9321557644 0.0402364355 0.8809277882 0.5172658074 
-82.9506012105 0.0401947393 0.8812085578 0.5172156565 
-82.9694904309 0.0401520811 0.8814955659 0.5171638215 
-82.9888341514 0.0401084398 0.8817889373 0.5171102619 
-83.0086433782 0.0400637935 0.8820887981 0.5170549359 
-83.0289294054 0.0400181201 0.8823952770 0.5169977995 
-83.0497038233 0.0399713969 0.8827085045 0.5169388071 
-83.0709785265 0.0399236006 0.8830286130 0.5168779104 
-83.0927657227 0.0398747076 0.8833557370 0.5168150585 
-83.1150779411 0.0398246935 0.8836900130 0.5167501973 
-83.1379280422 0.0397735338 0.8840315796 0.5166832691 
-83.1613292267 0.0397212031 0.8843805772 0.5166142116 
-83.1852950456 0.0396676755 0.8847371481 0.5165429577 
-83.2098394103 0.0396129247 0.8851014368 0.5164694344 
-83.2349766033 0.0395569239 0.8854735894 0.5163935613 
-83.2607212889 0.0394996454 0.8858537541 0.5163152499 
-83.2870885249 0.0394410611 0.8862420808 0.5162344014 
-83.3140937740 0.0393811424 0.8866387213 0.5161509052 
-83.3417529165 0.0393198601 0.8870438291 0.5160646362 
-83.3700822626 0.0392571841 0.8874575596 0.5159754515 
-83.3990985666 0.0391930839 0.8878800696 0.5158831874 
-83.4288190397 0.0391275283 0.8883115177 0.5157876541 
-83.4592613658 0.0390604856 0.8887520642 0.5156886305 
-83.4904437158 0.0389919232 0.8892018708 0.5155858569 
-83.5223847644 0.0389218078 0.8896611006 0.5154790259 
-83.5551037066 0.0388501057 0.8901299182 0.5153677717 
-83.5886202761 0.0387767823 0.8906084896 0.5152516560 
-83.6229547637 0.0387018022 0.8910969819 0.5151301504 
-83.6581280383 0.0386251293 0.8915955638 0.5150026144 
-83.6941615683 0.0385467268 0.8921044047 0.5148682672 
-83.7310774449 0.0384665572 0.8926236754 0.5147261531 
-83.7688984077 0.0383845819 0.8931535478 0.5145750961 
-83.8076478725 0.0383007618 0.8936941945 0.5144136437 
-83.8473499615 0.0382150567 0.8942457895 0.5142399957 
-83.8880295371 0.0381274256 0.8948085075 0.5140519145 
-83.9297122399 0.0380378265 0.8953825244 0.5138466131 
-83.9724245312 0.0379462164 0.8959680172 0.5136206184 
-84.0161937415 0.0378525513 0.8965651639 0.5133696073 
-84.0610481261 0.0377567861 0.8971741440 0.5130882216 
-84.1070169300 0.0376588745 0.8977951387 0.5127698793 
-84.1541304620 0.0375587686 0.8984283311 0.5124066146 
-84.2024201818 0.0374564194 0.8990739067 0.5119889845 
-84.2519188057 0.0373517762 0.8997320542 0.5115069729 
-84.3026605879 0.0372447861 0.9004029683 0.5109712877 
-84.3546816853 0.0371353934 0.9010868539 0.5104654774 
-84.4080187329 0.0370235426 0.9017839051 0.5100521908 
-84.4627080623 0.0369091804 0.9024942941 0.5097321661 
-82.3091996970 0.0416682152 0.8711658935 0.5183480193 
-82.3118138016 0.0416621106 0.8712079624 0.5183513308 
-82.3145238074 0.0416557828 0.8712515606 0.5183528100 
-82.3173311033 0.0416492289 0.8712967095 0.5183530777 
-82.3202371382 0.0416424454 0.8713434317 0.5183525653 
-82.3232434181 0.0416354290 0.8713917504 0.5183515656 
-82.3263515051 0.0416281761 0.8714416897 0.5183502718 
-82.3295630162 0.0416206831 0.8714932745 0.5183488075 
-82.3328796234 0.0416129462 0.8715465307 0.5183472479 
-82.3363030543 0.0416049614 0.8716014848 0.5183456360 
-82.3398350921 0.0415967249 0.8716581642 0.5183439927 
-82.3434775773 0.0415882323 0.8717165971 0.5183423246 
-82.3472324078 0.0415794795 0.8717768126 0.5183406286 
-82.3511015406 0.0415704620 0.8718388407 0.5183388955 
-82.3550869926 0.0415611753 0.8719027122 0.5183371113 
-82.3591908418 0.0415516147 0.8719684586 0.5183352592 
-82.3634152290 0.0415417754 0.8720361127 0.5183333206 
-82.3677623587 0.0415316524 0.8721057079 0.5183312751 
-82.3722345007 0.0415212407 0.8721772786 0.5183291016 
-82.3768339912 0.0415105349 0.8722508603 0.5183267781 
-82.3815632348 0.0414995298 0.8723264892 0.5183242820 
-82.3864247055 0.0414882198 0.8724042026 0.5183215906 
-82.3914209487 0.0414765992 0.8724840390 0.5183186809 
-82.3965545824 0.0414646622 0.8725660375 0.5183155294 
-82.4018282990 0.0414524027 0.8726502386 0.5183121128 
-82.4072448670 0.0414398146 0.8727366838 0.5183084077 
-82.4128071329 0.0414268915 0.8728254155 0.5183043906 
-82.4185180226 0.0414136269 0.8729164772 0.5183000377 
-82.4243805435 0.0414000143 0.8730099138 0.5182953256 
-82.4303977861 0.0413860466 0.8731057709 0.5182902307 
-82.4365729265 0.0413717169 0.8732040957 0.5182847292 
-82.4429092276 0.0413570179 0.8733049362 0.5182787976 
-82.4494100417 0.0413419423 0.8734083418 0.5182724122 
-82.4560788123 0.0413264824 0.8735143631 0.5182655493 
-82.4629190764 0.0413106304 0.8736230518 0.5182581852 
-82.4699344664 0.0412943784 0.8737344609 0.5182502962 
-82.4771287127 0.0412777181 0.8738486448 0.5182418584 
-82.4845056459 0.0412606412 0.8739656590 0.5182328479 
-82.4920691990 0.0412431390 0.8740855606 0.5182232410 
-82.4998234100 0.0412252027 0.8742084076 0.5182130136 
-82.5077724243 0.0412068232 0.8743342598 0.5182021416 
-82.5159204975 0.0411879912 0.8744631782 0.5181906009 
-82.5242719976 0.0411686973 0.8745952251 0.5181783671 
-82.5328314081 0.0411489317 0.8747304643 0.5181654161 
-82.5416033307 0.0411286843 0.8748689612 0.5181517231 
-82.5505924881 0.0411079450 0.8750107825 0.5181372637 
-82.5598037268 0.0410867033 0.8751559964 0.5181220129 
-82.5692420205 0.0410649485 0.8753046726 0.5181059459 
-82.5789124728 0.0410426695 0.8754568825 0.5180890375 
-82.5888203207 0.0410198551 0.8756126989 0.5180712625 
-82.5989709377 0.0409964938 0.8757721961 0.5180525953 
-82.6093698371 0.0409725737 0.8759354503 0.5180330102 
-82.6200226759 0.0409480828 0.8761025392 0.5180124814 
-82.6309352578 0.0409230087 0.8762735419 0.5179909826 
-82.6421135373 0.0408973387 0.8764485394 0.5179684876 
-82.6535636232 0.0408710598 0.8766276145 0.5179449695 
-82.6652917827 0.0408441589 0.8768108516 0.5179204016 
-82.6773044451 0.0408166222 0.8769983366 0.5178947566 
-82.6896082064 0.0407884360 0.8771901576 0.5178680069 
-82.7022098330 0.0407595859 0.8773864041 0.5178401248 
-82.7151162664 0.0407300575 0.8775871677 0.5178110820 
-82.7283346275 0.0406998358 0.8777925415 0.5177808501 
-82.7418722214 0.0406689056 0.8780026206 0.5177494000 
-82.7557365420 0.0406372514 0.8782175021 0.5177167026 
-82.7699352768 0.0406048571 0.8784372847 0.5176827279 
-82.7844763122 0.0405717064 0.8786620692 0.5176474459 
-82.7993677386 0.0405377828 0.8788919582 0.5176108257 
-82.8146178556 0.0405030691 0.8791270562 0.5175728362 
-82.8302351778 0.0404675479 0.8793674698 0.5175334455 
-82.8462284400 0.0404312013 0.8796133073 0.5174926211 
-82.8626066036 0.0403940112 0.8798646792 0.5174503300 
-82.8793788623 0.0403559588 0.8801216979 0.5174065382 
-82.8965546485 0.0403170251 0.8803844777 0.5173612110 
-82.9141436395 0.0402771907 0.8806531350 0.5173143130 
-82.9321557644 0.0402364355 0.8809277882 0.5172658074 
-82.9506012105 0.0401947393 0.8812085578 0.5172156565 
-82.9694904309 0.0401520811 0.8814955659 0.5171638215 
-82.9888341514 0.0401084398 0.8817889373 0.5171102619 
-83.0086433782 0.0400637935 0.8820887981 0.5170549359 
-83.0289294054 0.0400181201 0.8823952770 0.5169977995 
-83.0497038233 0.0399713969 0.8827085045 0.5169388071 
-83.0709785265 0.0399236006 0.8830286130 0.5168779104 
-83.0927657227 0.0398747076 0.8833557370 0.5168150585 
-83.1150779411 0.0398246935 0.8836900130 0.5167501973 
-83.1379280422 0.0397735338 0.8840315796 0.5166832691 
-83.1613292267 0.0397212031 0.8843805772 0.5166142116 
-83.1852950456 0.0396676755 0.8847371481 0.5165429577 
-83.2098394103 0.0396129247 0.8851014368 0.5164694344 
-83.2349766033 0.0395569239 0.8854735894 0.5163935613 
-83.2607212889 0.0394996454 0.8858537541 0.5163152499 
-83.2870885249 0.0394410611 0.8862420808 0.5162344014 
-83.3140937740 0.0393811424 0.8866387213 0.5161509052 
-83.3417529165 0.0393198601 0.8870438291 0.5160646362 
-83.3700822626 0.0392571841 0.8874575596 0.5159754515 
-83.3990985666 0.0391930839 0.8878800696 0.5158831874 
-83.4288190397 0.0391275283 0.8883115177 0.5157876541 
-83.4592613658 0.0390604856 0.8887520642 0.5156886305 
-83.4904437158 0.0389919232 0.8892018708 0.5155858569 
-83.5223847644 0.0389218078 0.8896611006 0.5154790259 
-83.5551037067 0.0388501057 0.8901299182 0.5153677717 
-83.5886202761 0.0387767823 0.8906084896 0.5152516560 
-83.6229547637 0.0387018022 0.8910969819 0.5151301504 
-83.6581280383 0.0386251293 0.8915955638 0.5150026144 
-83.6941615683 0.0385467268 0.8921044047 0.5148682672 
-83.7310774449 0.0384665572 0.8926236754 0.5147261531 
-83.7688984077 0.0383845819 0.8931535478 0.5145750961 
-83.8076478726 0.0383007618 0.8936941945 0.5144136437 
-83.8473499615 0.0382150567 0.8942457895 0.5142399957 
-83.8880295371 0.0381274256 0.8948085075 0.5140519145 
-83.9297122400 0.0380378265 0.8953825244 0.5138466131 
-83.9724245313 0.0379462164 0.8959680172 0.5136206184 
-84.0161937415 0.0378525513 0.8965651639 0.5133696073 
-84.0610481261 0.0377567861 0.8971741440 0.5130882216 
-84.1070169300 0.0376588745 0.8977951387 0.5127698793 
-84.1541304620 0.0375587686 0.8984283311 0.5124066146 
-84.2024201818 0.0374564194 0.8990739067 0.5119889845 
-84.2519188057 0.0373517762 0.8997320542 0.5115069729 
-84.3026605879 0.0372447861 0.9004029683 0.5109712877 
-84.3546816853 0.0371353934 0.9010868539 0.5104654774 
-84.4080187329 0.0370235426 0.9017839051 0.5100521908 
-84.4627080624 0.0369091804 0.9024942941 0.5097321661 
-84.4655158499 0.0369033174 0.9025308230 0.5097193358 
-84.4655158499 0.0369033174 0.9025308230 0.5097193358 
-84.4655158499 0.0369033174 0.9025308230 0.5097193358 
-84.4655158499 0.0369033174 0.9025308230 0.5097193358 
