-79.7623816556 0.0480297037 0.8207705829 0.3620684171 
-79.7624257212 0.0480295864 0.8207715131 0.3620621396 
-79.7625138584 0.0480293518 0.8207733738 0.3620496175 
-79.7626460795 0.0480289998 0.8207761652 0.3620309160 
-79.7628224030 0.0480285305 0.8207798875 0.3620061304 
-79.7630428530 0.0480279437 0.8207845414 0.3619753828 
-79.7633073927 0.0480272396 0.8207901260 0.3619213376 
-79.7636162150 0.0480264177 0.8207966454 0.3618821896 
-79.7639692907 0.0480254779 0.8208040991 0.3618401299 
-79.7643666627 0.0480244203 0.8208124878 0.3617951661 
-79.7648083780 0.0480232447 0.8208218125 0.3617473104 
-79.7652944875 0.0480219509 0.8208320742 0.3616965784 
-79.7658250459 0.0480205389 0.8208432740 0.3616429890 
-79.7664001121 0.0480190085 0.8208554132 0.3615865641 
-79.7670197484 0.0480173595 0.8208684928 0.3615273276 
-79.7676840213 0.0480155918 0.8208825143 0.3614653053 
-79.7683930011 0.0480137052 0.8208974791 0.3614005241 
-79.7691467618 0.0480116995 0.8209133886 0.3613330122 
-79.7699453814 0.0480095745 0.8209302443 0.3612627978 
-79.7707889415 0.0480073301 0.8209480479 0.3611899097 
-79.7716775275 0.0480049659 0.8209668010 0.3611143765 
-79.7726112288 0.0480024818 0.8209865055 0.3610362261 
-79.7735901381 0.0479998776 0.8210071630 0.3609554862 
-79.7746143523 0.0479971530 0.8210287756 0.3608721834 
-79.7756839716 0.0479943077 0.8210513451 0.3607863433 
-79.7767991001 0.0479913416 0.8210748737 0.3606979905 
-79.7779598457 0.0479882542 0.8210993633 0.3606071480 
-79.7791663196 0.0479850455 0.8211248162 0.3605138380 
-79.7804186370 0.0479817150 0.8211512346 0.3604180808 
-79.7817169165 0.0479782625 0.8211786208 0.3603198955 
-79.7830612806 0.0479746877 0.8212069772 0.3602192998 
-79.7844518551 0.0479709903 0.8212363062 0.3601163098 
-79.7858887697 0.0479671699 0.8212666103 0.3600109404 
-79.7873721576 0.0479632263 0.8212978920 0.3599032047 
-79.7889021555 0.0479591590 0.8213301541 0.3597931148 
-79.7904789040 0.0479549679 0.8213633991 0.3596806812 
-79.7921025470 0.0479506524 0.8213976300 0.3595659134 
-79.7937732322 0.0479462122 0.8214328494 0.3594488194 
-79.7954911108 0.0479416470 0.8214690603 0.3593294062 
-79.7972563375 0.0479369564 0.8215062656 0.3592076798 
-79.7990690709 0.0479321400 0.8215444683 0.3590836449 
-79.8009294730 0.0479271974 0.8215836717 0.3589573054 
-79.8028377094 0.0479221281 0.8216238786 0.3588286644 
-79.8047939493 0.0479169319 0.8216650925 0.3586977240 
-79.8067983656 0.0479116082 0.8217073166 0.3585644856 
-79.8088511347 0.0479061567 0.8217505541 0.3584289499 
-79.8109524369 0.0479005769 0.8217948086 0.3582911168 
-79.8131024556 0.0478948683 0.8218400834 0.3581509858 
-79.8153013784 0.0478890305 0.8218863821 0.3580085558 
-79.8175493963 0.0478830630 0.8219337083 0.3578638251 
-79.8198467037 0.0478769654 0.8219820657 0.3577167916 
-79.8221934991 0.0478707372 0.8220314579 0.3575674528 
-79.8245899844 0.0478643778 0.8220818887 0.3574158057 
-79.8270363652 0.0478578869 0.8221333620 0.3572618472 
-79.8295328507 0.0478512638 0.8221858816 0.3571055737 
-79.8320796541 0.0478445081 0.8222394516 0.3569469814 
-79.8346769919 0.0478376192 0.8222940759 0.3567860661 
-79.8373250845 0.0478305967 0.8223497587 0.3566228235 
-79.8400241560 0.0478234399 0.8224065041 0.3564572492 
-79.8427744344 0.0478161484 0.8224643162 0.3562893384 
-79.8455761510 0.0478087215 0.8225231995 0.3561190862 
-79.8484295412 0.0478011587 0.8225831581 0.3559464878 
-79.8513348441 0.0477934595 0.8226441966 0.3557715378 
-79.8542923025 0.0477856231 0.8227063193 0.3555942312 
-79.8573021630 0.0477776492 0.8227695308 0.3554145626 
-79.8603646760 0.0477695370 0.8228338356 0.3552325265 
-79.8634800957 0.0477612859 0.8228992384 0.3550481176 
-79.8666486801 0.0477528954 0.8229657439 0.3548613302 
-79.8698706910 0.0477443648 0.8230333569 0.3546721588 
-79.8731463942 0.0477356934 0.8231020821 0.3544805978 
-79.8764760591 0.0477268806 0.8231719245 0.3542866415 
-79.8798599591 0.0477179259 0.8232428889 0.3540902844 
-79.8832983716 0.0477088284 0.8233149805 0.3538915206 
-79.8867915776 0.0476995876 0.8233882042 0.3536903447 
-79.8903398623 0.0476902028 0.8234625652 0.3534867509 
-79.8939435145 0.0476806732 0.8235380687 0.3532807336 
-79.8976028273 0.0476709982 0.8236147198 0.3530722872 
-79.9013180975 0.0476611771 0.8236925240 0.3528614060 
-79.9050896259 0.0476512092 0.8237714865 0.3526480847 
-79.9089177173 0.0476410937 0.8238516128 0.3524323176 
-79.9128026804 0.0476308300 0.8239329083 0.3522140993 
-79.9167448281 0.0476204172 0.8240153786 0.3519934244 
-79.9207444772 0.0476098546 0.8240990293 0.3517702875 
-79.9248019484 0.0475991416 0.8241838660 0.3515446834 
-79.9289175667 0.0475882773 0.8242698944 0.3513166068 
-79.9330916611 0.0475772609 0.8243571204 0.3510860527 
-79.9373245645 0.0475660916 0.8244455496 0.3508530159 
-79.9416166141 0.0475547688 0.8245351881 0.3506174914 
-79.9459681512 0.0475432915 0.8246260418 0.3503794745 
-79.9503795210 0.0475316590 0.8247181165 0.3501389601 
-79.9548510732 0.0475198704 0.8248114185 0.3498959438 
-79.9593831614 0.0475079250 0.8249059538 0.3496504207 
-79.9639761434 0.0474958219 0.8250017286 0.3494023865 
-79.9686303814 0.0474835602 0.8250987491 0.3491518368 
-79.9733462416 0.0474711391 0.8251970215 0.3488987672 
-79.9781240945 0.0474585578 0.8252965522 0.3486431735 
-79.9829643148 0.0474458153 0.8253973477 0.3483850518 
-79.9878672817 0.0474329108 0.8254994143 0.3481243981 
-79.9928333783 0.0474198435 0.8256027585 0.3478612085 
-79.9978629924 0.0474066123 0.8257073869 0.3475954795 
-80.0029565159 0.0473932165 0.8258133061 0.3473272074 
-80.0081143451 0.0473796550 0.8259205228 0.3470563889 
-80.0133368806 0.0473659270 0.8260290437 0.3467830206 
-80.0186245275 0.0473520316 0.8261388755 0.3465070994 
-80.0239776953 0.0473379678 0.8262500250 0.3462286224 
-80.0293967977 0.0473237347 0.8263624992 0.3459475867 
-80.0348822532 0.0473093312 0.8264763049 0.3456639896 
-80.0404344845 0.0472947565 0.8265914492 0.3453778286 
-80.0460539189 0.0472800096 0.8267079390 0.3450891012 
-80.0517409882 0.0472650894 0.8268257815 0.3447978053 
-80.0574961287 0.0472499950 0.8269449838 0.3445039388 
-80.0633197813 0.0472347255 0.8270655530 0.3442074998 
-80.0692123913 0.0472192797 0.8271874964 0.3439084865 
-80.0751744089 0.0472036566 0.8273108213 0.3436068974 
-80.0812062887 0.0471878553 0.8274355349 0.3433027311 
-80.0873084901 0.0471718747 0.8275616448 0.3429959863 
-80.0934814769 0.0471557138 0.8276891582 0.3426866620 
-80.0997257180 0.0471393714 0.8278180827 0.3423747573 
-80.1060416865 0.0471228466 0.8279484259 0.3420602715 
-80.1124298608 0.0471061383 0.8280801952 0.3417432040 
-80.1188907237 0.0470892454 0.8282133983 0.3414235546 
-80.1254247628 0.0470721667 0.8283480428 0.3411013230 
-80.1320324708 0.0470549013 0.8284841366 0.3407765093 
-80.1387143449 0.0470374479 0.8286216872 0.3404491137 
-80.1454708873 0.0470198055 0.8287607026 0.3401191366 
-80.1523026053 0.0470019730 0.8289011906 0.3397865786 
-80.1592100108 0.0469839492 0.8290431590 0.3394514404 
-80.1661936210 0.0469657330 0.8291866158 0.3391137230 
-80.1732539576 0.0469473232 0.8293315690 0.3387734276 
-80.1803915479 0.0469287187 0.8294780266 0.3384305555 
-80.1876069238 0.0469099183 0.8296259966 0.3380851082 
-80.1949006224 0.0468909208 0.8297754872 0.3377370875 
-80.2022731860 0.0468717250 0.8299265065 0.3373864954 
-80.2097251620 0.0468523298 0.8300790626 0.3370333339 
-80.2172571028 0.0468327339 0.8302331639 0.3366776054 
-80.2248695663 0.0468129361 0.8303888186 0.3363193125 
-80.2325631153 0.0467929353 0.8305460349 0.3359584577 
-80.2403383180 0.0467727300 0.8307048213 0.3355950442 
-80.2481957481 0.0467523193 0.8308651860 0.3352290749 
-80.2561359842 0.0467317017 0.8310271376 0.3348605532 
-80.2641596108 0.0467108760 0.8311906844 0.3344894827 
-80.2722672173 0.0466898409 0.8313558351 0.3341158670 
-80.2804593988 0.0466685953 0.8315225979 0.3337397101 
-80.2887367558 0.0466471377 0.8316909817 0.3333610161 
-80.2970998945 0.0466254669 0.8318609948 0.3329797893 
-80.3055494263 0.0466035816 0.8320326461 0.3325960343 
-80.3140859685 0.0465814805 0.8322059441 0.3322097558 
-80.3227101439 0.0465591623 0.8323808974 0.3318209587 
-80.3314225809 0.0465366256 0.8325575150 0.3314296481 
-80.3402239137 0.0465138690 0.8327358054 0.3310358294 
-80.3491147823 0.0464908914 0.8329157775 0.3306395081 
-80.3580958324 0.0464676912 0.8330974401 0.3302406899 
-80.3671677155 0.0464442671 0.8332808021 0.3298393808 
-80.3763310892 0.0464206177 0.8334658723 0.3294355868 
-80.3855866166 0.0463967417 0.8336526596 0.3290293144 
-80.3949349673 0.0463726377 0.8338411729 0.3286205700 
-80.4043768166 0.0463483043 0.8340314213 0.3282093604 
-80.4139128458 0.0463237400 0.8342234136 0.3277956924 
-80.4235437424 0.0462989434 0.8344171589 0.3273795732 
-80.4332702003 0.0462739131 0.8346126662 0.3269610101 
-80.4430929192 0.0462486477 0.8348099446 0.3265400107 
-80.4530126053 0.0462231456 0.8350090031 0.3261165825 
-80.4630299711 0.0461974056 0.8352098508 0.3256907336 
-80.4731457353 0.0461714260 0.8354124968 0.3252624719 
-80.4833606233 0.0461452054 0.8356169503 0.3248318058 
-80.4936753667 0.0461187424 0.8358232205 0.3243987438 
-80.5040907039 0.0460920354 0.8360313164 0.3239632945 
-80.5146073795 0.0460650829 0.8362412474 0.3235254668 
-80.5252261450 0.0460378834 0.8364530225 0.3230852697 
-80.5359477587 0.0460104355 0.8366666510 0.3226427125 
-80.5467729854 0.0459827375 0.8368821422 0.3221978045 
-80.5577025969 0.0459547879 0.8370995053 0.3217505554 
-80.5687373717 0.0459265851 0.8373187495 0.3213009750 
-80.5798780955 0.0458981277 0.8375398842 0.3208490732 
-80.5911255607 0.0458694141 0.8377629187 0.3203948603 
-80.6024805671 0.0458404426 0.8379878621 0.3199383465 
-80.6139439213 0.0458112116 0.8382147239 0.3194795424 
-80.6255164375 0.0457817197 0.8384435133 0.3190184586 
-80.6371989367 0.0457519651 0.8386742397 0.3185551061 
-80.6489922477 0.0457219463 0.8389069124 0.3180894959 
-80.6608972064 0.0456916616 0.8391415408 0.3176216392 
-80.6729146563 0.0456611094 0.8393781341 0.3171515474 
-80.6850454486 0.0456302880 0.8396167018 0.3166792322 
-80.6972904418 0.0455991959 0.8398572531 0.3162047051 
-80.7096505025 0.0455678313 0.8400997974 0.3157279782 
-80.7221265048 0.0455361925 0.8403443441 0.3152490636 
-80.7347193308 0.0455042779 0.8405909026 0.3147679733 
-80.7474298706 0.0454720858 0.8408394821 0.3142847200 
-80.7602590222 0.0454396145 0.8410900920 0.3137993160 
-80.7732076918 0.0454068623 0.8413427417 0.3133117740 
-80.7862767939 0.0453738274 0.8415974404 0.3128221071 
-80.7994672510 0.0453405081 0.8418541976 0.3123303280 
-80.8127799944 0.0453069027 0.8421130226 0.3118364500 
-80.8262159635 0.0452730094 0.8423739245 0.3113404864 
-80.8397761064 0.0452388264 0.8426369129 0.3108424506 
-80.8534613800 0.0452043521 0.8429019969 0.3103423561 
-80.8672727497 0.0451695845 0.8431691859 0.3098402166 
-80.8812111899 0.0451345220 0.8434384891 0.3093360458 
-80.8952776840 0.0450991627 0.8437099158 0.3088298577 
-80.9094732242 0.0450635047 0.8439834752 0.3083216663 
-80.9237988122 0.0450275464 0.8442591765 0.3078114856 
-80.9382554587 0.0449912858 0.8445370290 0.3072993300 
-80.9528441838 0.0449547211 0.8448170418 0.3067852135 
-80.9675660173 0.0449178504 0.8450992242 0.3062691507 
-80.9824219981 0.0448806719 0.8453835852 0.3057511558 
-80.9974131754 0.0448431837 0.8456701340 0.3052312434 
-81.0125406076 0.0448053840 0.8459588796 0.3047094280 
-81.0278053636 0.0447672708 0.8462498312 0.3041857240 
-81.0432085218 0.0447288422 0.8465429979 0.3036601460 
-81.0587511712 0.0446900963 0.8468383885 0.3031327086 
-81.0744344109 0.0446510312 0.8471360121 0.3026034262 
-81.0902593503 0.0446116450 0.8474358777 0.3020723133 
-81.1062271096 0.0445719357 0.8477379942 0.3015393844 
-81.1223388193 0.0445319013 0.8480423705 0.3010046536 
-81.1385956212 0.0444915398 0.8483490154 0.3004681353 
-81.1549986675 0.0444508494 0.8486579377 0.2999298436 
-81.1715491219 0.0444098279 0.8489691462 0.2993897923 
-81.1882481589 0.0443684735 0.8492826497 0.2988479951 
-81.2050969649 0.0443267840 0.8495984568 0.2983044657 
-81.2220967371 0.0442847575 0.8499165763 0.2977592173 
-81.2392486850 0.0442423919 0.8502370166 0.2972122627 
-81.2565540294 0.0441996852 0.8505597863 0.2966636147 
-81.2740140034 0.0441566353 0.8508848940 0.2961132853 
-81.2916298518 0.0441132401 0.8512123482 0.2955612865 
-81.3094028321 0.0440694976 0.8515421571 0.2950076294 
-81.3273342138 0.0440254057 0.8518743292 0.2944523249 
-81.3454252794 0.0439809623 0.8522088728 0.2938953830 
-81.3636773237 0.0439361652 0.8525457960 0.2933368131 
-81.3820916547 0.0438910123 0.8528851072 0.2927766238 
-81.4006695934 0.0438455015 0.8532268143 0.2922148231 
-81.4194124741 0.0437996307 0.8535709254 0.2916514177 
-81.4383216444 0.0437533976 0.8539174486 0.2910864134 
-81.4573984658 0.0437068001 0.8542663917 0.2905198150 
-81.4766443133 0.0436598360 0.8546177626 0.2899516258 
-81.4960605761 0.0436125031 0.8549715690 0.2893818477 
-81.5156486575 0.0435647993 0.8553278187 0.2888104814 
-81.5354099752 0.0435167222 0.8556865193 0.2882375256 
-81.5553459614 0.0434682696 0.8560476784 0.2876629772 
-81.5754580633 0.0434194393 0.8564113034 0.2870868311 
-81.5957477430 0.0433702291 0.8567774016 0.2865090800 
-81.6162164776 0.0433206366 0.8571459805 0.2859297143 
-81.6368657599 0.0432706595 0.8575170471 0.2853487214 
-81.6576970982 0.0432202957 0.8578906088 0.2847660861 
-81.6787120167 0.0431695426 0.8582666724 0.2841817900 
-81.6999120558 0.0431183981 0.8586452449 0.2835958109 
-81.7212987719 0.0430668598 0.8590263333 0.2830081232 
-81.7428737384 0.0430149254 0.8594099441 0.2824186970 
-81.7646385451 0.0429625924 0.8597960841 0.2818274977 
-81.7865947992 0.0429098585 0.8601847599 0.2812344859 
-81.8087441249 0.0428567213 0.8605759778 0.2806396170 
-81.8310881641 0.0428031784 0.8609697442 0.2800428401 
-81.8536285765 0.0427492274 0.8613660653 0.2794440982 
-81.8763670400 0.0426948659 0.8617649472 0.2788433273 
-81.8993052506 0.0426400913 0.8621663960 0.2782404557 
-81.9224449232 0.0425849013 0.8625704174 0.2776354034 
-81.9457877914 0.0425292934 0.8629770173 0.2770280817 
-81.9693356083 0.0424732650 0.8633862013 0.2764183917 
-81.9930901461 0.0424168137 0.8637979748 0.2758062244 
-82.0170531971 0.0423599370 0.8642123433 0.2751914589 
-82.0412265737 0.0423026323 0.8646293119 0.2745739622 
-82.0656121086 0.0422448971 0.8650488858 0.2739535877 
-82.0902116554 0.0421867288 0.8654710700 0.2733301743 
-82.1150270888 0.0421281248 0.8658958693 0.2727035455 
-82.1400603047 0.0420690826 0.8663232883 0.2720735081 
-82.1653132210 0.0420095996 0.8667533316 0.2714398507 
-82.1907877776 0.0419496730 0.8671860036 0.2708023432 
-82.2164859370 0.0418893004 0.8676213085 0.2701607352 
-82.2424096844 0.0418284790 0.8680592504 0.2695147552 
-82.2685610284 0.0417672062 0.8684998331 0.2688641096 
-82.2949420011 0.0417054793 0.8689430605 0.2682084818 
-82.3215546586 0.0416432955 0.8693889362 0.2675475323 
-82.3484010816 0.0415806522 0.8698374635 0.2668808984 
-82.3754833755 0.0415175467 0.8702886458 0.2662081955 
-82.4028036709 0.0414539761 0.8707424860 0.2655290180 
-82.4303641242 0.0413899377 0.8711989871 0.2648429431 
-82.4581669180 0.0413254288 0.8716581517 0.2641495348 
-82.4862142613 0.0412604465 0.8721199825 0.2634483498 
-82.5145083903 0.0411949881 0.8725844818 0.2627389468 
-82.5430515686 0.0411290506 0.8730516517 0.2620208956 
-82.5718460879 0.0410626312 0.8735214941 0.2612937910 
-82.6008942682 0.0409957271 0.8739940108 0.2605572705 
-82.6301984585 0.0409283353 0.8744692034 0.2598110603 
-82.6597610373 0.0408604531 0.8749470733 0.2590551413 
-82.6895844138 0.0407920773 0.8754276214 0.2582903603 
-82.7196710300 0.0407232051 0.8759108489 0.2575201419 
-82.7500233632 0.0406538335 0.8763967566 0.2567528272 
-82.7806439227 0.0405839595 0.8768853449 0.2560003902 
-82.8115352420 0.0405135801 0.8773766143 0.2552729744 
-82.8426998748 0.0404426923 0.8778705644 0.2545766142 
-82.8741403961 0.0403712932 0.8783671948 0.2539143620 
-82.9058594035 0.0402993796 0.8788665042 0.2532870696 
-82.9378595177 0.0402269488 0.8793684912 0.2526934483 
-82.9701433838 0.0401539976 0.8798731540 0.2521302496 
-83.0027136735 0.0400805231 0.8803804902 0.2515928509 
-83.0355730868 0.0400065224 0.8808904973 0.2510760045 
-83.0388779639 0.0399990864 0.8809418235 0.2510465478 
