-80.3119496440 0.0465799726 0.8360507437 0.5406311130 
-80.3121537489 0.0465794446 0.8360546500 0.5406184528 
-80.3125621825 0.0465783880 0.8360624670 0.5405931142 
-80.3131753931 0.0465768018 0.8360742035 0.5405550869 
-80.3139940542 0.0465746842 0.8360898728 0.5405044177 
-80.3150190649 0.0465720329 0.8361094927 0.5404412738 
-80.3162513346 0.0465688457 0.8361330808 0.5403487732 
-80.3176930379 0.0465651171 0.8361606811 0.5402780531 
-80.3193453057 0.0465608442 0.8361923151 0.5402106378 
-80.3212095302 0.0465560237 0.8362280099 0.5401459535 
-80.3232871507 0.0465506518 0.8362677928 0.5400835371 
-80.3255796594 0.0465447249 0.8363116922 0.5400230192 
-80.3280886061 0.0465382393 0.8363597372 0.5399641063 
-80.3308156017 0.0465311909 0.8364119579 0.5399065654 
-80.3337623218 0.0465235757 0.8364683854 0.5398502105 
-80.3369305089 0.0465153894 0.8365290519 0.5397948910 
-80.3403219750 0.0465066277 0.8365939904 0.5397404830 
-80.3439386035 0.0464972858 0.8366632355 0.5396868824 
-80.3477823509 0.0464873591 0.8367368226 0.5396339999 
-80.3518552489 0.0464768428 0.8368147882 0.5395817568 
-80.3561594060 0.0464657316 0.8368971704 0.5395300826 
-80.3606970086 0.0464540204 0.8369840080 0.5394789126 
-80.3654703233 0.0464417037 0.8370753415 0.5394281870 
-80.3704816981 0.0464287760 0.8371712124 0.5393778491 
-80.3757335639 0.0464152313 0.8372716635 0.5393278449 
-80.3812284364 0.0464010638 0.8373767390 0.5392781228 
-80.3869689176 0.0463862671 0.8374864843 0.5392286324 
-80.3929576970 0.0463708350 0.8376009462 0.5391793249 
-80.3991975540 0.0463547609 0.8377201729 0.5391301526 
-80.4056913592 0.0463380380 0.8378442137 0.5390810688 
-80.4124420759 0.0463206592 0.8379731196 0.5390320278 
-80.4194527625 0.0463026175 0.8381069428 0.5389829846 
-80.4267265736 0.0462839054 0.8382457371 0.5389338951 
-80.4342667623 0.0462645152 0.8383895576 0.5388847160 
-80.4420766821 0.0462444392 0.8385384609 0.5388354046 
-80.4501597883 0.0462236693 0.8386925049 0.5387859188 
-80.4585196408 0.0462021972 0.8388517492 0.5387362173 
-80.4671599052 0.0461800144 0.8390162549 0.5386862590 
-80.4760843557 0.0461571121 0.8391860844 0.5386360037 
-80.4852968767 0.0461334815 0.8393613019 0.5385854116 
-80.4948014651 0.0461091131 0.8395419728 0.5385344432 
-80.5046022325 0.0460839977 0.8397281645 0.5384830595 
-80.5147034076 0.0460581255 0.8399199455 0.5384312220 
-80.5251093384 0.0460314866 0.8401173863 0.5383788924 
-80.5358244947 0.0460040707 0.8403205588 0.5383260327 
-80.5468534705 0.0459758674 0.8405295363 0.5382726054 
-80.5582009866 0.0459468660 0.8407443943 0.5382185731 
-80.5698718930 0.0459170554 0.8409652093 0.5381638987 
-80.5818711718 0.0458864245 0.8411920598 0.5381085451 
-80.5942039401 0.0458549617 0.8414250260 0.5380524757 
-80.6068754521 0.0458226551 0.8416641897 0.5379956539 
-80.6198911030 0.0457894928 0.8419096341 0.5379380431 
-80.6332564311 0.0457554623 0.8421614446 0.5378796070 
-80.6469771214 0.0457205510 0.8424197080 0.5378203093 
-80.6610590084 0.0456847460 0.8426845128 0.5377601136 
-80.6755080798 0.0456480339 0.8429559493 0.5376989837 
-80.6903304793 0.0456104013 0.8432341095 0.5376368833 
-80.7055325105 0.0455718342 0.8435190871 0.5375737761 
-80.7211206401 0.0455323185 0.8438109777 0.5375096257 
-80.7371015016 0.0454918398 0.8441098784 0.5374443956 
-80.7534818992 0.0454503831 0.8444158882 0.5373780492 
-80.7702688117 0.0454079334 0.8447291078 0.5373105498 
-80.7874693962 0.0453644752 0.8450496398 0.5372418604 
-80.8050909924 0.0453199928 0.8453775883 0.5371719438 
-80.8231411266 0.0452744698 0.8457130594 0.5371007627 
-80.8416275165 0.0452278900 0.8460561607 0.5370282793 
-80.8605580752 0.0451802364 0.8464070017 0.5369544556 
-80.8799409163 0.0451314919 0.8467656938 0.5368792531 
-80.8997843580 0.0450816388 0.8471323498 0.5368026330 
-80.9200969287 0.0450306594 0.8475070845 0.5367245559 
-80.9408873718 0.0449785352 0.8478900142 0.5366449820 
-80.9621646509 0.0449252476 0.8482812573 0.5365638707 
-80.9839379551 0.0448707775 0.8486809334 0.5364811807 
-81.0062167050 0.0448151056 0.8490891642 0.5363968701 
-81.0290105580 0.0447582119 0.8495060728 0.5363108958 
-81.0523294145 0.0447000763 0.8499317841 0.5362232138 
-81.0761834241 0.0446406780 0.8503664247 0.5361337790 
-81.1005829917 0.0445799960 0.8508101225 0.5360425449 
-81.1255387844 0.0445180089 0.8512630074 0.5359494632 
-81.1510617380 0.0444546947 0.8517252106 0.5358544841 
-81.1771630642 0.0443900311 0.8521968648 0.5357575556 
-81.2038542580 0.0443239953 0.8526781043 0.5356586234 
-81.2311471050 0.0442565641 0.8531690649 0.5355576303 
-81.2590536892 0.0441877138 0.8536698837 0.5354545159 
-81.2875864013 0.0441174203 0.8541806991 0.5353492161 
-81.3167579469 0.0440456590 0.8547016512 0.5352416622 
-81.3465813556 0.0439724048 0.8552328810 0.5351317803 
-81.3770699893 0.0438976321 0.8557745309 0.5350194906 
-81.4082375524 0.0438213151 0.8563267443 0.5349047057 
-81.4400981010 0.0437434270 0.8568896661 0.5347873297 
-81.4726660534 0.0436639409 0.8574634418 0.5346672565 
-81.5059562005 0.0435828292 0.8580482181 0.5345443676 
-81.5399837171 0.0435000640 0.8586441427 0.5344185299 
-81.5747641731 0.0434156165 0.8592513640 0.5342895924 
-81.6103135462 0.0433294577 0.8598700311 0.5341573831 
-81.6466482340 0.0432415579 0.8605002940 0.5340217041 
-81.6837850675 0.0431518869 0.8611423031 0.5338823264 
-81.7217413256 0.0430604139 0.8617962094 0.5337389829 
-81.7605347492 0.0429671075 0.8624621643 0.5335913602 
-81.8001835577 0.0428719358 0.8631403196 0.5334390884 
-81.8407064652 0.0427748662 0.8638308272 0.5332817282 
-81.8821226988 0.0426758657 0.8645338394 0.5331187548 
-81.9244520174 0.0425749002 0.8652495082 0.5329495383 
-81.9677147327 0.0424719355 0.8659779861 0.5327733191 
-82.0119317316 0.0423669364 0.8667194250 0.5325891770 
-82.0571245005 0.0422598670 0.8674739771 0.5323959936 
-82.1033151526 0.0421506909 0.8682417942 0.5321924047 
-82.1505264573 0.0420393707 0.8690230280 0.5319767434 
-82.1987818735 0.0419258683 0.8698178299 0.5317469697 
-82.2481055870 0.0418101449 0.8706263512 0.5315005883 
-82.2985225526 0.0416921606 0.8714487433 0.5312345548 
-82.3500585417 0.0415718746 0.8722851575 0.5309451785 
-82.4027401976 0.0414492452 0.8731357455 0.5306280390 
-82.4565950976 0.0413242293 0.8740006597 0.5302779554 
-82.5116518248 0.0411967830 0.8748800534 0.5298890686 
-82.5679400475 0.0410668606 0.8757740813 0.5294551142 
-82.6254906145 0.0409344153 0.8766829003 0.5289708652 
-82.6843358014 0.0407993979 0.8776066727 0.5284494589 
-82.7445095480 0.0406617571 0.8785455682 0.5279569943 
-82.8060461463 0.0405214421 0.8794997421 0.5275446992 
-82.8689794676 0.0403784046 0.8804693213 0.5272164208 
-82.8821512702 0.0403485253 0.8806718502 0.5271572343 
