-84.0363769654 0.0008356259 0.9955559287 0.9998682038 0.0000163110 0.9988607785 0.6990175057 0.9612392183 0.3405335695 0.0011226757 0.0632668392 0.2291392603 0.0001206437 0.8019779378 0.2870181514 0.0003336526 0.0471970619 0.7074240596 0.4450761038 0.6470170633 0.3328247374 0.0001814369 1.4926398035 1.4782158961 1.5431142764 0.0001735461 11.5056973903 11.5053875421 11.5054028049 136.4218910761 0.0000722316 0.0004444092 0.7540852256 0.6108881982 0.1279356927 0.0131815620
-84.0363292729 0.0008356326 0.9955558785 0.9998682022 0.0000163112 0.9988607632 0.6990074949 0.9612356720 0.3405612959 0.0011226796 0.0632577259 0.2290865920 0.0001206443 0.8019746454 0.2870585968 0.0003336549 0.0471973668 0.7074291862 0.4450752765 0.6470259616 0.3328299950 0.0001814526 1.4926008645 1.4781730509 1.5431142134 0.0001735594 11.5056480867 11.5053383134 11.5053535780 136.4218972476 0.0000722455 0.0004444122 0.7540818691 0.6109089176 0.1279552587 0.0131857531
-84.0362343484 0.0008356461 0.9955557787 0.9998681991 0.0000163114 0.9988607326 0.6989872864 0.9612284364 0.3406179162 0.0011226873 0.0632395892 0.2289807661 0.0001206454 0.8019680805 0.2871399573 0.0003336594 0.0471979738 0.7074395211 0.4450742839 0.6470435031 0.3328413740 0.0001814845 1.4925226351 1.4780867593 1.5431144494 0.0001735867 11.5055679980 11.5052583742 11.5052736425 136.4219094201 0.0000722737 0.0004444182 0.7540751714 0.6109512328 0.1279935857 0.0131942537
-84.0360930987 0.0008356661 0.9955556301 0.9998681944 0.0000163117 0.9988606869 0.6989564107 0.9612171380 0.3407063683 0.0011226988 0.0632125668 0.2288205597 0.0001206470 0.8019582827 0.2872634763 0.0003336661 0.0471988769 0.7074550483 0.4450744556 0.6470691100 0.3328605990 0.0001815345 1.4924028892 1.4779541674 1.5431156920 0.0001736294 11.5054797362 11.5051703392 11.5051856131 136.4219273348 0.0000723173 0.0004444272 0.7540651629 0.6110174004 0.1280492301 0.0132074380
-84.0359068813 0.0008356925 0.9955554342 0.9998681883 0.0000163121 0.9988606265 0.6989136789 0.9612009194 0.3408333561 0.0011227140 0.0631767813 0.2286036076 0.0001206492 0.8019453127 0.2874316165 0.0003336749 0.0472000674 0.7074753326 0.4450776643 0.6471018369 0.3328901553 0.0001816065 1.4922358263 1.4777681320 1.5431191879 0.0001736910 11.5054336960 11.5051246105 11.5051398923 136.4219508253 0.0000723792 0.0004444390 0.7540518900 0.6111126111 0.1281203918 0.0132261428
-84.0356760622 0.0008357250 0.9955551929 0.9998681807 0.0000163125 0.9988605515 0.6988562329 0.9611786074 0.3410124923 0.0011227327 0.0631321176 0.2283236324 0.0001206519 0.8019292532 0.2876500801 0.0003336858 0.0472015334 0.7074993547 0.4450858829 0.6471405835 0.3329328904 0.0001817055 1.4920135177 1.4775188680 1.5431267747 0.0001737758 11.5054546638 11.5051459893 11.5051612819 136.4156672460 0.0000724632 0.0004444535 0.7540354162 0.6112434022 0.1282053447 0.0132515745
-84.0354089740 0.0008357628 0.9955549113 0.9998681719 0.0000163131 0.9988604628 0.6987908659 0.9611534352 0.3412092118 0.0011227544 0.0630880892 0.2280291769 0.0001206550 0.8019102159 0.2878786791 0.0003336985 0.0472032417 0.7075173994 0.4450898458 0.6471749232 0.3329709887 0.0001818177 1.4917521240 1.4772352581 1.5431311950 0.0001738720 11.5055326512 11.5052244215 11.5052397262 136.4156948077 0.0000725577 0.0004444705 0.7540158302 0.6113916235 0.1282813194 0.0132794437
-84.0351066701 0.0008358057 0.9955545922 0.9998681619 0.0000163138 0.9988603608 0.6987185974 0.9611265929 0.3414181984 0.0011227791 0.0630449763 0.2277241691 0.0001206585 0.8018883116 0.2881140322 0.0003337128 0.0472051763 0.7075306289 0.4450894438 0.6472057905 0.3330045124 0.0001819375 1.4914637441 1.4769309588 1.5431319328 0.0001739747 11.5056201656 11.5053124004 11.5053277182 136.4157208532 0.0000726579 0.0004444897 0.7539932197 0.6115496263 0.1283496938 0.0133085440
-84.0347716757 0.0008358533 0.9955542379 0.9998681508 0.0000163145 0.9988602461 0.6986407958 0.9610989697 0.3416336120 0.0011228064 0.0630029837 0.2274118502 0.0001206625 0.8018636527 0.2883534070 0.0003337287 0.0472073214 0.7075398940 0.4450848803 0.6472337444 0.3330337721 0.0001820606 1.4911585868 1.4766167637 1.5431290194 0.0001740801 11.5057026258 11.5053953319 11.5054106631 136.4157456138 0.0000727604 0.0004445110 0.7539676760 0.6117119411 0.1284115761 0.0133379558
-84.0344064798 0.0008359051 0.9955538512 0.9998681387 0.0000163153 0.9988601190 0.6985589325 0.9610712405 0.3418497538 0.0011228362 0.0629622725 0.2270952493 0.0001206667 0.8018363527 0.2885943256 0.0003337461 0.0472096609 0.7075457421 0.4450764746 0.6472591088 0.3330591881 0.0001821841 1.4908452528 1.4763011418 1.5431228170 0.0001741859 11.5057792860 11.5054724600 11.5054878046 136.4157693101 0.0000728624 0.0004445342 0.7539392926 0.6118745789 0.1284678607 0.0133669835
-84.0340134933 0.0008359609 0.9955534344 0.9998681257 0.0000163161 0.9988599802 0.6984744016 0.9610439467 0.3420615051 0.0011228683 0.0629229623 0.2267771933 0.0001206713 0.8018065250 0.2888345550 0.0003337648 0.0472121796 0.7075485313 0.4450645590 0.6472820932 0.3330811949 0.0001823055 1.4905309423 1.4759907369 1.5431138137 0.0001742898 11.5058467097 11.5055403399 11.5055556977 136.4157920972 0.0000729620 0.0004445592 0.7539081639 0.6120344037 0.1285192840 0.0133950946
-84.0335950216 0.0008360204 0.9955529899 0.9998681118 0.0000163170 0.9988598300 0.6983883889 0.9610174857 0.3422647154 0.0011229025 0.0628851488 0.2264604172 0.0001206762 0.8017742816 0.2890720108 0.0003337847 0.0472148627 0.7075485126 0.4450494384 0.6473028491 0.3331001907 0.0001824232 1.4902213655 1.4756904460 1.5431025368 0.0001743905 11.5059039609 11.5055980300 11.5056134007 136.4158140463 0.0000730577 0.0004445858 0.7538743848 0.6121891654 0.1285664544 0.0134219088
-84.0331532446 0.0008360832 0.9955525200 0.9998680972 0.0000163180 0.9988596690 0.6983018008 0.9609921171 0.3424563865 0.0011229386 0.0628489090 0.2261475205 0.0001206814 0.8017397328 0.2893047644 0.0003338057 0.0472176963 0.7075458718 0.4450313794 0.6473214881 0.3331165178 0.0001825360 1.4899209343 1.4754037224 1.5430895303 0.0001744870 11.5059572445 11.5056517307 11.5056671136 136.4158351708 0.0000731485 0.0004446139 0.7538380490 0.6123374484 0.1286098768 0.0134471740
-84.0326901982 0.0008361491 0.9955520267 0.9998680818 0.0000163190 0.9988594976 0.6982152806 0.9609680237 0.3426345670 0.0011229764 0.0628142843 0.2258407032 0.0001206868 0.8017029860 0.2895312451 0.0003338277 0.0472206674 0.7075407639 0.4450106107 0.6473381106 0.3331304630 0.0001826432 1.4896328342 1.4751328074 1.5430752586 0.0001745786 11.5060044501 11.5056993293 11.5057147238 136.4158554583 0.0000732337 0.0004446434 0.7537992491 0.6124782340 0.1286499851 0.0134707348
-84.0322077700 0.0008362177 0.9955515121 0.9998680658 0.0000163200 0.9988593162 0.6981292381 0.9609452924 0.3427982390 0.0011230159 0.0627812941 0.2255418424 0.0001206925 0.8016641456 0.2897501598 0.0003338507 0.0472237639 0.7075333233 0.4449873277 0.6473528086 0.3331422633 0.0001827444 1.4893591303 1.4748788659 1.5430601321 0.0001746651 11.5060464462 11.5057416931 11.5057570986 136.4158748900 0.0000733132 0.0004446741 0.7537580756 0.6126110633 0.1286871493 0.0134925264
-84.0317076976 0.0008362889 0.9955509778 0.9998680491 0.0000163211 0.9988591253 0.6980438965 0.9609239421 0.3429471252 0.0011230568 0.0627499382 0.2252524675 0.0001206984 0.8016233123 0.2899604939 0.0003338745 0.0472269745 0.7075236711 0.4449616984 0.6473656697 0.3331521151 0.0001828396 1.4891009680 1.4746422302 1.5430444953 0.0001747464 11.5060839513 11.5057795406 11.5057949564 136.4158934497 0.0000733868 0.0004447060 0.7537146167 0.6127358580 0.1287216871 0.0135125523
-84.0311915712 0.0008363623 0.9955504256 0.9998680320 0.0000163222 0.9988589252 0.6979593414 0.9609039437 0.3430814894 0.0011230990 0.0627201993 0.2249737613 0.0001207044 0.8015805827 0.2901614966 0.0003338991 0.0472302891 0.7075119193 0.4449338681 0.6473767792 0.3331601820 0.0001829288 1.4888587978 1.4744226430 1.5430286329 0.0001748226 11.5061175564 11.5058134634 11.5058288887 136.4159111286 0.0000734547 0.0004447389 0.7536689583 0.6128528077 0.1287538726 0.0135308643
-84.0306608405 0.0008364379 0.9955498570 0.9998680143 0.0000163233 0.9988587164 0.6978755648 0.9608852339 0.3432019659 0.0011231424 0.0626920461 0.2247065821 0.0001207106 0.8015360496 0.2903526553 0.0003339244 0.0472336984 0.7074981736 0.4449039643 0.6473862204 0.3331666023 0.0001830124 1.4886325184 1.4742194202 1.5430127681 0.0001748940 11.5061477519 11.5058439531 11.5058593874 136.4159279272 0.0000735171 0.0004447727 0.7536211831 0.6129622909 0.1287839436 0.0135475482
-84.0301168221 0.0008365154 0.9955492734 0.9998679962 0.0000163245 0.9988584992 0.6977925000 0.9608677303 0.3433094135 0.0011231869 0.0626654364 0.2244514972 0.0001207170 0.8014898018 0.2905336639 0.0003339503 0.0472371939 0.7074825340 0.4448721002 0.6473940746 0.3331714944 0.0001830906 1.4884216801 1.4740316362 1.5429970777 0.0001749607 11.5061749517 11.5058714251 11.5058868677 136.4159438543 0.0000735746 0.0004448075 0.7535713714 0.6130647909 0.1288121072 0.0135627084
-84.0295607094 0.0008365946 0.9955486759 0.9998679777 0.0000163257 0.9988582738 0.6977100479 0.9608513394 0.3434048120 0.0011232325 0.0626403195 0.2242088242 0.0001207236 0.8014419238 0.2907043893 0.0003339768 0.0472407678 0.7074650962 0.4448383778 0.6474004215 0.3331749610 0.0001831640 1.4882255813 1.4738582197 1.5429816934 0.0001750234 11.5061995091 11.5058962344 11.5059116849 136.4159589265 0.0000736273 0.0004448429 0.7535196005 0.6131608496 0.1288385448 0.0135764596
-84.0289935822 0.0008366754 0.9955480657 0.9998679588 0.0000163269 0.9988580407 0.6976280957 0.9608359642 0.3434891845 0.0011232789 0.0626166391 0.2239786728 0.0001207302 0.8013924962 0.2908648393 0.0003340038 0.0472444132 0.7074459516 0.4448028895 0.6474053387 0.3331770924 0.0001832330 1.4880433750 1.4736980461 1.5429667108 0.0001750821 11.5062217284 11.5059186869 11.5059341447 136.4159731668 0.0000736758 0.0004448792 0.7534659450 0.6132510257 0.1288634157 0.0135889190
-84.0284164168 0.0008367577 0.9955474440 0.9998679395 0.0000163282 0.9988578002 0.6975465288 0.9608215092 0.3435635460 0.0011233262 0.0625943346 0.2237609849 0.0001207370 0.8013415961 0.2910151337 0.0003340314 0.0472481239 0.7074251878 0.4447657202 0.6474089018 0.3331779690 0.0001832979 1.4878741436 1.4735499961 1.5429521969 0.0001751374 11.5062418735 11.5059390482 11.5059545129 136.4159866025 0.0000737203 0.0004449160 0.7534104769 0.6133358678 0.1288868607 0.0136002010
-84.0278300952 0.0008368412 0.9955468115 0.9998679199 0.0000163295 0.9988575525 0.6974652386 0.9608078832 0.3436288697 0.0011233742 0.0625733436 0.2235555712 0.0001207439 0.8012892964 0.2911554780 0.0003340593 0.0472518941 0.7074028886 0.4447269484 0.6474111839 0.3331776632 0.0001833591 1.4877169540 1.4734129959 1.5429381957 0.0001751896 11.5062601739 11.5059575495 11.5059730206 136.4159992646 0.0000737613 0.0004449535 0.7533532656 0.6134158969 0.1289090046 0.0136104147
-84.0272354146 0.0008369260 0.9955461691 0.9998679001 0.0000163308 0.9988572979 0.6973841267 0.9607950003 0.3436860714 0.0011234229 0.0625536026 0.2233621423 0.0001207509 0.8012356668 0.2912861427 0.0003340877 0.0472557187 0.7073791344 0.4446866472 0.6474122557 0.3331762409 0.0001834170 1.4875708644 1.4732860205 1.5429247293 0.0001752390 11.5062768306 11.5059743930 11.5059898701 136.4160111861 0.0000737991 0.0004449915 0.7532943778 0.6134916040 0.1289299584 0.0136196625
-84.0266330954 0.0008370119 0.9955455177 0.9998678800 0.0000163321 0.9988570366 0.6973031069 0.9607827821 0.3437359947 0.0011234722 0.0625350481 0.2231803354 0.0001207579 0.8011807737 0.2914074445 0.0003341164 0.0472595930 0.7073540020 0.4446448851 0.6474121856 0.3331737622 0.0001834720 1.4874349894 1.4731681340 1.5429118088 0.0001752858 11.5062920186 11.5059897553 11.5060052382 136.4160224013 0.0000738341 0.0004450300 0.7532338783 0.6135634347 0.1289498215 0.0136280379
-84.0260237893 0.0008370988 0.9955448578 0.9998678596 0.0000163334 0.9988567690 0.6972221057 0.9607711564 0.3437794129 0.0011235221 0.0625176179 0.2230097361 0.0001207651 0.8011246803 0.2915197323 0.0003341455 0.0472635128 0.7073275650 0.4446017266 0.6474110391 0.3331702830 0.0001835244 1.4873084687 1.4730584631 1.5428994308 0.0001753304 11.5063058919 11.5060037916 11.5060192799 136.4160329450 0.0000738664 0.0004450689 0.7531718293 0.6136317995 0.1289686828 0.0136356273
-84.0254080863 0.0008371867 0.9955441902 0.9998678390 0.0000163347 0.9988564952 0.6971410622 0.9607600588 0.3438170252 0.0011235726 0.0625012509 0.2228498963 0.0001207723 0.8010674467 0.2916233753 0.0003341749 0.0472674744 0.7072998938 0.4445572326 0.6474088794 0.3331658548 0.0001835744 1.4871905140 1.4729562246 1.5428875866 0.0001753730 11.5063185858 11.5060166381 11.5060321316 136.4160428516 0.0000738964 0.0004451083 0.7531082912 0.6136970649 0.1289866225 0.0136425081
-84.0247865213 0.0008372753 0.9955435153 0.9998678183 0.0000163361 0.9988562155 0.6970599270 0.9607494308 0.3438494631 0.0011236235 0.0624858882 0.2227003476 0.0001207797 0.8010091304 0.2917187536 0.0003342046 0.0472714742 0.7072710557 0.4445114613 0.6474057669 0.3331605263 0.0001836223 1.4870803824 1.4728607003 1.5428762599 0.0001754137 11.5063302183 11.5060284142 11.5060439125 136.4160521553 0.0000739243 0.0004451480 0.7530433224 0.6137595627 0.1290037130 0.0136487507
-84.0241595798 0.0008373648 0.9955428338 0.9998677973 0.0000163375 0.9988559301 0.6969786611 0.9607392196 0.3438772943 0.0011236749 0.0624714731 0.2225606128 0.0001207870 0.8009497861 0.2918062513 0.0003342345 0.0472755092 0.7072411152 0.4444644679 0.6474017595 0.3331543427 0.0001836683 1.4869773837 1.4727712391 1.5428654293 0.0001754529 11.5063408924 11.5060392234 11.5060547264 136.4160608891 0.0000739504 0.0004451881 0.7529769792 0.6138195913 0.1290200197 0.0136544187
-84.0235277034 0.0008374550 0.9955421461 0.9998677761 0.0000163388 0.9988556391 0.6968972347 0.9607293787 0.3439010268 0.0011237267 0.0624579513 0.2224302145 0.0001207945 0.8008894662 0.2918862504 0.0003342647 0.0472795764 0.7072101338 0.4444163055 0.6473969124 0.3331473471 0.0001837126 1.4868808909 1.4726872577 1.5428550724 0.0001754906 11.5063506943 11.5060491531 11.5060646606 136.4160690849 0.0000739747 0.0004452286 0.7529093167 0.6138774159 0.1290356022 0.0136595690
-84.0228912946 0.0008375458 0.9955414527 0.9998677548 0.0000163402 0.9988553430 0.6968156256 0.9607198658 0.3439211170 0.0011237788 0.0624452712 0.2223086826 0.0001208019 0.8008282209 0.2919591260 0.0003342951 0.0472836733 0.7071781703 0.4443670249 0.6473912785 0.3331395802 0.0001837555 1.4867903223 1.4726082253 1.5428451640 0.0001755270 11.5063596907 11.5060582704 11.5060737822 136.4160767734 0.0000739975 0.0004452693 0.7528403879 0.6139332750 0.1290505147 0.0136642531
-84.0222507212 0.0008376373 0.9955407539 0.9998677334 0.0000163416 0.9988550417 0.6967338174 0.9607106426 0.3439379789 0.0011238313 0.0624333836 0.2221955593 0.0001208095 0.8007660979 0.2920252421 0.0003343257 0.0472877975 0.7071452809 0.4443166750 0.6473849078 0.3331310806 0.0001837970 1.4867051330 1.4725336513 1.5428356777 0.0001755623 11.5063679120 11.5060666066 11.5060821226 136.4160839843 0.0000740189 0.0004453103 0.7527702448 0.6139873867 0.1290648066 0.0136685185
-84.0216063201 0.0008377293 0.9955400501 0.9998677118 0.0000163430 0.9988547355 0.6966517965 0.9607016744 0.3439519953 0.0011238842 0.0624222424 0.2220903995 0.0001208171 0.8007031433 0.2920849502 0.0003343565 0.0472919469 0.7071115186 0.4442653031 0.6473778472 0.3331218851 0.0001838374 1.4866248227 1.4724630911 1.5428265886 0.0001755966 11.5063753182 11.5060741223 11.5060896423 136.4160907465 0.0000740391 0.0004453516 0.7526989376 0.6140399474 0.1290785231 0.0136724087
-84.0209584021 0.0008378218 0.9955393416 0.9998676901 0.0000163445 0.9988544246 0.6965695516 0.9606929273 0.3439635081 0.0011239373 0.0624118028 0.2219927583 0.0001208247 0.8006394010 0.2921385983 0.0003343874 0.0472961194 0.7070769320 0.4442129551 0.6473701367 0.3331120287 0.0001838767 1.4865490228 1.4723962221 1.5428178842 0.0001756300 11.5063848788 11.5060837872 11.5060993111 136.4160970901 0.0000740581 0.0004453931 0.7526265155 0.6140911577 0.1290917060 0.0136759569
-84.0203072507 0.0008379148 0.9955386289 0.9998676682 0.0000163459 0.9988541091 0.6964870894 0.9606843968 0.3439727659 0.0011239907 0.0624020136 0.2219021175 0.0001208324 0.8005749134 0.2921866065 0.0003344185 0.0473003131 0.7070415731 0.4441596758 0.6473618240 0.3331015451 0.0001839150 1.4864774129 1.4723327892 1.5428095229 0.0001756625 11.5063912435 11.5060902518 11.5061057794 136.4161030446 0.0000740761 0.0004454348 0.7525530264 0.6141410139 0.1291043993 0.0136791848
-84.0196531304 0.0008380082 0.9955379121 0.9998676463 0.0000163473 0.9988537893 0.6964044144 0.9606760498 0.3439800295 0.0011240443 0.0623928363 0.2218180914 0.0001208401 0.8005097212 0.2922292835 0.0003344498 0.0473045265 0.7070054890 0.4441055078 0.6473529513 0.3330904664 0.0001839524 1.4864096026 1.4722724499 1.5428014886 0.0001756943 11.5063972329 11.5060963367 11.5061118680 136.4161086342 0.0000740932 0.0004454767 0.7524785170 0.6141897205 0.1291166374 0.0136821259
-84.0189962856 0.0008381021 0.9955371916 0.9998676242 0.0000163488 0.9988534653 0.6963215336 0.9606678646 0.3439855298 0.0011240982 0.0623842344 0.2217403073 0.0001208478 0.8004438635 0.2922669269 0.0003344812 0.0473087578 0.7069687250 0.4440504923 0.6473435592 0.3330788237 0.0001839890 1.4863452468 1.4722149090 1.5427937577 0.0001757254 11.5064028615 11.5061020572 11.5061175921 136.4161138809 0.0000741094 0.0004455188 0.7524030331 0.6142374021 0.1291284519 0.0136848079
-84.0183369444 0.0008381963 0.9955364675 0.9998676021 0.0000163502 0.9988531373 0.6962384559 0.9606598225 0.3439894719 0.0011241522 0.0623761729 0.2216684078 0.0001208555 0.8003773782 0.2922998233 0.0003345127 0.0473130057 0.7069313250 0.4439946697 0.6473336862 0.3330666471 0.0001840249 1.4862840397 1.4721599093 1.5427863078 0.0001757559 11.5064081343 11.5061074185 11.5061229569 136.4161188055 0.0000741248 0.0004455610 0.7523266196 0.6142841659 0.1291398724 0.0136872553
-84.0176753200 0.0008382908 0.9955357403 0.9998675799 0.0000163517 0.9988528055 0.6961551922 0.9606519071 0.3439920388 0.0011242065 0.0623686189 0.2216020513 0.0001208633 0.8003103017 0.2923282464 0.0003345443 0.0473172688 0.7068933312 0.4439380797 0.6473233693 0.3330539660 0.0001840602 1.4862257067 1.4721072208 1.5427791180 0.0001757859 11.5064130631 11.5061124326 11.5061279744 136.4161234274 0.0000741395 0.0004456034 0.7522493204 0.6143301062 0.1291509264 0.0136894896
-84.0170116127 0.0008383856 0.9955350100 0.9998675576 0.0000163531 0.9988524699 0.6960717550 0.9606441037 0.3439933938 0.0011242609 0.0623615414 0.2215409135 0.0001208712 0.8002426692 0.2923524571 0.0003345760 0.0473215457 0.7068547840 0.4438807609 0.6473126431 0.3330408090 0.0001840950 1.4861699986 1.4720566373 1.5427721691 0.0001758154 11.5064176657 11.5061171177 11.5061326629 136.4161277654 0.0000741536 0.0004456460 0.7521711784 0.6143753070 0.1291616392 0.0136915304
-84.0163460117 0.0008384808 0.9955342769 0.9998675352 0.0000163546 0.9988521308 0.6959881579 0.9606363987 0.3439936843 0.0011243155 0.0623549111 0.2214846874 0.0001208790 0.8001745150 0.2923727031 0.0003346079 0.0473258352 0.7068157223 0.4438227516 0.6473015409 0.3330272039 0.0001841292 1.4861166727 1.4720079597 1.5427654399 0.0001758445 11.5064219624 11.5061214943 11.5061370427 136.4161318368 0.0000741672 0.0004456887 0.7520922361 0.6144198476 0.1291720344 0.0136933959
-84.0156786966 0.0008385762 0.9955335412 0.9998675127 0.0000163560 0.9988517883 0.6959044155 0.9606287809 0.3439930407 0.0011243702 0.0623487006 0.2214330831 0.0001208869 0.8001058720 0.2923892189 0.0003346398 0.0473301363 0.7067761835 0.4437640890 0.6472900945 0.3330131778 0.0001841630 1.4860655297 1.4719610235 1.5427589151 0.0001758732 11.5064259719 11.5061255814 11.5061411331 136.4161356579 0.0000741801 0.0004457315 0.7520125351 0.6144637937 0.1291821337 0.0136951017
-84.0150098388 0.0008386718 0.9955328032 0.9998674902 0.0000163575 0.9988514426 0.6958205431 0.9606212391 0.3439915822 0.0011244251 0.0623428841 0.2213858277 0.0001208947 0.8000367723 0.2924022256 0.0003346718 0.0473344477 0.7067362038 0.4437048099 0.6472783340 0.3329987571 0.0001841964 1.4860163637 1.4719156608 1.5427525763 0.0001759015 11.5064297088 11.5061293938 11.5061449486 136.4161392439 0.0000741927 0.0004457744 0.7519321162 0.6145072103 0.1291919575 0.0136966631
-84.0143396025 0.0008387676 0.9955320629 0.9998674677 0.0000163590 0.9988510939 0.6957365561 0.9606137640 0.3439894159 0.0011244801 0.0623374375 0.2213426662 0.0001209026 0.7999672471 0.2924119308 0.0003347038 0.0473387684 0.7066958176 0.4436449502 0.6472662886 0.3329839675 0.0001842295 1.4859690017 1.4718717296 1.5427464097 0.0001759295 11.5064331754 11.5061329338 11.5061484918 136.4161426090 0.0000742047 0.0004458174 0.7518510198 0.6145501525 0.1292015246 0.0136980937
-84.0136681460 0.0008388636 0.9955313207 0.9998674451 0.0000163605 0.9988507422 0.6956524689 0.9606063454 0.3439866472 0.0011245352 0.0623323386 0.2213033614 0.0001209105 0.7998973266 0.2924185277 0.0003347359 0.0473430974 0.7066550586 0.4435845454 0.6472539856 0.3329688342 0.0001842622 1.4859232474 1.4718290700 1.5427403974 0.0001759573 11.5064363444 11.5061361747 11.5061517358 136.4161457667 0.0000742164 0.0004458605 0.7517692855 0.6145926813 0.1292108525 0.0136994080
-84.0129956228 0.0008389598 0.9955305766 0.9998674224 0.0000163620 0.9988503878 0.6955682929 0.9605989747 0.3439833818 0.0011245904 0.0623275664 0.2212676897 0.0001209185 0.7998270405 0.2924221967 0.0003347681 0.0473474337 0.7066139582 0.4435236302 0.6472414503 0.3329533818 0.0001842947 1.4858789503 1.4717875538 1.5427345305 0.0001759848 11.5064391199 11.5061390205 11.5061545846 136.4161487306 0.0000742278 0.0004459036 0.7516869525 0.6146348456 0.1292199575 0.0137006188
-84.0123221836 0.0008390562 0.9955298309 0.9998673998 0.0000163634 0.9988500307 0.6954840373 0.9605916405 0.3439797172 0.0011246456 0.0623231003 0.2212354243 0.0001209264 0.7997564175 0.2924231166 0.0003348003 0.0473517763 0.7065725446 0.4434622394 0.6472287019 0.3329376337 0.0001843269 1.4858360406 1.4717471313 1.5427288089 0.0001760122 11.5064446314 11.5061446005 11.5061601678 136.4161515160 0.0000742388 0.0004459469 0.7516040596 0.6146767221 0.1292288551 0.0137017328
-84.0116479728 0.0008391526 0.9955290837 0.9998673770 0.0000163649 0.9988496712 0.6953997256 0.9605843602 0.3439756800 0.0011247009 0.0623189118 0.2212062548 0.0001209343 0.7996854856 0.2924215493 0.0003348326 0.0473561243 0.7065308515 0.4434004072 0.6472157697 0.3329216135 0.0001843588 1.4857944728 1.4717077957 1.5427232017 0.0001760393 11.5064471079 11.5061471444 11.5061627146 136.4161541385 0.0000742495 0.0004459902 0.7515206448 0.6147181838 0.1292375657 0.0137027469
-84.0109731344 0.0008392492 0.9955283353 0.9998673543 0.0000163664 0.9988493094 0.6953153757 0.9605771183 0.3439713362 0.0011247563 0.0623149842 0.2211800060 0.0001209423 0.7996142723 0.2924176403 0.0003348649 0.0473604768 0.7064889079 0.4433381667 0.6472026776 0.3329053439 0.0001843905 1.4857541107 1.4716694241 1.5427177085 0.0001760661 11.5064495348 11.5061496373 11.5061652105 136.4161566087 0.0000742599 0.0004460335 0.7514367459 0.6147593380 0.1292461019 0.0137036735
-84.0102978094 0.0008393458 0.9955275857 0.9998673315 0.0000163679 0.9988489453 0.6952310046 0.9605699090 0.3439667438 0.0011248117 0.0623113018 0.2211565089 0.0001209503 0.7995428045 0.2924115301 0.0003348972 0.0473648329 0.7064467429 0.4432755502 0.6471894495 0.3328888473 0.0001844220 1.4857148348 1.4716319181 1.5427123193 0.0001760929 11.5064518950 11.5061520624 11.5061676385 136.4161589354 0.0000742701 0.0004460769 0.7513524002 0.6148002195 0.1292544754 0.0137045215
-84.0096221376 0.0008394425 0.9955268351 0.9998673087 0.0000163694 0.9988485793 0.6951466292 0.9605627280 0.3439619545 0.0011248672 0.0623078492 0.2211356011 0.0001209582 0.7994711086 0.2924033534 0.0003349295 0.0473691915 0.7064043846 0.4432125899 0.6471761082 0.3328721458 0.0001844534 1.4856765408 1.4715951942 1.5427070240 0.0001761194 11.5064541654 11.5061543966 11.5061699757 136.4161611269 0.0000742800 0.0004461203 0.7512676447 0.6148408564 0.1292626975 0.0137052984
-84.0089462573 0.0008395392 0.9955260838 0.9998672859 0.0000163709 0.9988482113 0.6950622663 0.9605555716 0.3439570149 0.0011249227 0.0623046121 0.2211171282 0.0001209662 0.7993992103 0.2923932389 0.0003349619 0.0473735520 0.7063618609 0.4431493177 0.6471626757 0.3328552615 0.0001844845 1.4856391349 1.4715591754 1.5427018132 0.0001761458 11.5064563317 11.5061566258 11.5061722077 136.4161631913 0.0000742897 0.0004461637 0.7511825159 0.6148812727 0.1292707788 0.0137060109
-84.0082703067 0.0008396360 0.9955253318 0.9998672631 0.0000163724 0.9988478417 0.6949779326 0.9605484365 0.3439519674 0.0011249781 0.0623015768 0.2211009446 0.0001209742 0.7993271350 0.2923813084 0.0003349943 0.0473779133 0.7063191988 0.4430857656 0.6471491727 0.3328382162 0.0001845155 1.4856025310 1.4715237947 1.5426966786 0.0001761721 11.5064583876 11.5061587437 11.5061743285 136.4161651358 0.0000742992 0.0004462071 0.7510970500 0.6149214897 0.1292787292 0.0137066652
-84.0075944235 0.0008397327 0.9955245794 0.9998672403 0.0000163739 0.9988474704 0.6948936443 0.9605413195 0.3439468511 0.0011250336 0.0622987307 0.2210869142 0.0001209821 0.7992549077 0.2923676762 0.0003350266 0.0473822745 0.7062764244 0.4430219651 0.6471356197 0.3328210317 0.0001845464 1.4855666463 1.4714889842 1.5426916115 0.0001761983 11.5064603283 11.5061607457 11.5061763333 136.4161669676 0.0000743085 0.0004462505 0.7510112830 0.6149615280 0.1292865582 0.0137072671
-84.0069187457 0.0008398295 0.9955238268 0.9998672175 0.0000163754 0.9988470976 0.6948094173 0.9605342178 0.3439417039 0.0011250891 0.0622960619 0.2210749105 0.0001209901 0.7991825528 0.2923524490 0.0003350590 0.0473866349 0.7062335635 0.4429579476 0.6471220361 0.3328037292 0.0001845771 1.4855314008 1.4714546806 1.5426866042 0.0001762243 11.5064621419 11.5061626197 11.5061782103 136.4161686932 0.0000743177 0.0004462940 0.7509252504 0.6150014070 0.1292942746 0.0137078223
-84.0062434121 0.0008399262 0.9955230740 0.9998671947 0.0000163769 0.9988467236 0.6947252662 0.9605271280 0.3439365662 0.0011251445 0.0622935595 0.2210648180 0.0001209981 0.7991100946 0.2923357244 0.0003350913 0.0473909934 0.7061906408 0.4428937440 0.6471084405 0.3327863297 0.0001846078 1.4854967132 1.4714208155 1.5426816498 0.0001762503 11.5064637906 11.5061643285 11.5061799218 136.4161703190 0.0000743268 0.0004463374 0.7508389876 0.6150411480 0.1293018868 0.0137083372
-84.0055685623 0.0008400228 0.9955223212 0.9998671718 0.0000163784 0.9988463484 0.6946412020 0.9605200469 0.3439314883 0.0011251999 0.0622912133 0.2210565278 0.0001210060 0.7990375568 0.2923175925 0.0003351236 0.0473953492 0.7061476802 0.4428293852 0.6470948503 0.3327688540 0.0001846384 1.4854625050 1.4713873209 1.5426767435 0.0001762762 11.5064651737 11.5061657709 11.5061813671 136.4161718518 0.0000743357 0.0004463808 0.7507525295 0.6150807726 0.1293094024 0.0137088183
-84.0048943383 0.0008401194 0.9955215687 0.9998671491 0.0000163799 0.9988459721 0.6945572333 0.9605129681 0.3439265172 0.0011252553 0.0622890129 0.2210499229 0.0001210140 0.7989649630 0.2922981464 0.0003351559 0.0473997013 0.7061047026 0.4427649020 0.6470812774 0.3327513222 0.0001846689 1.4854287816 1.4713542085 1.5426718910 0.0001763021 11.5064692139 11.5061698699 11.5061854689 136.4161733003 0.0000743445 0.0004464241 0.7506659110 0.6151203268 0.1293168292 0.0137092665
-84.0042208804 0.0008402158 0.9955208166 0.9998671263 0.0000163814 0.9988455950 0.6944733820 0.9605059125 0.3439216378 0.0011253106 0.0622869397 0.2210448015 0.0001210219 0.7988923363 0.2922775612 0.0003351882 0.0474040489 0.7060617344 0.4427003250 0.6470677434 0.3327337543 0.0001846993 1.4853955732 1.4713215293 1.5426670706 0.0001763278 11.5064705306 11.5061712450 11.5061868467 136.4161746739 0.0000743532 0.0004464674 0.7505791664 0.6151596668 0.1293241799 0.0137096738
-84.0035483329 0.0008403122 0.9955200651 0.9998671035 0.0000163829 0.9988452171 0.6943896645 0.9604988691 0.3439168778 0.0011253658 0.0622849860 0.2210410828 0.0001210299 0.7988196996 0.2922559082 0.0003352204 0.0474083910 0.7060187987 0.4426356838 0.6470542660 0.3327161702 0.0001847295 1.4853628041 1.4712892110 1.5426622851 0.0001763535 11.5064718727 11.5061726449 11.5061882495 136.4161759780 0.0000743618 0.0004465107 0.7504923301 0.6151988726 0.1293314604 0.0137100474
-84.0028768406 0.0008404084 0.9955193143 0.9998670808 0.0000163843 0.9988448387 0.6943060966 0.9604918360 0.3439122610 0.0011254209 0.0622831440 0.2210386871 0.0001210378 0.7987470758 0.2922332567 0.0003352526 0.0474127267 0.7059759183 0.4425710078 0.6470408628 0.3326985891 0.0001847597 1.4853304122 1.4712572024 1.5426575291 0.0001763790 11.5064732216 11.5061740513 11.5061896586 136.4161772162 0.0000743703 0.0004465539 0.7504054360 0.6152379590 0.1293386765 0.0137103918
-84.0022065503 0.0008405045 0.9955185644 0.9998670581 0.0000163858 0.9988444597 0.6942226936 0.9604848119 0.3439078088 0.0011254760 0.0622814063 0.2210375367 0.0001210457 0.7986744872 0.2922096745 0.0003352847 0.0474170550 0.7059331161 0.4425063260 0.6470275510 0.3326810307 0.0001847898 1.4852983463 1.4712254621 1.5426527971 0.0001764046 11.5064745520 11.5061754388 11.5061910489 136.4161783922 0.0000743787 0.0004465970 0.7503185181 0.6152769353 0.1293458336 0.0137107106
-84.0015376105 0.0008406003 0.9955178157 0.9998670355 0.0000163873 0.9988440805 0.6941394707 0.9604777962 0.3439035410 0.0011255309 0.0622797658 0.2210375570 0.0001210536 0.7986019561 0.2921852268 0.0003353168 0.0474213750 0.7058904148 0.4424416675 0.6470143473 0.3326635144 0.0001848198 1.4852665598 1.4711939532 1.5426480837 0.0001764300 11.5064758473 11.5061767908 11.5061924036 136.4161795095 0.0000743870 0.0004466400 0.7502316098 0.6153158090 0.1293529371 0.0137110067
-84.0008701718 0.0008406960 0.9955170682 0.9998670129 0.0000163888 0.9988437010 0.6940564432 0.9604707880 0.3438994764 0.0011255857 0.0622782157 0.2210386775 0.0001210615 0.7985295046 0.2921599756 0.0003353487 0.0474256856 0.7058478368 0.4423770614 0.6470012682 0.3326460596 0.0001848498 1.4852350084 1.4711626406 1.5426433840 0.0001764554 11.5064770990 11.5061780990 11.5061937146 136.4161805714 0.0000743953 0.0004466830 0.7501447446 0.6153545871 0.1293599921 0.0137112832
-84.0002043869 0.0008407914 0.9955163222 0.9998669903 0.0000163903 0.9988433215 0.6939736263 0.9604637867 0.3438956330 0.0011256404 0.0622767496 0.2210408322 0.0001210693 0.7984571547 0.2921339793 0.0003353806 0.0474299859 0.7058054040 0.4423125367 0.6469883294 0.3326286857 0.0001848797 1.4852036491 1.4711314894 1.5426386930 0.0001764807 11.5064783020 11.5061793583 11.5061949766 136.4161815810 0.0000744035 0.0004467258 0.7500579556 0.6153932765 0.1293670034 0.0137115429
-83.9995404107 0.0008408866 0.9955155779 0.9998669678 0.0000163918 0.9988429422 0.6938910347 0.9604567914 0.3438920289 0.0011256949 0.0622753616 0.2210439601 0.0001210772 0.7983849281 0.2921072928 0.0003354125 0.0474342750 0.7057631382 0.4422481222 0.6469755466 0.3326114120 0.0001849095 1.4851724380 1.4711004651 1.5426340057 0.0001765060 11.5064794503 11.5061805626 11.5061961837 136.4161825411 0.0000744116 0.0004467686 0.7499712759 0.6154318841 0.1293739756 0.0137117886
-83.9988784007 0.0008409815 0.9955148354 0.9998669454 0.0000163932 0.9988425631 0.6938086831 0.9604498014 0.3438886834 0.0011257493 0.0622740463 0.2210480059 0.0001210850 0.7983128465 0.2920799659 0.0003354442 0.0474385517 0.7057210608 0.4421838466 0.6469629351 0.3325942573 0.0001849393 1.4851413274 1.4710695293 1.5426293168 0.0001765313 11.5064805284 11.5061816967 11.5061973205 136.4161834544 0.0000744198 0.0004468112 0.7498847381 0.6154704185 0.1293809130 0.0137120238
-83.9982185167 0.0008410761 0.9955140950 0.9998669230 0.0000163947 0.9988421843 0.6937265844 0.9604428148 0.3438856216 0.0011258035 0.0622727989 0.2210529212 0.0001210928 0.7982409313 0.2920520429 0.0003354759 0.0474428150 0.7056791928 0.4421197381 0.6469505100 0.3325772405 0.0001849691 1.4851102608 1.4710386343 1.5426246216 0.0001765565 11.5064814941 11.5061827183 11.5061983449 136.4161843235 0.0000744279 0.0004468537 0.7497983749 0.6155088923 0.1293878199 0.0137122526
-83.9975609213 0.0008411704 0.9955133568 0.9998669007 0.0000163962 0.9988418061 0.6936447486 0.9604358297 0.3438828812 0.0011258575 0.0622716148 0.2210586602 0.0001211005 0.7981692039 0.2920235635 0.0003355074 0.0474470639 0.7056375545 0.4420558251 0.6469382849 0.3325603805 0.0001849988 1.4850791826 1.4710077316 1.5426199169 0.0001765816 11.5064822387 11.5061835189 11.5061991481 136.4161851518 0.0000744360 0.0004468960 0.7497122186 0.6155473189 0.1293947001 0.0137124799
-83.9969057812 0.0008412644 0.9955126211 0.9998668785 0.0000163976 0.9988414286 0.6935631829 0.9604288408 0.3438804978 0.0011259114 0.0622704888 0.2210651644 0.0001211083 0.7980976858 0.2919945739 0.0003355388 0.0474512973 0.7055961635 0.4419921360 0.6469262684 0.3325436951 0.0001850285 1.4850481218 1.4709768513 1.5426152107 0.0001766068 11.5064858212 11.5061871571 11.5062027890 136.4161859451 0.0000744441 0.0004469382 0.7496263015 0.6155857390 0.1294015577 0.0137127048
-83.9962532626 0.0008413580 0.9955118879 0.9998668564 0.0000163991 0.9988410519 0.6934819086 0.9604218712 0.3438784443 0.0011259650 0.0622694070 0.2210722831 0.0001211160 0.7980263979 0.2919652096 0.0003355701 0.0474555141 0.7055550437 0.4419286991 0.6469144798 0.3325272027 0.0001850581 1.4850171284 1.4709460622 1.5426104812 0.0001766319 11.5064865806 11.5061879723 11.5062036070 136.4161867098 0.0000744522 0.0004469802 0.7495406556 0.6156239952 0.1294084026 0.0137129174
-83.9956035370 0.0008414512 0.9955111576 0.9998668343 0.0000164005 0.9988406761 0.6934009418 0.9604149101 0.3438767403 0.0011260183 0.0622683664 0.2210799894 0.0001211237 0.7979553615 0.2919354988 0.0003356013 0.0474597133 0.7055142152 0.4418655417 0.6469029342 0.3325109212 0.0001850877 1.4849861374 1.4709153010 1.5426057329 0.0001766569 11.5064874185 11.5061888660 11.5062045033 136.4161874484 0.0000744603 0.0004470221 0.7494553127 0.6156621676 0.1294152373 0.0137131242
-83.9949567779 0.0008415440 0.9955104304 0.9998668124 0.0000164019 0.9988403014 0.6933202975 0.9604079559 0.3438754031 0.0011260715 0.0622673637 0.2210882541 0.0001211313 0.7978845977 0.2919054710 0.0003356323 0.0474638935 0.7054736988 0.4418026908 0.6468916472 0.3324948683 0.0001851172 1.4849550949 1.4708845226 1.5426009608 0.0001766819 11.5064883112 11.5061898144 11.5062054545 136.4161881618 0.0000744683 0.0004470638 0.7493703044 0.6157002680 0.1294220648 0.0137133291
-83.9943131615 0.0008416363 0.9955097064 0.9998667905 0.0000164034 0.9988399280 0.6932399906 0.9604010080 0.3438744488 0.0011261244 0.0622663956 0.2210970466 0.0001211389 0.7978141275 0.2918751565 0.0003356632 0.0474680539 0.7054335153 0.4417401732 0.6468806341 0.3324790619 0.0001851466 1.4849239555 1.4708536911 1.5425961599 0.0001767069 11.5064892284 11.5061907874 11.5062064302 136.4161888511 0.0000744764 0.0004471052 0.7492856622 0.6157383038 0.1294288879 0.0137135349
-83.9936728673 0.0008417282 0.9955089859 0.9998667688 0.0000164048 0.9988395559 0.6931600364 0.9603940657 0.3438738934 0.0011261770 0.0622654589 0.2211063370 0.0001211465 0.7977439719 0.2918445853 0.0003356939 0.0474721931 0.7053936854 0.4416780159 0.6468699102 0.3324635199 0.0001851760 1.4848926757 1.4708227724 1.5425913249 0.0001767318 11.5064901494 11.5061917644 11.5062074099 136.4161895174 0.0000744845 0.0004471465 0.7492014174 0.6157762815 0.1294357094 0.0137137446
-83.9930360777 0.0008418196 0.9955082690 0.9998667472 0.0000164062 0.9988391853 0.6930804498 0.9603871284 0.3438737527 0.0011262293 0.0622645504 0.2211160966 0.0001211540 0.7976741518 0.2918137867 0.0003357244 0.0474763099 0.7053542299 0.4416162459 0.6468594903 0.3324482604 0.0001852054 1.4848612136 1.4707917337 1.5425864511 0.0001767567 11.5064910613 11.5061927324 11.5062083806 136.4161901618 0.0000744926 0.0004471875 0.7491176011 0.6158142075 0.1294425322 0.0137139608
-83.9924029784 0.0008419105 0.9955075561 0.9998667256 0.0000164076 0.9988388164 0.6930012460 0.9603801952 0.3438740432 0.0011262813 0.0622636674 0.2211262995 0.0001211615 0.7976046881 0.2917827878 0.0003357548 0.0474804033 0.7053151693 0.4415548901 0.6468493893 0.3324333011 0.0001852347 1.4848295249 1.4707605401 1.5425815335 0.0001767816 11.5064919535 11.5061936810 11.5062093319 136.4161907853 0.0000745007 0.0004472283 0.7490342442 0.6158520890 0.1294493590 0.0137141865
-83.9917737585 0.0008420008 0.9955068473 0.9998667043 0.0000164090 0.9988384493 0.6929224398 0.9603732652 0.3438747838 0.0011263330 0.0622628071 0.2211369231 0.0001211689 0.7975356019 0.2917516134 0.0003357850 0.0474844718 0.7052765242 0.4414939753 0.6468396217 0.3324186600 0.0001852641 1.4847975610 1.4707291528 1.5425765671 0.0001768064 11.5064928088 11.5061945928 11.5062102464 136.4161913888 0.0000745089 0.0004472689 0.7489513774 0.6158899353 0.1294561926 0.0137144253
-83.9911486105 0.0008420905 0.9955061428 0.9998666830 0.0000164104 0.9988380841 0.6928440446 0.9603663364 0.3438759993 0.0011263844 0.0622619673 0.2211479496 0.0001211763 0.7974669140 0.2917202839 0.0003358150 0.0474885144 0.7052383146 0.4414335280 0.6468302021 0.3324043546 0.0001852934 1.4847652639 1.4706975225 1.5425715472 0.0001768313 11.5064935847 11.5061954257 11.5062110819 136.4161919735 0.0000745172 0.0004473092 0.7488690313 0.6159277601 0.1294630355 0.0137146814
-83.9905277310 0.0008421797 0.9955054429 0.9998666619 0.0000164118 0.9988377210 0.6927660712 0.9603594066 0.3438777273 0.0011264354 0.0622611460 0.2211593622 0.0001211836 0.7973986453 0.2916888172 0.0003358448 0.0474925297 0.7052005603 0.4413735745 0.6468211439 0.3323904026 0.0001853227 1.4847325761 1.4706655997 1.5425664714 0.0001768561 11.5064941763 11.5061960746 11.5062117335 136.4161925413 0.0000745255 0.0004473492 0.7487872362 0.6159655781 0.1294698904 0.0137149603
-83.9899113212 0.0008422682 0.9955047478 0.9998666410 0.0000164132 0.9988373602 0.6926885276 0.9603524704 0.3438800041 0.0011264861 0.0622603402 0.2211711304 0.0001211909 0.7973308168 0.2916572384 0.0003358744 0.0474965164 0.7051632785 0.4413141417 0.6468124560 0.3323768209 0.0001853521 1.4846995214 1.4706334098 1.5425613478 0.0001768810 11.5064974969 11.5061994526 11.5062151143 136.4161930964 0.0000745340 0.0004473889 0.7487060222 0.6160034300 0.1294767600 0.0137152615
-83.9892995838 0.0008423560 0.9955040578 0.9998666201 0.0000164145 0.9988370017 0.6926114358 0.9603455495 0.3438828066 0.0011265364 0.0622595387 0.2211831341 0.0001211981 0.7972634494 0.2916256593 0.0003359037 0.0475004731 0.7051264924 0.4412552557 0.6468041573 0.3323636268 0.0001853813 1.4846661449 1.4706010155 1.5425561571 0.0001769058 11.5064981755 11.5062001892 11.5062158536 136.4161936441 0.0000745424 0.0004474284 0.7486254194 0.6160411683 0.1294836528 0.0137155765
-83.9886927273 0.0008424432 0.9955033731 0.9998665995 0.0000164159 0.9988366456 0.6925348126 0.9603386332 0.3438861566 0.0011265863 0.0622587401 0.2211953693 0.0001212053 0.7971965640 0.2915940913 0.0003359329 0.0475043986 0.7050902221 0.4411969423 0.6467962632 0.3323508369 0.0001854106 1.4846323820 1.4705683538 1.5425509050 0.0001769306 11.5064989489 11.5062010210 11.5062166880 136.4161941855 0.0000745510 0.0004474675 0.7485454575 0.6160788708 0.1294905705 0.0137159121
-83.9880909641 0.0008425296 0.9955026939 0.9998665790 0.0000164172 0.9988362923 0.6924586740 0.9603317198 0.3438900737 0.0011266357 0.0622579430 0.2212078286 0.0001212124 0.7971301816 0.2915625479 0.0003359618 0.0475082914 0.7050544882 0.4411392266 0.6467887896 0.3323384682 0.0001854398 1.4845981814 1.4705353795 1.5425455890 0.0001769553 11.5064997965 11.5062019273 11.5062175971 136.4161947207 0.0000745596 0.0004475063 0.7484661660 0.6161165508 0.1294975152 0.0137162728
-83.9874945104 0.0008426153 0.9955020205 0.9998665587 0.0000164186 0.9988359417 0.6923830364 0.9603248081 0.3438945767 0.0011266848 0.0622571458 0.2212205024 0.0001212195 0.7970643233 0.2915310444 0.0003359904 0.0475121502 0.7050193114 0.4410821336 0.6467817524 0.3323265374 0.0001854690 1.4845635036 1.4705020600 1.5425402079 0.0001769801 11.5065006905 11.5062028806 11.5062185531 136.4161952501 0.0000745683 0.0004475448 0.7483875743 0.6161542168 0.1295044891 0.0137166622
-83.9869035872 0.0008427002 0.9955013532 0.9998665386 0.0000164199 0.9988355940 0.6923079161 0.9603178974 0.3438996840 0.0011267333 0.0622563466 0.2212333807 0.0001212265 0.7969990102 0.2914995971 0.0003360188 0.0475159734 0.7049847129 0.4410256885 0.6467751675 0.3323150614 0.0001854982 1.4845283146 1.4704683652 1.5425347615 0.0001770049 11.5065016125 11.5062038624 11.5062195376 136.4161957739 0.0000745772 0.0004475829 0.7483097117 0.6161918758 0.1295114943 0.0137170837
-83.9863184200 0.0008427842 0.9955006921 0.9998665187 0.0000164212 0.9988352493 0.6922333299 0.9603109869 0.3439054139 0.0011267814 0.0622555438 0.2212464534 0.0001212334 0.7969342634 0.2914682223 0.0003360469 0.0475197597 0.7049507135 0.4409699165 0.6467690507 0.3323040574 0.0001855275 1.4844925851 1.4704342679 1.5425292507 0.0001770297 11.5065025524 11.5062048627 11.5062205406 136.4161962926 0.0000745861 0.0004476207 0.7482326070 0.6162295345 0.1295185334 0.0137175407
-83.9857392395 0.0008428675 0.9955000377 0.9998664990 0.0000164225 0.9988349079 0.6921592946 0.9603040760 0.3439117849 0.0011268291 0.0622547357 0.2212597114 0.0001212402 0.7968701040 0.2914369361 0.0003360747 0.0475235075 0.7049173344 0.4409148426 0.6467634179 0.3322935421 0.0001855567 1.4844562912 1.4703997460 1.5425236784 0.0001770545 11.5065035034 11.5062058747 11.5062215553 136.4161968066 0.0000745952 0.0004476580 0.7481562890 0.6162671987 0.1295256085 0.0137180368
-83.9851662813 0.0008429498 0.9954993901 0.9998664794 0.0000164238 0.9988345698 0.6920858273 0.9602971641 0.3439188155 0.0011268762 0.0622539206 0.2212731470 0.0001212470 0.7968065534 0.2914057537 0.0003361022 0.0475272153 0.7048845966 0.4408604918 0.6467582851 0.3322835325 0.0001855860 1.4844194141 1.4703647768 1.5425180492 0.0001770793 11.5065044582 11.5062068911 11.5062225744 136.4161973163 0.0000746044 0.0004476950 0.7480807863 0.6163048739 0.1295327221 0.0137185754
-83.9845997861 0.0008430312 0.9954987496 0.9998664601 0.0000164250 0.9988342352 0.6920129451 0.9602902506 0.3439265255 0.0011269227 0.0622530971 0.2212867552 0.0001212537 0.7967436328 0.2913746888 0.0003361294 0.0475308815 0.7048525212 0.4408068887 0.6467536683 0.3322740454 0.0001856153 1.4843819409 1.4703293444 1.5425123699 0.0001771041 11.5065053993 11.5062078945 11.5062235806 136.4161978223 0.0000746138 0.0004477316 0.7480061271 0.6163425649 0.1295398768 0.0137191604
-83.9840400006 0.0008431117 0.9954981165 0.9998664411 0.0000164263 0.9988339041 0.6919406640 0.9602833342 0.3439349408 0.0011269688 0.0622522640 0.2213005342 0.0001212603 0.7966813637 0.2913437525 0.0003361563 0.0475345046 0.7048211293 0.4407540579 0.6467495836 0.3322650974 0.0001856446 1.4843438521 1.4702934212 1.5425066487 0.0001771290 11.5065062833 11.5062088416 11.5062245304 136.4161983256 0.0000746233 0.0004477677 0.7479323397 0.6163802809 0.1295470749 0.0137197968
-83.9834871771 0.0008431911 0.9954974911 0.9998664222 0.0000164275 0.9988335769 0.6918689975 0.9602764144 0.3439440968 0.0011270142 0.0622514199 0.2213144818 0.0001212668 0.7966197674 0.2913129544 0.0003361829 0.0475380828 0.7047904415 0.4407020238 0.6467460464 0.3322567050 0.0001856739 1.4843051575 1.4702570007 1.5425009015 0.0001771538 11.5065069985 11.5062096207 11.5062253123 136.4161988280 0.0000746330 0.0004478034 0.7478594517 0.6164180248 0.1295543191 0.0137204891
-83.9829415749 0.0008432695 0.9954968737 0.9998664036 0.0000164287 0.9988332535 0.6917979570 0.9602694883 0.3439540249 0.0011270591 0.0622505626 0.2213285789 0.0001212733 0.7965588655 0.2912823139 0.0003362091 0.0475416145 0.7047604760 0.4406508109 0.6467430669 0.3322488842 0.0001857033 1.4842659718 1.4702201683 1.5424951589 0.0001771788 11.5065106232 11.5062133098 11.5062290042 136.4161993343 0.0000746428 0.0004478386 0.7477874910 0.6164558219 0.1295616122 0.0137212355
-83.9824034565 0.0008433469 0.9954962645 0.9998663853 0.0000164299 0.9988329342 0.6917275691 0.9602625819 0.3439646900 0.0011271033 0.0622496806 0.2213427099 0.0001212797 0.7964986796 0.2912519443 0.0003362350 0.0475450980 0.7047312575 0.4406004436 0.6467406670 0.3322416513 0.0001857326 1.4842264414 1.4701830567 1.5424894236 0.0001772036 11.5065114532 11.5062142050 11.5062299021 136.4161998507 0.0000746528 0.0004478733 0.7477164849 0.6164934948 0.1295689632 0.0137220249
-83.9818730923 0.0008434232 0.9954956640 0.9998663672 0.0000164311 0.9988326190 0.6916578562 0.9602556893 0.3439760973 0.0011271469 0.0622487729 0.2213568800 0.0001212859 0.7964392314 0.2912218543 0.0003362604 0.0475485314 0.7047028077 0.4405509454 0.6467388645 0.3322350221 0.0001857618 1.4841866463 1.4701457011 1.5424837334 0.0001772284 11.5065124092 11.5062152266 11.5062309265 136.4162003794 0.0000746628 0.0004479076 0.7476464604 0.6165310921 0.1295763740 0.0137228606
-83.9813507577 0.0008434983 0.9954950724 0.9998663494 0.0000164323 0.9988323081 0.6915888413 0.9602488151 0.3439882429 0.0011271899 0.0622478380 0.2213710874 0.0001212921 0.7963805427 0.2911920583 0.0003362855 0.0475519131 0.7046751489 0.4405023392 0.6467376781 0.3322290124 0.0001857910 1.4841467019 1.4701081748 1.5424781200 0.0001772531 11.5065134629 11.5062163465 11.5062320492 136.4162009225 0.0000746730 0.0004479413 0.7475774446 0.6165685856 0.1295838470 0.0137237421
-83.9808367337 0.0008435722 0.9954944899 0.9998663318 0.0000164334 0.9988320016 0.6915205493 0.9602419682 0.3440011084 0.0011272322 0.0622468738 0.2213853235 0.0001212982 0.7963226352 0.2911625765 0.0003363102 0.0475552412 0.7046483039 0.4404546479 0.6467371272 0.3322236380 0.0001858200 1.4841068001 1.4700706107 1.5424726246 0.0001772778 11.5065145780 11.5062175282 11.5062332336 136.4162014831 0.0000746832 0.0004479745 0.7475094640 0.6166059218 0.1295913846 0.0137246648
-83.9803313063 0.0008436449 0.9954939170 0.9998663146 0.0000164346 0.9988316998 0.6914530082 0.9602351602 0.3440146613 0.0011272737 0.0622458775 0.2213995733 0.0001213042 0.7962655310 0.2911334355 0.0003363345 0.0475585139 0.7046222961 0.4404078945 0.6467372312 0.3322189150 0.0001858489 1.4840671789 1.4700331817 1.5424672927 0.0001773023 11.5065157268 11.5062187437 11.5062344518 136.4162020654 0.0000746934 0.0004480071 0.7474425450 0.6166430301 0.1295989893 0.0137256211
-83.9798347664 0.0008437163 0.9954933540 0.9998662976 0.0000164357 0.9988314026 0.6913862499 0.9602284083 0.3440288444 0.0011273146 0.0622448461 0.2214138152 0.0001213100 0.7962092519 0.2911046681 0.0003363584 0.0475617291 0.7045971490 0.4403621018 0.6467380101 0.3322148596 0.0001858775 1.4840281804 1.4699961419 1.5424621829 0.0001773266 11.5065168864 11.5062199699 11.5062356808 136.4162026758 0.0000747035 0.0004480392 0.7473767136 0.6166798054 0.1296066637 0.0137265979
-83.9793474080 0.0008437864 0.9954928012 0.9998662810 0.0000164368 0.9988311103 0.6913203118 0.9602217355 0.3440435708 0.0011273546 0.0622437755 0.2214280201 0.0001213158 0.7961538201 0.2910763149 0.0003363818 0.0475648851 0.7045728868 0.4403172926 0.6467394847 0.3322114876 0.0001859057 1.4839902436 1.4699598258 1.5424573619 0.0001773505 11.5065180338 11.5062211834 11.5062368970 136.4162033228 0.0000747136 0.0004480706 0.7473119957 0.6167161068 0.1296144101 0.0137275760
-83.9788695279 0.0008438551 0.9954922589 0.9998662647 0.0000164378 0.9988308229 0.6912552388 0.9602151733 0.3440587116 0.0011273940 0.0622426612 0.2214421494 0.0001213215 0.7960992576 0.2910484256 0.0003364048 0.0475679799 0.7045495341 0.4402734894 0.6467416766 0.3322088152 0.0001859335 1.4839539396 1.4699246804 1.5424529080 0.0001773741 11.5065191351 11.5062223499 11.5062380661 136.4162040183 0.0000747233 0.0004481015 0.7472484164 0.6167517424 0.1296222305 0.0137285275
-83.9784014226 0.0008439224 0.9954917274 0.9998662487 0.0000164389 0.9988305407 0.6911910854 0.9602087637 0.3440740836 0.0011274325 0.0622414977 0.2214561535 0.0001213270 0.7960455864 0.2910210612 0.0003364273 0.0475710116 0.7045271166 0.4402307142 0.6467446088 0.3322068581 0.0001859605 1.4839200077 1.4698912946 1.5424489115 0.0001773970 11.5065201278 11.5062234060 11.5062391248 136.4162047784 0.0000747326 0.0004481317 0.7471860009 0.6167864551 0.1296301265 0.0137294129
-83.9779433867 0.0008439883 0.9954912072 0.9998662331 0.0000164399 0.9988302637 0.6911279183 0.9602025637 0.3440894324 0.0011274701 0.0622402779 0.2214699640 0.0001213324 0.7959928286 0.2909942991 0.0003364493 0.0475739783 0.7045056602 0.4401889890 0.6467483052 0.3322056321 0.0001859866 1.4838894014 1.4698604449 1.5424454752 0.0001774191 11.5065208833 11.5062242221 11.5062399434 136.4162056257 0.0000747413 0.0004481613 0.7471247736 0.6168198983 0.1296380985 0.0137301775
-83.9774957092 0.0008440527 0.9954906984 0.9998662178 0.0000164409 0.9988299921 0.6910658238 0.9601966490 0.3441043814 0.0011275070 0.0622389921 0.2214834747 0.0001213377 0.7959410061 0.2909682486 0.0003364709 0.0475768781 0.7044851904 0.4401483356 0.6467527879 0.3322051526 0.0001860113 1.4838634835 1.4698332692 1.5424427307 0.0001774401 11.5065243308 11.5062277258 11.5062434494 136.4162065926 0.0000747490 0.0004481903 0.7470647586 0.6168516183 0.1296461461 0.0137307364
-83.9770586642 0.0008441156 0.9954902014 0.9998662028 0.0000164419 0.9988297259 0.6910049329 0.9601911503 0.3441183284 0.0011275429 0.0622376192 0.2214964608 0.0001213429 0.7958901407 0.2909431385 0.0003364919 0.0475797092 0.7044657416 0.4401087753 0.6467580933 0.3322054353 0.0001860340 1.4838440010 1.4698112774 1.5424407896 0.0001774593 11.5065250024 11.5062284477 11.5062441734 136.4162077217 0.0000747552 0.0004482185 0.7470059794 0.6168808061 0.1296542726 0.0137309658
-83.9766325086 0.0008441769 0.9954897166 0.9998661883 0.0000164428 0.9988294654 0.6909454156 0.9601862043 0.3441304809 0.0011275780 0.0622361458 0.2215087861 0.0001213479 0.7958402538 0.2909191334 0.0003365124 0.0475824700 0.7044473485 0.4400703285 0.6467642602 0.3322064962 0.0001860541 1.4838331232 1.4697963320 1.5424398065 0.0001774764 11.5065256758 11.5062291627 11.5062448902 136.4162090629 0.0000747593 0.0004482460 0.7469484586 0.6169066496 0.1296624715 0.0137307139
-83.9762174684 0.0008442367 0.9954892440 0.9998661741 0.0000164438 0.9988292106 0.6908875041 0.9601820069 0.3441397176 0.0011276121 0.0622345542 0.2215202852 0.0001213528 0.7957913665 0.2908964451 0.0003365323 0.0475851592 0.7044300526 0.4400330146 0.6467713374 0.3322083519 0.0001860707 1.4838336821 1.4697909147 1.5424399378 0.0001774904 11.5065263716 11.5062298879 11.5062456168 136.4162106786 0.0000747606 0.0004482729 0.7468922183 0.6169279737 0.1296707327 0.0137297693
-83.9758137252 0.0008442948 0.9954887840 0.9998661603 0.0000164447 0.9988289616 0.6908315202 0.9601788222 0.3441444554 0.0011276453 0.0622328229 0.2215307781 0.0001213576 0.7957434993 0.2908753383 0.0003365517 0.0475877755 0.7044139050 0.4399968526 0.6467793885 0.3322110209 0.0001860826 1.4838493910 1.4697983226 1.5424413541 0.0001775004 11.5065271993 11.5062307282 11.5062464581 136.4162126453 0.0000747579 0.0004482990 0.7468372791 0.6169432023 0.1296790400 0.0137278428
-83.9754213976 0.0008443513 0.9954883367 0.9998661468 0.0000164455 0.9988287185 0.6907779125 0.9601770019 0.3441424681 0.0011276776 0.0622309269 0.2215401069 0.0001213623 0.7956966718 0.2908561285 0.0003365706 0.0475903183 0.7043989721 0.4399618617 0.6467885007 0.3322145252 0.0001860881 1.4838850866 1.4698228869 1.5424442454 0.0001775049 11.5065284713 11.5062319899 11.5062477200 136.4162150519 0.0000747500 0.0004483243 0.7467836606 0.6169502501 0.1296873687 0.0137245440
-83.9750405146 0.0008444061 0.9954879021 0.9998661338 0.0000164464 0.9988284815 0.6907273087 0.9601770060 0.3441306419 0.0011277090 0.0622288405 0.2215482085 0.0001213668 0.7956509021 0.2908391669 0.0003365889 0.0475927875 0.7043853453 0.4399280608 0.6467988005 0.3322188929 0.0001860851 1.4839470034 1.4698702149 1.5424488326 0.0001775021 11.5065308903 11.5062343678 11.5062500972 136.4162179900 0.0000747349 0.0004483490 0.7467313805 0.6169464092 0.1296956824 0.0137193543
-83.9746709816 0.0008444594 0.9954874800 0.9998661212 0.0000164472 0.9988282504 0.6906805848 0.9601794202 0.3441046590 0.0011277394 0.0622265435 0.2215552497 0.0001213712 0.7956062067 0.2908247975 0.0003366067 0.0475951838 0.7043731580 0.4398954698 0.6468104798 0.3322241637 0.0001860709 1.4840430346 1.4699473829 1.5424554037 0.0001774898 11.5065358937 11.5062392890 11.5062550164 136.4162215320 0.0000747103 0.0004483729 0.7466804543 0.6169282737 0.1297039271 0.0137116025
-83.9743125344 0.0008445110 0.9954870703 0.9998661089 0.0000164480 0.9988280255 0.6906389571 0.9601849470 0.3440586291 0.0011277689 0.0622240379 0.2215618593 0.0001213754 0.7955625995 0.2908132609 0.0003366240 0.0475975092 0.7043626154 0.4398641108 0.6468238439 0.3322303991 0.0001860425 1.4841827541 1.4700628369 1.5424643954 0.0001774653 11.5065463015 11.5062495615 11.5062652853 136.4162256827 0.0000746736 0.0004483961 0.7466308942 0.6168918383 0.1297120251 0.0137004630
-83.9739646812 0.0008445612 0.9954866723 0.9998660969 0.0000164488 0.9988278067 0.6906040994 0.9601943238 0.3439847446 0.0011277976 0.0622213859 0.2215695070 0.0001213795 0.7955200908 0.2908045012 0.0003366408 0.0475997671 0.7043540481 0.4398340112 0.6468393956 0.3322377015 0.0001859967 1.4843767264 1.4702254497 1.5424765940 0.0001774260 11.5065675614 11.5062706205 11.5062863387 136.4162302897 0.0000746219 0.0004484186 0.7465827088 0.6168330874 0.1297198652 0.0136850238
-83.9736266343 0.0008446099 0.9954862853 0.9998660853 0.0000164496 0.9988275938 0.6905782942 0.9602080387 0.3438731722 0.0011278255 0.0622187969 0.2215811473 0.0001213835 0.7954786862 0.2907977794 0.0003366571 0.0476019625 0.7043480101 0.4398052104 0.6468579919 0.3322462514 0.0001859319 1.4846338631 1.4704413483 1.5424935875 0.0001773705 11.5066141842 11.5063169687 11.5063326791 136.4162348901 0.0000745537 0.0004484405 0.7465359015 0.6167499174 0.1297272899 0.0136645414
-83.9732972365 0.0008446575 0.9954859080 0.9998660740 0.0000164503 0.9988273869 0.6905646187 0.9602256601 0.3437126718 0.0011278526 0.0622168233 0.2216024681 0.0001213875 0.7954383855 0.2907908863 0.0003366729 0.0476041031 0.7043454826 0.4397777697 0.6468811792 0.3322563820 0.0001858514 1.4849534970 1.4707053130 1.5425183495 0.0001773018 11.5067022276 11.5064046737 11.5064203746 136.4162384838 0.0000744718 0.0004484619 0.7464904698 0.6166465406 0.1297340875 0.0136391059
-83.9729749495 0.0008447040 0.9954855391 0.9998660630 0.0000164510 0.9988271858 0.6905669025 0.9602444566 0.3434931504 0.0011278792 0.0622168253 0.2216453523 0.0001213913 0.7953991823 0.2907777272 0.0003366885 0.0476061979 0.7043482595 0.4397517875 0.6469118463 0.3322687336 0.0001857705 1.4853061655 1.4709827931 1.5425543087 0.0001772331 11.5068868351 11.5065889286 11.5066046196 136.4162392914 0.0000743887 0.0004484828 0.7464464045 0.6165425061 0.1297399636 0.0136108616
-83.9726579885 0.0008447498 0.9954851768 0.9998660521 0.0000164518 0.9988269903 0.6905884125 0.9602575826 0.3432133258 0.0011279054 0.0622215846 0.2217342744 0.0001213950 0.7953610650 0.2907431872 0.0003367038 0.0476082570 0.7043598432 0.4397274036 0.6469558289 0.3322846146 0.0001857252 1.4855864057 1.4711760875 1.5425946566 0.0001771958 11.5072908505 11.5069926942 11.5070083789 136.4162346878 0.0000743346 0.0004485033 0.7464036917 0.6164840105 0.1297445596 0.0135856584
-83.9723445547 0.0008447949 0.9954848201 0.9998660414 0.0000164525 0.9988268002 0.6906255205 0.9602463633 0.3429209601 0.0011279312 0.0622347892 0.2219086226 0.0001213988 0.7953240203 0.2906546520 0.0003367189 0.0476102878 0.7043874954 0.4397046294 0.6470261392 0.3323069875 0.0001858087 1.4854746699 1.4710140574 1.5426018270 0.0001772697 11.5083136300 11.5080156189 11.5080313103 136.4162213601 0.0000743874 0.0004485236 0.7463623163 0.6165906707 0.1297475480 0.0135822423
-83.9720343969 0.0008448393 0.9954844692 0.9998660308 0.0000164532 0.9988266157 0.6906572636 0.9601847708 0.3427611054 0.0011279565 0.0622469606 0.2221909366 0.0001214024 0.7952880492 0.2904682709 0.0003367337 0.0476122877 0.7044447438 0.4396812301 0.6471538810 0.3323440598 0.0001861435 1.4846554139 1.4702061490 1.5425624890 0.0001775603 11.5110428870 11.5107457215 11.5107614441 136.4161949991 0.0000746405 0.0004485435 0.7463222756 0.6170193303 0.1297491814 0.0136325339
-83.9717332951 0.0008448826 0.9954841278 0.9998660205 0.0000164538 0.9988264371 0.6906660841 0.9601637602 0.3427174531 0.0011279813 0.0622555891 0.2225468946 0.0001214060 0.7952531921 0.2901785942 0.0003367482 0.0476142355 0.7045453782 0.4396451843 0.6473768661 0.3324270118 0.0001862509 1.4841583972 1.4698076963 1.5424377230 0.0001776512 11.5109724746 11.5106757044 11.5106914390 136.4161490425 0.0000747259 0.0004485630 0.7462835971 0.6171570366 0.1297525782 0.0136493069
-83.9714416177 0.0008449245 0.9954837971 0.9998660106 0.0000164545 0.9988262647 0.6906627909 0.9601839117 0.3426714236 0.0011280052 0.0622814738 0.2229126175 0.0001214094 0.7952194873 0.2898588014 0.0003367622 0.0476161227 0.7046857107 0.4396944063 0.6475510006 0.3326172615 0.0001861369 1.4840675070 1.4698104587 1.5423184353 0.0001775480 11.5059876295 11.5056911468 11.5057068794 136.4161023963 0.0000746793 0.0004485818 0.7462462744 0.6170126076 0.1297665794 0.0136352031
-83.9714382279 0.0008449250 0.9954837933 0.9998660105 0.0000164545 0.9988262627 0.6906626839 0.9601840014 0.3426705817 0.0011280055 0.0622818596 0.2229168461 0.0001214094 0.7952190951 0.2898550948 0.0003367623 0.0476161446 0.7046867658 0.4396956340 0.6475520266 0.3326199785 0.0001861364 1.4840670579 1.4698104049 1.5423178340 0.0001775476 11.5059641466 11.5056676658 11.5056833984 136.4161019557 0.0000746791 0.0004485820 0.7462458402 0.6170120021 0.1297668789 0.0136351223
