-83.9397047059 0.0008495184 0.9954452211 0.9998649020 0.0000165287 0.9988240050 0.6994447668 0.9610796613 0.3383281405 0.0011306260 0.0634455531 0.2305190902 0.0001217877 0.8016108084 0.2856477296 0.0003382965 0.0478227643 0.7068192694 0.4408213988 0.6467913472 0.3305555839 0.0001814108 1.4939785661 1.4795488743 1.5431956925 0.0001735341 11.5053224381 11.5050052327 11.5050204220 136.4217793540 0.0000718238 0.0004506565 0.7496436487 0.6108494333 0.1274840096 0.0130674982
-83.9396056823 0.0008495327 0.9954451121 0.9998648987 0.0000165289 0.9988239686 0.6994296871 0.9610759716 0.3383521771 0.0011306341 0.0634336710 0.2304550502 0.0001217889 0.8016048676 0.2856948834 0.0003383013 0.0478234070 0.7068217921 0.4408166001 0.6467988067 0.3305580809 0.0001814271 1.4939398022 1.4795049192 1.5431958068 0.0001735480 11.5052915511 11.5049744230 11.5049896140 136.4217883880 0.0000718380 0.0004506629 0.7496362509 0.6108709987 0.1275148647 0.0130719597
-83.9394083921 0.0008495612 0.9954448949 0.9998648919 0.0000165293 0.9988238958 0.6993993538 0.9610678130 0.3384105118 0.0011306504 0.0634098888 0.2303253151 0.0001217912 0.8015930178 0.2857906232 0.0003383108 0.0478246875 0.7068273160 0.4408078444 0.6468139060 0.3305643459 0.0001814627 1.4938580299 1.4794116848 1.5431967466 0.0001735785 11.5052418098 11.5049248454 11.5049400403 136.4218061320 0.0000718686 0.0004506757 0.7496214827 0.6109181949 0.1275748842 0.0130814428
-83.9391144105 0.0008496036 0.9954445713 0.9998648818 0.0000165300 0.9988237871 0.6993533577 0.9610541090 0.3385134149 0.0011306745 0.0633741516 0.2301264527 0.0001217947 0.8015753254 0.2859380643 0.0003383250 0.0478265952 0.7068364889 0.4407969465 0.6468367397 0.3305770204 0.0001815224 1.4937256226 1.4792598225 1.5431996035 0.0001736295 11.5051943344 11.5048776333 11.5048928346 136.4218320443 0.0000719188 0.0004506946 0.7495994002 0.6109971374 0.1276609984 0.0130969259
-83.9387262046 0.0008496596 0.9954441437 0.9998648685 0.0000165308 0.9988236429 0.6992904522 0.9610335073 0.3386673872 0.0011307065 0.0633263135 0.2298529382 0.0001217993 0.8015518953 0.2861425491 0.0003383437 0.0478291142 0.7068495288 0.4407866774 0.6468670488 0.3306001410 0.0001816125 1.4935302274 1.4790344827 1.5432058557 0.0001737067 11.5051981137 11.5048817916 11.5048970025 136.4218656248 0.0000719940 0.0004507197 0.7495700913 0.6111163836 0.1277693379 0.0131199545
-83.9382457388 0.0008497288 0.9954436159 0.9998648521 0.0000165319 0.9988234638 0.6992063915 0.9610037386 0.3388921263 0.0011307458 0.0632658487 0.2294933060 0.0001218049 0.8015228748 0.2864146400 0.0003383668 0.0478322216 0.7068658250 0.4407801474 0.6469043830 0.3306386036 0.0001817433 1.4932528632 1.4787125709 1.5432182134 0.0001738188 11.5052877669 11.5049719711 11.5049871960 136.4155940874 0.0000721028 0.0004507506 0.7495336788 0.6112891931 0.1278961221 0.0131530622
-83.9376849996 0.0008498097 0.9954429970 0.9998648329 0.0000165331 0.9988232513 0.6991087886 0.9609686015 0.3391483994 0.0011307919 0.0632064827 0.2291116682 0.0001218115 0.8014884684 0.2867019553 0.0003383938 0.0478358608 0.7068732432 0.4407653384 0.6469353945 0.3306692814 0.0001818987 1.4929006781 1.4783228861 1.5432240960 0.0001739520 11.5054156285 11.5051004294 11.5051156709 136.4156318674 0.0000722318 0.0004507868 0.7494903366 0.6114942386 0.1280054094 0.0131909743
-83.9370475366 0.0008499018 0.9954422923 0.9998648111 0.0000165345 0.9988230062 0.6989989192 0.9609301131 0.3394285827 0.0011308444 0.0631486408 0.2287132723 0.0001218191 0.8014488840 0.2869999944 0.0003384245 0.0478399996 0.7068735834 0.4407424446 0.6469613544 0.3306926188 0.0001820688 1.4924959829 1.4778911744 1.5432230246 0.0001740978 11.5055397185 11.5052251574 11.5052404172 136.4156667978 0.0000723726 0.0004508280 0.7494402434 0.6117185106 0.1281005884 0.0132315164
-83.9363384469 0.0008500042 0.9954415070 0.9998647867 0.0000165361 0.9988227297 0.6988790643 0.9608898968 0.3397228284 0.0011309027 0.0630926250 0.2283025636 0.0001218275 0.8014043366 0.2873050068 0.0003384587 0.0478446053 0.7068679064 0.4407120605 0.6469828678 0.3307093771 0.0001822461 1.4920586048 1.4774386174 1.5432155195 0.0001742497 11.5056470255 11.5053331192 11.5053483981 136.4156995650 0.0000725185 0.0004508738 0.7493835883 0.6119520063 0.1281842201 0.0132729641
-83.9355627923 0.0008501164 0.9954406464 0.9998647601 0.0000165378 0.9988224228 0.6987520118 0.9608492760 0.3400203264 0.0011309666 0.0630386901 0.2278842722 0.0001218367 0.8013550450 0.2876131334 0.0003384962 0.0478496453 0.7068568169 0.4406748096 0.6470002649 0.3307203384 0.0001824247 1.4916059974 1.4769824872 1.5432026245 0.0001744026 11.5057390467 11.5054257911 11.5054410892 136.4157306627 0.0000726642 0.0004509239 0.7493205668 0.6121869242 0.1282582633 0.0133139524
-83.9347254806 0.0008502375 0.9954397158 0.9998647313 0.0000165396 0.9988220865 0.6986205233 0.9608093144 0.3403108983 0.0011310355 0.0629870491 0.2274633741 0.0001218466 0.8013012289 0.2879204544 0.0003385366 0.0478550880 0.7068407106 0.4406312350 0.6470137743 0.3307261768 0.0001825999 1.4911529379 1.4765363937 1.5431855578 0.0001745526 11.5058184476 11.5055058220 11.5055211389 136.4157603413 0.0000728056 0.0004509781 0.7492513781 0.6124171864 0.1283242479 0.0133534292
-83.9338311735 0.0008503669 0.9954387200 0.9998647006 0.0000165416 0.9988217218 0.6984869349 0.9607707999 0.3405862935 0.0011311092 0.0629378686 0.2270448157 0.0001218572 0.8012431058 0.2882232121 0.0003385798 0.0478609034 0.7068198902 0.4405817869 0.6470235869 0.3307274335 0.0001827685 1.4907110415 1.4761102322 1.5431655043 0.0001746968 11.5058872294 11.5055752013 11.5055905363 136.4157886869 0.0000729398 0.0004510360 0.7491762218 0.6126383940 0.1283833913 0.0133906456
-83.9328842218 0.0008505039 0.9954376635 0.9998646680 0.0000165437 0.9988213299 0.6983529678 0.9607342473 0.3408407759 0.0011311872 0.0628912632 0.2266331895 0.0001218684 0.8011808883 0.2885180391 0.0003386255 0.0478670633 0.7067946099 0.4405268384 0.6470298730 0.3307245348 0.0001829282 1.4902887461 1.4757104990 1.5431435242 0.0001748333 11.5059497759 11.5056383049 11.5056536571 136.4158157080 0.0000730649 0.0004510973 0.7490952960 0.6128477430 0.1284366756 0.0134251279
-83.9318886229 0.0008506481 0.9954365507 0.9998646337 0.0000165459 0.9988209115 0.6982197489 0.9606999582 0.3410709867 0.0011312693 0.0628472840 0.2262323784 0.0001218802 0.8011147822 0.2888022168 0.0003386736 0.0478735419 0.7067651063 0.4404667024 0.6470328083 0.3307178196 0.0001830777 1.4898914811 1.4753407407 1.5431204611 0.0001749611 11.5060026470 11.5056916891 11.5057070572 136.4158413855 0.0000731799 0.0004511618 0.7490087946 0.6130436060 0.1284849104 0.0134566320
-83.9308480103 0.0008507988 0.9954353854 0.9998645978 0.0000165482 0.9988204677 0.6980878883 0.9606680172 0.3412756359 0.0011313551 0.0628059492 0.2258456948 0.0001218925 0.8010449848 0.2890735057 0.0003387240 0.0478803156 0.7067315971 0.4404016462 0.6470325628 0.3307075626 0.0001832169 1.4895220815 1.4750020487 1.5430970030 0.0001750799 11.5060489188 11.5057384290 11.5057538118 136.4158656931 0.0000732847 0.0004512293 0.7489169068 0.6132256094 0.1285287547 0.0134851162
-83.9297656543 0.0008509556 0.9954341711 0.9998645605 0.0000165506 0.9988199992 0.6979576110 0.9606383765 0.3414549525 0.0011314443 0.0627672379 0.2254756965 0.0001219054 0.8009716842 0.2893302446 0.0003387763 0.0478873632 0.7066942879 0.4403319034 0.6470293023 0.3306939920 0.0001833457 1.4891814370 1.4746938307 1.5430736696 0.0001751900 11.5060892825 11.5057792170 11.5057946134 136.4158886151 0.0000733796 0.0004512994 0.7488198155 0.6133941010 0.1285687554 0.0135106757
-83.9286444809 0.0008511181 0.9954329108 0.9998645218 0.0000165531 0.9988195070 0.6978288833 0.9606108958 0.3416101714 0.0011315368 0.0627310959 0.2251241812 0.0001219187 0.8008950582 0.2895713198 0.0003388306 0.0478946657 0.7066533690 0.4402576830 0.6470231789 0.3306773021 0.0001834651 1.4888691794 1.4744145244 1.5430508556 0.0001752918 11.5061280908 11.5058184080 11.5058338170 136.4159101565 0.0000734651 0.0004513722 0.7487176970 0.6135499457 0.1286053700 0.0135334862
-83.9274870901 0.0008512859 0.9954316074 0.9998644818 0.0000165556 0.9988189916 0.6977015469 0.9605854192 0.3417430026 0.0011316323 0.0626974281 0.2247921121 0.0001219324 0.8008152749 0.2897962378 0.0003388866 0.0479022062 0.7066090300 0.4401791743 0.6470143537 0.3306576621 0.0001835755 1.4885840988 1.4741620332 1.5430288034 0.0001753859 11.5061594121 11.5058500743 11.5058654946 136.4159303434 0.0000735420 0.0004514473 0.7486107207 0.6136940336 0.1286389952 0.0135537576
-83.9262957930 0.0008514587 0.9954302634 0.9998644406 0.0000165583 0.9988184540 0.6975753579 0.9605617265 0.3418554895 0.0011317306 0.0626661386 0.2244800749 0.0001219466 0.8007324921 0.2900047320 0.0003389442 0.0479099696 0.7065614424 0.4400965507 0.6470029705 0.3306352213 0.0001836779 1.4883244136 1.4739338950 1.5430077093 0.0001754733 11.5061898135 11.5058807858 11.5058962167 136.4159492113 0.0000736111 0.0004515246 0.7484990495 0.6138276717 0.1286699578 0.0135717357
-83.9250726330 0.0008516362 0.9954288810 0.9998643983 0.0000165610 0.9988178947 0.6974500664 0.9605396324 0.3419496576 0.0011318316 0.0626371062 0.2241880628 0.0001219611 0.8006468580 0.2901969637 0.0003390035 0.0479179428 0.7065107768 0.4400099718 0.6469891791 0.3306101139 0.0001837732 1.4880881435 1.4737276924 1.5429876546 0.0001755545 11.5062147830 11.5059060345 11.5059214751 136.4159668090 0.0000736732 0.0004516041 0.7483828392 0.6139519050 0.1286985465 0.0135876514
-83.9238194214 0.0008518181 0.9954274621 0.9998643549 0.0000165638 0.9988173143 0.6973254191 0.9605189277 0.3420275342 0.0011319350 0.0626102167 0.2239158774 0.0001219760 0.8005585116 0.2903731941 0.0003390641 0.0479261138 0.7064571914 0.4399195860 0.6469731192 0.3305824622 0.0001838623 1.4878730767 1.4735409219 1.5429686889 0.0001756304 11.5062365227 11.5059280258 11.5059434755 136.4159831876 0.0000737292 0.0004516855 0.7482622396 0.6140679484 0.1287250026 0.0136017454
-83.9225377644 0.0008520041 0.9954260084 0.9998643104 0.0000165666 0.9988167135 0.6972011727 0.9604994197 0.3420910424 0.0011320408 0.0625853530 0.2236630554 0.0001219912 0.8004675831 0.2905338449 0.0003391262 0.0479344722 0.7064008315 0.4398255332 0.6469549140 0.3305523783 0.0001839460 1.4876771734 1.4733713710 1.5429508365 0.0001757017 11.5062590632 11.5059507934 11.5059662514 136.4159984064 0.0000737798 0.0004517688 0.7481373944 0.6141769147 0.1287495351 0.0136142326
-83.9212290837 0.0008521941 0.9954245216 0.9998642651 0.0000165696 0.9988160928 0.6970771313 0.9604809681 0.3421418576 0.0011321489 0.0625623821 0.2234287847 0.0001220068 0.8003741944 0.2906796051 0.0003391897 0.0479430089 0.7063418425 0.4397279459 0.6469346935 0.3305199667 0.0001840249 1.4874985432 1.4732171040 1.5429340545 0.0001757689 11.5062762772 11.5059682129 11.5059836787 136.4160125327 0.0000738256 0.0004518539 0.7480084418 0.6142795709 0.1287723370 0.0136252939
-83.9198946475 0.0008523880 0.9954230030 0.9998642188 0.0000165725 0.9988154527 0.6969531142 0.9604634064 0.3421815608 0.0011322591 0.0625411897 0.2232123101 0.0001220226 0.8002784598 0.2908110834 0.0003392543 0.0479517155 0.7062803533 0.4396269497 0.6469125679 0.3304853240 0.0001840997 1.4873353592 1.4730762835 1.5429183249 0.0001758325 11.5062944346 11.5059865565 11.5060020296 136.4160256306 0.0000738673 0.0004519407 0.7478755146 0.6143768883 0.1287935677 0.0136351074
-83.9185355832 0.0008525854 0.9954214539 0.9998641716 0.0000165756 0.9988147938 0.6968289846 0.9604466258 0.3422114874 0.0011323714 0.0625216511 0.2230126528 0.0001220388 0.8001804863 0.2909290663 0.0003393202 0.0479605848 0.7062164926 0.4395226638 0.6468886532 0.3304485414 0.0001841709 1.4871860296 1.4729473776 1.5429035797 0.0001758931 11.5063083686 11.5060006598 11.5060161398 136.4160377670 0.0000739052 0.0004520292 0.7477387410 0.6144694569 0.1288133771 0.0136438152
-83.9171529031 0.0008527863 0.9954198753 0.9998641235 0.0000165787 0.9988141166 0.6967046203 0.9604304966 0.3422328784 0.0011324856 0.0625036592 0.2228289381 0.0001220553 0.8000803745 0.2910342362 0.0003393873 0.0479696103 0.7061503752 0.4394152020 0.6468630480 0.3304097040 0.0001842391 1.4870490288 1.4728289403 1.5428897739 0.0001759511 11.5063231678 11.5060156132 11.5060310997 136.4160490036 0.0000739399 0.0004521192 0.7475982447 0.6145580336 0.1288318901 0.0136515566
-83.9157475139 0.0008529906 0.9954182683 0.9998640746 0.0000165818 0.9988134215 0.6965799364 0.9604149382 0.3422467529 0.0011326017 0.0624871007 0.2226601571 0.0001220720 0.7999782185 0.2911273904 0.0003394554 0.0479787859 0.7060821157 0.4393046737 0.6468358547 0.3303688933 0.0001843046 1.4869230919 1.4727198117 1.5428768325 0.0001760068 11.5063348013 11.5060273876 11.5060428803 136.4160594025 0.0000739718 0.0004522107 0.7474541454 0.6146430521 0.1288492253 0.0136584383
-83.9143202359 0.0008531982 0.9954166337 0.9998640250 0.0000165850 0.9988127089 0.6964548597 0.9603998536 0.3422540607 0.0011327197 0.0624718798 0.2225054394 0.0001220890 0.7998741071 0.2912092074 0.0003395247 0.0479881065 0.7060118192 0.4391911838 0.6468071666 0.3303261864 0.0001843678 1.4868069116 1.4726187977 1.5428646935 0.0001760605 11.5063446978 11.5060374134 11.5060529120 136.4160690182 0.0000740011 0.0004523037 0.7473065592 0.6147250731 0.1288654822 0.0136645728
-83.9128718153 0.0008534088 0.9954149725 0.9998639745 0.0000165883 0.9988119794 0.6963293221 0.9603851560 0.3422556643 0.0011328394 0.0624579066 0.2223639351 0.0001221062 0.7997681238 0.2912803365 0.0003395950 0.0479975672 0.7059395800 0.4390748339 0.6467770612 0.3302816568 0.0001844290 1.4866994103 1.4725249353 1.5428533060 0.0001761126 11.5063567571 11.5060495913 11.5060650955 136.4160779052 0.0000740283 0.0004523980 0.7471555988 0.6148046004 0.1288807491 0.0136700536
-83.9114029303 0.0008536225 0.9954132854 0.9998639233 0.0000165916 0.9988112333 0.6962032872 0.9603708063 0.3422522350 0.0011329608 0.0624450816 0.2222346566 0.0001221237 0.7996603472 0.2913415571 0.0003396663 0.0480071636 0.7058654949 0.4389557231 0.6467456238 0.3302353756 0.0001844886 1.4865997305 1.4724374897 1.5428425933 0.0001761632 11.5063647170 11.5060576607 11.5060731703 136.4160861201 0.0000740535 0.0004524938 0.7470013739 0.6148818236 0.1288951160 0.0136749461
-83.9099142085 0.0008538392 0.9954115731 0.9998638714 0.0000165949 0.9988104710 0.6960767144 0.9603567275 0.3422444422 0.0011330839 0.0624333271 0.2221168279 0.0001221414 0.7995508516 0.2913934637 0.0003397385 0.0480168917 0.7057896469 0.4388339472 0.6467129215 0.3301874098 0.0001845467 1.4865069871 1.4723556833 1.5428325167 0.0001762125 11.5063747427 11.5060677873 11.5060833022 136.4160937120 0.0000740771 0.0004525909 0.7468439914 0.6149572063 0.1289086536 0.0136793264
-83.9084062270 0.0008540587 0.9954098363 0.9998638188 0.0000165983 0.9988096930 0.6959495869 0.9603428917 0.3422327988 0.0011332085 0.0624225561 0.2220095578 0.0001221594 0.7994397071 0.2914367607 0.0003398118 0.0480267477 0.7057121216 0.4387095992 0.6466790290 0.3301378248 0.0001846036 1.4864204794 1.4722789371 1.5428230042 0.0001762608 11.5063813439 11.5060744821 11.5060900021 136.4161007305 0.0000740991 0.0004526892 0.7466835558 0.6150308796 0.1289214357 0.0136832452
-83.9068795276 0.0008542810 0.9954080755 0.9998637655 0.0000166018 0.9988088996 0.6958218824 0.9603292396 0.3422178176 0.0011333348 0.0624127008 0.2219121430 0.0001221776 0.7993269804 0.2914719890 0.0003398859 0.0480367282 0.7056329932 0.4385827697 0.6466440056 0.3300866827 0.0001846594 1.4863395242 1.4722066583 1.5428140247 0.0001763082 11.5063898016 11.5060830265 11.5060985515 136.4161072183 0.0000741197 0.0004527888 0.7465201693 0.6151032044 0.1289335203 0.0136867606
-83.9053346159 0.0008545060 0.9954062914 0.9998637115 0.0000166052 0.9988080913 0.6956935997 0.9603157535 0.3421998746 0.0011334625 0.0624036854 0.2218237888 0.0001221960 0.7992127345 0.2914997806 0.0003399610 0.0480468300 0.7055523384 0.4384535472 0.6466079171 0.3300340444 0.0001847142 1.4862635820 1.4721384186 1.5428055137 0.0001763548 11.5063955651 11.5060888708 11.5061044006 136.4161132174 0.0000741391 0.0004528897 0.7463539323 0.6151742603 0.1289449682 0.0136899092
-83.9037719723 0.0008547336 0.9954044846 0.9998636569 0.0000166088 0.9988072684 0.6955647326 0.9603023888 0.3421793614 0.0011335918 0.0623954516 0.2217438870 0.0001222146 0.7990970295 0.2915206119 0.0003400369 0.0480570499 0.7054702272 0.4383220180 0.6465708216 0.3299799689 0.0001847684 1.4861920122 1.4720736611 1.5427974332 0.0001764007 11.5064002333 11.5060936146 11.5061091491 136.4161187619 0.0000741575 0.0004529917 0.7461849433 0.6152443158 0.1289558276 0.0136927429
-83.9021920567 0.0008549639 0.9954026555 0.9998636016 0.0000166123 0.9988064313 0.6954352662 0.9602891050 0.3421566564 0.0011337225 0.0623879461 0.2216718633 0.0001222334 0.7989799224 0.2915349212 0.0003401137 0.0480673850 0.7053867205 0.4381882673 0.6465327633 0.3299245135 0.0001848219 1.4861243308 1.4720119805 1.5427897565 0.0001764462 11.5064078136 11.5061012654 11.5061168045 136.4161238860 0.0000741750 0.0004530948 0.7460132991 0.6153136196 0.1289661414 0.0136953024
-83.9005953073 0.0008551966 0.9954008047 0.9998635457 0.0000166159 0.9988055804 0.6953052075 0.9602759039 0.3421320063 0.0011338546 0.0623811025 0.2216070028 0.0001222525 0.7988614679 0.2915432830 0.0003401913 0.0480778324 0.7053018850 0.4380523794 0.6464937970 0.3298677346 0.0001848749 1.4860601867 1.4719531176 1.5427824247 0.0001764911 11.5064115187 11.5061050369 11.5061205806 136.4161286274 0.0000741916 0.0004531992 0.7458390951 0.6153821296 0.1289759601 0.0136976075
-83.8989821532 0.0008554318 0.9953989327 0.9998634892 0.0000166196 0.9988047160 0.6951745480 0.9602627425 0.3421057168 0.0011339881 0.0623748757 0.2215488165 0.0001222717 0.7987417182 0.2915460726 0.0003402698 0.0480883896 0.7052157749 0.4379144371 0.6464539605 0.3298096861 0.0001849274 1.4859991792 1.4718967246 1.5427754300 0.0001765358 11.5064179947 11.5061115752 11.5061271233 136.4161330161 0.0000742075 0.0004533046 0.7456624257 0.6154501245 0.1289853190 0.0136996941
-83.8973530082 0.0008556694 0.9953970400 0.9998634321 0.0000166233 0.9988038386 0.6950432969 0.9602496250 0.3420779816 0.0011341229 0.0623692085 0.2214966805 0.0001222911 0.7986207233 0.2915437932 0.0003403490 0.0480990536 0.7051284500 0.4377745217 0.6464133024 0.3297504215 0.0001849796 1.4859410169 1.4718425895 1.5427687207 0.0001765800 11.5064210886 11.5061147279 11.5061302805 136.4161370846 0.0000742227 0.0004534111 0.7454833838 0.6155175546 0.1289942608 0.0137015780
-83.8957082826 0.0008559094 0.9953951271 0.9998633744 0.0000166270 0.9988029484 0.6949114486 0.9602365149 0.3420490511 0.0011342590 0.0623640620 0.2214501691 0.0001223108 0.7984985312 0.2915367721 0.0003404291 0.0481098221 0.7050399597 0.4376327134 0.6463718559 0.3296899925 0.0001850315 1.4858853582 1.4717904176 1.5427622890 0.0001766241 11.5064267005 11.5061203954 11.5061359523 136.4161408587 0.0000742374 0.0004535186 0.7453020617 0.6155846582 0.1290028148 0.0137032895
-83.8940483775 0.0008561516 0.9953931945 0.9998633161 0.0000166307 0.9988020460 0.6947790126 0.9602234188 0.3420190777 0.0011343964 0.0623593860 0.2214087325 0.0001223306 0.7983751882 0.2915254537 0.0003405098 0.0481206923 0.7049503585 0.4374890914 0.6463296638 0.3296284504 0.0001850832 1.4858319855 1.4717400541 1.5427560935 0.0001766679 11.5064294079 11.5061231556 11.5061387169 136.4161443665 0.0000742515 0.0004536272 0.7451185507 0.6156513767 0.1290110177 0.0137048394
-83.8923736939 0.0008563960 0.9953912426 0.9998632573 0.0000166345 0.9988011315 0.6946459857 0.9602103071 0.3419882649 0.0011345350 0.0623551465 0.2213719912 0.0001223505 0.7982507390 0.2915101308 0.0003405914 0.0481316618 0.7048596920 0.4373437343 0.6462867555 0.3295658452 0.0001851347 1.4857806174 1.4716912597 1.5427501264 0.0001767116 11.5064343271 11.5061281248 11.5061436903 136.4161476303 0.0000742651 0.0004537367 0.7449329412 0.6157179068 0.1290188948 0.0137062523
-83.8906846286 0.0008566427 0.9953892719 0.9998631979 0.0000166384 0.9988002056 0.6945123799 0.9601971881 0.3419567215 0.0011346749 0.0623512992 0.2213394590 0.0001223707 0.7981252269 0.2914911987 0.0003406736 0.0481427279 0.7047680105 0.4371967200 0.6462431694 0.3295022267 0.0001851860 1.4857310948 1.4716439273 1.5427443515 0.0001767551 11.5064369448 11.5061307902 11.5061463601 136.4161506734 0.0000742784 0.0004538473 0.7447453232 0.6157841852 0.1290264774 0.0137075344
-83.8889815800 0.0008568914 0.9953872829 0.9998631380 0.0000166422 0.9987992684 0.6943781976 0.9601840393 0.3419246125 0.0011348159 0.0623478149 0.2213108168 0.0001223910 0.7979986937 0.2914689106 0.0003407565 0.0481538882 0.7046753595 0.4370481253 0.6461989379 0.3294376441 0.0001852373 1.4856830910 1.4715977707 1.5427387520 0.0001767986 11.5064387737 11.5061326650 11.5061482390 136.4161535126 0.0000742912 0.0004539587 0.7445557862 0.6158503583 0.1290337875 0.0137087123
-83.8872649500 0.0008571422 0.9953852761 0.9998630776 0.0000166461 0.9987983203 0.6942434284 0.9601708394 0.3418921209 0.0011349581 0.0623446668 0.2212857610 0.0001224115 0.7978711803 0.2914434943 0.0003408402 0.0481651400 0.7045817777 0.4368980271 0.6461540818 0.3293721458 0.0001852886 1.4856364067 1.4715526233 1.5427333230 0.0001768421 11.5064438018 11.5061377368 11.5061533150 136.4161561658 0.0000743038 0.0004540712 0.7443644192 0.6159165683 0.1290408448 0.0137098041
-83.8855351397 0.0008573950 0.9953832521 0.9998630167 0.0000166500 0.9987973618 0.6941080809 0.9601576076 0.3418593271 0.0011351013 0.0623418132 0.2212638277 0.0001224322 0.7977427264 0.2914153297 0.0003409244 0.0481764807 0.7044873115 0.4367465025 0.6461086344 0.3293057801 0.0001853399 1.4855909515 1.4715084403 1.5427280270 0.0001768856 11.5064452141 11.5061391914 11.5061547739 136.4161586559 0.0000743161 0.0004541845 0.7441713108 0.6159826787 0.1290476787 0.0137108096
-83.8837925590 0.0008576497 0.9953812112 0.9998629553 0.0000166540 0.9987963933 0.6939721454 0.9601443136 0.3418264007 0.0011352457 0.0623392317 0.2212447603 0.0001224530 0.7976133707 0.2913846098 0.0003410094 0.0481879078 0.7043919963 0.4365936278 0.6460626134 0.3292385942 0.0001853912 1.4855465083 1.4714650315 1.5427228675 0.0001769291 11.5064496466 11.5061436647 11.5061592513 136.4161609997 0.0000743282 0.0004542986 0.7439765494 0.6160488971 0.1290543056 0.0137117496
-83.8820376185 0.0008579063 0.9953791540 0.9998628934 0.0000166580 0.9987954150 0.6938356280 0.9601309747 0.3417934171 0.0011353911 0.0623368851 0.2212281468 0.0001224740 0.7974831514 0.2913516714 0.0003410949 0.0481994185 0.7042958753 0.4364394787 0.6460160492 0.3291706350 0.0001854426 1.4855029893 1.4714223497 1.5427178112 0.0001769727 11.5064508974 11.5061449551 11.5061605459 136.4161632173 0.0000743400 0.0004544136 0.7437802231 0.6161151019 0.1290607517 0.0137126243
-83.8802707389 0.0008581648 0.9953770810 0.9998628310 0.0000166620 0.9987944274 0.6936985183 0.9601175646 0.3417605313 0.0011355375 0.0623347532 0.2212137560 0.0001224951 0.7973521058 0.2913166875 0.0003411811 0.0482110103 0.7041989822 0.4362841308 0.6459689583 0.3291019488 0.0001854941 1.4854602138 1.4713802312 1.5427128639 0.0001770164 11.5064548909 11.5061489869 11.5061645819 136.4161653233 0.0000743518 0.0004545295 0.7435824200 0.6161814756 0.1290670316 0.0137134517
-83.8784923440 0.0008584250 0.9953749927 0.9998627683 0.0000166660 0.9987934309 0.6935608198 0.9601040977 0.3417278199 0.0011356849 0.0623328026 0.2212012126 0.0001225163 0.7972202706 0.2912799641 0.0003412678 0.0482226803 0.7041013580 0.4361276592 0.6459213685 0.3290325820 0.0001855457 1.4854180715 1.4713386137 1.5427079896 0.0001770601 11.5064561330 11.5061502666 11.5061658658 136.4161673360 0.0000743633 0.0004546461 0.7433832281 0.6162479162 0.1290731688 0.0137142334
-83.8767028681 0.0008586869 0.9953728897 0.9998627050 0.0000166701 0.9987924259 0.6934225221 0.9600905516 0.3416954245 0.0011358332 0.0623310140 0.2211902956 0.0001225377 0.7970876823 0.2912416668 0.0003413551 0.0482344257 0.7040030355 0.4359701392 0.6458732954 0.3289625802 0.0001855975 1.4853764048 1.4712973562 1.5427031928 0.0001771040 11.5064597978 11.5061539681 11.5061695714 136.4161692687 0.0000743748 0.0004547635 0.7431827353 0.6163145808 0.1290791769 0.0137149847
-83.8749027507 0.0008589504 0.9953707725 0.9998626414 0.0000166742 0.9987914128 0.6932836297 0.9600769402 0.3416634076 0.0011359824 0.0623293565 0.2211806576 0.0001225593 0.7969543768 0.2912020795 0.0003414430 0.0482462437 0.7039040543 0.4358116456 0.6458247649 0.3288919895 0.0001856494 1.4853351301 1.4712564172 1.5426984410 0.0001771480 11.5064612778 11.5061554844 11.5061710918 136.4161711372 0.0000743862 0.0004548816 0.7429810299 0.6163813755 0.1290850772 0.0137157052
-83.8730924417 0.0008592156 0.9953686416 0.9998625774 0.0000166783 0.9987903919 0.6931441363 0.9600632440 0.3416319039 0.0011361325 0.0623278128 0.2211721044 0.0001225809 0.7968203898 0.2911613535 0.0003415313 0.0482581315 0.7038044499 0.4356522532 0.6457757985 0.3288208561 0.0001857015 1.4852939614 1.4712155469 1.5426937182 0.0001771922 11.5064621274 11.5061563700 11.5061719816 136.4161729512 0.0000743975 0.0004550004 0.7427781998 0.6164484314 0.1290908829 0.0137164173
-83.8712724019 0.0008594822 0.9953664976 0.9998625129 0.0000166825 0.9987893637 0.6930040227 0.9600494444 0.3416010756 0.0011362834 0.0623263660 0.2211644400 0.0001226027 0.7966857569 0.2911196286 0.0003416202 0.0482700859 0.7037042524 0.4354920372 0.6457264069 0.3287492254 0.0001857540 1.4852527493 1.4711746201 1.5426890230 0.0001772367 11.5064663540 11.5061606322 11.5061762481 136.4161747229 0.0000744089 0.0004551199 0.7425743335 0.6165158741 0.1290966060 0.0137171348
-83.8694430990 0.0008597502 0.9953643412 0.9998624481 0.0000166866 0.9987883285 0.6928632883 0.9600355619 0.3415709950 0.0011364351 0.0623249833 0.2211572900 0.0001226246 0.7965505136 0.2910772113 0.0003417095 0.0482821040 0.7036035008 0.4353310734 0.6456766149 0.3286771438 0.0001858066 1.4852114014 1.4711335989 1.5426843131 0.0001772813 11.5064670615 11.5061613756 11.5061769957 136.4161764707 0.0000744203 0.0004552400 0.7423695195 0.6165835616 0.1291022697 0.0137178557
-83.8676050160 0.0008600197 0.9953621728 0.9998623830 0.0000166908 0.9987872869 0.6927219140 0.9600215658 0.3415418345 0.0011365875 0.0623236492 0.2211504740 0.0001226466 0.7964146955 0.2910342305 0.0003417993 0.0482941827 0.7035022244 0.4351694375 0.6456264323 0.3286046566 0.0001858597 1.4851696906 1.4710922888 1.5426795881 0.0001773263 11.5064709683 11.5061653184 11.5061809428 136.4161782072 0.0000744318 0.0004553608 0.7421638467 0.6166517051 0.1291078853 0.0137186003
-83.8657586439 0.0008602904 0.9953599931 0.9998623175 0.0000166950 0.9987862391 0.6925798969 0.9600074722 0.3415136813 0.0011367407 0.0623223324 0.2211436381 0.0001226686 0.7962783380 0.2909909745 0.0003418896 0.0483063187 0.7034004609 0.4350072050 0.6455758835 0.3285318095 0.0001859130 1.4851274927 1.4710506208 1.5426748066 0.0001773715 11.5064717742 11.5061661608 11.5061817895 136.4161799499 0.0000744434 0.0004554821 0.7419574043 0.6167201896 0.1291134748 0.0137193698
-83.8639044903 0.0008605624 0.9953578028 0.9998622517 0.0000166993 0.9987851858 0.6924372170 0.9599932507 0.3414867151 0.0011368945 0.0623210173 0.2211365971 0.0001226908 0.7961414773 0.2909475764 0.0003419802 0.0483185088 0.7032982404 0.4348444516 0.6455249795 0.3284586477 0.0001859667 1.4850845395 1.4710083741 1.5426699593 0.0001774170 11.5064755096 11.5061699334 11.5061855663 136.4161817115 0.0000744552 0.0004556040 0.7417502818 0.6167892225 0.1291190496 0.0137201858
-83.8620430734 0.0008608355 0.9953556024 0.9998621856 0.0000167035 0.9987841271 0.6922938693 0.9599789123 0.3414610417 0.0011370489 0.0623196731 0.2211290031 0.0001227131 0.7960041494 0.2909043181 0.0003420712 0.0483307495 0.7031956006 0.4346812530 0.6454737439 0.3283852174 0.0001860209 1.4850406449 1.4709654335 1.5426649984 0.0001774629 11.5064765640 11.5061710260 11.5061866633 136.4161835092 0.0000744672 0.0004557263 0.7415425692 0.6168587219 0.1291246313 0.0137210534
-83.8601749297 0.0008611096 0.9953533926 0.9998621192 0.0000167078 0.9987830637 0.6921498347 0.9599644280 0.3414368441 0.0011372039 0.0623182823 0.2211206504 0.0001227355 0.7958663910 0.2908613500 0.0003421625 0.0483430374 0.7030925728 0.4345176857 0.6454221894 0.3283115640 0.0001860756 1.4849955174 1.4709215658 1.5426599081 0.0001775093 11.5064802436 11.5061747449 11.5061903866 136.4161853565 0.0000744795 0.0004558492 0.7413343572 0.6169288848 0.1291302324 0.0137219946
-83.8583006092 0.0008613848 0.9953511741 0.9998620526 0.0000167121 0.9987819959 0.6920051100 0.9599498039 0.3414142336 0.0011373595 0.0623168141 0.2211111883 0.0001227579 0.7957282393 0.2908189575 0.0003422542 0.0483553689 0.7029891958 0.4343538261 0.6453703401 0.3282377341 0.0001861307 1.4849489016 1.4708766102 1.5426546292 0.0001775561 11.5064818069 11.5061763491 11.5061919953 136.4161872702 0.0000744920 0.0004559725 0.7411257368 0.6169996628 0.1291358744 0.0137230176
-83.8564206820 0.0008616609 0.9953489476 0.9998619857 0.0000167164 0.9987809242 0.6918596822 0.9599350111 0.3413934009 0.0011375155 0.0623152500 0.2211004078 0.0001227805 0.7955897321 0.2907773019 0.0003423462 0.0483677402 0.7028855058 0.4341897509 0.6453182171 0.3281637745 0.0001861866 1.4849003311 1.4708301887 1.5426491213 0.0001776034 11.5064828973 11.5061774825 11.5061931333 136.4161892619 0.0000745050 0.0004560962 0.7409167997 0.6170712420 0.1291415711 0.0137241548
-83.8545357401 0.0008619378 0.9953467138 0.9998619186 0.0000167207 0.9987798491 0.6917135259 0.9599200196 0.3413745737 0.0011376720 0.0623135706 0.2210880810 0.0001228030 0.7954509082 0.2907365479 0.0003424385 0.0483801476 0.7027815344 0.4340255377 0.6452658314 0.3280897322 0.0001862432 1.4848494127 1.4707820068 1.5426433477 0.0001776514 11.5064875646 11.5061821949 11.5061978503 136.4161913470 0.0000745186 0.0004562202 0.7407076385 0.6171438178 0.1291473365 0.0137254329
-83.8526463945 0.0008622154 0.9953444735 0.9998618513 0.0000167250 0.9987787710 0.6915666366 0.9599048374 0.3413578932 0.0011378289 0.0623117384 0.2210737814 0.0001228257 0.7953118070 0.2906970445 0.0003425310 0.0483925868 0.7026773240 0.4338612656 0.6452132101 0.3280156551 0.0001863005 1.4847957923 1.4707318418 1.5426372295 0.0001777000 11.5064888185 11.5061834968 11.5061991569 136.4161935482 0.0000745326 0.0004563446 0.7404983464 0.6172173218 0.1291531969 0.0137268646
-83.8507532862 0.0008624937 0.9953422275 0.9998617839 0.0000167293 0.9987776903 0.6914189928 0.9598894184 0.3413436081 0.0011379861 0.0623097324 0.2210572632 0.0001228484 0.7951724692 0.2906589746 0.0003426237 0.0484050539 0.7025729080 0.4336970137 0.6451603665 0.3279415908 0.0001863589 1.4847389357 1.4706792826 1.5426307246 0.0001777495 11.5064935031 11.5061882325 11.5062038974 136.4161958839 0.0000745474 0.0004564693 0.7402890176 0.6172920562 0.1291591673 0.0137284871
-83.8488570800 0.0008627725 0.9953399765 0.9998617163 0.0000167336 0.9987766076 0.6912705921 0.9598737623 0.3413318855 0.0011381435 0.0623075134 0.2210380855 0.0001228711 0.7950329364 0.2906227007 0.0003427165 0.0484175443 0.7024683304 0.4335328617 0.6451073303 0.3278675878 0.0001864182 1.4846783574 1.4706240087 1.5426237413 0.0001777998 11.5064952100 11.5061899945 11.5062056643 136.4161983785 0.0000745630 0.0004565942 0.7400797472 0.6173680064 0.1291652749 0.0137303220
-83.8469584768 0.0008630518 0.9953377214 0.9998616485 0.0000167380 0.9987755234 0.6911214182 0.9598578202 0.3413229855 0.0011383012 0.0623050564 0.2210159604 0.0001228939 0.7948932518 0.2905884436 0.0003428096 0.0484300535 0.7023636286 0.4333688900 0.6450541193 0.3277936947 0.0001864788 1.4846134233 1.4705655406 1.5426162237 0.0001778511 11.5065001177 11.5061949614 11.5062106362 136.4162010533 0.0000745795 0.0004567193 0.7398706314 0.6174454899 0.1291715372 0.0137324124
-83.8450582090 0.0008633314 0.9953354632 0.9998615807 0.0000167423 0.9987744382 0.6909714743 0.9598415835 0.3413170937 0.0011384591 0.0623023191 0.2209904135 0.0001229166 0.7947534601 0.2905565966 0.0003429027 0.0484425766 0.7022588502 0.4332051798 0.6450007667 0.3277199614 0.0001865406 1.4845435173 1.4705034637 1.5426080669 0.0001779036 11.5065024909 11.5061973989 11.5062130789 136.4162039360 0.0000745970 0.0004568445 0.7396617676 0.6175245449 0.1291779830 0.0137347882
-83.8431570526 0.0008636112 0.9953332028 0.9998615127 0.0000167467 0.9987733524 0.6908207547 0.9598250007 0.3413144693 0.0011386170 0.0622992707 0.2209610954 0.0001229395 0.7946136074 0.2905274379 0.0003429959 0.0484551085 0.7021540378 0.4330418136 0.6449472960 0.3276464381 0.0001866039 1.4844678933 1.4704372278 1.5425991982 0.0001779573 11.5065078112 11.5062027888 11.5062184742 136.4162070519 0.0000746157 0.0004569698 0.7394532544 0.6176055035 0.1291846329 0.0137374986
-83.8412558251 0.0008638911 0.9953309411 0.9998614448 0.0000167510 0.9987722666 0.6906692776 0.9598080569 0.3413152854 0.0011387750 0.0622958640 0.2209274844 0.0001229623 0.7944737420 0.2905014087 0.0003430891 0.0484676439 0.7020492442 0.4328788750 0.6448937460 0.3275731767 0.0001866688 1.4843858335 1.4703663508 1.5425895025 0.0001780123 11.5065111948 11.5062062485 11.5062219394 136.4162104326 0.0000746357 0.0004570952 0.7392451921 0.6176884483 0.1291915179 0.0137405803
-83.8393553956 0.0008641710 0.9953286792 0.9998613768 0.0000167554 0.9987711813 0.6905170595 0.9597906988 0.3413197825 0.0011389329 0.0622920626 0.2208891831 0.0001229851 0.7943339142 0.2904788461 0.0003431823 0.0484801769 0.7019445222 0.4327164484 0.6448401549 0.3275002301 0.0001867355 1.4842963623 1.4702901037 1.5425788801 0.0001780689 11.5065144082 11.5062095454 11.5062252420 136.4162141063 0.0000746573 0.0004572205 0.7390376824 0.6177737155 0.1291986623 0.0137440977
-83.8374566912 0.0008644507 0.9953264182 0.9998613088 0.0000167597 0.9987700971 0.6903641164 0.9597728745 0.3413282075 0.0011390907 0.0622878260 0.2208457488 0.0001230078 0.7941941764 0.2904601196 0.0003432754 0.0484927015 0.7018399231 0.4325546202 0.6447865546 0.3274276522 0.0001868044 1.4841986194 1.4702078700 1.5425672460 0.0001781273 11.5065215626 11.5062167910 11.5062324936 136.4162181085 0.0000746806 0.0004573458 0.7388308287 0.6178616392 0.1292060914 0.0137481087
-83.8355606975 0.0008647301 0.9953241594 0.9998612409 0.0000167641 0.9987690146 0.6902105001 0.9597545710 0.3413406821 0.0011392483 0.0622830925 0.2207965135 0.0001230306 0.7940545837 0.2904458175 0.0003433685 0.0485052111 0.7017355123 0.4323934794 0.6447329976 0.3273554991 0.0001868754 1.4840917829 1.4701191101 1.5425544760 0.0001781876 11.5065255761 11.5062209048 11.5062366136 136.4162224854 0.0000747058 0.0004574709 0.7386247364 0.6179522857 0.1292138446 0.0137526584
-83.8336684740 0.0008650090 0.9953219039 0.9998611731 0.0000167684 0.9987679343 0.6900562643 0.9597357241 0.3413573794 0.0011394056 0.0622778139 0.2207409707 0.0001230533 0.7939151940 0.2904363909 0.0003434614 0.0485176987 0.7016313507 0.4322331161 0.6446795277 0.3272838271 0.0001869489 1.4839749186 1.4700231473 1.5425405004 0.0001782500 11.5065334468 11.5062288852 11.5062446006 136.4162272829 0.0000747332 0.0004575958 0.7384195130 0.6180460800 0.1292219503 0.0137578153
-83.8317811523 0.0008652873 0.9953196531 0.9998611055 0.0000167727 0.9987668569 0.6899015062 0.9597163203 0.3413783129 0.0011395626 0.0622719203 0.2206783960 0.0001230760 0.7937760680 0.2904325096 0.0003435540 0.0485301568 0.7015275151 0.4320736222 0.6446262118 0.3272126951 0.0001870250 1.4838472134 1.4699194458 1.5425252159 0.0001783145 11.5065386539 11.5062342129 11.5062499351 136.4162325579 0.0000747627 0.0004577204 0.7382152682 0.6181431053 0.1292304505 0.0137636300
-83.8298999520 0.0008655647 0.9953174085 0.9998610380 0.0000167770 0.9987657829 0.6897463395 0.9596963035 0.3414034849 0.0011397190 0.0622653529 0.2206082106 0.0001230986 0.7936372699 0.2904347338 0.0003436464 0.0485425772 0.7014240812 0.4319150915 0.6445731125 0.3271421631 0.0001871040 1.4837078319 1.4698074063 1.5425085826 0.0001783816 11.5065475457 11.5062432364 11.5062589657 136.4162383702 0.0000747948 0.0004578447 0.7380121142 0.6182437477 0.1292393777 0.0137701709
-83.8280261794 0.0008658412 0.9953151716 0.9998609707 0.0000167813 0.9987647130 0.6895909365 0.9596756692 0.3414326783 0.0011398748 0.0622580319 0.2205296448 0.0001231211 0.7934988675 0.2904438361 0.0003437384 0.0485549513 0.7013211431 0.4317576204 0.6445203181 0.3270722940 0.0001871859 1.4835561519 1.4696866303 1.5424905494 0.0001784511 11.5065542402 11.5062500748 11.5062658116 136.4162447930 0.0000748294 0.0004579684 0.7378101659 0.6183480550 0.1292487766 0.0137774858
-83.8261612428 0.0008661164 0.9953129441 0.9998609037 0.0000167856 0.9987636479 0.6894355092 0.9596543823 0.3414655659 0.0011400299 0.0622498871 0.2204420807 0.0001231435 0.7933609320 0.2904604993 0.0003438301 0.0485672699 0.7012187983 0.4316013076 0.6444679197 0.3270031525 0.0001872709 1.4833916653 1.4695567513 1.5424711472 0.0001785232 11.5065643790 11.5062603700 11.5062761145 136.4162519060 0.0000748668 0.0004580916 0.7376095408 0.6184563111 0.1292586833 0.0137856330
-83.8243066509 0.0008663902 0.9953107278 0.9998608371 0.0000167898 0.9987625883 0.6892803521 0.9596324622 0.3415014937 0.0011401842 0.0622408296 0.2203447732 0.0001231657 0.7932235392 0.2904855972 0.0003439212 0.0485795227 0.7011171669 0.4314462548 0.6444160395 0.3269348068 0.0001873591 1.4832142281 1.4694176969 1.5424504295 0.0001785981 11.5065728212 11.5062689817 11.5062847344 136.4162598060 0.0000749069 0.0004582142 0.7374103597 0.6185684544 0.1292691441 0.0137946453
-83.8224640255 0.0008666623 0.9953085244 0.9998607708 0.0000167941 0.9987615348 0.6891258339 0.9596099139 0.3415395359 0.0011403375 0.0622307808 0.2202371809 0.0001231879 0.7930867687 0.2905199158 0.0003440118 0.0485916991 0.7010163804 0.4312925663 0.6443648144 0.3268673279 0.0001874504 1.4830240307 1.4692695701 1.5424285648 0.0001786756 11.5065844316 11.5062807743 11.5062965356 136.4162686008 0.0000749499 0.0004583360 0.7372127465 0.6186845688 0.1292801967 0.0138045545
-83.8206350981 0.0008669324 0.9953063362 0.9998607050 0.0000167983 0.9987604882 0.6889724439 0.9595868058 0.3415782503 0.0011404896 0.0622196511 0.2201187745 0.0001232099 0.7929507049 0.2905643739 0.0003441017 0.0486037876 0.7009166011 0.4311403497 0.6443144253 0.3268007907 0.0001875447 1.4828218970 1.4691129227 1.5424057999 0.0001787556 11.5065949649 11.5062915027 11.5063072728 136.4162784191 0.0000749956 0.0004584569 0.7370168280 0.6188043641 0.1292918862 0.0138153563
-83.8188217157 0.0008672004 0.9953041652 0.9998606397 0.0000168024 0.9987594493 0.6888207911 0.9595632122 0.3416156931 0.0011406405 0.0622073704 0.2199894050 0.0001232317 0.7928154364 0.2906197363 0.0003441909 0.0486157758 0.7008180195 0.4309897150 0.6442650940 0.3267352745 0.0001876417 1.4826092141 1.4689485751 1.5423825487 0.0001788380 11.5066057755 11.5063025202 11.5063182996 136.4162894037 0.0000750439 0.0004585769 0.7368227347 0.6189275774 0.1293042479 0.0138270388
-83.8170258383 0.0008674658 0.9953020136 0.9998605750 0.0000168065 0.9987584188 0.6886716226 0.9595392545 0.3416492307 0.0011407900 0.0621938891 0.2198493136 0.0001232532 0.7926810565 0.2906866477 0.0003442792 0.0486276509 0.7007208625 0.4308407758 0.6442170930 0.3266708632 0.0001877411 1.4823884765 1.4687780262 1.5423594398 0.0001789225 11.5066207972 11.5063177590 11.5063335478 136.4163017217 0.0000750945 0.0004586957 0.7366306000 0.6190537269 0.1293173124 0.0138395442
-83.8152495266 0.0008677284 0.9952998840 0.9998605110 0.0000168106 0.9987573976 0.6885258731 0.9595151487 0.3416752629 0.0011409378 0.0621791811 0.2196991606 0.0001232746 0.7925476626 0.2907656946 0.0003443666 0.0486393990 0.7006254224 0.4306936490 0.6441707931 0.3266076474 0.0001878421 1.4821635207 1.4686035595 1.5423373352 0.0001790083 11.5066333299 11.5063305172 11.5063463157 136.4163155671 0.0000751469 0.0004588132 0.7364405600 0.6191818035 0.1293311148 0.0138527520
-83.8134949364 0.0008679878 0.9952977788 0.9998604477 0.0000168146 0.9987563864 0.6883846350 0.9594911265 0.3416892551 0.0011410838 0.0621633129 0.2195406577 0.0001232957 0.7924153557 0.2908568842 0.0003444530 0.0486510059 0.7005320597 0.4305484532 0.6441266693 0.3265457243 0.0001879439 1.4819397022 1.4684281397 1.5423175094 0.0001790948 11.5066498086 11.5063472260 11.5063630342 136.4163311437 0.0000752005 0.0004589294 0.7362527535 0.6193108385 0.1293456690 0.0138665051
-83.8117642895 0.0008682438 0.9952957005 0.9998603853 0.0000168186 0.9987553862 0.6882491746 0.9594675302 0.3416854751 0.0011412279 0.0621464700 0.2193765326 0.0001233165 0.7922842400 0.2909597275 0.0003445382 0.0486624569 0.7004412522 0.4304053079 0.6440853799 0.3264852014 0.0001880453 1.4817244246 1.4682557100 1.5423016793 0.0001791810 11.5066641164 11.5063617651 11.5063775831 136.4163486594 0.0000752544 0.0004590439 0.7360673205 0.6194392668 0.1293609848 0.0138805685
-83.8100598527 0.0008684960 0.9952936517 0.9998603237 0.0000168225 0.9987543978 0.6881208415 0.9594447098 0.3416572281 0.0011413698 0.0621290851 0.2192112155 0.0001233370 0.7921544212 0.2910725866 0.0003446221 0.0486737369 0.7003536229 0.4302643312 0.6440478158 0.3264261994 0.0001881452 1.4815272173 1.4680908904 1.5422922309 0.0001792660 11.5066819753 11.5063798515 11.5063956791 136.4163682836 0.0000753077 0.0004591568 0.7358844016 0.6195656306 0.1293770426 0.0138946729
-83.8083838937 0.0008687440 0.9952916352 0.9998602631 0.0000168264 0.9987534220 0.6880009750 0.9594230618 0.3415970804 0.0011415094 0.0621119557 0.2190508470 0.0001233572 0.7920260052 0.2911925491 0.0003447046 0.0486848309 0.7002700207 0.4301256360 0.6440152406 0.3263688600 0.0001882422 1.4813598508 1.4679388089 1.5422922881 0.0001793487 11.5066980375 11.5063961334 11.5064119702 136.4163900939 0.0000753597 0.0004592678 0.7357041360 0.6196882588 0.1293938060 0.0139085157
-83.8067386462 0.0008689876 0.9952896535 0.9998602037 0.0000168302 0.9987524596 0.6878906669 0.9594028571 0.3414979165 0.0011416464 0.0620964430 0.2189037856 0.0001233770 0.7918990959 0.2913146592 0.0003447857 0.0486957241 0.7001915962 0.4299893213 0.6439894401 0.3263133556 0.0001883357 1.4812354466 1.4678040127 1.5423058779 0.0001794285 11.5067174971 11.5064158021 11.5064316477 136.4164139588 0.0000754098 0.0004593769 0.7355266595 0.6198063267 0.1294111952 0.0139218711
-83.8051262677 0.0008692264 0.9952877091 0.9998601453 0.0000168339 0.9987515115 0.6877904832 0.9593841743 0.3413544079 0.0011417807 0.0620844411 0.2187803168 0.0001233964 0.7917737929 0.2914316957 0.0003448651 0.0487064020 0.7001199341 0.4298554536 0.6439730006 0.3262599103 0.0001884258 1.4811670750 1.4676893042 1.5423378013 0.0001795058 11.5067363514 11.5064348560 11.5064507101 136.4164393842 0.0000754585 0.0004594837 0.7353521024 0.6199200795 0.1294290944 0.0139346737
-83.8035488297 0.0008694600 0.9952858044 0.9998600882 0.0000168375 0.9987505784 0.6877000723 0.9593667059 0.3411653855 0.0011419121 0.0620776056 0.2186925865 0.0001234154 0.7916501894 0.2915335543 0.0003449429 0.0487168508 0.7000571759 0.4297240229 0.6439696636 0.3262088344 0.0001885145 1.4811653231 1.4675942450 1.5423932652 0.0001795822 11.5067570984 11.5064557997 11.5064716622 136.4164652952 0.0000755073 0.0004595883 0.7351805868 0.6200318489 0.1294473247 0.0139471374
-83.8020083468 0.0008696883 0.9952839418 0.9998600324 0.0000168411 0.9987496611 0.6876178512 0.9593499264 0.3409356726 0.0011420404 0.0620752023 0.2186537544 0.0001234339 0.7915283710 0.2916072995 0.0003450188 0.0487270569 0.7000060962 0.4295948379 0.6439848140 0.3261605888 0.0001886041 1.4812384328 1.4675171384 1.5424768780 0.0001796598 11.5067855915 11.5064844952 11.5065003661 136.4164898408 0.0000755581 0.0004596905 0.7350122244 0.6201447172 0.1294656366 0.0139595039
-83.8005068424 0.0008699108 0.9952821237 0.9998599779 0.0000168445 0.9987487603 0.6875410188 0.9593340213 0.3406752054 0.0011421655 0.0620728321 0.2186768724 0.0001234520 0.7914084152 0.2916377537 0.0003450928 0.0487370069 0.6999699463 0.4294672577 0.6440260706 0.3261159035 0.0001886930 1.4814000863 1.4674651264 1.5425909348 0.0001797374 11.5068174601 11.5065165660 11.5065324452 136.4165102718 0.0000756091 0.0004597901 0.7348471143 0.6202565139 0.1294837050 0.0139709602
-83.7990463789 0.0008701273 0.9952803523 0.9998599249 0.0000168479 0.9987478766 0.6874661157 0.9593218442 0.3403930600 0.0011422872 0.0620661122 0.2187743907 0.0001234696 0.7912903905 0.2916080901 0.0003451649 0.0487466879 0.6999515743 0.4293395208 0.6441036348 0.3260759961 0.0001887658 1.4816912382 1.4674771878 1.5427336129 0.0001798015 11.5068631895 11.5065624383 11.5065783241 136.4165229405 0.0000756460 0.0004598871 0.7346853395 0.6203478207 0.1295010810 0.0139772650
-83.7976287426 0.0008703377 0.9952786293 0.9998598734 0.0000168512 0.9987470105 0.6873905453 0.9593213856 0.3400859102 0.0011424054 0.0620555158 0.2189575607 0.0001234867 0.7911743522 0.2915015880 0.0003452348 0.0487560904 0.6999514150 0.4292072290 0.6442298297 0.3260429857 0.0001887816 1.4822116528 1.4676527382 1.5428994502 0.0001798172 11.5069258012 11.5066249813 11.5066408671 136.4165235066 0.0000756333 0.0004599812 0.7345269580 0.6203672934 0.1295171786 0.0139677801
-83.7962543290 0.0008705418 0.9952769547 0.9998598234 0.0000168544 0.9987461622 0.6873148013 0.9593434629 0.3397331764 0.0011425201 0.0620462269 0.2192387343 0.0001235033 0.7910603268 0.2913022959 0.0003453027 0.0487652148 0.6999660570 0.4290611343 0.6444165267 0.3260206770 0.0001886868 1.4831069106 1.4681321193 1.5430883273 0.0001797386 11.5070303871 11.5067290833 11.5067449568 136.4165073389 0.0000755234 0.0004600726 0.7343719849 0.6202474904 0.1295312125 0.0139273674
-83.7949202941 0.0008707401 0.9952753254 0.9998597748 0.0000168575 0.9987453313 0.6872442811 0.9593897154 0.3393148340 0.0011426315 0.0620451997 0.2196396740 0.0001235194 0.7909482878 0.2909924230 0.0003453687 0.0487740805 0.6999984109 0.4288900816 0.6446697973 0.3260160926 0.0001884761 1.4843854933 1.4689468500 1.5432996628 0.0001795616 11.5073004404 11.5069981987 11.5070140465 136.4164705317 0.0000753075 0.0004601614 0.7342203674 0.6199811550 0.1295421735 0.0138483750
-83.7936198758 0.0008709335 0.9952737348 0.9998597274 0.0000168605 0.9987445171 0.6871854999 0.9594406144 0.3388505301 0.0011427402 0.0620605181 0.2202082638 0.0001235351 0.7908381437 0.2905396484 0.0003454331 0.0487827280 0.7000870306 0.4287043828 0.6449862429 0.3260427293 0.0001882494 1.4853079296 1.4696879429 1.5433462171 0.0001793711 11.5082875170 11.5079841786 11.5079999973 136.4164127597 0.0000750651 0.0004602481 0.7340719740 0.6196942329 0.1295490095 0.0137424169
-83.7923433008 0.0008711232 0.9952721747 0.9998596809 0.0000168635 0.9987437181 0.6871249617 0.9594242912 0.3385778801 0.0011428468 0.0620958821 0.2209965417 0.0001235505 0.7907297735 0.2898853251 0.0003454962 0.0487912075 0.7002879483 0.4285526140 0.6453690046 0.3261301138 0.0001883553 1.4841506161 1.4691739855 1.5428761984 0.0001794633 11.5121464965 11.5118428966 11.5118587174 136.4163411401 0.0000750767 0.0004603330 0.7339266173 0.6198271526 0.1295516750 0.0136907680
-83.7910879001 0.0008713096 0.9952706419 0.9998596352 0.0000168664 0.9987429338 0.6870419072 0.9594139565 0.3393076470 0.0011429515 0.0621493201 0.2219516144 0.0001235656 0.7906231641 0.2890285634 0.0003455582 0.0487995375 0.7006262049 0.4285039089 0.6458124630 0.3263824078 0.0001883098 1.4832072598 1.4688048192 1.5423435516 0.0001794139 11.5079112326 11.5076079928 11.5076238172 136.4162516917 0.0000750065 0.0004604165 0.7337841550 0.6197719359 0.1295572813 0.0136496830
-83.7898571886 0.0008714924 0.9952691383 0.9998595903 0.0000168692 0.9987421643 0.6869637405 0.9594186312 0.3392574371 0.0011430541 0.0622313702 0.2228830549 0.0001235805 0.7905185437 0.2881887485 0.0003456190 0.0488077075 0.7008170684 0.4287092555 0.6459675992 0.3268712399 0.0001882699 1.4830699580 1.4687715230 1.5422055982 0.0001793763 11.5061096861 11.5058065468 11.5058223699 136.4161580757 0.0000749642 0.0004604983 0.7336445255 0.6197223720 0.1295903664 0.0136329187
-83.7898518819 0.0008714932 0.9952691318 0.9998595901 0.0000168692 0.9987421610 0.6869634093 0.9594186411 0.3392571492 0.0011430546 0.0622317373 0.2228868638 0.0001235806 0.7905180925 0.2881853416 0.0003456192 0.0488077428 0.7008173387 0.4287101738 0.6459677899 0.3268733137 0.0001882698 1.4830700702 1.4687717375 1.5422053568 0.0001793762 11.5061053237 11.5058021847 11.5058180077 136.4161577318 0.0000749640 0.0004604987 0.7336439234 0.6197222428 0.1295906633 0.0136328536
