-83.9010747810 0.0008551294 0.9954007296 0.9998635585 0.0000166156 0.9988030956 0.6961503770 0.9604918745 0.3400808544 0.0011338164 0.0629376393 0.2261408730 0.0001222472 0.7989902233 0.2878781431 0.0003401689 0.0480748169 0.7043808988 0.4371011280 0.6452367768 0.3283094930 0.0001838367 1.4891475098 1.4748065767 1.5430218678 0.0001756030 11.5065030877 11.5061916985 11.5062071221 136.4221084636 0.0000733282 0.0004531721 0.7452829173 0.6140350351 0.1281791598 0.0134853511
-83.9010611166 0.0008551314 0.9954007146 0.9998635580 0.0000166156 0.9988030904 0.6961466713 0.9604903757 0.3400947484 0.0011338176 0.0629338455 0.2261149971 0.0001222474 0.7989892122 0.2878993519 0.0003401696 0.0480749055 0.7043867574 0.4371032185 0.6452444321 0.3283163804 0.0001838430 1.4891274176 1.4747872147 1.5430205066 0.0001756083 11.5064445691 11.5061332153 11.5061486397 136.4221106429 0.0000733341 0.0004531729 0.7452818642 0.6140432609 0.1281851327 0.0134871051
-83.9010338725 0.0008551353 0.9954006845 0.9998635571 0.0000166157 0.9988030802 0.6961391655 0.9604873603 0.3401227816 0.0011338198 0.0629263354 0.2260634328 0.0001222477 0.7989871942 0.2879416169 0.0003401709 0.0480750822 0.7043982840 0.4371076652 0.6452593837 0.3283304168 0.0001838557 1.4890878128 1.4747489355 1.5430180003 0.0001756191 11.5063382013 11.5060269171 11.5060423431 136.4221150140 0.0000733459 0.0004531747 0.7452797609 0.6140598283 0.1281969989 0.0134906019
-83.9009932146 0.0008551412 0.9954006397 0.9998635557 0.0000166158 0.9988030649 0.6961276627 0.9604827747 0.3401655822 0.0011338231 0.0629152490 0.2259864543 0.0001222482 0.7989841779 0.2880047200 0.0003401729 0.0480753459 0.7044150716 0.4371149696 0.6452809359 0.3283520998 0.0001838751 1.4890296412 1.4746924105 1.5430147791 0.0001756355 11.5062047942 11.5058936118 11.5059090403 136.4221216150 0.0000733634 0.0004531773 0.7452766134 0.6140850715 0.1282146219 0.0134958379
-83.9009393854 0.0008551490 0.9954005803 0.9998635538 0.0000166159 0.9988030445 0.6961118508 0.9604765235 0.3402243434 0.0011338275 0.0629007591 0.2258841730 0.0001222488 0.7989801762 0.2880885737 0.0003401755 0.0480756952 0.7044364621 0.4371257977 0.6453081116 0.3283821028 0.0001839015 1.4889540559 1.4746183846 1.5430114649 0.0001756580 11.5060720282 11.5057609779 11.5057764096 136.4221305331 0.0000733868 0.0004531808 0.7452724302 0.6141195553 0.1282378504 0.0135028275
-83.9008712528 0.0008551586 0.9954005068 0.9998635515 0.0000166160 0.9988030192 0.6960913144 0.9604685308 0.3403007844 0.0011338330 0.0628830254 0.2257560843 0.0001222496 0.7989752058 0.2881935557 0.0003401787 0.0480761279 0.7044615334 0.4371408574 0.6453397430 0.3284211614 0.0001839354 1.4888627786 1.4745281273 1.5430087957 0.0001756868 11.5059645743 11.5056536839 11.5056691195 136.4158290751 0.0000734158 0.0004531851 0.7452672229 0.6141636471 0.1282665750 0.0135115546
-83.9007931971 0.0008551699 0.9954004204 0.9998635488 0.0000166162 0.9988029890 0.6960694183 0.9604599732 0.3403778056 0.0011338394 0.0628653450 0.2256235782 0.0001222505 0.7989692891 0.2883016212 0.0003401824 0.0480766350 0.7044839839 0.4371545808 0.6453693699 0.3284585340 0.0001839721 1.4887666826 1.4744333274 1.5430064805 0.0001757182 11.5059076618 11.5055969334 11.5056123731 136.4158403885 0.0000734464 0.0004531901 0.7452610082 0.6142114926 0.1282941423 0.0135206309
-83.9007041538 0.0008551828 0.9954003217 0.9998635458 0.0000166164 0.9988029542 0.6960463649 0.9604510646 0.3404544634 0.0011338467 0.0628478314 0.2254882161 0.0001222516 0.7989624468 0.2884114510 0.0003401868 0.0480772140 0.7045039760 0.4371668334 0.6453971377 0.3284940944 0.0001840108 1.4886676339 1.4743360526 1.5430042884 0.0001757511 11.5058899128 11.5055793463 11.5055947903 136.4158515579 0.0000734780 0.0004531959 0.7452538007 0.6142617339 0.1283205886 0.0135298523
-83.9006044958 0.0008551973 0.9954002111 0.9998635423 0.0000166166 0.9988029148 0.6960223443 0.9604420081 0.3405298806 0.0011338549 0.0628305633 0.2253512254 0.0001222528 0.7989546994 0.2885220199 0.0003401916 0.0480778625 0.7045217312 0.4371775224 0.6454232412 0.3285277749 0.0001840502 1.4885671593 1.4742379767 1.5430020118 0.0001757849 11.5058923199 11.5055819140 11.5055973623 136.4158625280 0.0000735098 0.0004532024 0.7452456154 0.6143130664 0.1283459618 0.0135390509
-83.9004945899 0.0008552132 0.9954000889 0.9998635385 0.0000166169 0.9988028707 0.6959975250 0.9604329411 0.3406033201 0.0011338640 0.0628136001 0.2252136194 0.0001222541 0.7989460673 0.2886324957 0.0003401969 0.0480785782 0.7045374843 0.4371866021 0.6454478690 0.3285595560 0.0001840899 1.4884664953 1.4741403964 1.5429995279 0.0001758188 11.5059079439 11.5055976960 11.5056131486 136.4158732580 0.0000735415 0.0004532095 0.7452364671 0.6143646360 0.1283703125 0.0135481002
-83.9003747922 0.0008552306 0.9953999555 0.9998635344 0.0000166171 0.9988028222 0.6959720499 0.9604239690 0.3406741960 0.0011338739 0.0627969846 0.2250762204 0.0001222555 0.7989365705 0.2887422179 0.0003402027 0.0480793587 0.7045514555 0.4371940671 0.6454711868 0.3285894565 0.0001841293 1.4883665900 1.4740442726 1.5429967568 0.0001758525 11.5059305043 11.5056204107 11.5056358676 136.4158837190 0.0000735726 0.0004532172 0.7452263710 0.6144157879 0.1283936919 0.0135569078
-83.9002454468 0.0008552494 0.9953998112 0.9998635299 0.0000166174 0.9988027694 0.6959460349 0.9604151651 0.3407420764 0.0011338845 0.0627807473 0.2249397029 0.0001222570 0.7989262285 0.2888506575 0.0003402090 0.0480802018 0.7045638368 0.4371999416 0.6454933316 0.3286175243 0.0001841680 1.4882681505 1.4739502847 1.5429936583 0.0001758856 11.5059560377 11.5056460940 11.5056615551 136.4158938948 0.0000736029 0.0004532256 0.7452153419 0.6144660706 0.1284161497 0.0135654104
-83.9001068862 0.0008552695 0.9953996566 0.9998635251 0.0000166177 0.9988027122 0.6959195697 0.9604065684 0.3408066720 0.0011338959 0.0627649103 0.2248046255 0.0001222587 0.7989150606 0.2889573876 0.0003402157 0.0480811054 0.7045747877 0.4372042701 0.6455144126 0.3286438283 0.0001842058 1.4881716785 1.4738588826 1.5429902276 0.0001759180 11.5059854989 11.5056757001 11.5056911652 136.4159037817 0.0000736322 0.0004532346 0.7452033946 0.6145152584 0.1284377331 0.0135735693
-83.8999594268 0.0008552909 0.9953994917 0.9998635200 0.0000166181 0.9988026507 0.6958927237 0.9603982241 0.3408677945 0.0011339081 0.0627494852 0.2246714194 0.0001222604 0.7989030854 0.2890620925 0.0003402228 0.0480820673 0.7045844407 0.4372071084 0.6455345218 0.3286684514 0.0001842426 1.4880775134 1.4737703522 1.5429864523 0.0001759494 11.5060118024 11.5057021436 11.5057176127 136.4159133813 0.0000736605 0.0004532442 0.7451905438 0.6145630543 0.1284584886 0.0135813588
-83.8998033739 0.0008553136 0.9953993171 0.9998635145 0.0000166184 0.9988025851 0.6958655440 0.9603901405 0.3409253668 0.0011339210 0.0627344825 0.2245404768 0.0001222623 0.7988903214 0.2891644886 0.0003402304 0.0480830856 0.7045929021 0.4372085188 0.6455537309 0.3286914840 0.0001842783 1.4879858970 1.4736848476 1.5429823640 0.0001759799 11.5060367419 11.5057272179 11.5057426908 136.4159227013 0.0000736876 0.0004532543 0.7451768040 0.6146094168 0.1284784571 0.0135887703
-83.8996390191 0.0008553375 0.9953991330 0.9998635088 0.0000166188 0.9988025154 0.6958380602 0.9603823139 0.3409793917 0.0011339345 0.0627199087 0.2244121243 0.0001222642 0.7988767863 0.2892643452 0.0003402384 0.0480841583 0.7046002580 0.4372085665 0.6455720962 0.3287130196 0.0001843130 1.4878969718 1.4736024284 1.5429779991 0.0001760096 11.5060632377 11.5057538430 11.5057693196 136.4159317508 0.0000737136 0.0004532650 0.7451621894 0.6146543770 0.1284976768 0.0135958045
-83.8994666385 0.0008553626 0.9953989397 0.9998635028 0.0000166191 0.9988024417 0.6958102916 0.9603747586 0.3410299125 0.0011339488 0.0627057638 0.2242865967 0.0001222663 0.7988624975 0.2893615074 0.0003402467 0.0480852838 0.7046065809 0.4372073160 0.6455896678 0.3287331517 0.0001843465 1.4878108190 1.4735231040 1.5429733747 0.0001760382 11.5060857420 11.5057764716 11.5057919518 136.4159405355 0.0000737386 0.0004532762 0.7451467139 0.6146978240 0.1285161856 0.0136024640
-83.8992864969 0.0008553888 0.9953987375 0.9998634966 0.0000166195 0.9988023640 0.6957822449 0.9603674616 0.3410770344 0.0011339636 0.0626920486 0.2241641127 0.0001222684 0.7988474720 0.2894558300 0.0003402555 0.0480864601 0.7046119302 0.4372048303 0.6456064850 0.3287519707 0.0001843788 1.4877274551 1.4734468120 1.5429685311 0.0001760658 11.5061062523 11.5057971013 11.5058125849 136.4159490612 0.0000737624 0.0004532879 0.7451303913 0.6147398373 0.1285340171 0.0136087611
-83.8990988472 0.0008554161 0.9953985267 0.9998634900 0.0000166200 0.9988022824 0.6957539183 0.9603604032 0.3411208937 0.0011339791 0.0626787621 0.2240448473 0.0001222706 0.7988317263 0.2895471990 0.0003402646 0.0480876858 0.7046163546 0.4372011694 0.6456225790 0.3287695623 0.0001844102 1.4876468899 1.4733734803 1.5429635162 0.0001760926 11.5061287695 11.5058197326 11.5058352196 136.4159573331 0.0000737852 0.0004533001 0.7451132352 0.6147805438 0.1285512026 0.0136147100
-83.8989039270 0.0008554445 0.9953983075 0.9998634833 0.0000166204 0.9988021970 0.6957253079 0.9603535916 0.3411616281 0.0011339952 0.0626658974 0.2239288937 0.0001222730 0.7988152764 0.2896355671 0.0003402740 0.0480889591 0.7046198984 0.4371963898 0.6456379807 0.3287860073 0.0001844405 1.4875690856 1.4733030218 1.5429583413 0.0001761185 11.5061465681 11.5058376410 11.5058531311 136.4159653524 0.0000738069 0.0004533128 0.7450952587 0.6148198601 0.1285677750 0.0136203218
-83.8987019656 0.0008554739 0.9953980802 0.9998634762 0.0000166208 0.9988021078 0.6956964037 0.9603469961 0.3411994077 0.0011340119 0.0626534500 0.2238163533 0.0001222754 0.7987981379 0.2897208751 0.0003402838 0.0480902787 0.7046225974 0.4371905443 0.6456527131 0.3288013800 0.0001844699 1.4874939980 1.4732353212 1.5429530576 0.0001761436 11.5061662625 11.5058574405 11.5058729337 136.4159731242 0.0000738277 0.0004533260 0.7450764749 0.6148579871 0.1285837623 0.0136256153
-83.8984931779 0.0008555043 0.9953978450 0.9998634690 0.0000166213 0.9988020150 0.6956671967 0.9603406213 0.3412343889 0.0011340292 0.0626414110 0.2237072583 0.0001222778 0.7987803260 0.2898031195 0.0003402940 0.0480916431 0.7046244857 0.4371836815 0.6456668005 0.3288157491 0.0001844984 1.4874215448 1.4731702616 1.5429476721 0.0001761679 11.5061816061 11.5058728852 11.5058883814 136.4159806491 0.0000738476 0.0004533396 0.7450568965 0.6148948645 0.1285991944 0.0136306037
-83.8982777714 0.0008555357 0.9953976021 0.9998634615 0.0000166218 0.9988019184 0.6956376741 0.9603344364 0.3412667484 0.0011340470 0.0626297740 0.2236016555 0.0001222804 0.7987618556 0.2898822802 0.0003403044 0.0480930510 0.7046255910 0.4371758465 0.6456802610 0.3288291770 0.0001845260 1.4873516580 1.4731077163 1.5429422309 0.0001761915 11.5061989492 11.5058903252 11.5059058243 136.4159879322 0.0000738666 0.0004533536 0.7450365359 0.6149306926 0.1286140967 0.0136353064
-83.8980559403 0.0008555680 0.9953973517 0.9998634537 0.0000166223 0.9988018183 0.6956078257 0.9603284459 0.3412966418 0.0011340653 0.0626185283 0.2234995313 0.0001222830 0.7987427408 0.2899583861 0.0003403152 0.0480945010 0.7046259409 0.4371670805 0.6456931152 0.3288417208 0.0001845528 1.4872842405 1.4730475636 1.5429367366 0.0001762144 11.5062120601 11.5059035294 11.5059190313 136.4159949746 0.0000738847 0.0004533680 0.7450154055 0.6149654124 0.1286284964 0.0136397366
-83.8978278725 0.0008556012 0.9953970941 0.9998634458 0.0000166228 0.9988017147 0.6955776383 0.9603226179 0.3413242427 0.0011340842 0.0626076666 0.2234008937 0.0001222858 0.7987229959 0.2900314435 0.0003403263 0.0480959920 0.7046255580 0.4371574215 0.6457053781 0.3288534318 0.0001845789 1.4872191925 1.4729896632 1.5429312272 0.0001762366 11.5062274479 11.5059190066 11.5059345112 136.4160017820 0.0000739021 0.0004533829 0.7449935172 0.6149992306 0.1286424165 0.0136439142
-83.8975937437 0.0008556353 0.9953968295 0.9998634376 0.0000166233 0.9988016075 0.6955471027 0.9603169594 0.3413496958 0.0011341035 0.0625971771 0.2233056945 0.0001222885 0.7987026342 0.2901015050 0.0003403377 0.0480975228 0.7046244653 0.4371469041 0.6457170678 0.3288643572 0.0001846043 1.4871564259 1.4729339095 1.5429257023 0.0001762582 11.5062384892 11.5059301343 11.5059456416 136.4160083565 0.0000739188 0.0004533981 0.7449708827 0.6150320726 0.1286558819 0.0136478504
-83.8973537244 0.0008556703 0.9953965579 0.9998634293 0.0000166238 0.9988014970 0.6955162070 0.9603114388 0.3413731620 0.0011341233 0.0625870520 0.2232139139 0.0001222914 0.7986816692 0.2901685948 0.0003403493 0.0480990923 0.7046226819 0.4371355605 0.6457281965 0.3288745391 0.0001846290 1.4870958504 1.4728801791 1.5429201973 0.0001762794 11.5062521913 11.5059439195 11.5059594293 136.4160147048 0.0000739348 0.0004534138 0.7449475138 0.6150641453 0.1286689133 0.0136515633
-83.8971079744 0.0008557061 0.9953962797 0.9998634207 0.0000166244 0.9988013830 0.6954849443 0.9603060579 0.3413947705 0.0011341437 0.0625772787 0.2231254759 0.0001222943 0.7986601136 0.2902327847 0.0003403613 0.0481006994 0.7046202274 0.4371234199 0.6457387798 0.3288840159 0.0001846532 1.4870373809 1.4728283805 1.5429147115 0.0001763000 11.5062644510 11.5059562592 11.5059717715 136.4160208309 0.0000739501 0.0004534298 0.7449234215 0.6150954149 0.1286815334 0.0136550628
-83.8968566464 0.0008557427 0.9953959949 0.9998634119 0.0000166249 0.9988012658 0.6954533089 0.9603008110 0.3414146455 0.0011341644 0.0625678461 0.2230403107 0.0001222973 0.7986379799 0.2902941407 0.0003403735 0.0481023432 0.7046171208 0.4371105095 0.6457488332 0.3288928227 0.0001846767 1.4869809248 1.4727784091 1.5429092515 0.0001763200 11.5062736983 11.5059655839 11.5059810987 136.4160267399 0.0000739649 0.0004534462 0.7448986172 0.6151259043 0.1286937630 0.0136583611
-83.8965998880 0.0008557801 0.9953957038 0.9998634030 0.0000166255 0.9988011452 0.6954212941 0.9602956733 0.3414329201 0.0011341857 0.0625587454 0.2229583704 0.0001223004 0.7986152805 0.2903527073 0.0003403860 0.0481040226 0.7046133782 0.4370968541 0.6457583683 0.3289009909 0.0001846998 1.4869263866 1.4727301499 1.5429038418 0.0001763397 11.5062849110 11.5059768713 11.5059923884 136.4160324383 0.0000739790 0.0004534629 0.7448731117 0.6151557734 0.1287056202 0.0136614738
-83.8963378370 0.0008558183 0.9953954064 0.9998633938 0.0000166261 0.9988010215 0.6953888962 0.9602906513 0.3414497016 0.0011342073 0.0625499651 0.2228795688 0.0001223035 0.7985920271 0.2904085614 0.0003403987 0.0481057368 0.7046090167 0.4370824769 0.6457674001 0.3289085496 0.0001847223 1.4868736687 1.4726835077 1.5428984725 0.0001763589 11.5062924644 11.5059844970 11.5060000164 136.4160379298 0.0000739927 0.0004534800 0.7448469157 0.6151849564 0.1287171241 0.0136644098
-83.8960706285 0.0008558573 0.9953951029 0.9998633845 0.0000166267 0.9988008945 0.6953561099 0.9602857183 0.3414651104 0.0011342294 0.0625414972 0.2228038516 0.0001223067 0.7985682314 0.2904617496 0.0003404117 0.0481074849 0.7046040506 0.4370673993 0.6457759383 0.3289155250 0.0001847445 1.4868226860 1.4726383849 1.5428931681 0.0001763778 11.5063027191 11.5059948215 11.5060103432 136.4160432219 0.0000740058 0.0004534974 0.7448200398 0.6152136316 0.1287282904 0.0136671834
-83.8957983889 0.0008558970 0.9953947935 0.9998633750 0.0000166273 0.9988007644 0.6953229344 0.9602808788 0.3414792344 0.0011342520 0.0625333294 0.2227311187 0.0001223099 0.7985439046 0.2905123589 0.0003404249 0.0481092661 0.7045984954 0.4370516414 0.6457839963 0.3289219411 0.0001847662 1.4867733809 1.4725947236 1.5428879238 0.0001763963 11.5063118823 11.5060040524 11.5060195763 136.4160483198 0.0000740184 0.0004535151 0.7447924944 0.6152417518 0.1287391367 0.0136698005
-83.8955212393 0.0008559374 0.9953944784 0.9998633653 0.0000166279 0.9988006312 0.6952893700 0.9602761298 0.3414921604 0.0011342749 0.0625254513 0.2226612812 0.0001223132 0.7985190577 0.2905604669 0.0003404384 0.0481110795 0.7045923664 0.4370352217 0.6457915876 0.3289278202 0.0001847875 1.4867256600 1.4725524360 1.5428827364 0.0001764144 11.5063182038 11.5060104397 11.5060259657 136.4160532289 0.0000740306 0.0004535332 0.7447642897 0.6152693240 0.1287496791 0.0136722703
-83.8952392976 0.0008559785 0.9953941575 0.9998633555 0.0000166285 0.9988004950 0.6952554152 0.9602714491 0.3415039849 0.0011342982 0.0625178550 0.2225942781 0.0001223166 0.7984937014 0.2906061252 0.0003404521 0.0481129245 0.7045856764 0.4370181579 0.6457987220 0.3289331825 0.0001848085 1.4866794442 1.4725114318 1.5428776251 0.0001764323 11.5063268383 11.5060191379 11.5060346661 136.4160579565 0.0000740424 0.0004535516 0.7447354357 0.6152964965 0.1287599308 0.0136746050
-83.8949526742 0.0008560203 0.9953938311 0.9998633455 0.0000166292 0.9988003558 0.6952210719 0.9602668472 0.3415147797 0.0011343219 0.0625105297 0.2225300131 0.0001223200 0.7984678463 0.2906494164 0.0003404661 0.0481148002 0.7045784399 0.4370004662 0.6458054129 0.3289380471 0.0001848291 1.4866346498 1.4724716415 1.5428725735 0.0001764499 11.5063317071 11.5060240688 11.5060395990 136.4160625062 0.0000740538 0.0004535703 0.7447059424 0.6153231801 0.1287699068 0.0136768105
-83.8946614778 0.0008560627 0.9953934992 0.9998633353 0.0000166298 0.9988002136 0.6951863389 0.9602622982 0.3415246342 0.0011343460 0.0625034686 0.2224684292 0.0001223235 0.7984415025 0.2906903868 0.0003404802 0.0481167059 0.7045706682 0.4369821622 0.6458116684 0.3289424312 0.0001848495 1.4865912104 1.4724329894 1.5428676041 0.0001764673 11.5063397526 11.5060321744 11.5060477066 136.4160668860 0.0000740648 0.0004535893 0.7446758193 0.6153495515 0.1287796183 0.0136788982
-83.8943658103 0.0008561059 0.9953931620 0.9998633250 0.0000166305 0.9988000684 0.6951512196 0.9602578094 0.3415336057 0.0011343705 0.0624966607 0.2224094222 0.0001223270 0.7984146800 0.2907291248 0.0003404946 0.0481186411 0.7045623746 0.4369632608 0.6458175001 0.3289463509 0.0001848696 1.4865490800 1.4723954375 1.5428627066 0.0001764844 11.5063469911 11.5060394715 11.5060550057 136.4160711012 0.0000740755 0.0004536086 0.7446450763 0.6153755478 0.1287890791 0.0136808712
-83.8940657698 0.0008561496 0.9953928196 0.9998633145 0.0000166312 0.9987999204 0.6951157179 0.9602533823 0.3415417532 0.0011343953 0.0624900961 0.2223529005 0.0001223306 0.7983873885 0.2907657087 0.0003405092 0.0481206050 0.7045535723 0.4369437757 0.6458229204 0.3289498216 0.0001848894 1.4865081775 1.4723589178 1.5428578717 0.0001765012 11.5063508399 11.5060433775 11.5060589137 136.4160751567 0.0000740859 0.0004536282 0.7446137227 0.6154011478 0.1287983017 0.0136827360
-83.8937614530 0.0008561940 0.9953924722 0.9998633038 0.0000166318 0.9987997696 0.6950798350 0.9602489938 0.3415491490 0.0011344205 0.0624837688 0.2222988091 0.0001223342 0.7983596375 0.2908001828 0.0003405240 0.0481225971 0.7045442716 0.4369237205 0.6458279368 0.3289528571 0.0001849090 1.4864684521 1.4723233693 1.5428531207 0.0001765179 11.5063577258 11.5060503190 11.5060658572 136.4160790601 0.0000740959 0.0004536480 0.7445817679 0.6154265107 0.1288072955 0.0136845022
-83.8934529503 0.0008562390 0.9953921197 0.9998632930 0.0000166325 0.9987996160 0.6950435759 0.9602446515 0.3415558374 0.0011344460 0.0624776688 0.2222470495 0.0001223379 0.7983314363 0.2908326305 0.0003405390 0.0481246167 0.7045344846 0.4369031077 0.6458325602 0.3289554708 0.0001849284 1.4864298613 1.4722887606 1.5428484424 0.0001765344 11.5063638866 11.5060565341 11.5060720741 136.4160828161 0.0000741056 0.0004536682 0.7445492211 0.6154515743 0.1288160721 0.0136861721
-83.8931403492 0.0008562846 0.9953917622 0.9998632821 0.0000166332 0.9987994596 0.6950069462 0.9602403572 0.3415618650 0.0011344718 0.0624717870 0.2221975357 0.0001223416 0.7983027940 0.2908631250 0.0003405542 0.0481266632 0.7045242235 0.4368819494 0.6458368022 0.3289576751 0.0001849475 1.4863923294 1.4722550301 1.5428438263 0.0001765507 11.5063669068 11.5060596074 11.5060751493 136.4160864296 0.0000741151 0.0004536886 0.7445160915 0.6154763165 0.1288246421 0.0136877512
-83.8928237361 0.0008563308 0.9953914000 0.9998632710 0.0000166339 0.9987993004 0.6949699482 0.9602360896 0.3415672918 0.0011344980 0.0624661182 0.2221502169 0.0001223454 0.7982737196 0.2908917073 0.0003405696 0.0481287362 0.7045134977 0.4368602574 0.6458406698 0.3289594817 0.0001849665 1.4863558107 1.4722221239 1.5428392914 0.0001765669 11.5063728943 11.5060656465 11.5060811904 136.4160899074 0.0000741243 0.0004537092 0.7444823880 0.6155008859 0.1288330133 0.0136892479
-83.8925031924 0.0008563776 0.9953910331 0.9998632598 0.0000166347 0.9987991386 0.6949325882 0.9602318565 0.3415721512 0.0011345246 0.0624606532 0.2221050007 0.0001223492 0.7982442216 0.2909184556 0.0003405852 0.0481308350 0.7045023186 0.4368380428 0.6458441732 0.3289609016 0.0001849854 1.4863202703 1.4721900188 1.5428348262 0.0001765829 11.5063782252 11.5060710280 11.5060865737 136.4160932540 0.0000741333 0.0004537302 0.7444481195 0.6155252187 0.1288411957 0.0136906638
-83.8921787964 0.0008564249 0.9953906615 0.9998632484 0.0000166354 0.9987989742 0.6948948725 0.9602276607 0.3415764795 0.0011345514 0.0624553838 0.2220618073 0.0001223530 0.7982143086 0.2909434379 0.0003406010 0.0481329591 0.7044906974 0.4368153163 0.6458473233 0.3289619454 0.0001850040 1.4862856407 1.4721586616 1.5428304198 0.0001765988 11.5063805434 11.5060733960 11.5060889435 136.4160964736 0.0000741420 0.0004537514 0.7444132950 0.6155492895 0.1288491984 0.0136920033
-83.8918506265 0.0008564728 0.9953902854 0.9998632370 0.0000166361 0.9987988071 0.6948568045 0.9602234820 0.3415803266 0.0011345786 0.0624503054 0.2220205910 0.0001223570 0.7981839890 0.2909666908 0.0003406170 0.0481351081 0.7044786428 0.4367920885 0.6458501264 0.3289626231 0.0001850225 1.4862518888 1.4721280090 1.5428260917 0.0001766145 11.5063858244 11.5060787254 11.5060942747 136.4160995725 0.0000741505 0.0004537728 0.7443779230 0.6155732394 0.1288570276 0.0136932736
-83.8915187560 0.0008565213 0.9953899048 0.9998632253 0.0000166369 0.9987986374 0.6948183911 0.9602193285 0.3415837181 0.0011346060 0.0624454096 0.2219812658 0.0001223609 0.7981532708 0.2909882874 0.0003406331 0.0481372815 0.7044661654 0.4367683695 0.6458525924 0.3289629442 0.0001850409 1.4862189767 1.4720980393 1.5428218278 0.0001766302 11.5063905083 11.5060834567 11.5060990078 136.4161025549 0.0000741588 0.0004537945 0.7443420122 0.6155970040 0.1288646920 0.0136944760
-83.8911832564 0.0008565702 0.9953895199 0.9998632136 0.0000166376 0.9987984653 0.6947796394 0.9602152037 0.3415866818 0.0011346338 0.0624406890 0.2219437579 0.0001223649 0.7981221623 0.2910082909 0.0003406495 0.0481394788 0.7044532758 0.4367441690 0.6458547313 0.3289629179 0.0001850592 1.4861868496 1.4720687080 1.5428176185 0.0001766457 11.5063922105 11.5060852057 11.5061007585 136.4161054243 0.0000741669 0.0004538164 0.7443055712 0.6156205530 0.1288721995 0.0136956137
-83.8908441989 0.0008566197 0.9953891306 0.9998632017 0.0000166384 0.9987982906 0.6947405530 0.9602110881 0.3415892602 0.0011346619 0.0624361398 0.2219080279 0.0001223690 0.7980906710 0.2910267326 0.0003406660 0.0481416995 0.7044399819 0.4367194966 0.6458565490 0.3289625528 0.0001850773 1.4861554798 1.4720399795 1.5428134827 0.0001766611 11.5063969304 11.5060899712 11.5061055258 136.4161081868 0.0000741748 0.0004538385 0.7442686084 0.6156440248 0.1288795551 0.0136966934
-83.8905016507 0.0008566697 0.9953887371 0.9998631897 0.0000166391 0.9987981134 0.6947011393 0.9602069904 0.3415914717 0.0011346902 0.0624317541 0.2218739956 0.0001223730 0.7980588049 0.2910436810 0.0003406826 0.0481439432 0.7044262938 0.4366943616 0.6458580545 0.3289618574 0.0001850954 1.4861248361 1.4720118367 1.5428094064 0.0001766765 11.5064011072 11.5060941928 11.5061097491 136.4161108458 0.0000741825 0.0004538609 0.7442311322 0.6156673521 0.1288867664 0.0136977155
-83.8901556771 0.0008567203 0.9953883395 0.9998631776 0.0000166399 0.9987979338 0.6946614057 0.9602029149 0.3415933375 0.0011347189 0.0624275252 0.2218415929 0.0001223772 0.7980265715 0.2910591944 0.0003406995 0.0481462095 0.7044122214 0.4366687729 0.6458592577 0.3289608397 0.0001851133 1.4860948715 1.4719842427 1.5428053799 0.0001766917 11.5064022589 11.5060953887 11.5061109468 136.4161134046 0.0000741901 0.0004538835 0.7441931510 0.6156904993 0.1288938403 0.0136986826
-83.8898063439 0.0008567713 0.9953879378 0.9998631653 0.0000166407 0.9987977518 0.6946213561 0.9601988417 0.3415948958 0.0011347478 0.0624234500 0.2218107871 0.0001223813 0.7979939781 0.2910732990 0.0003407165 0.0481484979 0.7043977721 0.4366427396 0.6458601635 0.3289595075 0.0001851312 1.4860655528 1.4719571588 1.5428014205 0.0001767070 11.5064065307 11.5060997039 11.5061152636 136.4161158686 0.0000741975 0.0004539063 0.7441546731 0.6157136080 0.1289007808 0.0136996014
-83.8894537130 0.0008568227 0.9953875321 0.9998631530 0.0000166415 0.9987975675 0.6945809980 0.9601947804 0.3415961590 0.0011347770 0.0624195212 0.2217815035 0.0001223855 0.7979610321 0.2910860586 0.0003407336 0.0481508081 0.7043829551 0.4366162702 0.6458607806 0.3289578683 0.0001851490 1.4860368565 1.4719305751 1.5427975146 0.0001767221 11.5064103095 11.5061035252 11.5061190866 136.4161182409 0.0000742047 0.0004539294 0.7441157065 0.6157366067 0.1289075945 0.0137004714
-83.8890978449 0.0008568747 0.9953871224 0.9998631405 0.0000166423 0.9987973808 0.6945403390 0.9601907362 0.3415971425 0.0011348064 0.0624157328 0.2217536795 0.0001223898 0.7979277407 0.2910975275 0.0003407510 0.0481531396 0.7043677800 0.4365893733 0.6458611182 0.3289559295 0.0001851667 1.4860087466 1.4719044636 1.5427936533 0.0001767371 11.5064109635 11.5061042214 11.5061197845 136.4161205243 0.0000742118 0.0004539527 0.7440762595 0.6157594532 0.1289142875 0.0137012946
-83.8887388009 0.0008569271 0.9953867089 0.9998631279 0.0000166431 0.9987971919 0.6944993829 0.9601866889 0.3415978806 0.0011348362 0.0624120823 0.2217272890 0.0001223941 0.7978941109 0.2911077259 0.0003407685 0.0481554920 0.7043522536 0.4365620571 0.6458611808 0.3289536980 0.0001851844 1.4859811940 1.4718787878 1.5427898544 0.0001767522 11.5064148752 11.5061081743 11.5061237391 136.4161227238 0.0000742188 0.0004539761 0.7440363401 0.6157822923 0.1289208630 0.0137020772
-83.8883766386 0.0008569800 0.9953862916 0.9998631152 0.0000166439 0.9987970006 0.6944581373 0.9601826483 0.3415983817 0.0011348661 0.0624085629 0.2217022626 0.0001223984 0.7978601496 0.2911167137 0.0003407861 0.0481578650 0.7043363846 0.4365343300 0.6458609766 0.3289511807 0.0001852020 1.4859541726 1.4718535378 1.5427861028 0.0001767672 11.5064183387 11.5061116783 11.5061272448 136.4161248419 0.0000742256 0.0004539998 0.7439959565 0.6158050502 0.1289273269 0.0137028188
-83.8880114145 0.0008570334 0.9953858705 0.9998631024 0.0000166447 0.9987968072 0.6944166099 0.9601786210 0.3415986567 0.0011348964 0.0624051692 0.2216785425 0.0001224027 0.7978258636 0.2911245412 0.0003408039 0.0481602582 0.7043201821 0.4365061998 0.6458605144 0.3289483843 0.0001852196 1.4859276567 1.4718286932 1.5427823903 0.0001767821 11.5064185367 11.5061119166 11.5061274847 136.4161268811 0.0000742324 0.0004540237 0.7439551164 0.6158276778 0.1289336844 0.0137035203
-83.8876431865 0.0008570872 0.9953854458 0.9998630894 0.0000166456 0.9987966115 0.6943748041 0.9601745857 0.3415987380 0.0011349269 0.0624018992 0.2216561098 0.0001224071 0.7977912597 0.2911312229 0.0003408218 0.0481626712 0.7043036522 0.4364776746 0.6458597980 0.3289453152 0.0001852371 1.4859016116 1.4718042139 1.5427787343 0.0001767970 11.5064221497 11.5061155691 11.5061311389 136.4161288461 0.0000742390 0.0004540478 0.7439138280 0.6158503270 0.1289399381 0.0137041883
-83.8872720086 0.0008571414 0.9953850174 0.9998630764 0.0000166464 0.9987964137 0.6943327274 0.9601705531 0.3415986304 0.0011349576 0.0623987468 0.2216348997 0.0001224116 0.7977563445 0.2911368147 0.0003408399 0.0481651037 0.7042868034 0.4364487621 0.6458588350 0.3289419797 0.0001852546 1.4858760249 1.4717800998 1.5427751213 0.0001768119 11.5064253485 11.5061188068 11.5061343783 136.4161307390 0.0000742455 0.0004540720 0.7438720991 0.6158729177 0.1289460932 0.0137048216
-83.8868979342 0.0008571960 0.9953845855 0.9998630633 0.0000166472 0.9987962138 0.6942903868 0.9601665302 0.3415983438 0.0011349886 0.0623957069 0.2216148592 0.0001224160 0.7977211245 0.2911413631 0.0003408581 0.0481675553 0.7042696442 0.4364194701 0.6458576341 0.3289383842 0.0001852721 1.4858508619 1.4717563249 1.5427715409 0.0001768267 11.5064251021 11.5061185993 11.5061341723 136.4161325620 0.0000742519 0.0004540965 0.7438299376 0.6158953986 0.1289521544 0.0137054214
-83.8865210183 0.0008572511 0.9953841501 0.9998630500 0.0000166481 0.9987960118 0.6942477852 0.9601624952 0.3415979098 0.0011350198 0.0623927783 0.2215959749 0.0001224205 0.7976856062 0.2911448773 0.0003408765 0.0481700257 0.7042521801 0.4363898061 0.6458561981 0.3289345345 0.0001852895 1.4858261016 1.4717328584 1.5427680137 0.0001768415 11.5064284197 11.5061219548 11.5061375295 136.4161343195 0.0000742582 0.0004541211 0.7437873512 0.6159179249 0.1289581237 0.0137059938
-83.8861413124 0.0008573066 0.9953837113 0.9998630367 0.0000166489 0.9987958077 0.6942049294 0.9601584605 0.3415973303 0.0011350512 0.0623899549 0.2215781838 0.0001224251 0.7976497957 0.2911474110 0.0003408950 0.0481725145 0.7042344189 0.4363597777 0.6458545338 0.3289304364 0.0001853070 1.4858017431 1.4717097127 1.5427645254 0.0001768563 11.5064313249 11.5061248976 11.5061404739 136.4161360135 0.0000742644 0.0004541460 0.7437443478 0.6159404073 0.1289640057 0.0137065362
-83.8857588681 0.0008573625 0.9953832692 0.9998630233 0.0000166498 0.9987956016 0.6941618266 0.9601544258 0.3415966107 0.0011350829 0.0623872320 0.2215614330 0.0001224296 0.7976136995 0.2911490107 0.0003409136 0.0481750214 0.7042163682 0.4363293925 0.6458526480 0.3289260959 0.0001853244 1.4857777716 1.4716868780 1.5427610735 0.0001768711 11.5064337687 11.5061273785 11.5061429565 136.4161376475 0.0000742705 0.0004541710 0.7437009351 0.6159628467 0.1289698049 0.0137070492
-83.8853737355 0.0008574187 0.9953828237 0.9998630097 0.0000166507 0.9987953935 0.6941184840 0.9601503958 0.3415957569 0.0011351148 0.0623846053 0.2215456805 0.0001224342 0.7975773236 0.2911497135 0.0003409324 0.0481775461 0.7041980359 0.4362986577 0.6458505483 0.3289215187 0.0001853417 1.4857541698 1.4716643392 1.5427576530 0.0001768858 11.5064337743 11.5061274211 11.5061430006 136.4161392230 0.0000742766 0.0004541962 0.7436571208 0.6159852090 0.1289755247 0.0137075338
-83.8849859665 0.0008574754 0.9953823750 0.9998629961 0.0000166516 0.9987951835 0.6940749054 0.9601463533 0.3415947934 0.0011351469 0.0623820735 0.2215309125 0.0001224388 0.7975406741 0.2911495303 0.0003409513 0.0481800882 0.7041794274 0.4362675806 0.6458482380 0.3289167101 0.0001853591 1.4857308951 1.4716420545 1.5427542745 0.0001769006 11.5064365866 11.5061302696 11.5061458508 136.4161407434 0.0000742825 0.0004542216 0.7436129126 0.6160076163 0.1289811669 0.0137079957
-83.8845956098 0.0008575325 0.9953819231 0.9998629824 0.0000166524 0.9987949715 0.6940310977 0.9601423086 0.3415937187 0.0011351792 0.0623796318 0.2215170780 0.0001224435 0.7975037571 0.2911485055 0.0003409703 0.0481826474 0.7041605502 0.4362361683 0.6458457240 0.3289116757 0.0001853764 1.4857079601 1.4716200395 1.5427509305 0.0001769153 11.5064389783 11.5061326973 11.5061482801 136.4161422104 0.0000742884 0.0004542471 0.7435683182 0.6160299951 0.1289867354 0.0137084326
-83.8842027138 0.0008575899 0.9953814680 0.9998629686 0.0000166533 0.9987947576 0.6939870678 0.9601382665 0.3415925386 0.0011352118 0.0623772763 0.2215041368 0.0001224482 0.7974665785 0.2911466749 0.0003409894 0.0481852234 0.7041414119 0.4362044279 0.6458430135 0.3289064210 0.0001853937 1.4856853254 1.4715982663 1.5427476103 0.0001769300 11.5064386509 11.5061324056 11.5061479900 136.4161436251 0.0000742942 0.0004542728 0.7435233452 0.6160523089 0.1289922335 0.0137088458
-83.8838073287 0.0008576477 0.9953810099 0.9998629547 0.0000166542 0.9987945419 0.6939428191 0.9601342094 0.3415912748 0.0011352445 0.0623750062 0.2214920806 0.0001224529 0.7974291440 0.2911440447 0.0003410087 0.0481878158 0.7041220175 0.4361723665 0.6458401095 0.3289009510 0.0001854111 1.4856629762 1.4715767122 1.5427443306 0.0001769448 11.5064413786 11.5061351686 11.5061507546 136.4161449910 0.0000742999 0.0004542987 0.7434780013 0.6160746834 0.1289976625 0.0137092402
-83.8834095018 0.0008577058 0.9953805488 0.9998629407 0.0000166551 0.9987943243 0.6938983583 0.9601301479 0.3415899254 0.0011352775 0.0623728170 0.2214808604 0.0001224577 0.7973914596 0.2911406577 0.0003410281 0.0481904244 0.7041023744 0.4361399912 0.6458370184 0.3288952712 0.0001854285 1.4856409095 1.4715553823 1.5427410795 0.0001769595 11.5064437157 11.5061375406 11.5061531282 136.4161463093 0.0000743056 0.0004543247 0.7434322939 0.6160970439 0.1290030259 0.0137096136
-83.8830092800 0.0008577643 0.9953800847 0.9998629266 0.0000166560 0.9987941050 0.6938536922 0.9601260883 0.3415884932 0.0011353106 0.0623707048 0.2214704383 0.0001224624 0.7973535309 0.2911365481 0.0003410476 0.0481930489 0.7040824898 0.4361073087 0.6458337472 0.3288893867 0.0001854458 1.4856191015 1.4715342610 1.5427378484 0.0001769742 11.5064430560 11.5061369157 11.5061525049 136.4161475811 0.0000743112 0.0004543509 0.7433862308 0.6161193431 0.1290083269 0.0137099667
-83.8826067125 0.0008578232 0.9953796177 0.9998629124 0.0000166569 0.9987938838 0.6938088235 0.9601220114 0.3415870008 0.0011353440 0.0623686694 0.2214608116 0.0001224673 0.7973153637 0.2911317169 0.0003410672 0.0481956889 0.7040623684 0.4360743263 0.6458302985 0.3288833027 0.0001854631 1.4855975319 1.4715133202 1.5427346542 0.0001769889 11.5064456931 11.5061395871 11.5061551779 136.4161488095 0.0000743168 0.0004543773 0.7433398194 0.6161417193 0.1290135662 0.0137103046
-83.8822018452 0.0008578824 0.9953791478 0.9998628982 0.0000166578 0.9987936610 0.6937637588 0.9601179282 0.3415854455 0.0011353775 0.0623667065 0.2214519338 0.0001224721 0.7972769635 0.2911262051 0.0003410869 0.0481983441 0.7040420172 0.4360410507 0.6458266781 0.3288770240 0.0001854805 1.4855761979 1.4714925663 1.5427314844 0.0001770037 11.5064479658 11.5061418938 11.5061574862 136.4161499957 0.0000743223 0.0004544038 0.7432930672 0.6161640929 0.1290187473 0.0137106252
-83.8817947242 0.0008579419 0.9953786752 0.9998628838 0.0000166588 0.9987934364 0.6937185042 0.9601138463 0.3415838290 0.0011354112 0.0623648126 0.2214437691 0.0001224769 0.7972383358 0.2911200450 0.0003411068 0.0482010143 0.7040214433 0.4360074888 0.6458228931 0.3288705559 0.0001854978 1.4855550851 1.4714719897 1.5427283315 0.0001770184 11.5064469623 11.5061409245 11.5061565184 136.4161511405 0.0000743277 0.0004544305 0.7432459819 0.6161864085 0.1290238730 0.0137109285
-83.8813853976 0.0008580018 0.9953781998 0.9998628694 0.0000166597 0.9987932102 0.6936730616 0.9601097445 0.3415821781 0.0011354451 0.0623629878 0.2214363194 0.0001224818 0.7971994863 0.2911132332 0.0003411267 0.0482036991 0.7040006509 0.4359736474 0.6458189450 0.3288639032 0.0001855152 1.4855341580 1.4714515508 1.5427252111 0.0001770332 11.5064494693 11.5061434650 11.5061590605 136.4161522471 0.0000743331 0.0004544573 0.7431985709 0.6162088186 0.1290289437 0.0137112206
-83.8809739110 0.0008580620 0.9953777217 0.9998628549 0.0000166606 0.9987929823 0.6936274368 0.9601056362 0.3415804860 0.0011354792 0.0623612279 0.2214295377 0.0001224868 0.7971604202 0.2911058104 0.0003411468 0.0482063982 0.7039796462 0.4359395334 0.6458148391 0.3288570707 0.0001855326 1.4855134499 1.4714312865 1.5427221147 0.0001770479 11.5064516083 11.5061456373 11.5061612344 136.4161533167 0.0000743385 0.0004544842 0.7431508417 0.6162312271 0.1290339625 0.0137114971
-83.8805603102 0.0008581224 0.9953772410 0.9998628404 0.0000166615 0.9987927529 0.6935816362 0.9601015219 0.3415787533 0.0011355135 0.0623595293 0.2214233866 0.0001224917 0.7971211431 0.2910978101 0.0003411670 0.0482091113 0.7039584357 0.4359051536 0.6458105810 0.3288500632 0.0001855500 1.4854929502 1.4714111903 1.5427190393 0.0001770627 11.5064533290 11.5061473911 11.5061629898 136.4161543515 0.0000743438 0.0004545113 0.7431028018 0.6162536327 0.1290389323 0.0137117581
-83.8801446406 0.0008581832 0.9953767577 0.9998628257 0.0000166625 0.9987925219 0.6935356657 0.9600974056 0.3415769826 0.0011355479 0.0623578892 0.2214178385 0.0001224967 0.7970816603 0.2910892575 0.0003411872 0.0482118382 0.7039370261 0.4358705146 0.6458061767 0.3288428856 0.0001855674 1.4854726277 1.4713912400 1.5427159765 0.0001770774 11.5064527091 11.5061468043 11.5061624046 136.4161553519 0.0000743491 0.0004545385 0.7430544586 0.6162760043 0.1290438554 0.0137120048
-83.8797269492 0.0008582443 0.9953762719 0.9998628110 0.0000166634 0.9987922893 0.6934895281 0.9600932726 0.3415751896 0.0011355825 0.0623563077 0.2214128930 0.0001225016 0.7970419770 0.2910801522 0.0003412076 0.0482145785 0.7039154215 0.4358356233 0.6458016284 0.3288355426 0.0001855848 1.4854524880 1.4713714274 1.5427129446 0.0001770922 11.5064548809 11.5061490087 11.5061646106 136.4161563206 0.0000743543 0.0004545659 0.7430058196 0.6162984496 0.1290487320 0.0137122405
-83.8793072809 0.0008583057 0.9953757836 0.9998627962 0.0000166644 0.9987920553 0.6934432295 0.9600891319 0.3415733722 0.0011356173 0.0623547812 0.2214085128 0.0001225067 0.7970020986 0.2910705277 0.0003412281 0.0482173319 0.7038936284 0.4358004861 0.6457969418 0.3288280387 0.0001856023 1.4854325120 1.4713517467 1.5427099293 0.0001771070 11.5064566731 11.5061508333 11.5061664368 136.4161572582 0.0000743595 0.0004545934 0.7429568922 0.6163209030 0.1290535649 0.0137124638
-83.8788856804 0.0008583674 0.9953752929 0.9998627814 0.0000166653 0.9987918197 0.6933967757 0.9600849897 0.3415715303 0.0011356522 0.0623533070 0.2214046705 0.0001225117 0.7969620303 0.2910604089 0.0003412486 0.0482200981 0.7038716532 0.4357651097 0.6457921228 0.3288203788 0.0001856197 1.4854126870 1.4713321906 1.5427069241 0.0001771218 11.5064557789 11.5061499716 11.5061655766 136.4161581651 0.0000743646 0.0004546210 0.7429076840 0.6163433200 0.1290583563 0.0137126748
-83.8784621948 0.0008584294 0.9953747998 0.9998627664 0.0000166663 0.9987915828 0.6933501689 0.9600808290 0.3415696818 0.0011356873 0.0623518855 0.2214013701 0.0001225168 0.7969217772 0.2910497916 0.0003412693 0.0482228769 0.7038495000 0.4357295006 0.6457871733 0.3288125674 0.0001856372 1.4853930086 1.4713127418 1.5427039467 0.0001771367 11.5064579705 11.5061521952 11.5061678019 136.4161590437 0.0000743697 0.0004546487 0.7428582023 0.6163658242 0.1290631061 0.0137128774
-83.8780368684 0.0008584916 0.9953743044 0.9998627514 0.0000166672 0.9987913444 0.6933034150 0.9600766601 0.3415678222 0.0011357226 0.0623505131 0.2213985747 0.0001225218 0.7968813444 0.2910387089 0.0003412900 0.0482256679 0.7038271749 0.4356936656 0.6457820985 0.3288046091 0.0001856547 1.4853734684 1.4712934055 1.5427009838 0.0001771515 11.5064598097 11.5061540664 11.5061696746 136.4161598945 0.0000743748 0.0004546766 0.7428084545 0.6163883406 0.1290678171 0.0137130697
-83.8776097459 0.0008585541 0.9953738068 0.9998627364 0.0000166682 0.9987911047 0.6932565197 0.9600724902 0.3415659509 0.0011357580 0.0623491873 0.2213962575 0.0001225269 0.7968407372 0.2910271853 0.0003413109 0.0482284708 0.7038046844 0.4356576110 0.6457769046 0.3287965085 0.0001856721 1.4853540524 1.4712741712 1.5426980272 0.0001771663 11.5064586393 11.5061529280 11.5061685378 136.4161607178 0.0000743799 0.0004547046 0.7427584481 0.6164108182 0.1290724913 0.0137132515
-83.8771808742 0.0008586169 0.9953733070 0.9998627212 0.0000166692 0.9987908636 0.6932094847 0.9600683001 0.3415640877 0.0011357935 0.0623479088 0.2213944273 0.0001225321 0.7967999606 0.2910152123 0.0003413318 0.0482312854 0.7037820323 0.4356213436 0.6457715928 0.3287882702 0.0001856897 1.4853347502 1.4712550192 1.5426950959 0.0001771812 11.5064608270 11.5061551473 11.5061707587 136.4161615161 0.0000743849 0.0004547327 0.7427081905 0.6164333944 0.1290771285 0.0137134273
-83.8767502976 0.0008586799 0.9953728050 0.9998627061 0.0000166702 0.9987906212 0.6931623156 0.9600641015 0.3415622274 0.0011358292 0.0623466743 0.2213930480 0.0001225372 0.7967590195 0.2910028224 0.0003413528 0.0482341114 0.7037592244 0.4355848699 0.6457661682 0.3287798985 0.0001857072 1.4853155631 1.4712359589 1.5426921771 0.0001771961 11.5064626848 11.5061570366 11.5061726496 136.4161622898 0.0000743899 0.0004547609 0.7426576891 0.6164559870 0.1290817312 0.0137135946
-83.8763180607 0.0008587432 0.9953723009 0.9998626908 0.0000166711 0.9987903776 0.6931150175 0.9600599021 0.3415603703 0.0011358650 0.0623454812 0.2213920938 0.0001225424 0.7967179191 0.2909900394 0.0003413739 0.0482369484 0.7037362672 0.4355481962 0.6457606368 0.3287713983 0.0001857248 1.4852964714 1.4712169782 1.5426892616 0.0001772110 11.5064612229 11.5061556063 11.5061712208 136.4161630390 0.0000743949 0.0004547893 0.7426069512 0.6164785397 0.1290863014 0.0137137535
-83.8758842106 0.0008588067 0.9953717948 0.9998626755 0.0000166721 0.9987901327 0.6930675914 0.9600556811 0.3415585398 0.0011359010 0.0623443307 0.2213915770 0.0001225476 0.7966766643 0.2909768510 0.0003413951 0.0482397962 0.7037131638 0.4355113294 0.6457549993 0.3287627737 0.0001857424 1.4852774636 1.4711980540 1.5426863695 0.0001772259 11.5064633501 11.5061577647 11.5061733808 136.4161637664 0.0000743999 0.0004548177 0.7425559844 0.6165012019 0.1290908387 0.0137139089
-83.8754487918 0.0008588704 0.9953712867 0.9998626601 0.0000166731 0.9987898866 0.6930200420 0.9600514519 0.3415567289 0.0011359371 0.0623432192 0.2213914596 0.0001225528 0.7966352601 0.2909632904 0.0003414163 0.0482426544 0.7036899200 0.4354742758 0.6457492599 0.3287540293 0.0001857600 1.4852585602 1.4711792145 1.5426834890 0.0001772409 11.5064651402 11.5061595860 11.5061752037 136.4161644723 0.0000744048 0.0004548462 0.7425047960 0.6165238789 0.1290953455 0.0137140567
-83.8750118496 0.0008589344 0.9953707767 0.9998626447 0.0000166741 0.9987896393 0.6929723748 0.9600472154 0.3415549356 0.0011359733 0.0623421441 0.2213917128 0.0001225580 0.7965937114 0.2909493840 0.0003414376 0.0482455228 0.7036665413 0.4354370421 0.6457434235 0.3287451694 0.0001857777 1.4852397629 1.4711604636 1.5426806189 0.0001772559 11.5064665482 11.5061610250 11.5061766443 136.4161651585 0.0000744097 0.0004548749 0.7424533933 0.6165465657 0.1290998239 0.0137141964
-83.8745734289 0.0008589985 0.9953702648 0.9998626292 0.0000166751 0.9987893909 0.6929245949 0.9600429764 0.3415531611 0.0011360096 0.0623411034 0.2213923173 0.0001225632 0.7965520230 0.2909351499 0.0003414590 0.0482484011 0.7036430337 0.4353996347 0.6457374953 0.3287361985 0.0001857953 1.4852210436 1.4711417801 1.5426777508 0.0001772708 11.5064655084 11.5061600164 11.5061756373 136.4161658249 0.0000744146 0.0004549036 0.7424017838 0.6165692278 0.1291042755 0.0137143288
-83.8741335767 0.0008590630 0.9953697511 0.9998626137 0.0000166761 0.9987891414 0.6928767041 0.9600387192 0.3415514211 0.0011360461 0.0623400979 0.2213932822 0.0001225685 0.7965102000 0.2909205797 0.0003414805 0.0482512889 0.7036194007 0.4353620600 0.6457314767 0.3287271208 0.0001858130 1.4852024044 1.4711231546 1.5426749025 0.0001772858 11.5064673892 11.5061619280 11.5061775505 136.4161664735 0.0000744195 0.0004549325 0.7423499749 0.6165919780 0.1291086998 0.0137144573
-83.8736923378 0.0008591276 0.9953692356 0.9998625981 0.0000166771 0.9987888909 0.6928287076 0.9600344540 0.3415497110 0.0011360827 0.0623391248 0.2213945778 0.0001225738 0.7964682470 0.2909057004 0.0003415020 0.0482541860 0.7035956479 0.4353243245 0.6457253725 0.3287179408 0.0001858307 1.4851838444 1.4711045936 1.5426720624 0.0001773009 11.5064689222 11.5061634917 11.5061791157 136.4161671045 0.0000744244 0.0004549614 0.7422979739 0.6166147441 0.1291130990 0.0137145796
-83.8732497573 0.0008591924 0.9953687184 0.9998625825 0.0000166781 0.9987886393 0.6927806103 0.9600301869 0.3415480314 0.0011361193 0.0623381821 0.2213961841 0.0001225790 0.7964261690 0.2908905309 0.0003415236 0.0482570921 0.7035717813 0.4352864344 0.6457191882 0.3287086628 0.0001858484 1.4851653360 1.4710860801 1.5426692207 0.0001773159 11.5064676457 11.5061622461 11.5061778717 136.4161677176 0.0000744292 0.0004549904 0.7422457883 0.6166374821 0.1291174748 0.0137146963
-83.8728058826 0.0008592574 0.9953681995 0.9998625668 0.0000166791 0.9987883866 0.6927324134 0.9600259004 0.3415463996 0.0011361561 0.0623372710 0.2213981139 0.0001225844 0.7963839708 0.2908750592 0.0003415453 0.0482600069 0.7035478043 0.4352483963 0.6457129246 0.3286992910 0.0001858662 1.4851468842 1.4710676032 1.5426663973 0.0001773309 11.5064695866 11.5061642175 11.5061798447 136.4161683151 0.0000744341 0.0004550196 0.7421934254 0.6166603184 0.1291218264 0.0137148109
-83.8723607588 0.0008593226 0.9953676791 0.9998625511 0.0000166801 0.9987881331 0.6926841219 0.9600216057 0.3415448111 0.0011361930 0.0623363886 0.2214003370 0.0001225897 0.7963416572 0.2908593127 0.0003415670 0.0482629300 0.7035237223 0.4352102167 0.6457065865 0.3286898298 0.0001858840 1.4851284886 1.4710491734 1.5426635800 0.0001773460 11.5064711972 11.5061658587 11.5061814875 136.4161688970 0.0000744389 0.0004550488 0.7421408926 0.6166831737 0.1291261561 0.0137149211
-83.8719144313 0.0008593880 0.9953671571 0.9998625353 0.0000166811 0.9987878785 0.6926357402 0.9600173095 0.3415432673 0.0011362300 0.0623355329 0.2214028332 0.0001225950 0.7962992330 0.2908433103 0.0003415888 0.0482658612 0.7034995414 0.4351719017 0.6457001793 0.3286802836 0.0001859017 1.4851101195 1.4710307696 1.5426607577 0.0001773611 11.5064696553 11.5061643474 11.5061799778 136.4161694630 0.0000744437 0.0004550780 0.7420881973 0.6167059983 0.1291304655 0.0137150274
-83.8714669480 0.0008594535 0.9953666336 0.9998625195 0.0000166821 0.9987876231 0.6925872687 0.9600129927 0.3415417892 0.0011362671 0.0623347053 0.2214056184 0.0001226004 0.7962567029 0.2908270370 0.0003416107 0.0482688002 0.7034752645 0.4351334579 0.6456937034 0.3286706566 0.0001859196 1.4850917843 1.4710123834 1.5426579529 0.0001773762 11.5064715819 11.5061663044 11.5061819364 136.4161700157 0.0000744485 0.0004551074 0.7420353468 0.6167289302 0.1291347537 0.0137151335
-83.8710183544 0.0008595192 0.9953661086 0.9998625036 0.0000166831 0.9987873668 0.6925387116 0.9600086681 0.3415403711 0.0011363043 0.0623339029 0.2214086597 0.0001226057 0.7962140716 0.2908105215 0.0003416326 0.0482717467 0.7034508968 0.4350948918 0.6456871626 0.3286609529 0.0001859374 1.4850734948 1.4709940377 1.5426551526 0.0001773914 11.5064731712 11.5061679241 11.5061835578 136.4161705550 0.0000744533 0.0004551368 0.7419823486 0.6167518792 0.1291390229 0.0137152360
-83.8705686970 0.0008595851 0.9953655823 0.9998624877 0.0000166842 0.9987871097 0.6924900739 0.9600043362 0.3415390123 0.0011363416 0.0623331234 0.2214119331 0.0001226111 0.7961713440 0.2907937858 0.0003416545 0.0482747003 0.7034264436 0.4350562099 0.6456805613 0.3286511769 0.0001859553 1.4850552437 1.4709757274 1.5426523540 0.0001774066 11.5064743705 11.5061691537 11.5061847890 136.4161710823 0.0000744581 0.0004551663 0.7419292100 0.6167748433 0.1291432748 0.0137153345
-83.8701180220 0.0008596511 0.9953650547 0.9998624718 0.0000166852 0.9987868518 0.6924413599 0.9600000020 0.3415377126 0.0011363790 0.0623323652 0.2214154242 0.0001226165 0.7961285248 0.2907768441 0.0003416765 0.0482776607 0.7034019105 0.4350174184 0.6456739042 0.3286413329 0.0001859732 1.4850370241 1.4709574489 1.5426495529 0.0001774217 11.5064733118 11.5061681255 11.5061837624 136.4161715976 0.0000744629 0.0004551959 0.7418759385 0.6167977861 0.1291475106 0.0137154291
-83.8696663775 0.0008597173 0.9953645258 0.9998624558 0.0000166862 0.9987865931 0.6923925710 0.9599956505 0.3415364887 0.0011364164 0.0623316295 0.2214191442 0.0001226219 0.7960856185 0.2907596862 0.0003416986 0.0482806277 0.7033773007 0.4349785238 0.6456671927 0.3286314251 0.0001859911 1.4850188263 1.4709391835 1.5426467635 0.0001774369 11.5064750225 11.5061698665 11.5061855049 136.4161721024 0.0000744677 0.0004552255 0.7418225413 0.6168208161 0.1291517299 0.0137155233
-83.8692138098 0.0008597836 0.9953639957 0.9998624398 0.0000166872 0.9987863337 0.6923437118 0.9599912912 0.3415353373 0.0011364540 0.0623309137 0.2214230674 0.0001226273 0.7960426301 0.2907423353 0.0003417207 0.0482836010 0.7033526197 0.4349395323 0.6456604310 0.3286214575 0.0001860091 1.4850006420 1.4709209339 1.5426439736 0.0001774522 11.5064763799 11.5061712541 11.5061868941 136.4161725967 0.0000744725 0.0004552552 0.7417690259 0.6168438661 0.1291559343 0.0137156154
-83.8687603655 0.0008598501 0.9953634644 0.9998624237 0.0000166883 0.9987860735 0.6922947867 0.9599869303 0.3415342577 0.0011364916 0.0623302163 0.2214271778 0.0001226327 0.7959995640 0.2907248070 0.0003417428 0.0482865802 0.7033278729 0.4349004504 0.6456536241 0.3286114346 0.0001860270 1.4849824642 1.4709026962 1.5426411772 0.0001774674 11.5064750947 11.5061699993 11.5061856409 136.4161730802 0.0000744772 0.0004552850 0.7417153996 0.6168668904 0.1291601254 0.0137157049
-83.8683060935 0.0008599167 0.9953629321 0.9998624077 0.0000166893 0.9987858128 0.6922457967 0.9599825509 0.3415332682 0.0011365292 0.0623295385 0.2214314900 0.0001226382 0.7959564251 0.2907070878 0.0003417650 0.0482895650 0.7033030636 0.4348612843 0.6456467730 0.3286013605 0.0001860450 1.4849642852 1.4708844521 1.5426383910 0.0001774827 11.5064769009 11.5061718357 11.5061874790 136.4161735548 0.0000744820 0.0004553148 0.7416616699 0.6168900120 0.1291643022 0.0137157957
-83.8678510405 0.0008599834 0.9953623987 0.9998623915 0.0000166903 0.9987855513 0.6921967462 0.9599781635 0.3415323648 0.0011365670 0.0623288778 0.2214359770 0.0001226436 0.7959132180 0.2906892022 0.0003417872 0.0482925551 0.7032781971 0.4348220404 0.6456398818 0.3285912393 0.0001860631 1.4849460987 1.4708662085 1.5426356018 0.0001774979 11.5064783796 11.5061733447 11.5061889895 136.4161740203 0.0000744868 0.0004553447 0.7416078441 0.6169131560 0.1291684666 0.0137158858
-83.8673952535 0.0008600502 0.9953618643 0.9998623754 0.0000166914 0.9987852893 0.6921476395 0.9599737753 0.3415315468 0.0011366048 0.0623282325 0.2214406220 0.0001226491 0.7958699474 0.2906711665 0.0003418095 0.0482955502 0.7032532791 0.4347827251 0.6456329558 0.3285810753 0.0001860811 1.4849278944 1.4708479574 1.5426328017 0.0001775132 11.5064768652 11.5061718606 11.5061875071 136.4161744763 0.0000744916 0.0004553746 0.7415539296 0.6169362702 0.1291726202 0.0137159746
-83.8669387824 0.0008601171 0.9953613290 0.9998623592 0.0000166924 0.9987850268 0.6920984773 0.9599693675 0.3415308347 0.0011366426 0.0623276043 0.2214454431 0.0001226545 0.7958266179 0.2906529641 0.0003418318 0.0482985500 0.7032283125 0.4347433446 0.6456259954 0.3285708727 0.0001860992 1.4849096645 1.4708296812 1.5426300099 0.0001775286 11.5064787333 11.5061737590 11.5061894071 136.4161749248 0.0000744963 0.0004554046 0.7414999337 0.6169594911 0.1291767619 0.0137160665
-83.8664816744 0.0008601841 0.9953607929 0.9998623431 0.0000166934 0.9987847637 0.6920492637 0.9599649511 0.3415302248 0.0011366805 0.0623269906 0.2214504129 0.0001226600 0.7957832341 0.2906346198 0.0003418541 0.0483015541 0.7032033027 0.4347039055 0.6456190048 0.3285606357 0.0001861173 1.4848914023 1.4708113853 1.5426272122 0.0001775439 11.5064802951 11.5061753511 11.5061910007 136.4161753657 0.0000745011 0.0004554346 0.7414458640 0.6169827384 0.1291808936 0.0137161592
-83.8660239771 0.0008602512 0.9953602559 0.9998623268 0.0000166945 0.9987845001 0.6920000027 0.9599605343 0.3415297183 0.0011367185 0.0623263895 0.2214555140 0.0001226655 0.7957398009 0.2906161503 0.0003418765 0.0483045623 0.7031782551 0.4346644140 0.6456119891 0.3285503685 0.0001861354 1.4848730923 1.4707930584 1.5426243996 0.0001775593 11.5064785339 11.5061736204 11.5061892717 136.4161757985 0.0000745059 0.0004554647 0.7413917276 0.6170059548 0.1291850169 0.0137162525
-83.8655657412 0.0008603184 0.9953597182 0.9998623106 0.0000166955 0.9987842361 0.6919506940 0.9599560964 0.3415293391 0.0011367565 0.0623258031 0.2214607670 0.0001226709 0.7956963227 0.2905975361 0.0003418989 0.0483075743 0.7031531726 0.4346248764 0.6456049484 0.3285400752 0.0001861536 1.4848547290 1.4707746843 1.5426215935 0.0001775747 11.5064803989 11.5061755158 11.5061911688 136.4161762255 0.0000745107 0.0004554947 0.7413375321 0.6170292883 0.1291891305 0.0137163511
-83.8651070147 0.0008603857 0.9953591798 0.9998622944 0.0000166966 0.9987839716 0.6919013411 0.9599516501 0.3415290833 0.0011367946 0.0623252286 0.2214661413 0.0001226764 0.7956528042 0.2905788040 0.0003419213 0.0483105896 0.7031280599 0.4345852993 0.6455978862 0.3285297599 0.0001861718 1.4848363177 1.4707562789 1.5426187789 0.0001775902 11.5064819487 11.5061770961 11.5061927506 136.4161766466 0.0000745155 0.0004555249 0.7412832849 0.6170526480 0.1291932365 0.0137164514
-83.8646478469 0.0008604530 0.9953586408 0.9998622781 0.0000166976 0.9987837068 0.6918519485 0.9599471966 0.3415289496 0.0011368326 0.0623246638 0.2214716152 0.0001226819 0.7956092502 0.2905599742 0.0003419438 0.0483136080 0.7031029224 0.4345456889 0.6455908066 0.3285194268 0.0001861900 1.4848178641 1.4707378502 1.5426159555 0.0001776056 11.5064831412 11.5061783190 11.5061939751 136.4161770631 0.0000745204 0.0004555550 0.7412289932 0.6170760279 0.1291973365 0.0137165527
-83.8641882865 0.0008605204 0.9953581012 0.9998622618 0.0000166986 0.9987834416 0.6918025200 0.9599427410 0.3415289401 0.0011368708 0.0623241074 0.2214771761 0.0001226874 0.7955656651 0.2905410591 0.0003419662 0.0483166291 0.7030777652 0.4345060515 0.6455837142 0.3285090801 0.0001862083 1.4847993475 1.4707193825 1.5426131158 0.0001776211 11.5064818508 11.5061770593 11.5061927171 136.4161774746 0.0000745252 0.0004555852 0.7411746645 0.6170993905 0.1292014315 0.0137166555
-83.8637283850 0.0008605879 0.9953575611 0.9998622455 0.0000166997 0.9987831761 0.6917530565 0.9599382666 0.3415290748 0.0011369089 0.0623235610 0.2214828402 0.0001226929 0.7955220538 0.2905220441 0.0003419887 0.0483196527 0.7030525915 0.4344663936 0.6455766098 0.3284987238 0.0001862266 1.4847807492 1.4707008503 1.5426102743 0.0001776366 11.5064835433 11.5061787825 11.5061944419 136.4161778826 0.0000745301 0.0004556154 0.7411203061 0.6171228563 0.1292055207 0.0137167640
-83.8632681914 0.0008606554 0.9953570205 0.9998622292 0.0000167007 0.9987829104 0.6917035619 0.9599337837 0.3415293503 0.0011369471 0.0623230223 0.2214885835 0.0001226984 0.7954784208 0.2905029511 0.0003420112 0.0483226784 0.7030274064 0.4344267213 0.6455694977 0.3284883620 0.0001862449 1.4847620707 1.4706822651 1.5426074198 0.0001776522 11.5064849120 11.5061801818 11.5061958429 136.4161782870 0.0000745349 0.0004556457 0.7410659256 0.6171463513 0.1292096059 0.0137168760
-83.8628077555 0.0008607229 0.9953564796 0.9998622128 0.0000167018 0.9987826444 0.6916540402 0.9599292987 0.3415297686 0.0011369853 0.0623224896 0.2214943917 0.0001227039 0.7954347707 0.2904837940 0.0003420337 0.0483257059 0.7030022154 0.4343870408 0.6455623827 0.3284779990 0.0001862632 1.4847432922 1.4706636115 1.5426045436 0.0001776677 11.5064834262 11.5061787271 11.5061943898 136.4161786872 0.0000745398 0.0004556759 0.7410115301 0.6171698288 0.1292136884 0.0137169915
-83.8623471297 0.0008607905 0.9953559383 0.9998621965 0.0000167028 0.9987823781 0.6916044916 0.9599247930 0.3415303518 0.0011370235 0.0623219648 0.2215002837 0.0001227095 0.7953911083 0.2904645557 0.0003420562 0.0483287347 0.7029770215 0.4343473586 0.6455552653 0.3284676388 0.0001862816 1.4847243946 1.4706448651 1.5426016620 0.0001776833 11.5064852263 11.5061805581 11.5061962224 136.4161790851 0.0000745447 0.0004557062 0.7409571272 0.6171934234 0.1292177671 0.0137171152
-83.8618863641 0.0008608581 0.9953553968 0.9998621802 0.0000167039 0.9987821118 0.6915549200 0.9599202776 0.3415310975 0.0011370617 0.0623214455 0.2215062342 0.0001227150 0.7953474382 0.2904452592 0.0003420787 0.0483317647 0.7029518298 0.4343076809 0.6455481497 0.3284572855 0.0001863001 1.4847053777 1.4706260346 1.5425987626 0.0001776989 11.5064867196 11.5061820824 11.5061977484 136.4161794805 0.0000745497 0.0004557364 0.7409027241 0.6172170557 0.1292218438 0.0137172449
-83.8614255093 0.0008609257 0.9953548551 0.9998621638 0.0000167049 0.9987818452 0.6915053288 0.9599157599 0.3415320088 0.0011371000 0.0623209301 0.2215122275 0.0001227205 0.7953037651 0.2904259194 0.0003421013 0.0483347955 0.7029266459 0.4342680140 0.6455410409 0.3284469433 0.0001863185 1.4846862193 1.4706071049 1.5425958358 0.0001777146 11.5064850095 11.5061804037 11.5061960714 136.4161798729 0.0000745546 0.0004557667 0.7408483284 0.6172406724 0.1292259199 0.0137173806
-83.8609646188 0.0008609934 0.9953543132 0.9998621475 0.0000167060 0.9987815786 0.6914557175 0.9599112192 0.3415331123 0.0011371382 0.0623204205 0.2215182845 0.0001227260 0.7952600935 0.2904065167 0.0003421238 0.0483378266 0.7029014725 0.4342283641 0.6455339388 0.3284366163 0.0001863371 1.4846668998 1.4705880491 1.5425928999 0.0001777303 11.5064868392 11.5061822648 11.5061979341 136.4161802644 0.0000745596 0.0004557970 0.7407939474 0.6172644213 0.1292299944 0.0137175276
-83.8605037440 0.0008610610 0.9953537713 0.9998621311 0.0000167070 0.9987813119 0.6914060894 0.9599066681 0.3415344050 0.0011371764 0.0623199140 0.2215243763 0.0001227315 0.7952164283 0.2903870765 0.0003421463 0.0483408579 0.7028763144 0.4341887378 0.6455268471 0.3284263085 0.0001863556 1.4846474298 1.4705688874 1.5425899417 0.0001777461 11.5064883532 11.5061838102 11.5061994812 136.4161806549 0.0000745647 0.0004558273 0.7407395884 0.6172882121 0.1292340691 0.0137176823
-83.8600429373 0.0008611286 0.9953532293 0.9998621148 0.0000167081 0.9987810452 0.6913564483 0.9599021076 0.3415358882 0.0011372147 0.0623194087 0.2215304825 0.0001227370 0.7951727741 0.2903676176 0.0003421689 0.0483438888 0.7028511768 0.4341491413 0.6455197696 0.3284160240 0.0001863742 1.4846278090 1.4705496229 1.5425869599 0.0001777618 11.5064895030 11.5061849917 11.5062006644 136.4161810457 0.0000745697 0.0004558576 0.7406852589 0.6173120408 0.1292381455 0.0137178443
-83.8595822512 0.0008611963 0.9953526874 0.9998620984 0.0000167091 0.9987807785 0.6913067980 0.9598975414 0.3415375676 0.0011372529 0.0623189034 0.2215365918 0.0001227425 0.7951291355 0.2903481514 0.0003421914 0.0483469192 0.7028260649 0.4341095809 0.6455127109 0.3284057672 0.0001863929 1.4846079995 1.4705302266 1.5425839449 0.0001777776 11.5064883138 11.5061838346 11.5061995089 136.4161814363 0.0000745748 0.0004558879 0.7406309662 0.6173358777 0.1292422247 0.0137180149
-83.8591217403 0.0008612639 0.9953521456 0.9998620820 0.0000167102 0.9987805118 0.6912571387 0.9598929538 0.3415394635 0.0011372911 0.0623183996 0.2215427198 0.0001227481 0.7950855174 0.2903286638 0.0003422139 0.0483499485 0.7028009819 0.4340700630 0.6455056720 0.3283955419 0.0001864116 1.4845879898 1.4705106813 1.5425809117 0.0001777935 11.5064899937 11.5061855465 11.5062012225 136.4161818282 0.0000745800 0.0004559181 0.7405767178 0.6173598358 0.1292463061 0.0137181981
-83.8586614580 0.0008613314 0.9953516040 0.9998620657 0.0000167112 0.9987802453 0.6912074743 0.9598883546 0.3415415754 0.0011373293 0.0623178949 0.2215488434 0.0001227536 0.7950419243 0.2903091756 0.0003422364 0.0483529766 0.7027759329 0.4340305936 0.6454986568 0.3283853522 0.0001864303 1.4845677756 1.4704909898 1.5425778489 0.0001778094 11.5064913446 11.5061869297 11.5062026074 136.4161822214 0.0000745851 0.0004559484 0.7405225210 0.6173838460 0.1292503912 0.0137183920
-83.8582014577 0.0008613990 0.9953510626 0.9998620494 0.0000167123 0.9987799788 0.6911578083 0.9598837490 0.3415439094 0.0011373675 0.0623173880 0.2215549492 0.0001227591 0.7949983611 0.2902897003 0.0003422589 0.0483560029 0.7027509233 0.4339911792 0.6454916705 0.3283752024 0.0001864491 1.4845473161 1.4704711263 1.5425747449 0.0001778253 11.5064899706 11.5061855885 11.5062012678 136.4161826152 0.0000745904 0.0004559786 0.7404683832 0.6174078696 0.1292544813 0.0137185978
-83.8577417960 0.0008614665 0.9953505216 0.9998620330 0.0000167133 0.9987797125 0.6911081406 0.9598791189 0.3415464881 0.0011374056 0.0623168805 0.2215610552 0.0001227646 0.7949548325 0.2902702213 0.0003422814 0.0483590272 0.7027259563 0.4339518259 0.6454847134 0.3283650964 0.0001864680 1.4845266018 1.4704510697 1.5425716172 0.0001778413 11.5064917836 11.5061874342 11.5062031152 136.4161830117 0.0000745956 0.0004560089 0.7404143118 0.6174320344 0.1292585756 0.0137188198
-83.8572825274 0.0008615339 0.9953499809 0.9998620167 0.0000167143 0.9987794464 0.6910584748 0.9598744750 0.3415493120 0.0011374438 0.0623163701 0.2215671367 0.0001227701 0.7949113432 0.2902507609 0.0003423039 0.0483620491 0.7027010370 0.4339125401 0.6454777898 0.3283550383 0.0001864869 1.4845056243 1.4704308250 1.5425684528 0.0001778574 11.5064932864 11.5061889700 11.5062046527 136.4161834104 0.0000746010 0.0004560391 0.7403603142 0.6174562656 0.1292626758 0.0137190562
-83.8568237071 0.0008616013 0.9953494407 0.9998620004 0.0000167154 0.9987791805 0.6910088141 0.9598698232 0.3415523888 0.0011374818 0.0623158552 0.2215731783 0.0001227756 0.7948678980 0.2902313340 0.0003423263 0.0483650683 0.7026761710 0.4338733279 0.6454709047 0.3283450325 0.0001865059 1.4844843404 1.4704103602 1.5425652393 0.0001778735 11.5064917038 11.5061874210 11.5062031054 136.4161838112 0.0000746064 0.0004560692 0.7403063978 0.6174805184 0.1292667834 0.0137193083
-83.8563653935 0.0008616686 0.9953489010 0.9998619841 0.0000167164 0.9987789149 0.6909591576 0.9598651438 0.3415557454 0.0011375199 0.0623153376 0.2215792000 0.0001227811 0.7948245017 0.2902119218 0.0003423488 0.0483680842 0.7026513611 0.4338341958 0.6454640582 0.3283350829 0.0001865250 1.4844627417 1.4703896580 1.5425619967 0.0001778897 11.5064935756 11.5061893264 11.5062050126 136.4161842161 0.0000746118 0.0004560994 0.7402525700 0.6175049335 0.1292708974 0.0137195807
-83.8559076429 0.0008617358 0.9953483618 0.9998619679 0.0000167175 0.9987786495 0.6909095084 0.9598604484 0.3415593828 0.0011375579 0.0623148146 0.2215851729 0.0001227865 0.7947811591 0.2901925494 0.0003423712 0.0483710967 0.7026266123 0.4337951501 0.6454572540 0.3283251935 0.0001865441 1.4844408230 1.4703687256 1.5425587100 0.0001779059 11.5064951321 11.5061909169 11.5062066049 136.4161846250 0.0000746174 0.0004561295 0.7401988382 0.6175294276 0.1292750198 0.0137198711
-83.8554505131 0.0008618029 0.9953478233 0.9998619516 0.0000167185 0.9987783846 0.6908598701 0.9598557372 0.3415633061 0.0011375958 0.0623142844 0.2215910765 0.0001227920 0.7947378750 0.2901732360 0.0003423935 0.0483741052 0.7026019298 0.4337561971 0.6454504960 0.3283153686 0.0001865633 1.4844185712 1.4703475573 1.5425553764 0.0001779222 11.5064963196 11.5061921388 11.5062078285 136.4161850392 0.0000746230 0.0004561595 0.7401452098 0.6175540002 0.1292791521 0.0137201796
-83.8549940622 0.0008618700 0.9953472856 0.9998619354 0.0000167196 0.9987781200 0.6908102459 0.9598510139 0.3415675228 0.0011376337 0.0623137455 0.2215968994 0.0001227975 0.7946946543 0.2901539928 0.0003424159 0.0483771094 0.7025773189 0.4337173431 0.6454437889 0.3283056123 0.0001865826 1.4843959568 1.4703261300 1.5425519886 0.0001779385 11.5064953126 11.5061911666 11.5062068580 136.4161854585 0.0000746286 0.0004561896 0.7400916922 0.6175786231 0.1292832955 0.0137205075
-83.8545383507 0.0008619369 0.9953467486 0.9998619192 0.0000167206 0.9987778558 0.6907606362 0.9598462624 0.3415720575 0.0011376715 0.0623131994 0.2216026552 0.0001228029 0.7946515018 0.2901348076 0.0003424382 0.0483801089 0.7025527830 0.4336785944 0.6454371339 0.3282959285 0.0001866020 1.4843729438 1.4703044083 1.5425485574 0.0001779550 11.5064970652 11.5061929543 11.5062086475 136.4161858844 0.0000746344 0.0004562195 0.7400382928 0.6176034111 0.1292874494 0.0137208599
-83.8540834381 0.0008620038 0.9953462125 0.9998619030 0.0000167216 0.9987775920 0.6907110444 0.9598414919 0.3415769123 0.0011377093 0.0623126436 0.2216083202 0.0001228084 0.7946084224 0.2901157017 0.0003424604 0.0483831033 0.7025283273 0.4336399573 0.6454305351 0.3282863216 0.0001866214 1.4843495309 1.4702823987 1.5425450730 0.0001779715 11.5064984877 11.5061944124 11.5062101073 136.4161863169 0.0000746402 0.0004562495 0.7399850190 0.6176282970 0.1292916157 0.0137212352
-83.8536293846 0.0008620705 0.9953456774 0.9998618868 0.0000167227 0.9987773288 0.6906614737 0.9598367069 0.3415820961 0.0011377470 0.0623120767 0.2216138801 0.0001228138 0.7945654210 0.2900966893 0.0003424827 0.0483860923 0.7025039574 0.4336014378 0.6454239976 0.3282767955 0.0001866409 1.4843256729 1.4702600684 1.5425415242 0.0001779880 11.5064973197 11.5061932805 11.5062089772 136.4161867557 0.0000746462 0.0004562793 0.7399318782 0.6176532472 0.1292957957 0.0137216350
-83.8531762533 0.0008621371 0.9953451432 0.9998618707 0.0000167237 0.9987770660 0.6906119243 0.9598318895 0.3415876351 0.0011377846 0.0623115000 0.2216193504 0.0001228193 0.7945225027 0.2900777559 0.0003425048 0.0483890753 0.7024796767 0.4335630425 0.6454175222 0.3282673544 0.0001866606 1.4843013457 1.4702373895 1.5425379261 0.0001780047 11.5064992466 11.5061952438 11.5062109423 136.4161872026 0.0000746522 0.0004563091 0.7398788778 0.6176783887 0.1292999887 0.0137220644
-83.8527241062 0.0008622035 0.9953446101 0.9998618546 0.0000167247 0.9987768039 0.6905623994 0.9598270499 0.3415935316 0.0011378221 0.0623109111 0.2216247049 0.0001228247 0.7944796722 0.2900589255 0.0003425270 0.0483920520 0.7024554905 0.4335247776 0.6454111134 0.3282580025 0.0001866804 1.4842765447 1.4702143672 1.5425342675 0.0001780215 11.5065008721 11.5061969061 11.5062126064 136.4161876576 0.0000746583 0.0004563389 0.7398260252 0.6177036488 0.1293041968 0.0137225217
-83.8522730060 0.0008622698 0.9953440783 0.9998618386 0.0000167257 0.9987765423 0.6905129026 0.9598221930 0.3415997962 0.0011378596 0.0623103082 0.2216299267 0.0001228301 0.7944369347 0.2900402142 0.0003425491 0.0483950220 0.7024314047 0.4334866492 0.6454047763 0.3282487439 0.0001867002 1.4842512105 1.4701909595 1.5425305337 0.0001780383 11.5064995482 11.5061956200 11.5062113221 136.4161881204 0.0000746646 0.0004563686 0.7397733280 0.6177289894 0.1293084215 0.0137230092
-83.8518230191 0.0008623359 0.9953435476 0.9998618226 0.0000167268 0.9987762814 0.6904634334 0.9598172996 0.3416064560 0.0011378969 0.0623096929 0.2216350338 0.0001228355 0.7943942951 0.2900216057 0.0003425711 0.0483979848 0.7024074225 0.4334486638 0.6453985117 0.3282395827 0.0001867202 1.4842253390 1.4701671494 1.5425267462 0.0001780553 11.5065016214 11.5061977311 11.5062134350 136.4161885931 0.0000746709 0.0004563982 0.7397207934 0.6177545477 0.1293126620 0.0137235316
-83.8513742101 0.0008624019 0.9953430183 0.9998618066 0.0000167278 0.9987760211 0.6904139952 0.9598123793 0.3416135171 0.0011379342 0.0623090624 0.2216399977 0.0001228408 0.7943517585 0.2900031256 0.0003425931 0.0484009400 0.7023835494 0.4334108278 0.6453923240 0.3282305232 0.0001867403 1.4841988959 1.4701429225 1.5425228882 0.0001780724 11.5065034172 11.5061995655 11.5062152713 136.4161890758 0.0000746774 0.0004564277 0.7396684290 0.6177802525 0.1293169205 0.0137240886
-83.8509266451 0.0008624677 0.9953424903 0.9998617907 0.0000167288 0.9987757616 0.6903645912 0.9598074392 0.3416209890 0.0011379714 0.0623084148 0.2216447996 0.0001228462 0.7943093300 0.2899847919 0.0003426150 0.0484038872 0.7023597914 0.4333731473 0.6453862188 0.3282215696 0.0001867605 1.4841718517 1.4701182576 1.5425189505 0.0001780895 11.5065019291 11.5061981168 11.5062138245 136.4161895683 0.0000746840 0.0004564572 0.7396162421 0.6178060520 0.1293211988 0.0137246812
-83.8504803937 0.0008625333 0.9953419639 0.9998617748 0.0000167298 0.9987755028 0.6903152202 0.9598024568 0.3416289065 0.0011380084 0.0623077519 0.2216494582 0.0001228516 0.7942670147 0.2899665870 0.0003426368 0.0484068259 0.7023361515 0.4333356288 0.6453801963 0.3282127259 0.0001867809 1.4841441692 1.4700931133 1.5425149513 0.0001781068 11.5065040905 11.5062003181 11.5062160276 136.4161900731 0.0000746908 0.0004564865 0.7395642402 0.6178321047 0.1293254960 0.0137253163
-83.8500355243 0.0008625987 0.9953414390 0.9998617589 0.0000167308 0.9987752449 0.6902658853 0.9597974446 0.3416372722 0.0011380453 0.0623070704 0.2216539402 0.0001228569 0.7942248178 0.2899485397 0.0003426586 0.0484097557 0.7023126351 0.4332982787 0.6453742606 0.3282039963 0.0001868015 1.4841158603 1.4700675094 1.5425108793 0.0001781242 11.5065059686 11.5062022366 11.5062179481 136.4161905904 0.0000746977 0.0004565158 0.7395124307 0.6178583204 0.1293298145 0.0137259909
-83.8495921071 0.0008626639 0.9953409157 0.9998617431 0.0000167319 0.9987749877 0.6902165902 0.9597924015 0.3416460972 0.0011380822 0.0623063680 0.2216582207 0.0001228622 0.7941827443 0.2899306735 0.0003426803 0.0484126760 0.7022892477 0.4332611033 0.6453684162 0.3281953851 0.0001868221 1.4840868850 1.4700414207 1.5425067287 0.0001781418 11.5065075231 11.5062038324 11.5062195457 136.4161911219 0.0000747047 0.0004565450 0.7394608212 0.6178847070 0.1293341563 0.0137267072
-83.8491502135 0.0008627288 0.9953403942 0.9998617274 0.0000167329 0.9987747314 0.6901673384 0.9597873321 0.3416553908 0.0011381189 0.0623056430 0.2216622834 0.0001228675 0.7941407997 0.2899130041 0.0003427020 0.0484155865 0.7022659954 0.4332241091 0.6453626684 0.3281868965 0.0001868429 1.4840572259 1.4700148317 1.5425024960 0.0001781594 11.5065066313 11.5062029827 11.5062186980 136.4161916677 0.0000747119 0.0004565741 0.7394094191 0.6179112292 0.1293385230 0.0137274663
-83.8487099179 0.0008627936 0.9953398745 0.9998617117 0.0000167339 0.9987744761 0.6901181302 0.9597822181 0.3416651831 0.0011381554 0.0623048963 0.2216661398 0.0001228728 0.7940989890 0.2898955210 0.0003427235 0.0484184865 0.7022428818 0.4331873022 0.6453570186 0.3281785346 0.0001868639 1.4840268405 1.4699877001 1.5424981944 0.0001781772 11.5065087546 11.5062051487 11.5062208659 136.4161922298 0.0000747192 0.0004566031 0.7393582318 0.6179380160 0.1293429143 0.0137282748
-83.8482712941 0.0008628581 0.9953393567 0.9998616961 0.0000167349 0.9987742217 0.6900689695 0.9597770689 0.3416754798 0.0011381918 0.0623041250 0.2216697608 0.0001228780 0.7940573178 0.2898782509 0.0003427450 0.0484213758 0.7022199126 0.4331506892 0.6453514718 0.3281703036 0.0001868850 1.4839957177 1.4699600250 1.5424938136 0.0001781951 11.5065105912 11.5062070287 11.5062227478 136.4161928085 0.0000747267 0.0004566320 0.7393072668 0.6179649996 0.1293473323 0.0137291319
-83.8478344178 0.0008629223 0.9953388408 0.9998616805 0.0000167359 0.9987739682 0.6900198601 0.9597718897 0.3416862914 0.0011382281 0.0623033271 0.2216731258 0.0001228833 0.7940157912 0.2898612134 0.0003427664 0.0484242536 0.7021970942 0.4331142762 0.6453460337 0.3281622078 0.0001869063 1.4839638263 1.4699317831 1.5424893468 0.0001782132 11.5065096079 11.5062060899 11.5062218111 136.4161934041 0.0000747344 0.0004566607 0.7392565317 0.6179921393 0.1293517791 0.0137300394
-83.8473993681 0.0008629863 0.9953383271 0.9998616650 0.0000167368 0.9987737159 0.6899708024 0.9597666605 0.3416976492 0.0011382643 0.0623025036 0.2216762472 0.0001228885 0.7939744147 0.2898443974 0.0003427877 0.0484271196 0.7021744304 0.4330780696 0.6453407057 0.3281542514 0.0001869278 1.4839311328 1.4699029364 1.5424848113 0.0001782314 11.5065119507 11.5062084778 11.5062242010 136.4161940190 0.0000747422 0.0004566894 0.7392060339 0.6180195768 0.1293562541 0.0137310040
-83.8469662237 0.0008630500 0.9953378156 0.9998616496 0.0000167378 0.9987734645 0.6899218004 0.9597613918 0.3417095581 0.0011383002 0.0623016512 0.2216790917 0.0001228937 0.7939331938 0.2898278331 0.0003428090 0.0484299731 0.7021519272 0.4330420759 0.6453354929 0.3281464387 0.0001869495 1.4838976338 1.4698734909 1.5424801980 0.0001782498 11.5065140269 11.5062106000 11.5062263252 136.4161946539 0.0000747503 0.0004567179 0.7391557809 0.6180472362 0.1293607600 0.0137320247
-83.8465350650 0.0008631134 0.9953373063 0.9998616342 0.0000167388 0.9987732143 0.6898728585 0.9597560899 0.3417220287 0.0011383360 0.0623007675 0.2216816350 0.0001228988 0.7938921339 0.2898115436 0.0003428301 0.0484328137 0.7021295912 0.4330063015 0.6453304015 0.3281387741 0.0001869713 1.4838633009 1.4698434254 1.5424755005 0.0001782684 11.5065129338 11.5062095541 11.5062252814 136.4161953093 0.0000747585 0.0004567463 0.7391057804 0.6180750694 0.1293652988 0.0137331034
-83.8461059767 0.0008631765 0.9953367994 0.9998616189 0.0000167398 0.9987729653 0.6898239767 0.9597507334 0.3417350939 0.0011383717 0.0622998533 0.2216838884 0.0001229040 0.7938512406 0.2897955181 0.0003428511 0.0484356408 0.7021074261 0.4329707527 0.6453254326 0.3281312618 0.0001869934 1.4838281128 1.4698127092 1.5424707411 0.0001782871 11.5065154272 11.5062120953 11.5062278246 136.4161959883 0.0000747670 0.0004567745 0.7390560397 0.6181032282 0.1293698702 0.0137342468
-83.8456790427 0.0008632393 0.9953362949 0.9998616037 0.0000167408 0.9987727174 0.6897751598 0.9597453345 0.3417487562 0.0011384071 0.0622989050 0.2216858120 0.0001229091 0.7938105196 0.2897797921 0.0003428720 0.0484384539 0.7020854380 0.4329354363 0.6453205911 0.3281239061 0.0001870157 1.4837920796 1.4697813617 1.5424659104 0.0001783060 11.5065176479 11.5062143648 11.5062300962 136.4161966919 0.0000747756 0.0004568027 0.7390065666 0.6181316250 0.1293744770 0.0137354528
-83.8452543499 0.0008633018 0.9953357931 0.9998615885 0.0000167417 0.9987724708 0.6897264133 0.9597398936 0.3417630205 0.0011384424 0.0622979193 0.2216873733 0.0001229142 0.7937699764 0.2897643958 0.0003428928 0.0484412523 0.7020636332 0.4329003586 0.6453158824 0.3281167113 0.0001870381 1.4837552111 1.4697493907 1.5424610139 0.0001783251 11.5065195495 11.5062163162 11.5062320498 136.4161974228 0.0000747844 0.0004568306 0.7389573685 0.6181602571 0.1293791215 0.0137367224
-83.8448319863 0.0008633640 0.9953352939 0.9998615735 0.0000167427 0.9987722254 0.6896777432 0.9597344151 0.3417778933 0.0011384775 0.0622968937 0.2216885475 0.0001229193 0.7937296168 0.2897493534 0.0003429135 0.0484440355 0.7020420185 0.4328655260 0.6453113127 0.3281096820 0.0001870608 1.4837174910 1.4697167822 1.5424560500 0.0001783443 11.5065191424 11.5062159600 11.5062316958 136.4161981821 0.0000747935 0.0004568584 0.7389084531 0.6181890917 0.1293838058 0.0137380574
-83.8444120442 0.0008634257 0.9953347975 0.9998615585 0.0000167437 0.9987719814 0.6896291527 0.9597288830 0.3417933955 0.0011385124 0.0622958282 0.2216893356 0.0001229243 0.7936894466 0.2897346642 0.0003429341 0.0484468028 0.7020205985 0.4328309453 0.6453068846 0.3281028224 0.0001870836 1.4836789185 1.4696835240 1.5424510400 0.0001783637 11.5065216609 11.5062185302 11.5062342681 136.4161989730 0.0000748027 0.0004568861 0.7388598279 0.6182182426 0.1293885299 0.0137394632
-83.8439946157 0.0008634872 0.9953343040 0.9998615436 0.0000167446 0.9987717387 0.6895806491 0.9597233079 0.3418095232 0.0011385470 0.0622947188 0.2216896984 0.0001229293 0.7936494716 0.2897203648 0.0003429546 0.0484495537 0.7019993799 0.4327966227 0.6453026041 0.3280961369 0.0001871067 1.4836395177 1.4696496412 1.5424459821 0.0001783833 11.5065238975 11.5062208195 11.5062365596 136.4161997973 0.0000748122 0.0004569136 0.7388115006 0.6182476353 0.1293932967 0.0137409382
-83.8435797952 0.0008635482 0.9953338135 0.9998615288 0.0000167455 0.9987714974 0.6895322406 0.9597176966 0.3418262744 0.0011385815 0.0622935624 0.2216896042 0.0001229343 0.7936096976 0.2897064859 0.0003429749 0.0484522876 0.7019783700 0.4327625648 0.6452984783 0.3280896301 0.0001871299 1.4835992961 1.4696151395 1.5424408772 0.0001784030 11.5065234383 11.5062204142 11.5062361566 136.4162006567 0.0000748218 0.0004569409 0.7387634789 0.6182772206 0.1293981083 0.0137424832
-83.8431676814 0.0008636089 0.9953333261 0.9998615141 0.0000167465 0.9987712576 0.6894839327 0.9597120324 0.3418436618 0.0011386157 0.0622923586 0.2216890518 0.0001229392 0.7935701308 0.2896930296 0.0003429951 0.0484550037 0.7019575739 0.4327287782 0.6452945101 0.3280833063 0.0001871534 1.4835582810 1.4695800271 1.5424357533 0.0001784229 11.5065262248 11.5062232554 11.5062390000 136.4162015557 0.0000748317 0.0004569681 0.7387157703 0.6183071186 0.1294029648 0.0137441028
-83.8427583730 0.0008636691 0.9953328419 0.9998614995 0.0000167474 0.9987710192 0.6894357357 0.9597063287 0.3418616690 0.0011386497 0.0622911029 0.2216879945 0.0001229441 0.7935307771 0.2896800397 0.0003430152 0.0484577015 0.7019369988 0.4326952695 0.6452907061 0.3280771701 0.0001871770 1.4835165292 1.4695443545 1.5424306121 0.0001784430 11.5065287483 11.5062258345 11.5062415814 136.4162024969 0.0000748418 0.0004569950 0.7386683826 0.6183372379 0.1294078692 0.0137457937
-83.8423519707 0.0008637289 0.9953323610 0.9998614850 0.0000167483 0.9987707824 0.6893876614 0.9597005950 0.3418802806 0.0011386835 0.0622897913 0.2216863934 0.0001229490 0.7934916426 0.2896675543 0.0003430351 0.0484603802 0.7019166528 0.4326620451 0.6452870744 0.3280712262 0.0001872008 1.4834740728 1.4695081487 1.5424254571 0.0001784632 11.5065282129 11.5062253559 11.5062411050 136.4162034832 0.0000748520 0.0004570218 0.7386213235 0.6183675127 0.1294128239 0.0137475555
-83.8419485802 0.0008637883 0.9953318837 0.9998614706 0.0000167493 0.9987705472 0.6893397191 0.9596948154 0.3418994938 0.0011387170 0.0622884231 0.2216842432 0.0001229538 0.7934527335 0.2896555802 0.0003430548 0.0484630392 0.7018965411 0.4326291119 0.6452836181 0.3280654790 0.0001872248 1.4834309902 1.4694714566 1.5424203253 0.0001784836 11.5065311896 11.5062283900 11.5062441415 136.4162045208 0.0000748624 0.0004570484 0.7385746006 0.6183980601 0.1294178289 0.0137493903
-83.8415483067 0.0008638472 0.9953314099 0.9998614563 0.0000167502 0.9987703135 0.6892919243 0.9596890080 0.3419192683 0.0011387502 0.0622869926 0.2216814870 0.0001229586 0.7934140560 0.2896441713 0.0003430745 0.0484656778 0.7018766717 0.4325964766 0.6452803445 0.3280599331 0.0001872489 1.4833874009 1.4694343814 1.5424152239 0.0001785040 11.5065338933 11.5062311519 11.5062469057 136.4162056138 0.0000748730 0.0004570748 0.7385282218 0.6184287598 0.1294228871 0.0137512913
-83.8411512580 0.0008639056 0.9953309398 0.9998614421 0.0000167511 0.9987700816 0.6892442957 0.9596831794 0.3419395589 0.0011387832 0.0622854948 0.2216780746 0.0001229634 0.7933756165 0.2896333780 0.0003430939 0.0484682952 0.7018570529 0.4325641458 0.6452772615 0.3280545932 0.0001872731 1.4833434141 1.4693970114 1.5424101702 0.0001785246 11.5065362701 11.5062335876 11.5062493438 136.4162067688 0.0000748838 0.0004571009 0.7384821948 0.6184595733 0.1294280011 0.0137532540
-83.8407575440 0.0008639636 0.9953304736 0.9998614280 0.0000167520 0.9987698513 0.6891968547 0.9596773425 0.3419603073 0.0011388159 0.0622839250 0.2216739627 0.0001229681 0.7933374213 0.2896232465 0.0003431132 0.0484708907 0.7018376935 0.4325321263 0.6452743784 0.3280494642 0.0001872974 1.4832991667 1.4693594543 1.5424051829 0.0001785452 11.5065364611 11.5062338383 11.5062495968 136.4162079913 0.0000748946 0.0004571269 0.7384365273 0.6184904191 0.1294331727 0.0137552726
-83.8403672777 0.0008640211 0.9953300113 0.9998614141 0.0000167529 0.9987696228 0.6891496237 0.9596714923 0.3419814552 0.0011388483 0.0622822807 0.2216691319 0.0001229728 0.7932994770 0.2896138018 0.0003431324 0.0484734636 0.7018186008 0.4325004248 0.6452717013 0.3280445506 0.0001873217 1.4832548288 1.4693218346 1.5424003033 0.0001785658 11.5065394661 11.5062369031 11.5062526640 136.4162092898 0.0000749055 0.0004571526 0.7383912272 0.6185213469 0.1294384022 0.0137573429
-83.8399805721 0.0008640780 0.9953295532 0.9998614003 0.0000167538 0.9987693961 0.6891026326 0.9596656507 0.3420029048 0.0011388805 0.0622805555 0.2216635239 0.0001229774 0.7932617899 0.2896051067 0.0003431513 0.0484760132 0.7017997846 0.4324690481 0.6452692403 0.3280398572 0.0001873459 1.4832106041 1.4692843235 1.5423955482 0.0001785864 11.5065421701 11.5062396672 11.5062554304 136.4162106722 0.0000749164 0.0004571781 0.7383463022 0.6185522183 0.1294436918 0.0137594530
-83.8395975416 0.0008641344 0.9953290992 0.9998613866 0.0000167546 0.9987691712 0.6890559166 0.9596598392 0.3420245375 0.0011389123 0.0622787436 0.2216570892 0.0001229820 0.7932243668 0.2895972201 0.0003431701 0.0484785386 0.7017812556 0.4324380028 0.6452670071 0.3280353891 0.0001873701 1.4831667360 1.4692471167 1.5423909436 0.0001786069 11.5065422768 11.5062398341 11.5062555996 136.4162121472 0.0000749272 0.0004572033 0.7383017602 0.6185829016 0.1294490433 0.0137615897
-83.8392183039 0.0008641902 0.9953286497 0.9998613730 0.0000167555 0.9987689482 0.6890095139 0.9596540591 0.3420462241 0.0011389438 0.0622768417 0.2216498096 0.0001229866 0.7931872143 0.2895901754 0.0003431887 0.0484810392 0.7017630227 0.4324072957 0.6452650103 0.3280311511 0.0001873940 1.4831235230 1.4692104428 1.5423865436 0.0001786273 11.5065455147 11.5062431315 11.5062588994 136.4162137275 0.0000749380 0.0004572283 0.7382576089 0.6186134131 0.1294544559 0.0137637407
-83.8388429750 0.0008642455 0.9953282046 0.9998613596 0.0000167564 0.9987687271 0.6889634738 0.9596483439 0.3420677783 0.0011389750 0.0622748422 0.2216416269 0.0001229911 0.7931503392 0.2895840477 0.0003432071 0.0484835140 0.7017450981 0.4323769338 0.6452632634 0.3280271482 0.0001874177 1.4830813246 1.4691746009 1.5423823768 0.0001786474 11.5065484590 11.5062461347 11.5062619049 136.4162154253 0.0000749486 0.0004572531 0.7382138563 0.6186435483 0.1294599313 0.0137658834
-83.8384716713 0.0008643002 0.9953277641 0.9998613463 0.0000167572 0.9987685080 0.6889178546 0.9596427278 0.3420889765 0.0011390058 0.0622727383 0.2216324974 0.0001229955 0.7931137481 0.2895789069 0.0003432253 0.0484859625 0.7017274952 0.4323469236 0.6452617822 0.3280233857 0.0001874410 1.4830405508 1.4691399248 1.5423784801 0.0001786671 11.5065484214 11.5062461552 11.5062619277 136.4162172545 0.0000749589 0.0004572776 0.7381705100 0.6186731022 0.1294654704 0.0137679928
-83.8381045111 0.0008643543 0.9953273284 0.9998613332 0.0000167580 0.9987682909 0.6888727213 0.9596372246 0.3421095657 0.0011390363 0.0622705263 0.2216224206 0.0001229999 0.7930774479 0.2895747913 0.0003432433 0.0484883838 0.7017102262 0.4323172721 0.6452605798 0.3280198687 0.0001874637 1.4830017081 1.4691068093 1.5423749261 0.0001786864 11.5065517908 11.5062495807 11.5062653554 136.4162192338 0.0000749688 0.0004573018 0.7381275779 0.6187020260 0.1294710711 0.0137700425
-83.8377416088 0.0008644077 0.9953268976 0.9998613202 0.0000167589 0.9987680759 0.6888281555 0.9596318845 0.3421292107 0.0011390665 0.0622681982 0.2216113625 0.0001230043 0.7930414455 0.2895717816 0.0003432611 0.0484907771 0.7016933073 0.4322879862 0.6452596758 0.3280166026 0.0001874858 1.4829653830 1.4690757360 1.5423717585 0.0001787051 11.5065548630 11.5062527066 11.5062684834 136.4162213821 0.0000749781 0.0004573257 0.7380850678 0.6187300216 0.1294767334 0.0137719935
-83.8373830769 0.0008644605 0.9953264718 0.9998613074 0.0000167597 0.9987678629 0.6887842528 0.9596267619 0.3421475096 0.0011390963 0.0622657471 0.2215993174 0.0001230086 0.7930057477 0.2895699485 0.0003432787 0.0484931417 0.7016767570 0.4322590726 0.6452590937 0.3280135933 0.0001875068 1.4829322709 1.4690472652 1.5423690371 0.0001787230 11.5065545890 11.5062524836 11.5062682624 136.4162237209 0.0000749868 0.0004573493 0.7380429872 0.6187567704 0.1294824563 0.0137738007
-83.8370290272 0.0008645127 0.9953260512 0.9998612947 0.0000167605 0.9987676522 0.6887411214 0.9596218897 0.3421640047 0.0011391257 0.0622631707 0.2215863451 0.0001230128 0.7929703615 0.2895693203 0.0003432961 0.0484954769 0.7016605934 0.4322305383 0.6452588555 0.3280108462 0.0001875268 1.4829031773 1.4690220230 1.5423668586 0.0001787399 11.5065579543 11.5062558957 11.5062716765 136.4162262770 0.0000749945 0.0004573727 0.7380013440 0.6187821238 0.1294882351 0.0137754164
-83.8366795640 0.0008645641 0.9953256358 0.9998612822 0.0000167613 0.9987674436 0.6886988930 0.9596173445 0.3421781116 0.0011391547 0.0622604632 0.2215724905 0.0001230170 0.7929352935 0.2895699620 0.0003433132 0.0484977820 0.7016448402 0.4322023899 0.6452589921 0.3280083676 0.0001875453 1.4828790750 1.4690007915 1.5423652989 0.0001787555 11.5065610063 11.5062589896 11.5062747720 136.4162290782 0.0000750011 0.0004573957 0.7379601455 0.6188056376 0.1294940670 0.0137767740
-83.8363347861 0.0008646149 0.9953252258 0.9998612699 0.0000167621 0.9987672372 0.6886577217 0.9596132006 0.3421891395 0.0011391834 0.0622576217 0.2215578580 0.0001230211 0.7929005507 0.2895719154 0.0003433301 0.0485000564 0.7016295253 0.4321746345 0.6452595411 0.3280061639 0.0001875620 1.4828610898 1.4689844465 1.5423644637 0.0001787697 11.5065637207 11.5062617396 11.5062775236 136.4162321565 0.0000750062 0.0004574185 0.7379193993 0.6188269035 0.1294999474 0.0137777993
-83.8359947836 0.0008646650 0.9953248213 0.9998612577 0.0000167629 0.9987670331 0.6886177853 0.9596095468 0.3421962761 0.0011392117 0.0622546478 0.2215426276 0.0001230252 0.7928661396 0.2895751890 0.0003433468 0.0485022995 0.7016146825 0.4321472784 0.6452605489 0.3280042425 0.0001875766 1.4828504862 1.4689739561 1.5423644718 0.0001787820 11.5065639428 11.5062619902 11.5062777755 136.4162355447 0.0000750097 0.0004574409 0.7378791124 0.6188454286 0.1295058696 0.0137784080
-83.8356596380 0.0008647144 0.9953244223 0.9998612457 0.0000167636 0.9987668314 0.6885792844 0.9596064590 0.3421985900 0.0011392395 0.0622515517 0.2215270949 0.0001230292 0.7928320669 0.2895797265 0.0003433633 0.0485045108 0.7016003495 0.4321203285 0.6452620687 0.3280026109 0.0001875887 1.4828487065 1.4689703870 1.5423654893 0.0001787922 11.5065673022 11.5062653689 11.5062811552 136.4162392789 0.0000750111 0.0004574630 0.7378392921 0.6188608343 0.1295118226 0.0137785087
-83.8353294153 0.0008647631 0.9953240290 0.9998612339 0.0000167644 0.9987666319 0.6885424500 0.9596040500 0.3421949761 0.0011392670 0.0622483482 0.2215116218 0.0001230332 0.7927983387 0.2895854580 0.0003433795 0.0485066898 0.7015865756 0.4320937912 0.6452641709 0.3280012782 0.0001875979 1.4828574015 1.4689749419 1.5423676891 0.0001788000 11.5065705649 11.5062686403 11.5062844273 136.4162433933 0.0000750101 0.0004574848 0.7377999450 0.6188725029 0.1295177955 0.0137779923
-83.8350041659 0.0008648110 0.9953236414 0.9998612222 0.0000167651 0.9987664349 0.6885075400 0.9596024349 0.3421841798 0.0011392940 0.0622450659 0.2214967104 0.0001230371 0.7927649612 0.2895922374 0.0003433954 0.0485088363 0.7015734216 0.4320676729 0.6452669455 0.3280002551 0.0001876036 1.4828783677 1.4689888680 1.5423712871 0.0001788048 11.5065712627 11.5062693348 11.5062851222 136.4162479182 0.0000750064 0.0004575063 0.7377610775 0.6188798214 0.1295237742 0.0137767437
-83.8346839230 0.0008648583 0.9953232595 0.9998612107 0.0000167659 0.9987662402 0.6884748339 0.9596017034 0.3421648184 0.0011393206 0.0622417556 0.2214830505 0.0001230410 0.7927319401 0.2895997966 0.0003434112 0.0485109501 0.7015609612 0.4320419799 0.6452705015 0.3279995541 0.0001876056 1.4829135283 1.4690134047 1.5423765753 0.0001788064 11.5065759948 11.5062740495 11.5062898368 136.4162528780 0.0000749996 0.0004575274 0.7377226958 0.6188823784 0.1295297384 0.0137746493
-83.8343686948 0.0008649047 0.9953228834 0.9998611994 0.0000167666 0.9987660480 0.6884446364 0.9596019711 0.3421353451 0.0011393468 0.0622384916 0.2214714580 0.0001230447 0.7926992805 0.2896077978 0.0003434266 0.0485130311 0.7015492901 0.4320167185 0.6452749842 0.3279991912 0.0001876034 1.4829649156 1.4690497700 1.5423838787 0.0001788044 11.5065815489 11.5062795709 11.5062953577 136.4162582789 0.0000749894 0.0004575482 0.7376848052 0.6188795938 0.1295356667 0.0137715890
-83.8340584643 0.0008649505 0.9953225130 0.9998611883 0.0000167673 0.9987658583 0.6884172680 0.9596033228 0.3420941226 0.0011393726 0.0622353890 0.2214629445 0.0001230485 0.7926669871 0.2896157591 0.0003434419 0.0485150794 0.7015385309 0.4319918947 0.6452805829 0.3279991869 0.0001875968 1.4830344714 1.4690989385 1.5423936025 0.0001787986 11.5065885755 11.5062865483 11.5063023339 136.4162641010 0.0000749755 0.0004575687 0.7376474107 0.6188711108 0.1295415322 0.0137674608
-83.8337531848 0.0008649955 0.9953221483 0.9998611774 0.0000167680 0.9987656710 0.6883930547 0.9596058135 0.3420394792 0.0011393980 0.0622326189 0.2214587206 0.0001230521 0.7926350640 0.2896230279 0.0003434569 0.0485170955 0.7015288413 0.4319675142 0.6452875459 0.3279995684 0.0001875855 1.4831239001 1.4691614787 1.5424062311 0.0001787889 11.5065961455 11.5062940523 11.5063098364 136.4162702793 0.0000749579 0.0004575889 0.7376105166 0.6188567744 0.1295473022 0.0137621914
-83.8334527802 0.0008650398 0.9953217892 0.9998611666 0.0000167687 0.9987654861 0.6883723164 0.9596094232 0.3419698075 0.0011394230 0.0622304256 0.2214602078 0.0001230557 0.7926035146 0.2896287389 0.0003434716 0.0485190797 0.7015204229 0.4319435818 0.6452961973 0.3280003724 0.0001875699 1.4832344938 1.4692373547 1.5424223745 0.0001787756 11.5066109261 11.5063087500 11.5063245320 136.4162766850 0.0000749368 0.0004576088 0.7375741264 0.6188369317 0.1295529350 0.0137557556
-83.8331571400 0.0008650835 0.9953214356 0.9998611560 0.0000167694 0.9987653038 0.6883553646 0.9596140876 0.3418836119 0.0011394476 0.0622291224 0.2214689594 0.0001230593 0.7925723412 0.2896318533 0.0003434862 0.0485210328 0.7015135394 0.4319201008 0.6453069714 0.3280016501 0.0001875504 1.4833670284 1.4693258259 1.5424427555 0.0001787591 11.5066321347 11.5063298610 11.5063456404 136.4162830954 0.0000749126 0.0004576283 0.7375382427 0.6188122028 0.1295583841 0.0137481751
-83.8328661232 0.0008651264 0.9953210873 0.9998611455 0.0000167700 0.9987651239 0.6883424986 0.9596196546 0.3417796174 0.0011394719 0.0622290525 0.2214867053 0.0001230628 0.7925415455 0.2896310928 0.0003435005 0.0485229557 0.7015085327 0.4318970710 0.6453204489 0.3280034735 0.0001875280 1.4835217124 1.4694253325 1.5424683082 0.0001787402 11.5066601264 11.5063577436 11.5063735202 136.4162891629 0.0000748861 0.0004576475 0.7375028673 0.6187837692 0.1295635934 0.0137395280
-83.8325795645 0.0008651687 0.9953207443 0.9998611352 0.0000167707 0.9987649465 0.6883340119 0.9596258502 0.3416568294 0.0011394957 0.0622304525 0.2215154287 0.0001230662 0.7925111283 0.2896248696 0.0003435145 0.0485248493 0.7015058393 0.4318744851 0.6453374018 0.3280059458 0.0001875044 1.4836984393 1.4695336205 1.5425003364 0.0001787204 11.5067069970 11.5064044978 11.5064202714 136.4162943892 0.0000748585 0.0004576665 0.7374680010 0.6187536215 0.1295684944 0.0137299328
-83.8322972766 0.0008652104 0.9953204062 0.9998611251 0.0000167713 0.9987647716 0.6883302291 0.9596323526 0.3415144095 0.0011395192 0.0622332107 0.2215574433 0.0001230696 0.7924810894 0.2896112788 0.0003435284 0.0485267150 0.7015060184 0.4318523204 0.6453588735 0.3280092174 0.0001874812 1.4838972301 1.4696481727 1.5425405682 0.0001787012 11.5067771747 11.5064745580 11.5064903284 136.4162981007 0.0000748312 0.0004576851 0.7374336437 0.6187240557 0.1295730105 0.0137194750
-83.8320190637 0.0008652515 0.9953200730 0.9998611151 0.0000167720 0.9987645991 0.6883315298 0.9596387658 0.3413515794 0.0011395424 0.0622367545 0.2216158534 0.0001230730 0.7924514279 0.2895878307 0.0003435421 0.0485285538 0.7015097726 0.4318305214 0.6453862757 0.3280135115 0.0001874607 1.4841177681 1.4697662516 1.5425909270 0.0001786846 11.5068844147 11.5065816857 11.5065974533 136.4162994575 0.0000748057 0.0004577035 0.7373997943 0.6186979034 0.1295770525 0.0137081279
-83.8317447331 0.0008652920 0.9953197444 0.9998611053 0.0000167726 0.9987644291 0.6883383105 0.9596446591 0.3411675788 0.0011395652 0.0622403935 0.2216952757 0.0001230763 0.7924221422 0.2895509994 0.0003435556 0.0485303669 0.7015179708 0.4318089647 0.6454215391 0.3280191657 0.0001874455 1.4843556782 1.4698837455 1.5426518156 0.0001786728 11.5070535061 11.5067506756 11.5067664408 136.4162974916 0.0000747838 0.0004577217 0.7373664510 0.6186782818 0.1295805202 0.0136956295
-83.8314740973 0.0008653319 0.9953194202 0.9998610955 0.0000167732 0.9987642614 0.6883507154 0.9596493106 0.3409629511 0.0011395877 0.0622440433 0.2218026947 0.0001230795 0.7923932297 0.2894954481 0.0003435689 0.0485321556 0.7015316831 0.4317873848 0.6454673648 0.3280267062 0.0001874393 1.4845878429 1.4699874759 1.5427173030 0.0001786692 11.5073344186 11.5070315048 11.5070472683 136.4162911905 0.0000747678 0.0004577396 0.7373336106 0.6186701255 0.1295833063 0.0136817019
-83.8312069169 0.0008653714 0.9953191003 0.9998610859 0.0000167738 0.9987640961 0.6883678521 0.9596497527 0.3407466005 0.0011396100 0.0622487468 0.2219474004 0.0001230827 0.7923646871 0.2894131365 0.0003435820 0.0485339209 0.7015522787 0.4317652243 0.6455277100 0.3280369918 0.0001874570 1.4847310828 1.4700247397 1.5427679702 0.0001786864 11.5078484800 11.5075455388 11.5075613028 136.4162796071 0.0000747692 0.0004577572 0.7373012687 0.6186921725 0.1295853131 0.0136683745
-83.8309427984 0.0008654103 0.9953187845 0.9998610765 0.0000167744 0.9987639332 0.6883864202 0.9596362580 0.3405521393 0.0011396319 0.0622562150 0.2221379054 0.0001230859 0.7923365107 0.2892934152 0.0003435950 0.0485356634 0.7015817256 0.4317412997 0.6456088675 0.3280515318 0.0001875459 1.4845987862 1.4698550919 1.5427754142 0.0001787651 11.5088865274 11.5085837496 11.5085995210 136.4162619312 0.0000748259 0.0004577747 0.7372694202 0.6188045837 0.1295865049 0.0136660782
-83.8306817714 0.0008654487 0.9953184731 0.9998610671 0.0000167750 0.9987637727 0.6884000944 0.9595992373 0.3404288557 0.0011396536 0.0622633545 0.2223757991 0.0001230890 0.7923086997 0.2891259686 0.0003436078 0.0485373819 0.7016229950 0.4317128464 0.6457216899 0.3280733383 0.0001877516 1.4840896500 1.4693882935 1.5427380479 0.0001789442 11.5111180134 11.5108156634 11.5108314525 136.4162375142 0.0000749683 0.0004577919 0.7372380617 0.6190646180 0.1295870442 0.0136875986
-83.8304256369 0.0008654865 0.9953181667 0.9998610579 0.0000167756 0.9987636146 0.6884035498 0.9595668562 0.3403550361 0.0011396748 0.0622669867 0.2226524856 0.0001230921 0.7922812585 0.2889072450 0.0003436203 0.0485390727 0.7016788878 0.4316720938 0.6458826253 0.3281096835 0.0001879292 1.4836053556 1.4689882333 1.5426584897 0.0001790991 11.5145111887 11.5142089975 11.5142247986 136.4162053301 0.0000750730 0.0004578088 0.7372071938 0.6192887389 0.1295876386 0.0137053188
-83.8301747233 0.0008655236 0.9953178654 0.9998610489 0.0000167762 0.9987634590 0.6883987257 0.9595961985 0.3403197204 0.0011396958 0.0622786044 0.2229539191 0.0001230951 0.7922541866 0.2886468994 0.0003436327 0.0485407351 0.7017744050 0.4316207736 0.6460867095 0.3281803419 0.0001877716 1.4835851591 1.4691269036 1.5424750496 0.0001789599 11.5122689485 11.5119664752 11.5119822637 136.4161631229 0.0000749569 0.0004578254 0.7371768080 0.6190901176 0.1295898956 0.0136706342
-83.8299268589 0.0008655602 0.9953175685 0.9998610400 0.0000167768 0.9987633056 0.6883903954 0.9596270658 0.3403845874 0.0011397164 0.0623000484 0.2232644594 0.0001230981 0.7922274840 0.2883710311 0.0003436449 0.0485423727 0.7019227801 0.4316441681 0.6462484549 0.3283149463 0.0001875923 1.4836359596 1.4693020225 1.5423305029 0.0001788003 11.5077010089 11.5073985190 11.5074142975 136.4161255999 0.0000748434 0.0004578418 0.7371468866 0.6188643156 0.1295955612 0.0136397075
-83.8296825348 0.0008655962 0.9953172761 0.9998610312 0.0000167773 0.9987631546 0.6883809412 0.9596369956 0.3403391774 0.0011397367 0.0623262099 0.2235631442 0.0001231011 0.7922011721 0.2881081513 0.0003436569 0.0485439859 0.7020132397 0.4317296752 0.6463300394 0.3285013959 0.0001875385 1.4836267753 1.4693349623 1.5422738477 0.0001787521 11.5060688463 11.5057664061 11.5057821820 136.4160950734 0.0000748104 0.0004578579 0.7371174231 0.6187966558 0.1296108353 0.0136296487
-83.8296760504 0.0008655972 0.9953172684 0.9998610310 0.0000167774 0.9987631506 0.6883806611 0.9596371309 0.3403380538 0.0011397373 0.0623269419 0.2235708948 0.0001231011 0.7922004739 0.2881013722 0.0003436572 0.0485440287 0.7020147615 0.4317321735 0.6463313555 0.3285064714 0.0001875378 1.4836266680 1.4693353994 1.5422729734 0.0001787515 11.5060421360 11.5057396975 11.5057554734 136.4160943111 0.0000748099 0.0004578584 0.7371166413 0.6187957338 0.1296114575 0.0136294790
