-83.2659705068 0.0009528570 0.9945856875 0.9998387738 0.0000181193 0.9985709845 0.6940373301 0.9588945683 0.3329345845 0.0011876086 0.0630652287 0.2268155921 0.0001300631 0.7944110240 0.2846794424 0.0003725007 0.0524062948 0.6988186481 0.4145900152 0.6422421843 0.3161412339 0.0001865636 1.4891723630 1.4748271328 1.5431128120 0.0001780076 11.5064560440 11.5061146641 11.5061300075 136.4220806367 0.0000733566 0.0004966694 0.7199918612 0.6175267964 0.1273789818 0.0134938665
-83.2659279980 0.0009528638 0.9945856283 0.9998387720 0.0000181194 0.9985709655 0.6940332441 0.9588929043 0.3329478503 0.0011876122 0.0630614533 0.2267897922 0.0001300636 0.7944094301 0.2847003989 0.0003725029 0.0524065957 0.6988239046 0.4145908192 0.6422494439 0.3161473588 0.0001865702 1.4891522760 1.4748077756 1.5431114659 0.0001780132 11.5063975265 11.5060561810 11.5060715252 136.4220828175 0.0000733625 0.0004966724 0.7199891008 0.6175352717 0.1273848960 0.0134956228
-83.2658430702 0.0009528776 0.9945855101 0.9998387683 0.0000181196 0.9985709275 0.6940249783 0.9588895575 0.3329746259 0.0011876196 0.0630539797 0.2267383799 0.0001300647 0.7944062465 0.2847421592 0.0003725074 0.0524071970 0.6988342262 0.4145926958 0.6422636040 0.3161598702 0.0001865836 1.4891126817 1.4747695073 1.5431089898 0.0001780245 11.5062911608 11.5059498831 11.5059652289 136.4220871914 0.0000733743 0.0004966785 0.7199835834 0.6175523380 0.1273966451 0.0134991241
-83.2657159001 0.0009528981 0.9945853330 0.9998387628 0.0000181199 0.9985708706 0.6940123363 0.9588844716 0.3330155359 0.0011876306 0.0630429481 0.2266616290 0.0001300663 0.7944014818 0.2848045055 0.0003725142 0.0524080975 0.6988492041 0.4145961512 0.6422839690 0.3161792659 0.0001866039 1.4890545258 1.4747129981 1.5431058141 0.0001780418 11.5061577562 11.5058165776 11.5058319258 136.4220937967 0.0000733919 0.0004966876 0.7199753156 0.6175783300 0.1274140927 0.0135043669
-83.2655467457 0.0009529255 0.9945850974 0.9998387555 0.0000181204 0.9985707947 0.6939950072 0.9588775459 0.3330717662 0.0011876452 0.0630285314 0.2265596506 0.0001300685 0.7943951487 0.2848873505 0.0003725232 0.0524092954 0.6988681777 0.4146018577 0.6423095619 0.3162062195 0.0001866316 1.4889789616 1.4746389932 1.5431025608 0.0001780653 11.5060249935 11.5056839431 11.5056992946 136.4221027205 0.0000734152 0.0004966997 0.7199643072 0.6176138131 0.1274370877 0.0135113656
-83.2653345462 0.0009529596 0.9945848037 0.9998387465 0.0000181209 0.9985707001 0.6939725770 0.9588686978 0.3331450249 0.0011876634 0.0630108891 0.2264319401 0.0001300711 0.7943872639 0.2849910718 0.0003725344 0.0524107883 0.6988902209 0.4146105308 0.6423392149 0.3162414670 0.0001866671 1.4888877108 1.4745487638 1.5430999681 0.0001780956 11.5059175429 11.5055766475 11.5055920030 136.4158012548 0.0000734442 0.0004967147 0.7199505712 0.6176591572 0.1274655211 0.0135201041
-83.2650835751 0.0009530002 0.9945844536 0.9998387356 0.0000181215 0.9985705868 0.6939484004 0.9588591826 0.3332183230 0.0011876851 0.0629933186 0.2262998801 0.0001300743 0.7943778496 0.2850976260 0.0003725477 0.0524125665 0.6989090042 0.4146165528 0.6423664680 0.3162742669 0.0001867057 1.4887916456 1.4744539934 1.5430977414 0.0001781285 11.5058606319 11.5055198923 11.5055352520 136.4158125739 0.0000734749 0.0004967326 0.7199341268 0.6177084959 0.1274927508 0.0135291932
-83.2647928468 0.0009530473 0.9945840476 0.9998387231 0.0000181222 0.9985704551 0.6939226789 0.9588492211 0.3332907219 0.0011877103 0.0629759332 0.2261650314 0.0001300780 0.7943669261 0.2852056941 0.0003725632 0.0524146271 0.6989246910 0.4146197888 0.6423914666 0.3163044934 0.0001867464 1.4886926320 1.4743567508 1.5430956497 0.0001781633 11.5058428836 11.5055022984 11.5055176624 136.4158237473 0.0000735065 0.0004967534 0.7199149906 0.6177604746 0.1275188129 0.0135384288
-83.2644627640 0.0009531008 0.9945835862 0.9998387088 0.0000181230 0.9985703050 0.6938956023 0.9588390224 0.3333613494 0.0011877388 0.0629588118 0.2260286201 0.0001300822 0.7943545140 0.2853142514 0.0003725807 0.0524169674 0.6989375041 0.4146201462 0.6424144054 0.3163320794 0.0001867882 1.4885921967 1.4742587093 1.5430934847 0.0001781991 11.5058452900 11.5055048565 11.5055202249 136.4158347193 0.0000735384 0.0004967770 0.7198931796 0.6178137916 0.1275437557 0.0135476428
-83.2640937246 0.0009531606 0.9945830699 0.9998386929 0.0000181239 0.9985701366 0.6938673383 0.9588287284 0.3334294722 0.0011877708 0.0629420135 0.2258916590 0.0001300868 0.7943406332 0.2854224659 0.0003726003 0.0524195846 0.6989476791 0.4146175800 0.6424354731 0.3163570058 0.0001868303 1.4884915761 1.4741611656 1.5430911235 0.0001782351 11.5058609128 11.5055206273 11.5055360001 136.4158454490 0.0000735701 0.0004968034 0.7198687108 0.6178675945 0.1275676294 0.0135567086
-83.2636861174 0.0009532266 0.9945824992 0.9998386752 0.0000181249 0.9985699501 0.6938380291 0.9588184482 0.3334945079 0.0011878060 0.0629255812 0.2257549692 0.0001300920 0.7943253034 0.2855296775 0.0003726220 0.0524224760 0.6989554376 0.4146120858 0.6424548352 0.3163792920 0.0001868724 1.4883917183 1.4740650798 1.5430884859 0.0001782711 11.5058834714 11.5055433289 11.5055587060 136.4158559075 0.0000736012 0.0004968326 0.7198416016 0.6179212300 0.1275904851 0.0135655338
-83.2632403204 0.0009532989 0.9945818746 0.9998386559 0.0000181260 0.9985697454 0.6938077901 0.9588082579 0.3335560267 0.0011878446 0.0629095455 0.2256192244 0.0001300977 0.7943085439 0.2856353579 0.0003726457 0.0524256389 0.6989609726 0.4146036893 0.6424726285 0.3163989864 0.0001869139 1.4882933303 1.4739711319 1.5430855317 0.0001783067 11.5059090025 11.5055689974 11.5055843788 136.4158660783 0.0000736316 0.0004968645 0.7198118691 0.6179742470 0.1276123727 0.0135740551
-83.2627567007 0.0009533773 0.9945811966 0.9998386350 0.0000181272 0.9985695228 0.6937767101 0.9587981979 0.3336137411 0.0011878865 0.0628939281 0.2254849823 0.0001301038 0.7942903734 0.2857390804 0.0003726715 0.0524290709 0.6989644440 0.4145924364 0.6424889621 0.3164161585 0.0001869549 1.4881969138 1.4738797710 1.5430822557 0.0001783417 11.5059384613 11.5055985873 11.5056139728 136.4158759581 0.0000736609 0.0004968991 0.7197795304 0.6180264201 0.1276333391 0.0135822336
-83.2622356109 0.0009534618 0.9945804654 0.9998386125 0.0000181285 0.9985692823 0.6937448578 0.9587883151 0.3336674634 0.0011879316 0.0628787408 0.2253526732 0.0001301104 0.7942708102 0.2858405297 0.0003726992 0.0524327694 0.6989659850 0.4145783849 0.6425039277 0.3164308917 0.0001869949 1.4881028082 1.4737912838 1.5430786459 0.0001783760 11.5059647622 11.5056250133 11.5056404029 136.4158855481 0.0000736893 0.0004969364 0.7197446026 0.6180774530 0.1276534309 0.0135900438
-83.2616773927 0.0009535523 0.9945796817 0.9998385883 0.0000181299 0.9985690241 0.6937122795 0.9587786180 0.3337171168 0.0011879800 0.0628639939 0.2252226881 0.0001301175 0.7942498722 0.2859394228 0.0003727289 0.0524367321 0.6989657023 0.4145615990 0.6425175966 0.3164432771 0.0001870340 1.4880112553 1.4737058234 1.5430747334 0.0001784095 11.5059896989 11.5056500687 11.5056654621 136.4158948560 0.0000737165 0.0004969764 0.7197071024 0.6181273039 0.1276726890 0.0135974769
-83.2610823758 0.0009536488 0.9945788457 0.9998385625 0.0000181313 0.9985687481 0.6936790039 0.9587691030 0.3337627041 0.0011880315 0.0628496939 0.2250953528 0.0001301250 0.7942275765 0.2860355295 0.0003727606 0.0524409567 0.6989636821 0.4145421458 0.6425300249 0.3164534091 0.0001870723 1.4879223977 1.4736234501 1.5430705551 0.0001784422 11.5060161919 11.5056766737 11.5056920709 136.4159038912 0.0000737426 0.0004970190 0.7196670466 0.6181760037 0.1276911515 0.0136045338
-83.2604508747 0.0009537513 0.9945779579 0.9998385351 0.0000181329 0.9985684546 0.6936450495 0.9587597845 0.3338042679 0.0011880862 0.0628358408 0.2249709009 0.0001301330 0.7942039399 0.2861286955 0.0003727942 0.0524454410 0.6989599971 0.4145200920 0.6425412620 0.3164613815 0.0001871095 1.4878363166 1.4735441734 1.5430661279 0.0001784741 11.5060386934 11.5056992810 11.5057146818 136.4159126592 0.0000737675 0.0004970643 0.7196244515 0.6182234419 0.1277088562 0.0136112170
-83.2597831936 0.0009538596 0.9945770186 0.9998385062 0.0000181345 0.9985681435 0.6936104220 0.9587506492 0.3338419126 0.0011881441 0.0628224353 0.2248495500 0.0001301415 0.7941789787 0.2862187761 0.0003728298 0.0524501829 0.6989547066 0.4144955025 0.6425513470 0.3164672858 0.0001871459 1.4877530284 1.4734679296 1.5430614919 0.0001785052 11.5060592012 11.5057198884 11.5057352928 136.4159211659 0.0000737914 0.0004971121 0.7195793334 0.6182696979 0.1277258368 0.0136175387
-83.2590796253 0.0009539738 0.9945760282 0.9998384757 0.0000181363 0.9985678151 0.6935751184 0.9587416765 0.3338757735 0.0011882051 0.0628094763 0.2247314740 0.0001301504 0.7941527085 0.2863056579 0.0003728673 0.0524551804 0.6989478592 0.4144684397 0.6425603104 0.3164712083 0.0001871814 1.4876725430 1.4733946484 1.5430566956 0.0001785356 11.5060817157 11.5057424962 11.5057579040 136.4159294165 0.0000738143 0.0004971625 0.7195317084 0.6183148980 0.1277421247 0.0136235134
-83.2583404483 0.0009540938 0.9945749871 0.9998384436 0.0000181381 0.9985674693 0.6935391338 0.9587328744 0.3339059873 0.0011882691 0.0627969566 0.2246167648 0.0001301598 0.7941251448 0.2863892943 0.0003729066 0.0524604316 0.6989394990 0.4144389621 0.6425681826 0.3164732305 0.0001872160 1.4875948228 1.4733242416 1.5430517500 0.0001785652 11.5060995118 11.5057603801 11.5057757912 136.4159374123 0.0000738361 0.0004972155 0.7194815923 0.6183589593 0.1277577526 0.0136291520
-83.2575659335 0.0009542196 0.9945738954 0.9998384100 0.0000181400 0.9985671062 0.6935024570 0.9587242113 0.3339327231 0.0011883363 0.0627848721 0.2245055224 0.0001301696 0.7940963021 0.2864696266 0.0003729479 0.0524659347 0.6989296616 0.4144071246 0.6425749859 0.3164734277 0.0001872499 1.4875198235 1.4732565950 1.5430467066 0.0001785942 11.5061192043 11.5057801543 11.5057955686 136.4159451584 0.0000738570 0.0004972710 0.7194290006 0.6184020822 0.1277727487 0.0136344732
-83.2567563380 0.0009543510 0.9945727537 0.9998383749 0.0000181420 0.9985667260 0.6934650777 0.9587156915 0.3339561358 0.0011884064 0.0627732135 0.2243977780 0.0001301799 0.7940661948 0.2865466523 0.0003729911 0.0524716878 0.6989183807 0.4143729783 0.6425807440 0.3164718693 0.0001872830 1.4874474628 1.4731915901 1.5430415723 0.0001786225 11.5061345460 11.5057955727 11.5058109901 136.4159526555 0.0000738769 0.0004973291 0.7193739487 0.6184442068 0.1277871428 0.0136394906
-83.2559119123 0.0009544882 0.9945715620 0.9998383382 0.0000181441 0.9985663287 0.6934269815 0.9587072830 0.3339764013 0.0011884796 0.0627619743 0.2242935766 0.0001301906 0.7940348366 0.2866203518 0.0003730361 0.0524776893 0.6989056836 0.4143365703 0.6425854743 0.3164686186 0.0001873155 1.4873776728 1.4731291005 1.5430363934 0.0001786503 11.5061518876 11.5058129855 11.5058284060 136.4159599087 0.0000738960 0.0004973897 0.7193164518 0.6184855331 0.1278009604 0.0136442233
-83.2550328943 0.0009546310 0.9945703208 0.9998383000 0.0000181462 0.9985659144 0.6933881568 0.9586989901 0.3339936738 0.0011885558 0.0627511438 0.2241929033 0.0001302018 0.7940022410 0.2866907550 0.0003730829 0.0524839376 0.6988915973 0.4142979442 0.6425891964 0.3164637336 0.0001873474 1.4873103564 1.4730690060 1.5430311724 0.0001786775 11.5061649976 11.5058261621 11.5058415854 136.4159669191 0.0000739142 0.0004974527 0.7192565248 0.6185260020 0.1278142286 0.0136486846
-83.2541195163 0.0009547793 0.9945690303 0.9998382603 0.0000181485 0.9985654831 0.6933485888 0.9586907799 0.3340081258 0.0011886350 0.0627407146 0.2240957644 0.0001302134 0.7939684207 0.2867578690 0.0003731316 0.0524904310 0.6988761439 0.4142571402 0.6425919246 0.3164572666 0.0001873787 1.4872454140 1.4730111648 1.5430259477 0.0001787043 11.5061803848 11.5058416109 11.5058570371 136.4159736927 0.0000739317 0.0004975182 0.7191941824 0.6185658202 0.1278269706 0.0136528944
-83.2531719990 0.0009549333 0.9945676907 0.9998382191 0.0000181508 0.9985650349 0.6933082666 0.9586826591 0.3340199009 0.0011887172 0.0627306748 0.2240021102 0.0001302254 0.7939333883 0.2868217472 0.0003731821 0.0524971681 0.6988593460 0.4142141953 0.6425936761 0.3164492656 0.0001874095 1.4871827573 1.4729554708 1.5430207186 0.0001787306 11.5061914258 11.5058527093 11.5058681382 136.4159802314 0.0000739485 0.0004975862 0.7191294392 0.6186049132 0.1278392113 0.0136568640
-83.2521905588 0.0009550928 0.9945663024 0.9998381764 0.0000181533 0.9985645700 0.6932671765 0.9586745952 0.3340291592 0.0011888023 0.0627210164 0.2239119190 0.0001302379 0.7938971557 0.2868824149 0.0003732345 0.0525041475 0.6988412217 0.4141691440 0.6425944621 0.3164397739 0.0001874399 1.4871222963 1.4729018031 1.5430155211 0.0001787566 11.5062051284 11.5058664647 11.5058818963 136.4159865421 0.0000739646 0.0004976567 0.7190623095 0.6186434873 0.1278509715 0.0136606115
-83.2511754020 0.0009552579 0.9945648654 0.9998381322 0.0000181558 0.9985640883 0.6932253096 0.9586665897 0.3340360286 0.0011888904 0.0627117268 0.2238251131 0.0001302508 0.7938597347 0.2869399448 0.0003732886 0.0525113677 0.6988217901 0.4141220180 0.6425942974 0.3164288307 0.0001874698 1.4870639459 1.4728500675 1.5430103542 0.0001787822 11.5062173894 11.5058787744 11.5058942086 136.4159926290 0.0000739800 0.0004977296 0.7189928077 0.6186815093 0.1278622739 0.0136641468
-83.2501267286 0.0009554284 0.9945633801 0.9998380866 0.0000181584 0.9985635899 0.6931826583 0.9586586364 0.3340406328 0.0011889813 0.0627027946 0.2237416207 0.0001302641 0.7938211364 0.2869944040 0.0003733446 0.0525188274 0.6988010693 0.4140728468 0.6425931961 0.3164164723 0.0001874993 1.4870076133 1.4728001607 1.5430052247 0.0001788074 11.5062266386 11.5058880686 11.5059035054 136.4159984970 0.0000739948 0.0004978048 0.7189209476 0.6187190018 0.1278731394 0.0136674821
-83.2490447342 0.0009556043 0.9945618466 0.9998380394 0.0000181610 0.9985630749 0.6931392137 0.9586507098 0.3340431038 0.0011890752 0.0626942112 0.2236613919 0.0001302779 0.7937813716 0.2870458382 0.0003734023 0.0525265253 0.6987790747 0.4140216579 0.6425911690 0.3164027310 0.0001875286 1.4869532034 1.4727519668 1.5430001573 0.0001788324 11.5062378541 11.5058993250 11.5059147643 136.4160041530 0.0000740091 0.0004978826 0.7188467431 0.6187561248 0.1278835861 0.0136706329
-83.2479296056 0.0009557857 0.9945602652 0.9998379909 0.0000181638 0.9985625434 0.6930949700 0.9586428164 0.3340435482 0.0011891719 0.0626859647 0.2235843382 0.0001302920 0.7937404509 0.2870943253 0.0003734618 0.0525344602 0.6987558225 0.4139684767 0.6425882298 0.3163876371 0.0001875575 1.4869006185 1.4727053917 1.5429951420 0.0001788571 11.5062454111 11.5059069196 11.5059223614 136.4160096006 0.0000740228 0.0004979627 0.7187702081 0.6187928123 0.1278936333 0.0136736084
-83.2467815272 0.0009559725 0.9945586361 0.9998379408 0.0000181666 0.9985619954 0.6930499195 0.9586349285 0.3340420857 0.0011892715 0.0626780468 0.2235104033 0.0001303066 0.7936983843 0.2871399134 0.0003735231 0.0525426309 0.6987313259 0.4139133275 0.6425843871 0.3163712179 0.0001875862 1.4868497737 1.4726603366 1.5429902038 0.0001788817 11.5062556704 11.5059172129 11.5059326570 136.4160148475 0.0000740361 0.0004980451 0.7186913561 0.6188292425 0.1279032966 0.0136764227
-83.2456006759 0.0009561647 0.9945569595 0.9998378893 0.0000181696 0.9985614309 0.6930040590 0.9586270507 0.3340388037 0.0011893740 0.0626704455 0.2234394846 0.0001303216 0.7936551816 0.2871826907 0.0003735862 0.0525510362 0.6987055996 0.4138562327 0.6425796530 0.3163534985 0.0001876147 1.4868006111 1.4726167443 1.5429853376 0.0001789060 11.5062648393 11.5059264124 11.5059418589 136.4160198990 0.0000740489 0.0004981300 0.7186102006 0.6188653684 0.1279125939 0.0136790819
-83.2443872242 0.0009563622 0.9945552354 0.9998378364 0.0000181726 0.9985608502 0.6929573863 0.9586191798 0.3340337885 0.0011894793 0.0626631499 0.2233714907 0.0001303371 0.7936108522 0.2872227361 0.0003736510 0.0525596750 0.6986786577 0.4137972138 0.6425740396 0.3163345024 0.0001876429 1.4867530379 1.4725745268 1.5429805405 0.0001789302 11.5062711677 11.5059327685 11.5059482174 136.4160247606 0.0000740612 0.0004982172 0.7185267549 0.6189011969 0.1279215413 0.0136815950
-83.2431413418 0.0009565650 0.9945534642 0.9998377820 0.0000181757 0.9985602531 0.6929098974 0.9586112930 0.3340271361 0.0011895874 0.0626561521 0.2233063580 0.0001303529 0.7935654052 0.2872601028 0.0003737175 0.0525685462 0.6986505120 0.4137362909 0.6425675556 0.3163142511 0.0001876710 1.4867069748 1.4725335941 1.5429758320 0.0001789542 11.5062798105 11.5059414357 11.5059568868 136.4160294397 0.0000740731 0.0004983068 0.7184410322 0.6189368763 0.1279301522 0.0136839745
-83.2418631920 0.0009567731 0.9945516460 0.9998377261 0.0000181788 0.9985596397 0.6928615913 0.9586034007 0.3340189179 0.0011896984 0.0626494410 0.2232439875 0.0001303692 0.7935188495 0.2872948750 0.0003737858 0.0525776487 0.6986211760 0.4136734832 0.6425602128 0.3162927648 0.0001876990 1.4866623382 1.4724938761 1.5429711955 0.0001789781 11.5062846889 11.5059463359 11.5059617892 136.4160339401 0.0000740846 0.0004983987 0.7183530459 0.6189723175 0.1279384415 0.0136862260
-83.2405529373 0.0009569865 0.9945497810 0.9998376689 0.0000181821 0.9985590102 0.6928124642 0.9585954764 0.3340092230 0.0011898121 0.0626430097 0.2231843194 0.0001303858 0.7934711934 0.2873271005 0.0003738558 0.0525869815 0.6985906596 0.4136088092 0.6425520178 0.3162700619 0.0001877269 1.4866190616 1.4724552961 1.5429666538 0.0001790020 11.5062927453 11.5059544110 11.5059698665 136.4160382699 0.0000740958 0.0004984929 0.7182628088 0.6190076970 0.1279464208 0.0136883611
-83.2392107343 0.0009572052 0.9945478692 0.9998376102 0.0000181854 0.9985583645 0.6927625163 0.9585875277 0.3339981085 0.0011899287 0.0626368469 0.2231272464 0.0001304029 0.7934224452 0.2873568696 0.0003739275 0.0525965435 0.6985589751 0.4135422864 0.6425429810 0.3162461600 0.0001877547 1.4865770996 1.4724178186 1.5429621970 0.0001790258 11.5062999966 11.5059616782 11.5059771360 136.4160424344 0.0000741066 0.0004985895 0.7181703340 0.6190429519 0.1279541039 0.0136903830
-83.2378367366 0.0009574290 0.9945459109 0.9998375501 0.0000181888 0.9985577027 0.6927117490 0.9585795558 0.3339856334 0.0011900480 0.0626309426 0.2230726736 0.0001304204 0.7933726128 0.2873842621 0.0003740009 0.0526063339 0.6985261342 0.4134739316 0.6425331131 0.3162210757 0.0001877824 1.4865363705 1.4723813724 1.5429578153 0.0001790495 11.5063038600 11.5059655552 11.5059810151 136.4160464389 0.0000741171 0.0004986883 0.7180756345 0.6190780616 0.1279615035 0.0136922981
-83.2364310973 0.0009576581 0.9945439063 0.9998374886 0.0000181923 0.9985570250 0.6926601599 0.9585715371 0.3339718698 0.0011901700 0.0626252906 0.2230205429 0.0001304383 0.7933217038 0.2874093247 0.0003740761 0.0526163515 0.6984921459 0.4134037614 0.6425224199 0.3161948241 0.0001878102 1.4864968242 1.4723458984 1.5429535308 0.0001790732 11.5063107623 11.5059724684 11.5059879304 136.4160502910 0.0000741273 0.0004987895 0.7179787230 0.6191131847 0.1279686290 0.0136941160
-83.2349939642 0.0009578924 0.9945418554 0.9998374257 0.0000181959 0.9985563312 0.6926077511 0.9585634794 0.3339568622 0.0011902948 0.0626198804 0.2229707522 0.0001304566 0.7932697255 0.2874321425 0.0003741529 0.0526265956 0.6984570212 0.4133317913 0.6425109108 0.3161674201 0.0001878379 1.4864584181 1.4723113646 1.5429493321 0.0001790969 11.5063169416 11.5059786560 11.5059941201 136.4160539957 0.0000741372 0.0004988929 0.7178796124 0.6191482594 0.1279754923 0.0136958391
-83.2335254833 0.0009581319 0.9945397584 0.9998373613 0.0000181995 0.9985556215 0.6925545248 0.9585553845 0.3339406573 0.0011904224 0.0626147031 0.2229232119 0.0001304752 0.7932166852 0.2874527908 0.0003742315 0.0526370651 0.6984207706 0.4132580367 0.6424985956 0.3161388774 0.0001878655 1.4864210765 1.4722777093 1.5429452089 0.0001791205 11.5063199824 11.5059817031 11.5059971693 136.4160575579 0.0000741468 0.0004989986 0.7177783154 0.6191832636 0.1279821042 0.0136974730
-83.2320258003 0.0009583765 0.9945376154 0.9998372956 0.0000182032 0.9985548960 0.6925004799 0.9585472305 0.3339233154 0.0011905526 0.0626097529 0.2228778673 0.0001304943 0.7931625897 0.2874713131 0.0003743117 0.0526477592 0.6983834023 0.4131825123 0.6424854797 0.3161092092 0.0001878932 1.4863847538 1.4722448787 1.5429411807 0.0001791442 11.5063259929 11.5059877173 11.5060031855 136.4160609847 0.0000741562 0.0004991067 0.7176748448 0.6192183458 0.1279884727 0.0136990260
-83.2304950567 0.0009586262 0.9945354266 0.9998372284 0.0000182070 0.9985541546 0.6924456192 0.9585390256 0.3339048702 0.0011906856 0.0626050204 0.2228346221 0.0001305138 0.7931074456 0.2874877897 0.0003743936 0.0526586769 0.6983449259 0.4131052328 0.6424715714 0.3160784280 0.0001879210 1.4863494155 1.4722128488 1.5429372358 0.0001791679 11.5063313491 11.5059930749 11.5060085452 136.4160642806 0.0000741653 0.0004992169 0.7175692132 0.6192534426 0.1279946078 0.0137004998
-83.2289333926 0.0009588811 0.9945331921 0.9998371599 0.0000182109 0.9985533975 0.6923899456 0.9585307723 0.3338853586 0.0011908213 0.0626004972 0.2227933922 0.0001305337 0.7930512593 0.2875022912 0.0003744772 0.0526698175 0.6983053514 0.4130262119 0.6424568799 0.3160465459 0.0001879487 1.4863149939 1.4721815665 1.5429333636 0.0001791916 11.5063336955 11.5059954209 11.5060108932 136.4160674502 0.0000741742 0.0004993294 0.7174614332 0.6192885288 0.1280005188 0.0137018988
-83.2273409485 0.0009591410 0.9945309121 0.9998370900 0.0000182149 0.9985526246 0.6923334586 0.9585224501 0.3338648310 0.0011909597 0.0625961783 0.2227541277 0.0001305540 0.7929940370 0.2875148569 0.0003745624 0.0526811799 0.6982646858 0.4129454638 0.6424414097 0.3160135743 0.0001879765 1.4862814563 1.4721509896 1.5429295839 0.0001792154 11.5063390072 11.5060007299 11.5060162042 136.4160705001 0.0000741829 0.0004994442 0.7173515176 0.6193237449 0.1280062123 0.0137032303
-83.2257178613 0.0009594061 0.9945285866 0.9998370187 0.0000182189 0.9985518361 0.6922761614 0.9585140675 0.3338433137 0.0011911007 0.0625920551 0.2227167377 0.0001305747 0.7929357847 0.2875255626 0.0003746493 0.0526927635 0.6982229381 0.4128630019 0.6424251684 0.3159795244 0.0001880044 1.4862487647 1.4721210937 1.5429258829 0.0001792393 11.5063437248 11.5060054427 11.5060209190 136.4160734343 0.0000741914 0.0004995612 0.7172394789 0.6193590276 0.1280116971 0.0137044954
-83.2240642669 0.0009596761 0.9945262158 0.9998369460 0.0000182230 0.9985510320 0.6922180570 0.9585056279 0.3338208354 0.0011912445 0.0625881197 0.2226811438 0.0001305957 0.7928765082 0.2875344743 0.0003747379 0.0527045673 0.6981801172 0.4127788394 0.6424081645 0.3159444069 0.0001880323 1.4862168647 1.4720918376 1.5429222511 0.0001792632 11.5063454644 11.5060071758 11.5060226540 136.4160762570 0.0000741996 0.0004996804 0.7171253297 0.6193943463 0.1280169814 0.0137056977
-83.2223803024 0.0009599513 0.9945237998 0.9998368719 0.0000182272 0.9985502123 0.6921591454 0.9584971113 0.3337974395 0.0011913909 0.0625843680 0.2226473014 0.0001306172 0.7928162131 0.2875416266 0.0003748281 0.0527165905 0.6981362295 0.4126929895 0.6423904015 0.3159082322 0.0001880604 1.4861857284 1.4720631817 1.5429187074 0.0001792872 11.5063502247 11.5060119273 11.5060274076 136.4160789742 0.0000742077 0.0004998019 0.7170090827 0.6194298396 0.1280220704 0.0137068438
-83.2206661016 0.0009602314 0.9945213387 0.9998367965 0.0000182315 0.9985493770 0.6920994297 0.9584885268 0.3337731456 0.0011915399 0.0625807918 0.2226151251 0.0001306391 0.7927549047 0.2875470910 0.0003749200 0.0527288323 0.6980912831 0.4126054653 0.6423718866 0.3158710103 0.0001880886 1.4861553251 1.4720351115 1.5429152385 0.0001793113 11.5063544455 11.5060161375 11.5060316197 136.4160815897 0.0000742157 0.0004999256 0.7168907505 0.6194654404 0.1280269719 0.0137079340
-83.2189217976 0.0009605165 0.9945188327 0.9998367196 0.0000182358 0.9985485263 0.6920389131 0.9584798787 0.3337479761 0.0011916916 0.0625773840 0.2225845414 0.0001306613 0.7926925883 0.2875509293 0.0003750135 0.0527412919 0.6980452864 0.4125162793 0.6423526275 0.3158327510 0.0001881168 1.4861256078 1.4720075898 1.5429118347 0.0001793354 11.5063556450 11.5060173248 11.5060328090 136.4160841071 0.0000742234 0.0005000514 0.7167703457 0.6195011135 0.1280316931 0.0137089711
-83.2171475257 0.0009608067 0.9945162818 0.9998366414 0.0000182402 0.9985476602 0.6919775953 0.9584711468 0.3337219705 0.0011918459 0.0625741410 0.2225555116 0.0001306839 0.7926292688 0.2875531711 0.0003751086 0.0527539685 0.6979982447 0.4124254443 0.6423326269 0.3157934637 0.0001881452 1.4860965435 1.4719805757 1.5429085137 0.0001793597 11.5063599689 11.5060216346 11.5060371207 136.4160865320 0.0000742311 0.0005001795 0.7166478809 0.6195370006 0.1280362383 0.0137099617
-83.2153434177 0.0009611018 0.9945136862 0.9998365619 0.0000182447 0.9985467788 0.6919154795 0.9584623407 0.3336951429 0.0011920028 0.0625710553 0.2225279551 0.0001307069 0.7925649512 0.2875538841 0.0003752053 0.0527668612 0.6979501657 0.4123329729 0.6423118915 0.3157531578 0.0001881737 1.4860681089 1.4719540604 1.5429052622 0.0001793841 11.5063638038 11.5060254535 11.5060409416 136.4160888678 0.0000742385 0.0005003098 0.7165233689 0.6195730305 0.1280406145 0.0137109056
-83.2135096055 0.0009614018 0.9945110460 0.9998364810 0.0000182493 0.9985458820 0.6918525686 0.9584534661 0.3336675103 0.0011921623 0.0625681201 0.2225018029 0.0001307303 0.7924996401 0.2875531264 0.0003753037 0.0527799692 0.6979010570 0.4122388773 0.6422904282 0.3157118425 0.0001882023 1.4860402681 1.4719280157 1.5429020713 0.0001794085 11.5063645188 11.5060261511 11.5060416412 136.4160911175 0.0000742459 0.0005004422 0.7163968224 0.6196091616 0.1280448279 0.0137118046
-83.2116462235 0.0009617068 0.9945083612 0.9998363987 0.0000182539 0.9985449699 0.6917888620 0.9584445020 0.3336391089 0.0011923244 0.0625653326 0.2224770225 0.0001307541 0.7924333401 0.2875509225 0.0003754037 0.0527932919 0.6978509234 0.4121431701 0.6422682391 0.3156695264 0.0001882311 1.4860129922 1.4719024048 1.5428989596 0.0001794332 11.5063684961 11.5060301092 11.5060456012 136.4160932865 0.0000742531 0.0005005768 0.7162682541 0.6196455386 0.1280488820 0.0137126651
-83.2097534030 0.0009620167 0.9945056321 0.9998363150 0.0000182587 0.9985440426 0.6917243626 0.9584354589 0.3336099492 0.0011924891 0.0625626856 0.2224535372 0.0001307782 0.7923660556 0.2875473366 0.0003755052 0.0528068283 0.6977997718 0.4120458634 0.6422453302 0.3156262183 0.0001882601 1.4859862555 1.4718772177 1.5428959120 0.0001794579 11.5063720299 11.5060336222 11.5060491161 136.4160953778 0.0000742602 0.0005007136 0.7161376767 0.6196820882 0.1280527832 0.0137134866
-83.2078312757 0.0009623315 0.9945028587 0.9998362300 0.0000182635 0.9985431002 0.6916590732 0.9584263431 0.3335800443 0.0011926564 0.0625601730 0.2224312824 0.0001308028 0.7922977908 0.2875424234 0.0003756084 0.0528205776 0.6977476093 0.4119469695 0.6422217079 0.3155819269 0.0001882891 1.4859600323 1.4718524336 1.5428929207 0.0001794828 11.5063723038 11.5060338738 11.5060493697 136.4160973939 0.0000742671 0.0005008525 0.7160051031 0.6197187619 0.1280565370 0.0137142703
-83.2058799760 0.0009626511 0.9945000412 0.9998361437 0.0000182683 0.9985421426 0.6915929925 0.9584171330 0.3335494291 0.0011928262 0.0625577923 0.2224102314 0.0001308277 0.7922285498 0.2875362023 0.0003757132 0.0528345391 0.6976944401 0.4118465004 0.6421973736 0.3155366606 0.0001883184 1.4859342880 1.4718280122 1.5428900037 0.0001795078 11.5063759986 11.5060375446 11.5060530424 136.4160993401 0.0000742740 0.0005009936 0.7158705461 0.6197557118 0.1280601462 0.0137150227
-83.2038996358 0.0009629757 0.9944971795 0.9998360560 0.0000182733 0.9985411699 0.6915261228 0.9584078399 0.3335181109 0.0011929986 0.0625555369 0.2223903116 0.0001308529 0.7921583366 0.2875287342 0.0003758196 0.0528487120 0.6976402705 0.4117444685 0.6421723326 0.3154904275 0.0001883479 1.4859090108 1.4718039532 1.5428871477 0.0001795330 11.5063792848 11.5060408054 11.5060563051 136.4161012188 0.0000742808 0.0005011369 0.7157340186 0.6197928582 0.1280636166 0.0137157426
-83.2018903876 0.0009633051 0.9944942740 0.9998359670 0.0000182783 0.9985401823 0.6914584663 0.9583984704 0.3334861024 0.0011931735 0.0625534010 0.2223714618 0.0001308786 0.7920871550 0.2875200709 0.0003759275 0.0528630955 0.6975851071 0.4116408855 0.6421465908 0.3154432361 0.0001883774 1.4858841659 1.4717802301 1.5428843427 0.0001795583 11.5063791324 11.5060406263 11.5060561280 136.4161030326 0.0000742874 0.0005012822 0.7155955337 0.6198301508 0.1280669533 0.0137164315
-83.1998523669 0.0009636393 0.9944913246 0.9998358766 0.0000182834 0.9985391796 0.6913900206 0.9583890027 0.3334534384 0.0011933510 0.0625513827 0.2223536600 0.0001309046 0.7920150088 0.2875102271 0.0003760371 0.0528776888 0.6975289533 0.4115357638 0.6421201488 0.3153950943 0.0001884072 1.4858597327 1.4717568120 1.5428816099 0.0001795838 11.5063825503 11.5060440158 11.5060595194 136.4161047863 0.0000742940 0.0005014297 0.7154551043 0.6198677447 0.1280701585 0.0137170953
-83.1977857072 0.0009639783 0.9944883315 0.9998357849 0.0000182885 0.9985381621 0.6913207872 0.9583794491 0.3334201237 0.0011935309 0.0625494755 0.2223368341 0.0001309310 0.7919419015 0.2874992626 0.0003761482 0.0528924910 0.6974718147 0.4114291154 0.6420930107 0.3153460100 0.0001884372 1.4858357101 1.4717337099 1.5428789350 0.0001796094 11.5063855626 11.5060469983 11.5060625039 136.4161064825 0.0000743005 0.0005015793 0.7153127436 0.6199055517 0.1280732375 0.0137177317
-83.1956905432 0.0009643222 0.9944852947 0.9998356919 0.0000182938 0.9985371296 0.6912507681 0.9583698097 0.3333861676 0.0011937134 0.0625476735 0.2223209220 0.0001309578 0.7918678366 0.2874872295 0.0003762608 0.0529075015 0.6974136969 0.4113209525 0.6420651808 0.3152959912 0.0001884674 1.4858120843 1.4717109143 1.5428763165 0.0001796352 11.5063881212 11.5060495258 11.5060650333 136.4161081249 0.0000743069 0.0005017310 0.7151684646 0.6199435731 0.1280761949 0.0137183413
-83.1935670100 0.0009646708 0.9944822145 0.9998355975 0.0000182991 0.9985360824 0.6911799648 0.9583600890 0.3333515794 0.0011938984 0.0625459721 0.2223058717 0.0001309849 0.7917928176 0.2874741718 0.0003763751 0.0529227193 0.6973546056 0.4112112869 0.6420366638 0.3152450458 0.0001884977 1.4857888373 1.4716884095 1.5428737495 0.0001796611 11.5063882489 11.5060496212 11.5060651306 136.4161097155 0.0000743133 0.0005018849 0.7150222807 0.6199817758 0.1280790349 0.0137189252
-83.1914152453 0.0009650242 0.9944790908 0.9998355018 0.0000183045 0.9985350204 0.6911083756 0.9583502696 0.3333163877 0.0011940859 0.0625443692 0.2222916594 0.0001310124 0.7917168476 0.2874601068 0.0003764908 0.0529381436 0.6972945440 0.4111001309 0.6420074607 0.3151931814 0.0001885282 1.4857659278 1.4716661552 1.5428712456 0.0001796873 11.5063911918 11.5060525302 11.5060680416 136.4161112585 0.0000743195 0.0005020408 0.7148742051 0.6200202817 0.1280817597 0.0137194891
-83.1892353857 0.0009653823 0.9944759239 0.9998354048 0.0000183099 0.9985339437 0.6910360019 0.9583403620 0.3332805951 0.0011942759 0.0625428589 0.2222782233 0.0001310403 0.7916399298 0.2874450862 0.0003766082 0.0529537737 0.6972335175 0.4109874964 0.6419775755 0.3151404058 0.0001885590 1.4857433675 1.4716441640 1.5428687972 0.0001797136 11.5063937222 11.5060550256 11.5060705388 136.4161127557 0.0000743257 0.0005021988 0.7147242512 0.6200590190 0.1280843736 0.0137200309
-83.1870275688 0.0009657451 0.9944727139 0.9998353064 0.0000183154 0.9985328523 0.6909628446 0.9583303709 0.3332442121 0.0011944683 0.0625414367 0.2222655122 0.0001310686 0.7915620674 0.2874291531 0.0003767270 0.0529696087 0.6971715313 0.4108733954 0.6419470127 0.3150867268 0.0001885899 1.4857211181 1.4716224079 1.5428663946 0.0001797400 11.5063935428 11.5060548100 11.5060703252 136.4161142092 0.0000743319 0.0005023589 0.7145724326 0.6200979517 0.1280868806 0.0137205521
-83.1847919354 0.0009661127 0.9944694607 0.9998352068 0.0000183210 0.9985317463 0.6908889014 0.9583202786 0.3332072648 0.0011946632 0.0625401008 0.2222535059 0.0001310971 0.7914832633 0.2874123214 0.0003768475 0.0529856478 0.6971085885 0.4107578402 0.6419157724 0.3150321518 0.0001886211 1.4856991643 1.4716008644 1.5428640548 0.0001797667 11.5063964276 11.5060576571 11.5060731743 136.4161156226 0.0000743379 0.0005025210 0.7144187627 0.6201372062 0.1280892823 0.0137210575
-83.1825286249 0.0009664849 0.9944661647 0.9998351058 0.0000183267 0.9985306258 0.6908141730 0.9583100957 0.3331697564 0.0011948605 0.0625388457 0.2222421436 0.0001311261 0.7914035204 0.2873946421 0.0003769694 0.0530018902 0.6970446939 0.4106408428 0.6418838584 0.3149766886 0.0001886524 1.4856775044 1.4715795388 1.5428617670 0.0001797935 11.5063989319 11.5060601226 11.5060756418 136.4161169981 0.0000743440 0.0005026852 0.7142632552 0.6201767087 0.1280915832 0.0137215451
-83.1802377781 0.0009668619 0.9944628258 0.9998350035 0.0000183324 0.9985294907 0.6907386602 0.9582998286 0.3331316950 0.0011950602 0.0625376667 0.2222313746 0.0001311554 0.7913228415 0.2873761579 0.0003770929 0.0530183349 0.6969798526 0.4105224153 0.6418512749 0.3149203448 0.0001886840 1.4856561131 1.4715584120 1.5428595224 0.0001798205 11.5063984495 11.5060596004 11.5060751215 136.4161183370 0.0000743499 0.0005028515 0.7141059239 0.6202164135 0.1280937868 0.0137220157
-83.1779195395 0.0009672434 0.9944594442 0.9998348999 0.0000183382 0.9985283413 0.6906623596 0.9582894577 0.3330931084 0.0011952624 0.0625365624 0.2222211830 0.0001311851 0.7912412294 0.2873568789 0.0003772178 0.0530349812 0.6969140672 0.4104025702 0.6418180213 0.3148631278 0.0001887158 1.4856349725 1.4715374589 1.5428573394 0.0001798477 11.5064012749 11.5060623846 11.5060779077 136.4161196435 0.0000743558 0.0005030198 0.7139467825 0.6202564589 0.1280958945 0.0137224745
-83.1755740522 0.0009676296 0.9944560201 0.9998347950 0.0000183441 0.9985271774 0.6905852715 0.9582789941 0.3330540000 0.0011954670 0.0625355275 0.2222115085 0.0001312151 0.7911586867 0.2873368555 0.0003773443 0.0530518282 0.6968473421 0.4102813198 0.6417841008 0.3148050453 0.0001887478 1.4856140774 1.4715166820 1.5428552056 0.0001798751 11.5064037473 11.5060648147 11.5060803398 136.4161209193 0.0000743617 0.0005031901 0.7137858451 0.6202967671 0.1280979104 0.0137229196
-83.1732014608 0.0009680205 0.9944525535 0.9998346889 0.0000183501 0.9985259992 0.6905073957 0.9582684455 0.3330143775 0.0011956740 0.0625345573 0.2222023010 0.0001312455 0.7910752161 0.2873161296 0.0003774723 0.0530688751 0.6967796822 0.4101586762 0.6417495175 0.3147461050 0.0001887800 1.4855934147 1.4714960719 1.5428531145 0.0001799027 11.5064029556 11.5060639799 11.5060795069 136.4161221659 0.0000743676 0.0005033625 0.7136231257 0.6203372842 0.1280998382 0.0137233512
-83.1708019139 0.0009684159 0.9944490445 0.9998345814 0.0000183561 0.9985248068 0.6904287276 0.9582577903 0.3329742736 0.0011958834 0.0625336508 0.2221935475 0.0001312762 0.7909908200 0.2872947083 0.0003776018 0.0530861209 0.6967110894 0.4100346519 0.6417142701 0.3146863141 0.0001888125 1.4855729507 1.4714755906 1.5428510826 0.0001799305 11.5064056866 11.5060666664 11.5060821954 136.4161233873 0.0000743734 0.0005035369 0.7134586384 0.6203781625 0.1281016788 0.0137237754
-83.1683755590 0.0009688159 0.9944454933 0.9998344726 0.0000183622 0.9985236001 0.6903492668 0.9582470420 0.3329336885 0.0011960951 0.0625328024 0.2221851853 0.0001313073 0.7909055010 0.2872726431 0.0003777328 0.0531035647 0.6966415678 0.4099092596 0.6416783607 0.3146256803 0.0001888453 1.4855527157 1.4714552698 1.5428491016 0.0001799584 11.5064080630 11.5060689972 11.5060845283 136.4161245854 0.0000743792 0.0005037133 0.7132923975 0.6204193087 0.1281034363 0.0137241881
-83.1659225457 0.0009692205 0.9944419001 0.9998343625 0.0000183683 0.9985223793 0.6902690128 0.9582362010 0.3328926290 0.0011963093 0.0625320074 0.2221771608 0.0001313388 0.7908192615 0.2872499787 0.0003778653 0.0531212057 0.6965711214 0.4097825118 0.6416417920 0.3145642110 0.0001888782 1.4855327025 1.4714351063 1.5428471700 0.0001799866 11.5064100349 11.5060709226 11.5060864557 136.4161257632 0.0000743849 0.0005038917 0.7131244174 0.6204607218 0.1281051141 0.0137245894
-83.1634430250 0.0009696296 0.9944382649 0.9998342512 0.0000183746 0.9985211444 0.6901879650 0.9582252712 0.3328511056 0.0011965257 0.0625312616 0.2221694293 0.0001313705 0.7907321039 0.2872267524 0.0003779992 0.0531390430 0.6964997545 0.4096544209 0.6416045671 0.3145019139 0.0001889114 1.4855128759 1.4714150725 1.5428452795 0.0001800150 11.5064096806 11.5060705209 11.5060860560 136.4161269222 0.0000743906 0.0005040721 0.7129547125 0.6205023734 0.1281067155 0.0137249809
-83.1609371512 0.0009700432 0.9944345878 0.9998341385 0.0000183809 0.9985198954 0.6901061195 0.9582142376 0.3328091410 0.0011967445 0.0625305635 0.2221619731 0.0001314027 0.7906440304 0.2872029761 0.0003781347 0.0531570756 0.6964274691 0.4095249998 0.6415666851 0.3144387964 0.0001889448 1.4854932435 1.4713951618 1.5428434495 0.0001800436 11.5064121333 11.5060729250 11.5060884621 136.4161280658 0.0000743963 0.0005042545 0.7127832976 0.6205443716 0.1281082417 0.0137253659
-83.1584050784 0.0009704614 0.9944308691 0.9998340246 0.0000183872 0.9985186325 0.6900234755 0.9582031093 0.3327667406 0.0011969657 0.0625299083 0.2221547361 0.0001314351 0.7905550434 0.2871786962 0.0003782715 0.0531753026 0.6963542693 0.4093942610 0.6415281485 0.3143748659 0.0001889784 1.4854737888 1.4713753677 1.5428416672 0.0001800724 11.5064142220 11.5060749642 11.5060905033 136.4161291956 0.0000744020 0.0005044389 0.7126101872 0.6205866522 0.1281096961 0.0137257433
-83.1558469623 0.0009708840 0.9944271088 0.9998339094 0.0000183937 0.9985173557 0.6899400318 0.9581918923 0.3327239127 0.0011971892 0.0625292914 0.2221476718 0.0001314680 0.7904651451 0.2871539515 0.0003784099 0.0531937231 0.6962801592 0.4092622172 0.6414889605 0.3143101302 0.0001890123 1.4854544934 1.4713556788 1.5428399259 0.0001801013 11.5064136413 11.5060743332 11.5060898743 136.4161303129 0.0000744076 0.0005046252 0.7124353963 0.6206291739 0.1281110820 0.0137261134
-83.1532629628 0.0009713111 0.9944233070 0.9998337929 0.0000184001 0.9985160650 0.6898557840 0.9581805692 0.3326806826 0.0011974149 0.0625287119 0.2221407645 0.0001315011 0.7903743377 0.2871287518 0.0003785497 0.0532123361 0.6962051406 0.4091288815 0.6414491196 0.3142445967 0.0001890464 1.4854353589 1.4713360799 1.5428382455 0.0001801305 11.5064161638 11.5060768042 11.5060923474 136.4161314213 0.0000744133 0.0005048135 0.7122589398 0.6206720600 0.1281124003 0.0137264803
-83.1506532393 0.0009717426 0.9944194640 0.9998336752 0.0000184067 0.9985147605 0.6897707307 0.9581691502 0.3326370551 0.0011976430 0.0625281643 0.2221339561 0.0001315346 0.7902826234 0.2871031452 0.0003786909 0.0532311406 0.6961292173 0.4089942667 0.6414086282 0.3141782730 0.0001890808 1.4854163696 1.4713165703 1.5428366124 0.0001801600 11.5064183521 11.5060789402 11.5060944855 136.4161325223 0.0000744189 0.0005050038 0.7120808329 0.6207152395 0.1281136547 0.0137268423
-83.1480179530 0.0009721785 0.9944155798 0.9998335562 0.0000184133 0.9985134424 0.6896848705 0.9581576426 0.3325930379 0.0011978733 0.0625276444 0.2221271985 0.0001315684 0.7901900043 0.2870771720 0.0003788336 0.0532501357 0.6960523936 0.4088583859 0.6413674893 0.3141111669 0.0001891154 1.4853975141 1.4712971395 1.5428350199 0.0001801896 11.5064175502 11.5060780854 11.5060936327 136.4161336173 0.0000744245 0.0005051959 0.7119010909 0.6207586627 0.1281148485 0.0137271997
-83.1453572696 0.0009726188 0.9944116546 0.9998334360 0.0000184200 0.9985121105 0.6895981981 0.9581460268 0.3325486590 0.0011981059 0.0625271511 0.2221204777 0.0001316026 0.7900964826 0.2870508400 0.0003789777 0.0532693204 0.6959746710 0.4087212522 0.6413257010 0.3140432859 0.0001891503 1.4853787868 1.4712777694 1.5428334889 0.0001802194 11.5064201261 11.5060806073 11.5060961567 136.4161347101 0.0000744301 0.0005053900 0.7117197291 0.6208024673 0.1281159823 0.0137275568
-83.1426713544 0.0009730635 0.9944076886 0.9998333145 0.0000184268 0.9985107651 0.6895107118 0.9581343140 0.3325039231 0.0011983407 0.0625266789 0.2221137343 0.0001316371 0.7900020604 0.2870241987 0.0003791232 0.0532886936 0.6958960531 0.4085828789 0.6412832654 0.3139746377 0.0001891855 1.4853601782 1.4712584611 1.5428320061 0.0001802495 11.5064223934 11.5060828197 11.5060983712 136.4161358022 0.0000744357 0.0005055860 0.7115367630 0.6208465760 0.1281170599 0.0137279120
-83.1399603745 0.0009735126 0.9944036818 0.9998331917 0.0000184336 0.9985094062 0.6894224096 0.9581225120 0.3324588396 0.0011985778 0.0625262234 0.2221069179 0.0001316719 0.7899067398 0.2869972899 0.0003792702 0.0533082543 0.6958165442 0.4084432792 0.6412401854 0.3139052301 0.0001892209 1.4853416723 1.4712392024 1.5428305638 0.0001802798 11.5064213631 11.5060817341 11.5060972877 136.4161368950 0.0000744413 0.0005057840 0.7113522083 0.6208909342 0.1281180847 0.0137282653
-83.1372245021 0.0009739660 0.9943996345 0.9998330677 0.0000184405 0.9985080338 0.6893332851 0.9581105998 0.3324134403 0.0011988171 0.0625257836 0.2221000154 0.0001317071 0.7898105229 0.2869701202 0.0003794185 0.0533280015 0.6957361454 0.4083024666 0.6411964585 0.3138350708 0.0001892566 1.4853232641 1.4712199736 1.5428291850 0.0001803103 11.5064239447 11.5060842592 11.5060998150 136.4161379926 0.0000744469 0.0005059838 0.7111660809 0.6209356910 0.1281190573 0.0137286218
-83.1344639087 0.0009744237 0.9943955468 0.9998329425 0.0000184475 0.9985066481 0.6892433357 0.9580985900 0.3323677288 0.0011990587 0.0625253538 0.2220929624 0.0001317426 0.7897134117 0.2869427423 0.0003795683 0.0533479342 0.6956548600 0.4081604548 0.6411520862 0.3137641675 0.0001892925 1.4853049587 1.4712007898 1.5428278561 0.0001803410 11.5064262136 11.5060864710 11.5061020289 136.4161390968 0.0000744525 0.0005061855 0.7109783967 0.6209807583 0.1281199815 0.0137289783
-83.1316787687 0.0009748857 0.9943914188 0.9998328160 0.0000184545 0.9985052491 0.6891525596 0.9580864837 0.3323217122 0.0011993024 0.0625249289 0.2220857024 0.0001317784 0.7896154084 0.2869152030 0.0003797194 0.0533680512 0.6955726917 0.4080172574 0.6411070701 0.3136925280 0.0001893287 1.4852867632 1.4711816576 1.5428265787 0.0001803720 11.5064281259 11.5060883254 11.5061038855 136.4161402107 0.0000744581 0.0005063891 0.7107891719 0.6210261319 0.1281208607 0.0137293344
-83.1288692587 0.0009753519 0.9943872507 0.9998326883 0.0000184616 0.9985038368 0.6890609544 0.9580742856 0.3322754008 0.0011995483 0.0625245046 0.2220781877 0.0001318145 0.7895165149 0.2868875423 0.0003798720 0.0533883514 0.6954896442 0.4078728880 0.6410614125 0.3136201604 0.0001893652 1.4852686572 1.4711625571 1.5428253468 0.0001804032 11.5064276165 11.5060877577 11.5061033199 136.4161413360 0.0000744637 0.0005065945 0.7105984227 0.6210717784 0.1281216980 0.0137296908
-83.1260355591 0.0009758224 0.9943830428 0.9998325594 0.0000184688 0.9985024114 0.6889685147 0.9580619789 0.3322288217 0.0011997963 0.0625240792 0.2220703975 0.0001318510 0.7894167336 0.2868597740 0.0003800259 0.0534088339 0.6954057192 0.4077273605 0.6410151118 0.3135470722 0.0001894019 1.4852506225 1.4711434644 1.5428241764 0.0001804346 11.5064300557 11.5060901377 11.5061057021 136.4161424761 0.0000744694 0.0005068018 0.7104061655 0.6211178174 0.1281224945 0.0137300522
-83.1231778507 0.0009762971 0.9943787951 0.9998324292 0.0000184760 0.9985009729 0.6888752383 0.9580495740 0.3321819793 0.0012000466 0.0625236471 0.2220622711 0.0001318877 0.7893160664 0.2868319486 0.0003801811 0.0534294974 0.6953209203 0.4075806888 0.6409681697 0.3134732717 0.0001894389 1.4852326646 1.4711243883 1.5428230587 0.0001804663 11.5064321762 11.5060921984 11.5061077649 136.4161436330 0.0000744750 0.0005070109 0.7102124170 0.6211641780 0.1281232539 0.0137304165
-83.1202963170 0.0009767760 0.9943745078 0.9998322978 0.0000184833 0.9984995214 0.6887811225 0.9580370771 0.3321348830 0.0012002989 0.0625232038 0.2220537563 0.0001319248 0.7892145154 0.2868041096 0.0003803378 0.0534503407 0.6952352516 0.4074328868 0.6409205890 0.3133987667 0.0001894762 1.4852147662 1.4711053143 1.5428219873 0.0001804982 11.5064315177 11.5060914796 11.5061070484 136.4161448083 0.0000744806 0.0005072219 0.7100171939 0.6212108168 0.1281239793 0.0137307840
-83.1173911460 0.0009772590 0.9943701811 0.9998321652 0.0000184906 0.9984980570 0.6886861615 0.9580244690 0.3320875623 0.0012005534 0.0625227473 0.2220448325 0.0001319622 0.7891120830 0.2867762707 0.0003804957 0.0534713629 0.6951487145 0.4072839688 0.6408723676 0.3133235652 0.0001895138 1.4851969048 1.4710862131 1.5428209793 0.0001805303 11.5064341083 11.5060940092 11.5061095801 136.4161460058 0.0000744863 0.0005074347 0.7098205131 0.6212578689 0.1281246718 0.0137311600
-83.1144625259 0.0009777462 0.9943658152 0.9998320315 0.0000184980 0.9984965797 0.6885903528 0.9580117611 0.3320400209 0.0012008100 0.0625222720 0.2220354348 0.0001320000 0.7890087711 0.2867484861 0.0003806551 0.0534925626 0.6950613128 0.4071339490 0.6408235074 0.3132476754 0.0001895517 1.4851790884 1.4710670948 1.5428200253 0.0001805627 11.5064364024 11.5060962417 11.5061118149 136.4161472277 0.0000744920 0.0005076493 0.7096223918 0.6213052567 0.1281253354 0.0137315422
-83.1115106476 0.0009782375 0.9943614102 0.9998318965 0.0000185055 0.9984950897 0.6884936935 0.9579989606 0.3319922692 0.0012010687 0.0625217727 0.2220255069 0.0001320380 0.7889045821 0.2867208029 0.0003808157 0.0535139387 0.6949730508 0.4069828416 0.6407740111 0.3131711056 0.0001895898 1.4851612982 1.4710479452 1.5428191186 0.0001805953 11.5064355788 11.5060953562 11.5061109317 136.4161484758 0.0000744978 0.0005078657 0.7094228473 0.6213529306 0.1281259735 0.0137319309
-83.1085357072 0.0009787329 0.9943569664 0.9998317603 0.0000185130 0.9984935870 0.6883961768 0.9579860464 0.3319443394 0.0012013295 0.0625212476 0.2220150270 0.0001320763 0.7887995182 0.2866932353 0.0003809777 0.0535354899 0.6948839297 0.4068306614 0.6407238762 0.3130938639 0.0001896282 1.4851435114 1.4710287314 1.5428182783 0.0001806282 11.5064382606 11.5060979754 11.5061135531 136.4161497545 0.0000745035 0.0005080839 0.7092218969 0.6214010388 0.1281265873 0.0137323320
-83.1055379009 0.0009792323 0.9943524840 0.9998316229 0.0000185206 0.9984920717 0.6882978000 0.9579730313 0.3318962340 0.0012015923 0.0625206902 0.2220039234 0.0001321150 0.7886935817 0.2866658427 0.0003811410 0.0535572151 0.6947939534 0.4066774230 0.6406731042 0.3130159585 0.0001896670 1.4851257441 1.4710094752 1.5428174941 0.0001806614 11.5064406435 11.5061002952 11.5061158752 136.4161510662 0.0000745093 0.0005083039 0.7090195583 0.6214494937 0.1281271808 0.0137327419
-83.1025174284 0.0009797358 0.9943479630 0.9998314843 0.0000185283 0.9984905439 0.6881985607 0.9579599161 0.3318479601 0.0012018572 0.0625200948 0.2219921317 0.0001321539 0.7885867749 0.2866386793 0.0003813056 0.0535791129 0.6947031255 0.4065231412 0.6406216967 0.3129373978 0.0001897060 1.4851080003 1.4709901782 1.5428167678 0.0001806948 11.5064426764 11.5061022647 11.5061178470 136.4161524146 0.0000745152 0.0005085256 0.7088158494 0.6214982935 0.1281277577 0.0137331607
-83.0994744920 0.0009802433 0.9943434038 0.9998313446 0.0000185360 0.9984890037 0.6880984565 0.9579467045 0.3317995282 0.0012021241 0.0625194562 0.2219795954 0.0001321932 0.7884791003 0.2866117928 0.0003814715 0.0536011821 0.6946114504 0.4063678309 0.6405696561 0.3128581904 0.0001897453 1.4850902463 1.4709708110 1.5428160924 0.0001807284 11.5064424941 11.5061020187 11.5061176034 136.4161538020 0.0000745210 0.0005087490 0.7086107882 0.6215474125 0.1281283217 0.0137335898
-83.0964092984 0.0009807547 0.9943388066 0.9998312037 0.0000185437 0.9984874512 0.6879974819 0.9579333806 0.3317509632 0.0012023930 0.0625187716 0.2219662823 0.0001322327 0.7883705603 0.2865852078 0.0003816387 0.0536234214 0.6945189301 0.4062115071 0.6405169812 0.3127783446 0.0001897850 1.4850724649 1.4709513494 1.5428154838 0.0001807623 11.5064451254 11.5061045858 11.5061201728 136.4161552325 0.0000745270 0.0005089742 0.7084043928 0.6215969639 0.1281288742 0.0137340339
-83.0933220556 0.0009812701 0.9943341715 0.9998310616 0.0000185516 0.9984858865 0.6878956349 0.9579199542 0.3317022677 0.0012026639 0.0625180345 0.2219521217 0.0001322726 0.7882611574 0.2865589841 0.0003818071 0.0536458294 0.6944255687 0.4060541850 0.6404636741 0.3126978689 0.0001898249 1.4850546612 1.4709317992 1.5428149345 0.0001807965 11.5064474493 11.5061068451 11.5061224345 136.4161567087 0.0000745330 0.0005092011 0.7081966816 0.6216468812 0.1281294195 0.0137344912
-83.0902129745 0.0009817894 0.9943294988 0.9998309184 0.0000185595 0.9984843096 0.6877929133 0.9579064305 0.3316534502 0.0012029368 0.0625172392 0.2219370506 0.0001323127 0.7881508944 0.2865331757 0.0003819768 0.0536684049 0.6943313710 0.4058958797 0.6404097377 0.3126167722 0.0001898652 1.4850368057 1.4709121366 1.5428144374 0.0001808309 11.5064471797 11.5061065108 11.5061221026 136.4161582332 0.0000745390 0.0005094298 0.7079876733 0.6216971287 0.1281299614 0.0137349629
-83.0870822715 0.0009823126 0.9943247887 0.9998307740 0.0000185674 0.9984827206 0.6876893118 0.9578927911 0.3316045362 0.0012032116 0.0625163826 0.2219210352 0.0001323531 0.7880397737 0.2865078087 0.0003821478 0.0536911464 0.6942363392 0.4057366067 0.6403551707 0.3125350629 0.0001899058 1.4850188708 1.4708923277 1.5428140086 0.0001808657 11.5064500528 11.5061093188 11.5061249130 136.4161598106 0.0000745451 0.0005096601 0.7077773866 0.6217478371 0.1281305016 0.0137354544
-83.0839301635 0.0009828396 0.9943200414 0.9998306284 0.0000185754 0.9984811197 0.6875848289 0.9578790468 0.3315555259 0.0012034884 0.0625154576 0.2219039983 0.0001323938 0.7879277982 0.2864829493 0.0003823200 0.0537140526 0.6941404780 0.4055763818 0.6402999756 0.3124527501 0.0001899467 1.4850008620 1.4708723781 1.5428136399 0.0001809007 11.5064526516 11.5061118523 11.5061274490 136.4161614438 0.0000745513 0.0005098921 0.7075658406 0.6217989338 0.1281310447 0.0137359639
-83.0807568712 0.0009833705 0.9943152571 0.9998304818 0.0000185835 0.9984795070 0.6874794630 0.9578652040 0.3315064253 0.0012037671 0.0625144580 0.2218858710 0.0001324348 0.7878149708 0.2864586574 0.0003824935 0.0537371220 0.6940437924 0.4054152204 0.6402441559 0.3123698426 0.0001899880 1.4849827469 1.4708522635 1.5428133232 0.0001809360 11.5064523133 11.5061114488 11.5061270479 136.4161631357 0.0000745575 0.0005101258 0.7073530545 0.6218503760 0.1281315948 0.0137364925
-83.0775626209 0.0009839051 0.9943104361 0.9998303340 0.0000185916 0.9984778825 0.6873732092 0.9578512421 0.3314572593 0.0012040477 0.0625133803 0.2218666175 0.0001324761 0.7877012943 0.2864349615 0.0003826682 0.0537603532 0.6939462851 0.4052531385 0.6401877103 0.3122863494 0.0001900296 1.4849645020 1.4708319483 1.5428130780 0.0001809716 11.5064554169 11.5061144868 11.5061300883 136.4161648915 0.0000745638 0.0005103611 0.7071390477 0.6219023083 0.1281321537 0.0137370463
-83.0743476396 0.0009844436 0.9943055787 0.9998301850 0.0000185998 0.9984762464 0.6872660664 0.9578371721 0.3314080274 0.0012043302 0.0625122171 0.2218461549 0.0001325177 0.7875867719 0.2864119339 0.0003828441 0.0537837447 0.6938479610 0.4050901523 0.6401306417 0.3122022795 0.0001900716 1.4849461110 1.4708114251 1.5428128921 0.0001810075 11.5064582759 11.5061172801 11.5061328842 136.4161667145 0.0000745703 0.0005105980 0.7069238398 0.6219546577 0.1281327265 0.0137376240
-83.0711121583 0.0009849857 0.9943006850 0.9998300350 0.0000186080 0.9984745987 0.6871580339 0.9578230010 0.3313587337 0.0012046146 0.0625109612 0.2218244080 0.0001325596 0.7874714067 0.2863896408 0.0003830212 0.0538072950 0.6937488260 0.4049262778 0.6400729542 0.3121176423 0.0001901139 1.4849275424 1.4707906675 1.5428127577 0.0001810437 11.5064578768 11.5061168157 11.5061324223 136.4161686079 0.0000745768 0.0005108366 0.7067074508 0.6220073757 0.1281333177 0.0137382272
-83.0678564141 0.0009855315 0.9942957553 0.9998298838 0.0000186163 0.9984729396 0.6870491066 0.9578087066 0.3313094032 0.0012049008 0.0625096091 0.2218013379 0.0001326017 0.7873552020 0.2863681141 0.0003831995 0.0538310026 0.6936488827 0.4047615315 0.6400146467 0.3120324469 0.0001901566 1.4849087714 1.4707696365 1.5428126966 0.0001810802 11.5064611721 11.5061200454 11.5061356546 136.4161705777 0.0000745834 0.0005110768 0.7064899007 0.6220606200 0.1281339294 0.0137388623
-83.0645806452 0.0009860810 0.9942907899 0.9998297315 0.0000186246 0.9984712692 0.6869392844 0.9577943015 0.3312600308 0.0012051888 0.0625081522 0.2217768525 0.0001326441 0.7872381611 0.2863474343 0.0003833789 0.0538548660 0.6935481366 0.4045959300 0.6399557220 0.3119467027 0.0001901997 1.4848897937 1.4707483379 1.5428126969 0.0001811171 11.5064642237 11.5061230315 11.5061386432 136.4161726278 0.0000745901 0.0005113186 0.7062712100 0.6221143070 0.1281345668 0.0137395273
-83.0612850942 0.0009866341 0.9942857891 0.9998295782 0.0000186330 0.9984695875 0.6868285680 0.9577797850 0.3312106156 0.0012054787 0.0625065827 0.2217508666 0.0001326867 0.7871202877 0.2863276779 0.0003835596 0.0538788835 0.6934465935 0.4044294901 0.6398961838 0.3118604191 0.0001902431 1.4848705797 1.4707267449 1.5428127560 0.0001811543 11.5064669934 11.5061257358 11.5061413501 136.4161747636 0.0000745970 0.0005115619 0.7060513991 0.6221684456 0.1281352350 0.0137402239
-83.0579700076 0.0009871908 0.9942807531 0.9998294237 0.0000186415 0.9984678948 0.6867169582 0.9577651613 0.3311611568 0.0012057703 0.0625048931 0.2217233019 0.0001327297 0.7870015853 0.2863089159 0.0003837414 0.0539030535 0.6933442596 0.4042622285 0.6398360365 0.3117736058 0.0001902870 1.4848510917 1.4707048246 1.5428128688 0.0001811917 11.5064673592 11.5061260366 11.5061416536 136.4161769891 0.0000746040 0.0005118068 0.7058304888 0.6222230077 0.1281359389 0.0137409547
-83.0546356377 0.0009877511 0.9942756822 0.9998292682 0.0000186500 0.9984661910 0.6866044534 0.9577504124 0.3311116681 0.0012060638 0.0625030785 0.2216941073 0.0001327729 0.7868820578 0.2862911943 0.0003839243 0.0539273744 0.6932411393 0.4040941624 0.6397752810 0.3116862725 0.0001903312 1.4848312971 1.4706825327 1.5428130523 0.0001812296 11.5064707907 11.5061294031 11.5061450228 136.4161793103 0.0000746111 0.0005120533 0.7056085004 0.6222781232 0.1281366812 0.0137417256
-83.0512822389 0.0009883149 0.9942705767 0.9998291116 0.0000186585 0.9984644765 0.6864910558 0.9577355473 0.3310621409 0.0012063589 0.0625011300 0.2216631892 0.0001328163 0.7867617092 0.2862745987 0.0003841084 0.0539518445 0.6931372391 0.4039253088 0.6397139219 0.3115984288 0.0001903759 1.4848111614 1.4706598470 1.5428132944 0.0001812678 11.5064739857 11.5061325335 11.5061481559 136.4161817317 0.0000746184 0.0005123013 0.7053854550 0.6223337334 0.1281374676 0.0137425373
-83.0479100698 0.0009888821 0.9942654369 0.9998289539 0.0000186671 0.9984627511 0.6863767682 0.9577205706 0.3310125702 0.0012066558 0.0624990393 0.2216304615 0.0001328600 0.7866405436 0.2862592094 0.0003842936 0.0539764621 0.6930325665 0.4037556851 0.6396519651 0.3115100849 0.0001904210 1.4847906244 1.4706367161 1.5428135850 0.0001813064 11.5064744185 11.5061329023 11.5061485275 136.4161842578 0.0000746258 0.0005125508 0.7051613743 0.6223898081 0.1281383035 0.0137433932
-83.0445193961 0.0009894528 0.9942602630 0.9998287952 0.0000186758 0.9984610152 0.6862615905 0.9577054622 0.3309629651 0.0012069544 0.0624968012 0.2215958697 0.0001329040 0.7865185652 0.2862450776 0.0003844799 0.0540012255 0.6929271265 0.4035853090 0.6395894121 0.3114212506 0.0001904666 1.4847696545 1.4706130964 1.5428139447 0.0001813454 11.5064782332 11.5061366532 11.5061522812 136.4161868955 0.0000746335 0.0005128017 0.7049362801 0.6224464916 0.1281391920 0.0137442998
-83.0411104855 0.0009900268 0.9942550555 0.9998286354 0.0000186845 0.9984592687 0.6861455270 0.9576902318 0.3309133106 0.0012072546 0.0624944058 0.2215593127 0.0001329482 0.7863957786 0.2862322983 0.0003846673 0.0540261328 0.6928209270 0.4034141982 0.6395262688 0.3113319362 0.0001905126 1.4847482097 1.4705889569 1.5428143600 0.0001813848 11.5064818426 11.5061401994 11.5061558303 136.4161896500 0.0000746413 0.0005130542 0.7047101945 0.6225037222 0.1281401394 0.0137452583
-83.0376836106 0.0009906043 0.9942498146 0.9998284746 0.0000186933 0.9984575119 0.6860285827 0.9576748847 0.3308635953 0.0012075566 0.0624918442 0.2215206973 0.0001329927 0.7862721884 0.2862209612 0.0003848557 0.0540511822 0.6927139763 0.4032423706 0.6394625421 0.3112421523 0.0001905590 1.4847262257 1.4705642441 1.5428148211 0.0001814245 11.5064823557 11.5061406502 11.5061562839 136.4161925265 0.0000746493 0.0005133081 0.7044831400 0.6225614645 0.1281411515 0.0137462724
-83.0342390513 0.0009911850 0.9942445406 0.9998283128 0.0000187021 0.9984557449 0.6859107593 0.9576593980 0.3308138261 0.0012078601 0.0624891105 0.2214799650 0.0001330374 0.7861477996 0.2862111238 0.0003850453 0.0540763719 0.6926062806 0.4030698445 0.6393982347 0.3111519090 0.0001906060 1.4847036422 1.4705388890 1.5428153464 0.0001814647 11.5064865209 11.5061447535 11.5061603901 136.4161955330 0.0000746576 0.0005135635 0.7042551393 0.6226198841 0.1281422318 0.0137473509
-83.0307770903 0.0009917690 0.9942392340 0.9998281500 0.0000187109 0.9984539678 0.6857920636 0.9576437828 0.3307639777 0.0012081653 0.0624861940 0.2214370054 0.0001330823 0.7860226170 0.2862028923 0.0003852359 0.0541017000 0.6924978486 0.4028966383 0.6393333532 0.3110612171 0.0001906536 1.4846804287 1.4705128735 1.5428159236 0.0001815054 11.5064904888 11.5061486603 11.5061642999 136.4161986755 0.0000746661 0.0005138202 0.7040262152 0.6226789090 0.1281433873 0.0137484939
-83.0272980161 0.0009923562 0.9942338949 0.9998279862 0.0000187198 0.9984521807 0.6856725041 0.9576280375 0.3307140270 0.0012084720 0.0624830846 0.2213917150 0.0001331275 0.7858966462 0.2861963698 0.0003854275 0.0541271645 0.6923886897 0.4027227709 0.6392679054 0.3109700874 0.0001907016 1.4846565321 1.4704861493 1.5428165503 0.0001815465 11.5064942170 11.5061523284 11.5061679710 136.4162019617 0.0000746749 0.0005140784 0.7037963911 0.6227385573 0.1281446245 0.0137497053
-83.0238021222 0.0009929467 0.9942285238 0.9998278213 0.0000187288 0.9984503838 0.6855520903 0.9576121644 0.3306639503 0.0012087803 0.0624797727 0.2213439977 0.0001331730 0.7857698925 0.2861916544 0.0003856201 0.0541527634 0.6922788140 0.4025482608 0.6392019000 0.3108785309 0.0001907501 1.4846318745 1.4704586462 1.5428172191 0.0001815880 11.5064957371 11.5061537895 11.5061694352 136.4162053979 0.0000746839 0.0005143379 0.7035656905 0.6227988185 0.1281459496 0.0137509905
-83.0202897099 0.0009935402 0.9942231211 0.9998276555 0.0000187378 0.9984485772 0.6854308298 0.9575961442 0.3306137365 0.0012090902 0.0624762511 0.2212937828 0.0001332186 0.7856423616 0.2861888221 0.0003858138 0.0541784947 0.6921682302 0.4023731272 0.6391353431 0.3107865585 0.0001907993 1.4846063696 1.4704302805 1.5428179415 0.0001816301 11.5065002648 11.5061582591 11.5061739078 136.4162089927 0.0000746932 0.0005145988 0.7033341374 0.6228598333 0.1281473674 0.0137523591
-83.0167610839 0.0009941369 0.9942176871 0.9998274887 0.0000187468 0.9984467611 0.6853087351 0.9575799844 0.3305633476 0.0012094015 0.0624725086 0.2212409597 0.0001332645 0.7855140597 0.2861879875 0.0003860084 0.0542043564 0.6920569495 0.4021973894 0.6390682447 0.3106941817 0.0001908490 1.4845799583 1.4704010032 1.5428187066 0.0001816726 11.5065046094 11.5061625467 11.5061781986 136.4162127531 0.0000747029 0.0005148611 0.7031017559 0.6229215563 0.1281488851 0.0137538141
-83.0132165555 0.0009947366 0.9942122222 0.9998273210 0.0000187559 0.9984449356 0.6851858198 0.9575636882 0.3305127472 0.0012097144 0.0624685349 0.2211854258 0.0001333106 0.7853849929 0.2861892609 0.0003862041 0.0542303463 0.6919449840 0.4020210668 0.6390006162 0.3106014119 0.0001908994 1.4845525500 1.4703707344 1.5428195051 0.0001817157 11.5065063819 11.5061642639 11.5061799190 136.4162166864 0.0000747129 0.0005151246 0.7028685705 0.6229839726 0.1281505098 0.0137553615
-83.0096564442 0.0009953393 0.9942067269 0.9998271523 0.0000187650 0.9984431009 0.6850620961 0.9575472339 0.3304619119 0.0012100287 0.0624643224 0.2211271096 0.0001333569 0.7852551678 0.2861927255 0.0003864006 0.0542564622 0.6918323443 0.4018441791 0.6389324658 0.3105082607 0.0001909504 1.4845240526 1.4703393805 1.5428203515 0.0001817593 11.5065115030 11.5061693308 11.5061849892 136.4162208024 0.0000747233 0.0005153894 0.7026346062 0.6230472411 0.1281522467 0.0137570121
-83.0060810739 0.0009959449 0.9942012014 0.9998269827 0.0000187742 0.9984412572 0.6849375810 0.9575306288 0.3304107909 0.0012103444 0.0624598595 0.2210658958 0.0001334034 0.7851245910 0.2861985076 0.0003865982 0.0542827019 0.6917190439 0.4016667464 0.6388638062 0.3104147399 0.0001910021 1.4844943739 1.4703068686 1.5428212308 0.0001818036 11.5065164845 11.5061742597 11.5061899215 136.4162251092 0.0000747341 0.0005156556 0.7023998880 0.6231113196 0.1281541037 0.0137587708
-83.0024907752 0.0009965534 0.9941956463 0.9998268122 0.0000187834 0.9984394045 0.6848122937 0.9575138767 0.3303593326 0.0012106615 0.0624551352 0.2210016781 0.0001334502 0.7849932698 0.2862067292 0.0003867966 0.0543090632 0.6916050975 0.4014887888 0.6387946521 0.3103208619 0.0001910544 1.4844634151 1.4702731099 1.5428221340 0.0001818484 11.5065185600 11.5061762847 11.5061919499 136.4162296151 0.0000747453 0.0005159229 0.7021644416 0.6231761902 0.1281560887 0.0137606447
-82.9988858885 0.0009971648 0.9941900619 0.9998266407 0.0000187927 0.9984375431 0.6846862511 0.9574969534 0.3303074997 0.0012109800 0.0624501420 0.2209343854 0.0001334971 0.7848612115 0.2862174811 0.0003869960 0.0543355436 0.6914905178 0.4013103270 0.6387250144 0.3102266388 0.0001911076 1.4844310710 1.4702379979 1.5428230782 0.0001818939 11.5065242789 11.5061819545 11.5061976232 136.4162343314 0.0000747570 0.0005161915 0.7019282929 0.6232420303 0.1281582075 0.0137626460
-82.9952667589 0.0009977789 0.9941844487 0.9998264684 0.0000188020 0.9984356731 0.6845594763 0.9574798675 0.3302552223 0.0012112998 0.0624448677 0.2208638985 0.0001335443 0.7847284238 0.2862309021 0.0003871962 0.0543621408 0.6913753209 0.4011313818 0.6386549089 0.3101320830 0.0001911615 1.4843972448 1.4702014564 1.5428240475 0.0001819400 11.5065298818 11.5061875105 11.5062031828 136.4162392673 0.0000747692 0.0005164613 0.7016914681 0.6233087931 0.1281604686 0.0137647801
-82.9916337400 0.0009983958 0.9941788073 0.9998262951 0.0000188113 0.9984337947 0.6844319952 0.9574626156 0.3302024268 0.0012116210 0.0624393009 0.2207901069 0.0001335916 0.7845949146 0.2862471283 0.0003873973 0.0543888524 0.6912595241 0.4009519744 0.6385843531 0.3100372074 0.0001912162 1.4843618379 1.4701633943 1.5428250403 0.0001819868 11.5065353261 11.5061929100 11.5062085859 136.4162444342 0.0000747819 0.0005167323 0.7014539939 0.6233765148 0.1281628809 0.0137670549
-82.9879871928 0.0009990154 0.9941731379 0.9998261211 0.0000188207 0.9984319081 0.6843038360 0.9574451975 0.3301490360 0.0012119434 0.0624334313 0.2207129108 0.0001336392 0.7844606924 0.2862662904 0.0003875993 0.0544156758 0.6911431459 0.4007721260 0.6385133668 0.3099420252 0.0001912718 1.4843247171 1.4701236936 1.5428260483 0.0001820343 11.5065387972 11.5061963387 11.5062120184 136.4162498419 0.0000747951 0.0005170044 0.7012158973 0.6234452084 0.1281654528 0.0137694805
-82.9843274887 0.0009996375 0.9941674412 0.9998259461 0.0000188301 0.9984300135 0.6841750267 0.9574275928 0.3300949793 0.0012122671 0.0624272511 0.2206322376 0.0001336869 0.7843257659 0.2862884980 0.0003878021 0.0544426084 0.6910262042 0.4005918583 0.6384419679 0.3098465493 0.0001913282 1.4842857454 1.4700822236 1.5428270828 0.0001820827 11.5065452613 11.5062027628 11.5062184462 136.4162555027 0.0000748090 0.0005172776 0.7009772057 0.6235150292 0.1281681911 0.0137720709
-82.9806550053 0.0010002623 0.9941617176 0.9998257703 0.0000188396 0.9984281110 0.6840456009 0.9574098069 0.3300401563 0.0012125920 0.0624207493 0.2205479798 0.0001337348 0.7841901440 0.2863138974 0.0003880057 0.0544696476 0.6909087203 0.4004111932 0.6383701794 0.3097507934 0.0001913856 1.4842448130 1.4700388868 1.5428281347 0.0001821317 11.5065516411 11.5062091053 11.5062247927 136.4162614276 0.0000748235 0.0005175520 0.7007379470 0.6235859551 0.1281711055 0.0137748338
-82.9769701296 0.0010008895 0.9941559677 0.9998255937 0.0000188491 0.9984262008 0.6839155954 0.9573918403 0.3299844641 0.0012129181 0.0624139162 0.2204600427 0.0001337829 0.7840538363 0.2863426297 0.0003882101 0.0544967907 0.6907907173 0.4002301527 0.6382980269 0.3096547714 0.0001914439 1.4842017630 1.4699935462 1.5428291936 0.0001821816 11.5065556894 11.5062131193 11.5062288107 136.4162676279 0.0000748386 0.0005178274 0.7004981493 0.6236579980 0.1281742053 0.0137777811
-82.9732732600 0.0010015191 0.9941501920 0.9998254163 0.0000188586 0.9984242831 0.6837850464 0.9573736704 0.3299278060 0.0012132453 0.0624067456 0.2203683660 0.0001338312 0.7839168524 0.2863748086 0.0003884153 0.0545240349 0.6906722175 0.4000487594 0.6382255344 0.3095584974 0.0001915032 1.4841564576 1.4699460639 1.5428302766 0.0001822324 11.5065631055 11.5062205039 11.5062361994 136.4162741173 0.0000748546 0.0005181039 0.7002578413 0.6237313319 0.1281774978 0.0137809282
-82.9695648021 0.0010021511 0.9941443910 0.9998252381 0.0000188682 0.9984223582 0.6836539971 0.9573553032 0.3298700523 0.0012135736 0.0623992282 0.2202728526 0.0001338796 0.7837792027 0.2864105880 0.0003886213 0.0545513772 0.6905532473 0.3998670362 0.6381527318 0.3094619860 0.0001915636 1.4841087689 1.4698963282 1.5428313745 0.0001822842 11.5065705072 11.5062278775 11.5062435772 136.4162809083 0.0000748712 0.0005183813 0.7000170520 0.6238059347 0.1281809936 0.0137842843
-82.9658451720 0.0010027854 0.9941385653 0.9998250592 0.0000188778 0.9984204262 0.6835224939 0.9573367399 0.3298110702 0.0012139030 0.0623913564 0.2201734213 0.0001339282 0.7836408978 0.2864501151 0.0003888279 0.0545788148 0.6904338355 0.3996850061 0.6380796527 0.3093652519 0.0001916251 1.4840585258 1.4698441877 1.5428324776 0.0001823368 11.5065752618 11.5062326076 11.5062483117 136.4162880132 0.0000748887 0.0005186598 0.6997758110 0.6238818170 0.1281847028 0.0137878629
-82.9621147985 0.0010034220 0.9941327155 0.9998248795 0.0000188874 0.9984184873 0.6833905826 0.9573179560 0.3297507323 0.0012142335 0.0623831274 0.2200700334 0.0001339770 0.7835019486 0.2864935029 0.0003890353 0.0546063446 0.6903140101 0.3995026926 0.6380063290 0.3092683104 0.0001916878 1.4840055891 1.4697894973 1.5428336095 0.0001823904 11.5065837314 11.5062410561 11.5062567646 136.4162954474 0.0000749071 0.0005189392 0.6995341482 0.6239591706 0.1281886333 0.0137916808
-82.9583741187 0.0010040607 0.9941268422 0.9998246990 0.0000188971 0.9984165417 0.6832583166 0.9572989582 0.3296888762 0.0012145649 0.0623745352 0.2199626124 0.0001340259 0.7833623666 0.2865409074 0.0003892434 0.0546339635 0.6901938044 0.3993201196 0.6379328001 0.3091711771 0.0001917517 1.4839498216 1.4697321348 1.5428347627 0.0001824451 11.5065922574 11.5062495649 11.5062652781 136.4163032245 0.0000749264 0.0005192195 0.6992920939 0.6240379727 0.1281927965 0.0137957488
-82.9546235810 0.0010047014 0.9941209461 0.9998245179 0.0000189068 0.9984145897 0.6831257524 0.9572797487 0.3296253364 0.0012148974 0.0623655768 0.2198511018 0.0001340750 0.7832221638 0.2865924747 0.0003894521 0.0546616683 0.6900732542 0.3991373109 0.6378591098 0.3090738681 0.0001918168 1.4838910435 1.4696719398 1.5428359304 0.0001825009 11.5065978509 11.5062551456 11.5062708635 136.4163113585 0.0000749466 0.0005195007 0.6990496790 0.6241182319 0.1281972032 0.0138000818
-82.9508636485 0.0010053442 0.9941150277 0.9998243360 0.0000189165 0.9984126315 0.6829929461 0.9572603021 0.3295599522 0.0012152307 0.0623562548 0.2197354946 0.0001341242 0.7830813525 0.2866483108 0.0003896614 0.0546894556 0.6899523954 0.3989542911 0.6377853012 0.3089763997 0.0001918832 1.4838291282 1.4696087716 1.5428371448 0.0001825578 11.5066074623 11.5062647483 11.5062804710 136.4163198660 0.0000749679 0.0005197828 0.6988069349 0.6242001520 0.1282018621 0.0138046977
-82.9470947931 0.0010059889 0.9941090877 0.9998241535 0.0000189262 0.9984106673 0.6828599611 0.9572406273 0.3294925241 0.0012155649 0.0623465697 0.2196157455 0.0001341735 0.7829399454 0.2867085661 0.0003898714 0.0547173221 0.6898312696 0.3987710850 0.6377114256 0.3088787887 0.0001919510 1.4837639541 1.4695425189 1.5428384025 0.0001826159 11.5066171767 11.5062744586 11.5062901863 136.4163287619 0.0000749902 0.0005200657 0.6985638931 0.6242837004 0.1282067849 0.0138096069
-82.9433175005 0.0010066355 0.9941031269 0.9998239703 0.0000189360 0.9984086973 0.6827268652 0.9572207210 0.3294228453 0.0012159000 0.0623365259 0.2194918327 0.0001342230 0.7827979560 0.2867733793 0.0003900819 0.0547452643 0.6897099217 0.3985877177 0.6376375400 0.3087810528 0.0001920203 1.4836953883 1.4694730525 1.5428397134 0.0001826751 11.5066269720 11.5062842544 11.5062999873 136.4163380628 0.0000750137 0.0005203494 0.6983205860 0.6243689328 0.1282119835 0.0138148235
-82.9395322683 0.0010072838 0.9940971459 0.9998237865 0.0000189458 0.9984067218 0.6825937293 0.9572005852 0.3293506993 0.0012162358 0.0623261321 0.2193637608 0.0001342725 0.7826553979 0.2868428738 0.0003902930 0.0547732786 0.6895884012 0.3984042144 0.6375637077 0.3086832098 0.0001920909 1.4836232936 1.4694002362 1.5428410858 0.0001827356 11.5066347452 11.5062920334 11.5063077715 136.4163477837 0.0000750383 0.0005206338 0.6980770462 0.6244558680 0.1282174692 0.0138203619
-82.9357396097 0.0010079338 0.9940911455 0.9998236021 0.0000189556 0.9984047411 0.6824606241 0.9571802005 0.3292758725 0.0012165724 0.0623154040 0.2192315825 0.0001343222 0.7825122854 0.2869171359 0.0003905047 0.0548013613 0.6894667591 0.3982206008 0.6374899948 0.3085852781 0.0001921631 1.4835475601 1.4693239430 1.5428425545 0.0001827975 11.5066459758 11.5063032747 11.5063190184 136.4163579418 0.0000750641 0.0005209190 0.6978333070 0.6245446751 0.1282232516 0.0138262397
-82.9319400491 0.0010085854 0.9940851264 0.9998234171 0.0000189655 0.9984027553 0.6823276266 0.9571595758 0.3291981200 0.0012169098 0.0623043583 0.2190953310 0.0001343720 0.7823686333 0.2869962794 0.0003907168 0.0548295085 0.6893450535 0.3980369026 0.6374164779 0.3084872770 0.0001922368 1.4834680920 1.4692440747 1.5428441278 0.0001828606 11.5066573817 11.5063146967 11.5063304460 136.4163685525 0.0000750912 0.0005212048 0.6975894019 0.6246353308 0.1282293431 0.0138324680
-82.9281341249 0.0010092385 0.9940790895 0.9998232316 0.0000189753 0.9984007647 0.6821948160 0.9571387178 0.3291171904 0.0012172477 0.0622930182 0.2189550732 0.0001344220 0.7822244567 0.2870803960 0.0003909294 0.0548577164 0.6892233481 0.3978531460 0.6373432424 0.3083892264 0.0001923121 1.4833848065 1.4691605389 1.5428458230 0.0001829251 11.5066664491 11.5063237859 11.5063395410 136.4163796308 0.0000751196 0.0005214912 0.6973453651 0.6247278289 0.1282357557 0.0138390589
-82.9243223920 0.0010098931 0.9940730355 0.9998230455 0.0000189852 0.9983987696 0.6820622699 0.9571176088 0.3290328409 0.0012175863 0.0622814164 0.2188109359 0.0001344720 0.7820797715 0.2871695282 0.0003911424 0.0548859808 0.6891017095 0.3976693572 0.6372703781 0.3082911468 0.0001923890 1.4832976575 1.4690732559 1.5428476871 0.0001829910 11.5066793420 11.5063367061 11.5063524671 136.4163911937 0.0000751493 0.0005217783 0.6971012312 0.6248223329 0.1282424990 0.0138460273
-82.9205054170 0.0010105489 0.9940669652 0.9998228589 0.0000189951 0.9983967703 0.6819300705 0.9570962637 0.3289447987 0.0012179254 0.0622695882 0.2186630301 0.0001345220 0.7819345940 0.2872637414 0.0003913559 0.0549142978 0.6889802131 0.3974855628 0.6371979889 0.3081930595 0.0001924676 1.4832066323 1.4689821952 1.5428497397 0.0001830583 11.5066924863 11.5063498834 11.5063656506 136.4164032558 0.0000751804 0.0005220659 0.6968570351 0.6249187863 0.1282495857 0.0138533801
-82.9166837816 0.0010112059 0.9940608796 0.9998226718 0.0000190051 0.9983947670 0.6817983003 0.9570746949 0.3288527926 0.0012182651 0.0622575773 0.2185115081 0.0001345722 0.7817889408 0.2873630700 0.0003915697 0.0549426630 0.6888589418 0.3973017893 0.6371261905 0.3080949871 0.0001925477 1.4831117266 1.4688873286 1.5428520062 0.0001831270 11.5067029976 11.5063604340 11.5063762075 136.4164158309 0.0000752128 0.0005223540 0.6966128124 0.6250171475 0.1282570279 0.0138611247
-82.9128580842 0.0010118641 0.9940547794 0.9998224843 0.0000190150 0.9983927600 0.6816670370 0.9570528905 0.3287565664 0.0012186052 0.0622454390 0.2183565941 0.0001346225 0.7816428293 0.2874674841 0.0003917838 0.0549710720 0.6887379831 0.3971180634 0.6370551063 0.3079969526 0.0001926296 1.4830130185 1.4687886785 1.5428545497 0.0001831972 11.5067176468 11.5063751281 11.5063909080 136.4164289341 0.0000752466 0.0005226426 0.6963685990 0.6251175499 0.1282648353 0.0138692693
-82.9090289356 0.0010125233 0.9940486657 0.9998222963 0.0000190249 0.9983907495 0.6815363601 0.9570308740 0.3286558399 0.0012189457 0.0622332317 0.2181984990 0.0001346728 0.7814962772 0.2875769708 0.0003919983 0.0549995203 0.6886174352 0.3969344118 0.6369848778 0.3078989805 0.0001927131 1.4829106233 1.4686863266 1.5428573978 0.0001832687 11.5067325904 11.5063901224 11.5064059091 136.4164425772 0.0000752818 0.0005229316 0.6961244313 0.6252198808 0.1282730202 0.0138778118
-82.9051969616 0.0010131834 0.9940425393 0.9998221080 0.0000190349 0.9983887360 0.6814063466 0.9570086616 0.3285503397 0.0012192865 0.0622210220 0.2180374823 0.0001347231 0.7813493027 0.2876914747 0.0003922130 0.0550280033 0.6884974062 0.3967508609 0.6369156625 0.3078010964 0.0001927981 1.4828047347 1.4685804064 1.5428605993 0.0001833417 11.5067477943 11.5064053829 11.5064211764 136.4164567717 0.0000753184 0.0005232209 0.6958803460 0.6253240845 0.1282815945 0.0138867478
-82.9013628020 0.0010138443 0.9940364012 0.9998219193 0.0000190449 0.9983867196 0.6812770677 0.9569862770 0.3284398063 0.0012196276 0.0622088835 0.2178738561 0.0001347735 0.7812019247 0.2878108915 0.0003924280 0.0550565164 0.6883780146 0.3965674366 0.6368476366 0.3077033274 0.0001928847 1.4826955751 1.4684710834 1.5428641973 0.0001834159 11.5067612779 11.5064189289 11.5064347294 136.4164715254 0.0000753563 0.0005235106 0.6956363802 0.6254300507 0.1282905693 0.0138960698
-82.8975271123 0.0010145058 0.9940302524 0.9998217303 0.0000190549 0.9983847007 0.6811485849 0.9569637277 0.3283240095 0.0012199690 0.0621968959 0.2177080060 0.0001348240 0.7810541624 0.2879350424 0.0003926432 0.0550850547 0.6882593879 0.3963841646 0.6367809926 0.3076057016 0.0001929727 1.4825834622 1.4683585936 1.5428682604 0.0001834913 11.5067782820 11.5064360005 11.5064518081 136.4164868454 0.0000753954 0.0005238006 0.6953925714 0.6255377832 0.1282999537 0.0139057672
-82.8936905590 0.0010151680 0.9940240939 0.9998215409 0.0000190649 0.9983826796 0.6810209532 0.9569410536 0.3282027192 0.0012203105 0.0621851355 0.2175403265 0.0001348745 0.7809060354 0.2880637348 0.0003928586 0.0551136132 0.6881416683 0.3962010696 0.6367159492 0.3075082494 0.0001930620 1.4824688178 1.4682432796 1.5428728343 0.0001835680 11.5067956004 11.5064533914 11.5064692063 136.4165027337 0.0000754356 0.0005240908 0.6951489574 0.6256470640 0.1283097583 0.0139158163
-82.8898538214 0.0010158306 0.9940179268 0.9998213513 0.0000190749 0.9983806565 0.6808942157 0.9569182968 0.3280757395 0.0012206521 0.0621736735 0.2173712727 0.0001349250 0.7807575638 0.2881967088 0.0003930741 0.0551421868 0.6880250116 0.3960181748 0.6366527509 0.3074110030 0.0001931525 1.4823521407 1.4681255498 1.5428779677 0.0001836456 11.5068108156 11.5064686838 11.5064845061 136.4165191886 0.0000754769 0.0005243812 0.6949055763 0.6257576597 0.1283199931 0.0139261877
-82.8860175922 0.0010164935 0.9940117520 0.9998211615 0.0000190849 0.9983786319 0.6807683975 0.9568954817 0.3279429276 0.0012209938 0.0621625709 0.2172013859 0.0001349755 0.7806087683 0.2883336068 0.0003932896 0.0551707706 0.6879095856 0.3958355023 0.6365916664 0.3073139966 0.0001932441 1.4822340541 1.4680059120 1.5428837350 0.0001837241 11.5068298581 11.5064878071 11.5065036369 136.4165362057 0.0000755191 0.0005246716 0.6946624663 0.6258694588 0.1283306650 0.0139368464
-82.8821825721 0.0010171567 0.9940055708 0.9998209715 0.0000190949 0.9983766059 0.6806435094 0.9568726711 0.3278041616 0.0012213355 0.0621518622 0.2170312184 0.0001350260 0.7804596697 0.2884740418 0.0003935052 0.0551993592 0.6877955761 0.3956530721 0.6365329997 0.3072172672 0.0001933363 1.4821153335 1.4678850227 1.5428901840 0.0001838032 11.5068492004 11.5065072332 11.5065230706 136.4165537736 0.0000755619 0.0005249622 0.6944196658 0.6259820862 0.1283417826 0.0139477395
-82.8783494700 0.0010178199 0.9939993841 0.9998207813 0.0000191049 0.9983745790 0.6805195414 0.9568499322 0.3276593808 0.0012216771 0.0621415482 0.2168613894 0.0001350765 0.7803102894 0.2886175394 0.0003937209 0.0552279474 0.6876831856 0.3954709009 0.6364770916 0.3071208547 0.0001934290 1.4819968637 1.4677636329 1.5428973608 0.0001838827 11.5068660176 11.5065241365 11.5065399817 136.4165718743 0.0000756052 0.0005252528 0.6941772135 0.6260951337 0.1283533534 0.0139588048
-82.8745190041 0.0010184832 0.9939931930 0.9998205910 0.0000191149 0.9983725515 0.6803964550 0.9568273147 0.3275086066 0.0012220185 0.0621315882 0.2166926128 0.0001351270 0.7801606490 0.2887635019 0.0003939365 0.0552565299 0.6875726310 0.3952890019 0.6364243170 0.3070248022 0.0001935218 1.4818797082 1.4676426392 1.5429053395 0.0001839623 11.5068868405 11.5065450461 11.5065608988 136.4165904845 0.0000756486 0.0005255433 0.6939351478 0.6262083123 0.1283653809 0.0139699701
-82.8706918941 0.0010191462 0.9939869988 0.9998204005 0.0000191249 0.9983705237 0.6802741882 0.9568049125 0.3273519051 0.0012223598 0.0621218813 0.2165256118 0.0001351774 0.7800107704 0.2889112870 0.0003941520 0.0552851012 0.6874641491 0.3951073834 0.6363750986 0.3069291568 0.0001936143 1.4817651299 1.4675231284 1.5429141599 0.0001840417 11.5069078301 11.5065661216 11.5065819820 136.4166095711 0.0000756918 0.0005258338 0.6936935072 0.6263210281 0.1283778702 0.0139811398
-82.8668688615 0.0010198090 0.9939808025 0.9998202100 0.0000191349 0.9983684958 0.6801526491 0.9567828178 0.3271894319 0.0012227008 0.0621122654 0.2163611783 0.0001352279 0.7798606760 0.2890601457 0.0003943674 0.0553136559 0.6873579942 0.3949260469 0.6363299080 0.3068339704 0.0001937060 1.4816545437 1.4674063152 1.5429238650 0.0001841204 11.5069288619 11.5065872371 11.5066031050 136.4166290922 0.0000757344 0.0005261241 0.6934523302 0.6264326954 0.1283908244 0.0139922056
-82.8630506258 0.0010204714 0.9939746052 0.9998200195 0.0000191449 0.9983664683 0.6800317117 0.9567611400 0.3270214335 0.0012230414 0.0621025177 0.2162001735 0.0001352783 0.7797103881 0.2892092143 0.0003945827 0.0553421888 0.6872544374 0.3947449849 0.6362892704 0.3067393001 0.0001937963 1.4815495732 1.4672935924 1.5429344942 0.0001841979 11.5069479876 11.5066064424 11.5066223177 136.4166489936 0.0000757759 0.0005264141 0.6932116548 0.6265426068 0.1284042443 0.0140030414
-82.8592379026 0.0010211332 0.9939684081 0.9998198291 0.0000191549 0.9983644415 0.6799112106 0.9567399799 0.3268482699 0.0012233817 0.0620923650 0.2160435450 0.0001353286 0.7795599294 0.2893574899 0.0003947977 0.0553706945 0.6871537627 0.3945641786 0.6362537654 0.3066452092 0.0001938847 1.4814520566 1.4671865213 1.5429461025 0.0001842738 11.5069700949 11.5066286226 11.5066445051 136.4166692100 0.0000758158 0.0005267040 0.6929715188 0.6266501072 0.1284181264 0.0140135056
-82.8554313954 0.0010217944 0.9939622123 0.9998196386 0.0000191648 0.9983624157 0.6797909454 0.9567194769 0.3266703860 0.0012237215 0.0620814964 0.2158922611 0.0001353789 0.7794093226 0.2895038902 0.0003950126 0.0553991676 0.6870562672 0.3943835940 0.6362240382 0.3065517686 0.0001939704 1.4813640620 1.4670868688 1.5429587186 0.0001843474 11.5069919303 11.5066505219 11.5066664113 136.4166896607 0.0000758535 0.0005269935 0.6927319594 0.6267542751 0.1284324675 0.0140234320
-82.8516317931 0.0010224548 0.9939560189 0.9998194483 0.0000191748 0.9983603912 0.6796706762 0.9566997779 0.3264883403 0.0012240608 0.0620695935 0.2157473583 0.0001354291 0.7792585906 0.2896472034 0.0003952271 0.0554276031 0.6869622549 0.3942031772 0.6362008015 0.3064590580 0.0001940526 1.4812878641 1.4669965615 1.5429723745 0.0001844179 11.5070110288 11.5066696729 11.5066855688 136.4167102494 0.0000758883 0.0005272827 0.6924930132 0.6268541269 0.1284472609 0.0140326376
-82.8478397669 0.0010231144 0.9939498289 0.9998192580 0.0000191847 0.9983583684 0.6795501199 0.9566810180 0.3263028166 0.0012243995 0.0620563641 0.2156099618 0.0001354792 0.7791077563 0.2897860618 0.0003954414 0.0554559958 0.6868720261 0.3940228484 0.6361848330 0.3063671675 0.0001941305 1.4812259940 1.4669177082 1.5429871370 0.0001844849 11.5070329156 11.5066915971 11.5067074990 136.4167308643 0.0000759196 0.0005275714 0.6922547160 0.6269487564 0.1284624948 0.0140409242
-82.8440559598 0.0010237729 0.9939436435 0.9998190679 0.0000191947 0.9983563475 0.6794289588 0.9566633707 0.3261145851 0.0012247375 0.0620415660 0.2154812096 0.0001355292 0.7789568425 0.2899190154 0.0003956553 0.0554843410 0.6867858723 0.3938424940 0.6361769854 0.3062761997 0.0001942033 1.4811812150 1.4668526020 1.5430030571 0.0001845473 11.5070539211 11.5067126221 11.5067285295 136.4167513738 0.0000759464 0.0005278597 0.6920171028 0.6270369867 0.1284781564 0.0140480712
-82.8402809829 0.0010244303 0.9939374635 0.9998188780 0.0000192046 0.9983543288 0.6793068386 0.9566470128 0.3259245265 0.0012250749 0.0620250372 0.2153623038 0.0001355791 0.7788058718 0.2900444817 0.0003958688 0.0555126341 0.6867040603 0.3936619560 0.6361781833 0.3061862721 0.0001942697 1.4811564852 1.4668036558 1.5430202116 0.0001846044 11.5070710663 11.5067297657 11.5067456779 136.4167716265 0.0000759681 0.0005281475 0.6917802073 0.6271176088 0.1284942286 0.0140538464
-82.8365154107 0.0010250865 0.9939312901 0.9998186883 0.0000192145 0.9983523128 0.6791833689 0.9566320985 0.3257336360 0.0012254115 0.0620067152 0.2152545355 0.0001356290 0.7786548670 0.2901607194 0.0003960820 0.0555408707 0.6866268128 0.3934810201 0.6361894139 0.3060975199 0.0001943291 1.4811549875 1.4667734019 1.5430387437 0.0001846554 11.5070903978 11.5067490704 11.5067649867 136.4167914523 0.0000759837 0.0005284348 0.6915440621 0.6271895593 0.1285106877 0.0140580118
-82.8327597697 0.0010257414 0.9939251239 0.9998184989 0.0000192243 0.9983502995 0.6790581354 0.9566188136 0.3255429728 0.0012257474 0.0619866361 0.2151591990 0.0001356787 0.7785038501 0.2902659188 0.0003962946 0.0555690469 0.6865542931 0.3932993988 0.6362117287 0.3060100993 0.0001943803 1.4811800843 1.4667644704 1.5430588147 0.0001846994 11.5071078102 11.5067664277 11.5067823470 136.4168106594 0.0000759925 0.0005287214 0.6913086981 0.6272515469 0.1285275083 0.0140603178
-82.8290145334 0.0010263949 0.9939189659 0.9998183097 0.0000192342 0.9983482894 0.6789307032 0.9566073356 0.3253536775 0.0012260824 0.0619649363 0.2150776477 0.0001357283 0.7783528431 0.2903581532 0.0003965068 0.0555971591 0.6864865820 0.3931167134 0.6362462280 0.3059241925 0.0001944222 1.4812352594 1.4667795065 1.5430806555 0.0001847354 11.5071197913 11.5067783219 11.5067942434 136.4168290359 0.0000759934 0.0005290074 0.6910741447 0.6273023251 0.1285446591 0.0140605188
-82.8252801180 0.0010270470 0.9939128168 0.9998181208 0.0000192440 0.9983462827 0.6788006183 0.9565978006 0.3251669749 0.0012264165 0.0619418452 0.2150113217 0.0001357777 0.7782018675 0.2904353569 0.0003967185 0.0556252041 0.6864236545 0.3929324725 0.6362940358 0.3058400118 0.0001944541 1.4813240961 1.4668211262 1.5431046096 0.0001847629 11.5071327990 11.5067912072 11.5068071297 136.4168463536 0.0000759859 0.0005292927 0.6908404295 0.6273409116 0.1285621012 0.0140583829
-82.8215568700 0.0010276975 0.9939066772 0.9998179322 0.0000192538 0.9983442796 0.6786674258 0.9565903648 0.3249841077 0.0012267498 0.0619176617 0.2149616526 0.0001358271 0.7780509439 0.2904954336 0.0003969297 0.0556531793 0.6863653724 0.3927460511 0.6363562824 0.3057578063 0.0001944750 1.4814502408 1.4668919080 1.5431310823 0.0001847809 11.5071422899 11.5068005373 11.5068164597 136.4168623683 0.0000759690 0.0005295774 0.6906075777 0.6273661749 0.1285797925 0.0140536853
-82.8178450630 0.0010283464 0.9939005476 0.9998177439 0.0000192636 0.9983422803 0.6785306740 0.9565851520 0.3248063501 0.0012270821 0.0618927441 0.2149301235 0.0001358763 0.7779000924 0.2905362136 0.0003971404 0.0556810825 0.6863114875 0.3925566729 0.6364340659 0.3056778694 0.0001944842 1.4816173463 1.4669943157 1.5431606021 0.0001847889 11.5071475939 11.5068056395 11.5068215604 136.4168768271 0.0000759421 0.0005298613 0.6903756124 0.6273771867 0.1285976845 0.0140462249
-82.8141448911 0.0010289938 0.9938944285 0.9998175560 0.0000192734 0.9983402850 0.6783899221 0.9565822679 0.3246349873 0.0012274135 0.0618674937 0.2149182668 0.0001359254 0.7777493320 0.2905554721 0.0003973505 0.0557089123 0.6862616765 0.3923634058 0.6365284075 0.3056005477 0.0001944809 1.4818289807 1.4671306462 1.5431937955 0.0001847862 11.5071458717 11.5068036721 11.5068195903 136.4168894735 0.0000759046 0.0005301446 0.6901445545 0.6273731224 0.1286157217 0.0140358269
-82.8104564654 0.0010296395 0.9938883202 0.9998173683 0.0000192831 0.9983382940 0.6782447459 0.9565817765 0.3244712948 0.0012277439 0.0618423435 0.2149276817 0.0001359743 0.7775986808 0.2905509304 0.0003975601 0.0557366678 0.6862156235 0.3921651819 0.6366401915 0.3055262511 0.0001944648 1.4820887040 1.4673030999 1.5432314204 0.0001847725 11.5071420694 11.5067995790 11.5068154930 136.4169000615 0.0000758560 0.0005304270 0.6899144216 0.6273534325 0.1286338402 0.0140223417
-82.8067798060 0.0010302835 0.9938822227 0.9998171811 0.0000192928 0.9983363074 0.6780947543 0.9565837655 0.3243164490 0.0012280734 0.0618177405 0.2149599573 0.0001360231 0.7774481555 0.2905203592 0.0003977691 0.0557643487 0.6861731745 0.3919608611 0.6367701091 0.3054554668 0.0001944351 1.4824002183 1.4675139616 1.5432743077 0.0001847473 11.5071323037 11.5067894753 11.5068053837 136.4169083685 0.0000757958 0.0005307088 0.6896852290 0.6273174112 0.1286519716 0.0140056203
-82.8031148406 0.0010309260 0.9938761362 0.9998169942 0.0000193025 0.9983343252 0.6779395959 0.9565883395 0.3241714829 0.0012284019 0.0617941427 0.2150167193 0.0001360718 0.7772977713 0.2904615588 0.0003979776 0.0557919554 0.6861345614 0.3917493591 0.6369185827 0.3053887740 0.0001943914 1.4827676593 1.4677658701 1.5433233917 0.0001847101 11.5071135453 11.5067703297 11.5067862309 136.4169142146 0.0000757235 0.0005309898 0.6894569886 0.6272642621 0.1286700411 0.0139854939
-82.7994614030 0.0010315668 0.9938700605 0.9998168076 0.0000193121 0.9983323477 0.6777789680 0.9565956371 0.3240372270 0.0012287295 0.0617720171 0.2150996496 0.0001361203 0.7771475420 0.2903723678 0.0003981855 0.0558194893 0.6861006822 0.3915298581 0.6370856837 0.3053268626 0.0001943328 1.4831961740 1.4680623423 1.5433797469 0.0001846601 11.5070920142 11.5067483583 11.5067642508 136.4169174855 0.0000756381 0.0005312701 0.6892297090 0.6271930212 0.1286879651 0.0139617299
-82.7958192236 0.0010322061 0.9938639954 0.9998166213 0.0000193217 0.9983303748 0.6776126411 0.9566059536 0.3239142472 0.0012290562 0.0617518304 0.2152103962 0.0001361687 0.7769974796 0.2902507893 0.0003983929 0.0558469524 0.6860733889 0.3913020963 0.6372710620 0.3052705556 0.0001942577 1.4836930719 1.4684087692 1.5434446235 0.0001845961 11.5070643154 11.5067201611 11.5067360429 136.4169181482 0.0000755384 0.0005315496 0.6890033953 0.6271017515 0.1287056582 0.0139339391
-82.7921879253 0.0010328439 0.9938579403 0.9998164354 0.0000193313 0.9983284066 0.6774404774 0.9566197543 0.3238032690 0.0012293820 0.0617340557 0.2153506248 0.0001362170 0.7768475949 0.2900949788 0.0003985998 0.0558743475 0.6860556590 0.3910667023 0.6374738691 0.3052208351 0.0001941636 1.4842693721 1.4688136246 1.5435196965 0.0001845158 11.5070311667 11.5066864468 11.5067023161 136.4169162541 0.0000754220 0.0005318286 0.6887780491 0.6269874201 0.1287230305 0.0139014904
-82.7885670070 0.0010334803 0.9938518947 0.9998162497 0.0000193409 0.9983264432 0.6772624592 0.9566376875 0.3237069215 0.0012297070 0.0617191736 0.2155220176 0.0001362652 0.7766978969 0.2899032880 0.0003988063 0.0559016785 0.6860515200 0.3908254908 0.6376926931 0.3051788744 0.0001940470 1.4849420333 1.4692900654 1.5436075275 0.0001844163 11.5069918989 11.5066465336 11.5066623878 136.4169119019 0.0000752854 0.0005321068 0.6885536675 0.6268455163 0.1287399901 0.0138634096
-82.7849558209 0.0010341154 0.9938458576 0.9998160643 0.0000193505 0.9983244844 0.6770787227 0.9566603685 0.3236347968 0.0012300312 0.0617076759 0.2157262981 0.0001363132 0.7765483938 0.2896742862 0.0003990123 0.0559289506 0.6860656212 0.3905816140 0.6379255038 0.3051460738 0.0001939033 1.4857370218 1.4698576989 1.5437126279 0.0001842937 11.5069537739 11.5066076669 11.5066235029 136.4169051450 0.0000751234 0.0005323845 0.6883302434 0.6266706115 0.1287564442 0.0138183261
-82.7813535311 0.0010347494 0.9938398279 0.9998158790 0.0000193600 0.9983225302 0.6768896135 0.9566880049 0.3236121428 0.0012303547 0.0617000562 0.2159651896 0.0001363612 0.7763990930 0.2894068645 0.0003992179 0.0559561703 0.6861024765 0.3903394807 0.6381696311 0.3051241044 0.0001937282 1.4866933502 1.4705444201 1.5438432198 0.0001841443 11.5069167595 11.5065697993 11.5065856139 136.4168958308 0.0000749296 0.0005326617 0.6881077650 0.6264572725 0.1287723070 0.0137644764
-82.7777590365 0.0010353825 0.9938338040 0.9998156940 0.0000193696 0.9983205805 0.6766957405 0.9567190964 0.3236808650 0.0012306777 0.0616968064 0.2162405309 0.0001364090 0.7762500022 0.2891001957 0.0003994232 0.0559833456 0.6861655401 0.3901044401 0.6384217635 0.3051149557 0.0001935240 1.4878343136 1.4713664624 1.5440069372 0.0001839699 11.5068862455 11.5065383286 11.5065541185 136.4168834416 0.0000747011 0.0005329384 0.6878862152 0.6262080995 0.1287875026 0.0137010782
-82.7741711184 0.0010360148 0.9938277843 0.9998155090 0.0000193791 0.9983186351 0.6764980394 0.9567548002 0.3238512016 0.0012310001 0.0616984033 0.2165544239 0.0001364568 0.7761011303 0.2887536882 0.0003996282 0.0560104861 0.6862563883 0.3898823246 0.6386779945 0.3051209902 0.0001932833 1.4892153724 1.4723627498 1.5442170259 0.0001837645 11.5068666928 11.5065176901 11.5065334514 136.4168670850 0.0000744296 0.0005332148 0.6876655726 0.6259141181 0.1288019720 0.0136256997
-82.7705884388 0.0010366467 0.9938217664 0.9998153240 0.0000193886 0.9983166937 0.6762978188 0.9568006872 0.3240586924 0.0012313223 0.0617053003 0.2169095750 0.0001365046 0.7759524874 0.2883667861 0.0003998331 0.0560376033 0.6863742162 0.3896789893 0.6389339308 0.3051449964 0.0001929864 1.4909049623 1.4735878199 1.5444858169 0.0001835112 11.5068992697 11.5065489752 11.5065647016 136.4168457781 0.0000741016 0.0005334909 0.6874458106 0.6255506687 0.1288156816 0.0135343255
-82.7670093052 0.0010372784 0.9938157478 0.9998151390 0.0000193981 0.9983147560 0.6760967743 0.9568636092 0.3242161199 0.0012316442 0.0617179217 0.2173097910 0.0001365523 0.7758040813 0.2879386633 0.0004000379 0.0560647115 0.6865158050 0.3894999382 0.6391850224 0.3051902868 0.0001926096 1.4929614680 1.4750966784 1.5448219058 0.0001831902 11.5069775635 11.5066256883 11.5066413708 136.4168187860 0.0000737025 0.0005337670 0.6872268952 0.6250884250 0.1288286512 0.0134225080
-82.7634313441 0.0010379105 0.9938097249 0.9998149537 0.0000194076 0.9983128215 0.6758968376 0.9569448524 0.3242859405 0.0012319662 0.0617367342 0.2177609171 0.0001366001 0.7756559130 0.2874674274 0.0004002429 0.0560918287 0.6866755943 0.3893500116 0.6394268561 0.3052607048 0.0001921517 1.4953454279 1.4768820735 1.5452135795 0.0001828004 11.5071369674 11.5067832136 11.5067988432 136.4167857439 0.0000732322 0.0005340432 0.6870087822 0.6245250428 0.1288409625 0.0132889525
-82.7598503873 0.0010385434 0.9938036934 0.9998147682 0.0000194171 0.9983108898 0.6756996886 0.9570135363 0.3243366857 0.0012322885 0.0617624030 0.2182715030 0.0001366479 0.7755079750 0.2869490784 0.0004004480 0.0561189772 0.6868461448 0.3892330119 0.6396558553 0.3053606316 0.0001917633 1.4973061761 1.4784065769 1.5455090447 0.0001824703 11.5074764350 11.5071210359 11.5071366200 136.4167464149 0.0000728192 0.0005343197 0.6867914171 0.6240457343 0.1288527936 0.0131609975
-82.7562607453 0.0010391776 0.9937976495 0.9998145821 0.0000194266 0.9983089603 0.6755056793 0.9569929503 0.3245527589 0.0012326114 0.0617960030 0.2188516012 0.0001366957 0.7753602629 0.2863767667 0.0004006536 0.0561461766 0.6870192184 0.3891512645 0.6398705334 0.3054949880 0.0001918171 1.4971721038 1.4783518821 1.5453859237 0.0001825181 11.5081916594 11.5078361671 11.5078517533 136.4167005129 0.0000727863 0.0005345967 0.6865747494 0.6241115705 0.1288644890 0.0131057793
-82.7526586141 0.0010398130 0.9937915930 0.9998143955 0.0000194361 0.9983070330 0.6753123870 0.9567897379 0.3251691171 0.0012329348 0.0618377289 0.2195076104 0.0001367437 0.7752128045 0.2857419179 0.0004008595 0.0561734277 0.6871877184 0.3891051369 0.6400735883 0.3056693421 0.0001927653 1.4931226693 1.4752290239 1.5445394575 0.0001833314 11.5096688105 11.5093163547 11.5093320395 136.4166477118 0.0000735219 0.0005348743 0.6863587693 0.6252774657 0.1288766863 0.0132087178
-82.7490529808 0.0010404489 0.9937855316 0.9998142087 0.0000194457 0.9983051089 0.6751154498 0.9564971728 0.3260473708 0.0012332583 0.0618808986 0.2202347838 0.0001367917 0.7750656963 0.2850398155 0.0004010656 0.0562006925 0.6873473284 0.3890919654 0.6402743415 0.3058907669 0.0001941415 1.4873283653 1.4708216624 1.5434206243 0.0001845102 11.5119122987 11.5115643198 11.5115801483 136.4165875438 0.0000746058 0.0005351520 0.6861435525 0.6269568253 0.1288905800 0.0133988335
-82.7454570718 0.0010410839 0.9937794762 0.9998140221 0.0000194552 0.9983031897 0.6749152555 0.9562874700 0.3269073584 0.0012335812 0.0619299761 0.2210161716 0.0001368396 0.7749190663 0.2842784690 0.0004012713 0.0562279155 0.6874964778 0.3891055429 0.6404779841 0.3061716181 0.0001950813 1.4831216793 1.4677549267 1.5425624634 0.0001853107 11.5109421806 11.5105975850 11.5106135169 136.4165182940 0.0000753416 0.0005354293 0.6859292129 0.6280958517 0.1289082312 0.0135313199
-82.7418766285 0.0010417170 0.9937734352 0.9998138358 0.0000194647 0.9983012764 0.6747196165 0.9561751883 0.3275361641 0.0012339031 0.0619919429 0.2218263565 0.0001368873 0.7747730211 0.2834887041 0.0004014765 0.0562550545 0.6876495927 0.3891879237 0.6406264118 0.3065323723 0.0001955373 1.4807880020 1.4661198714 1.5420381463 0.0001856941 11.5064895052 11.5061470835 11.5061630741 136.4164424890 0.0000757129 0.0005357057 0.6857158344 0.6286473965 0.1289323851 0.0135974021
-82.7383158357 0.0010423477 0.9937674141 0.9998136502 0.0000194742 0.9982993698 0.6745347998 0.9561211403 0.3277475673 0.0012342236 0.0620608965 0.2226298748 0.0001369349 0.7746276415 0.2827148027 0.0004016808 0.0562820824 0.6877179708 0.3893481819 0.6406684922 0.3069643876 0.0001957539 1.4800087251 1.4655445683 1.5418748568 0.0001858782 11.5061786097 11.5058369139 11.5058529271 136.4163656856 0.0000758495 0.0005359811 0.6855034702 0.6289081322 0.1289699011 0.0136218918
-82.7347734446 0.0010429756 0.9937614148 0.9998134653 0.0000194836 0.9982974703 0.6743599520 0.9560916101 0.3278851642 0.0012345427 0.0621313553 0.2234011290 0.0001369822 0.7744829549 0.2819782929 0.0004018842 0.0563089897 0.6877063662 0.3895049904 0.6406453393 0.3073818588 0.0001958528 1.4797894428 1.4653752033 1.5418204329 0.0001859621 11.5060458364 11.5057044277 11.5057204503 136.4162954406 0.0000758855 0.0005362552 0.6852921337 0.6290270387 0.1290334452 0.0136261217
-82.7346493973 0.0010429976 0.9937612046 0.9998134588 0.0000194839 0.9982974037 0.6743539391 0.9560908844 0.3278884493 0.0012345538 0.0621338250 0.2234274720 0.0001369839 0.7744778871 0.2819532035 0.0004018913 0.0563099322 0.6877050568 0.3895096213 0.6406438135 0.3073950136 0.0001958549 1.4797865183 1.4653731072 1.5418191534 0.0001859638 11.5060401607 11.5056987572 11.5057147799 136.4162934838 0.0000758857 0.0005362648 0.6852847317 0.6290295124 0.1290361678 0.0136260239
