-82.1269744931 0.0420962887 0.8679715831 0.5062129004 
-82.1269966868 0.0420962363 0.8679719466 0.5062100977 
-82.1270410806 0.0420961317 0.8679726735 0.5062045160 
-82.1271076871 0.0420959746 0.8679737643 0.5061962019 
-82.1271965251 0.0420957652 0.8679752191 0.5061852233 
-82.1273076195 0.0420955033 0.8679770385 0.5061716675 
-82.1274408853 0.0420951891 0.8679792208 0.5061431392 
-82.1275966300 0.0420948220 0.8679817715 0.5061269478 
-82.1277747732 0.0420944020 0.8679846892 0.5061103587 
-82.1279753551 0.0420939292 0.8679879744 0.5060933771 
-82.1281984184 0.0420934033 0.8679916281 0.5060760115 
-82.1284440085 0.0420928244 0.8679956508 0.5060582729 
-82.1287121731 0.0420921923 0.8680000434 0.5060401749 
-82.1290029626 0.0420915068 0.8680048068 0.5060217330 
-82.1293164296 0.0420907679 0.8680099418 0.5060029643 
-82.1296526293 0.0420899754 0.8680154493 0.5059838874 
-82.1300116195 0.0420891292 0.8680213303 0.5059645217 
-82.1303934599 0.0420882291 0.8680275858 0.5059448875 
-82.1307982130 0.0420872751 0.8680342168 0.5059250053 
-82.1312259435 0.0420862669 0.8680412244 0.5059048960 
-82.1316767184 0.0420852045 0.8680486096 0.5058845802 
-82.1321506067 0.0420840875 0.8680563736 0.5058640786 
-82.1326476802 0.0420829160 0.8680645177 0.5058434111 
-82.1331680124 0.0420816897 0.8680730429 0.5058225975 
-82.1337116793 0.0420804084 0.8680819506 0.5058016564 
-82.1342787589 0.0420790720 0.8680912419 0.5057806061 
-82.1348693315 0.0420776802 0.8681009183 0.5057594637 
-82.1354834795 0.0420762330 0.8681109810 0.5057382457 
-82.1361212872 0.0420747300 0.8681214315 0.5057169675 
-82.1367828413 0.0420731711 0.8681322711 0.5056956434 
-82.1374682305 0.0420715561 0.8681435012 0.5056742869 
-82.1381775453 0.0420698848 0.8681551234 0.5056529104 
-82.1389108787 0.0420681570 0.8681671391 0.5056315254 
-82.1396683254 0.0420663724 0.8681795499 0.5056101424 
-82.1404499823 0.0420645309 0.8681923573 0.5055887709 
-82.1412559482 0.0420626321 0.8682055629 0.5055674195 
-82.1420863242 0.0420606759 0.8682191683 0.5055460962 
-82.1429412131 0.0420586621 0.8682331753 0.5055248077 
-82.1438207199 0.0420565904 0.8682475854 0.5055035604 
-82.1447249517 0.0420544605 0.8682624004 0.5054823595 
-82.1456540174 0.0420522722 0.8682776220 0.5054612100 
-82.1466080281 0.0420500253 0.8682932520 0.5054401158 
-82.1475870970 0.0420477195 0.8683092922 0.5054190805 
-82.1485913390 0.0420453545 0.8683257445 0.5053981069 
-82.1496208715 0.0420429300 0.8683426106 0.5053771976 
-82.1506758135 0.0420404459 0.8683598925 0.5053563544 
-82.1517562865 0.0420379018 0.8683775922 0.5053355788 
-82.1528624137 0.0420352974 0.8683957115 0.5053148721 
-82.1539943205 0.0420326325 0.8684142525 0.5052942348 
-82.1551521345 0.0420299067 0.8684332171 0.5052736675 
-82.1563359853 0.0420271198 0.8684526075 0.5052531703 
-82.1575460045 0.0420242715 0.8684724257 0.5052327429 
-82.1587823260 0.0420213614 0.8684926737 0.5052123850 
-82.1600450858 0.0420183893 0.8685133538 0.5051920960 
-82.1613344219 0.0420153549 0.8685344681 0.5051718751 
-82.1626504746 0.0420122578 0.8685560188 0.5051517211 
-82.1639933864 0.0420090976 0.8685780082 0.5051316330 
-82.1653633018 0.0420058742 0.8686004385 0.5051116094 
-82.1667603676 0.0420025871 0.8686233119 0.5050916489 
-82.1681847330 0.0419992360 0.8686466309 0.5050717499 
-82.1696365491 0.0419958206 0.8686703978 0.5050519107 
-82.1711159695 0.0419923405 0.8686946150 0.5050321295 
-82.1726231498 0.0419887953 0.8687192849 0.5050124046 
-82.1741582483 0.0419851848 0.8687444099 0.5049927339 
-82.1757214252 0.0419815085 0.8687699926 0.5049731154 
-82.1773128431 0.0419777662 0.8687960355 0.5049535471 
-82.1789326671 0.0419739573 0.8688225411 0.5049340269 
-82.1805810644 0.0419700815 0.8688495120 0.5049145525 
-82.1822582049 0.0419661385 0.8688769509 0.5048951218 
-82.1839642605 0.0419621279 0.8689048604 0.5048757326 
-82.1856994058 0.0419580493 0.8689332431 0.5048563825 
-82.1874638177 0.0419539022 0.8689621019 0.5048370693 
-82.1892576755 0.0419496863 0.8689914395 0.5048177906 
-82.1910811610 0.0419454011 0.8690212586 0.5047985440 
-82.1929344585 0.0419410463 0.8690515622 0.5047793272 
-82.1948177548 0.0419366215 0.8690823530 0.5047601377 
-82.1967312393 0.0419321261 0.8691136340 0.5047409733 
-82.1986751037 0.0419275599 0.8691454081 0.5047218313 
-82.2006495425 0.0419229222 0.8691776782 0.5047027095 
-82.2026547527 0.0419182128 0.8692104475 0.5046836054 
-82.2046909339 0.0419134311 0.8692437188 0.5046645165 
-82.2067582883 0.0419085768 0.8692774953 0.5046454403 
-82.2088570207 0.0419036492 0.8693117802 0.5046263745 
-82.2109873388 0.0418986481 0.8693465765 0.5046073165 
-82.2131494527 0.0418935729 0.8693818875 0.5045882639 
-82.2153435754 0.0418884231 0.8694177163 0.5045692142 
-82.2175699226 0.0418831983 0.8694540663 0.5045501650 
-82.2198287126 0.0418778979 0.8694909408 0.5045311138 
-82.2221201669 0.0418725215 0.8695283430 0.5045120580 
-82.2244445093 0.0418670686 0.8695662764 0.5044929954 
-82.2268019668 0.0418615387 0.8696047443 0.5044739234 
-82.2291927690 0.0418559312 0.8696437503 0.5044548395 
-82.2316171486 0.0418502457 0.8696832978 0.5044357413 
-82.2340753411 0.0418444816 0.8697233903 0.5044166263 
-82.2365675848 0.0418386384 0.8697640315 0.5043974921 
-82.2390941213 0.0418327155 0.8698052249 0.5043783362 
-82.2416551949 0.0418267125 0.8698469741 0.5043591563 
-82.2442510529 0.0418206287 0.8698892830 0.5043399497 
-82.2468819458 0.0418144637 0.8699321551 0.5043207142 
-82.2495481270 0.0418082168 0.8699755943 0.5043014473 
-82.2522498531 0.0418018875 0.8700196044 0.5042821466 
-82.2549873838 0.0417954752 0.8700641892 0.5042628096 
-82.2577609820 0.0417889794 0.8701093527 0.5042434339 
-82.2605709135 0.0417823994 0.8701550987 0.5042240170 
-82.2634174475 0.0417757346 0.8702014313 0.5042045567 
-82.2663008566 0.0417689846 0.8702483544 0.5041850505 
-82.2692214163 0.0417621485 0.8702958721 0.5041654959 
-82.2721794055 0.0417552259 0.8703439885 0.5041458906 
-82.2751751067 0.0417482161 0.8703927078 0.5041262322 
-82.2782088053 0.0417411185 0.8704420342 0.5041065183 
-82.2812807904 0.0417339324 0.8704919718 0.5040867465 
-82.2843913543 0.0417266573 0.8705425250 0.5040669144 
-82.2875407929 0.0417192924 0.8705936980 0.5040470196 
-82.2907294054 0.0417118371 0.8706454953 0.5040270598 
-82.2939574947 0.0417042907 0.8706979212 0.5040070326 
-82.2972253670 0.0416966527 0.8707509802 0.5039869355 
-82.3005333323 0.0416889222 0.8708046768 0.5039667663 
-82.3038817040 0.0416810986 0.8708590154 0.5039465226 
-82.3072707992 0.0416731813 0.8709140008 0.5039262019 
-82.3107009386 0.0416651694 0.8709696376 0.5039058020 
-82.3141724468 0.0416570624 0.8710259303 0.5038853205 
-82.3176856519 0.0416488595 0.8710828837 0.5038647550 
-82.3212408860 0.0416405599 0.8711405027 0.5038441031 
-82.3248384846 0.0416321630 0.8711987919 0.5038233625 
-82.3284787875 0.0416236680 0.8712577563 0.5038025308 
-82.3321621381 0.0416150742 0.8713174007 0.5037816057 
-82.3358888837 0.0416063807 0.8713777302 0.5037605848 
-82.3396593757 0.0415975870 0.8714387497 0.5037394658 
-82.3434739694 0.0415886920 0.8715004642 0.5037182463 
-82.3473330240 0.0415796952 0.8715628790 0.5036969239 
-82.3512369030 0.0415705957 0.8716259990 0.5036754963 
-82.3551859739 0.0415613928 0.8716898294 0.5036539611 
-82.3591806081 0.0415520855 0.8717543757 0.5036323160 
-82.3632211815 0.0415426731 0.8718196429 0.5036105586 
-82.3673080742 0.0415331549 0.8718856365 0.5035886866 
-82.3714416702 0.0415235299 0.8719523618 0.5035666975 
-82.3756223582 0.0415137973 0.8720198243 0.5035445890 
-82.3798505311 0.0415039563 0.8720880294 0.5035223588 
-82.3841265860 0.0414940061 0.8721569828 0.5035000044 
-82.3884509247 0.0414839457 0.8722266898 0.5034775236 
-82.3928239533 0.0414737743 0.8722971563 0.5034549138 
-82.3972460825 0.0414634911 0.8723683879 0.5034321728 
-82.4017177274 0.0414530950 0.8724403903 0.5034092981 
-82.4062393078 0.0414425854 0.8725131694 0.5033862874 
-82.4108112482 0.0414319611 0.8725867308 0.5033631382 
-82.4154339777 0.0414212214 0.8726610806 0.5033398482 
-82.4201079302 0.0414103652 0.8727362247 0.5033164149 
-82.4248335442 0.0413993918 0.8728121691 0.5032928360 
-82.4296112632 0.0413883000 0.8728889197 0.5032691089 
-82.4344415355 0.0413770890 0.8729664828 0.5032452314 
-82.4393248145 0.0413657578 0.8730448644 0.5032212010 
-82.4442615582 0.0413543055 0.8731240708 0.5031970151 
-82.4492522300 0.0413427310 0.8732041082 0.5031726715 
-82.4542972982 0.0413310334 0.8732849829 0.5031481676 
-82.4593972362 0.0413192116 0.8733667013 0.5031235010 
-82.4645525225 0.0413072647 0.8734492698 0.5030986691 
-82.4697636411 0.0412951917 0.8735326948 0.5030736696 
-82.4750310810 0.0412829914 0.8736169830 0.5030484999 
-82.4803553366 0.0412706629 0.8737021408 0.5030231576 
-82.4857369078 0.0412582052 0.8737881749 0.5029976401 
-82.4911762999 0.0412456171 0.8738750919 0.5029719449 
-82.4966740236 0.0412328976 0.8739628987 0.5029460695 
-82.5022305951 0.0412200456 0.8740516020 0.5029200114 
-82.5078465365 0.0412070600 0.8741412086 0.5028937680 
-82.5135223752 0.0411939398 0.8742317255 0.5028673367 
-82.5192586447 0.0411806838 0.8743231597 0.5028407149 
-82.5250558838 0.0411672908 0.8744155180 0.5028139001 
-82.5309146377 0.0411537598 0.8745088077 0.5027868897 
-82.5368354570 0.0411400896 0.8746030359 0.5027596810 
-82.5428188986 0.0411262791 0.8746982096 0.5027322714 
-82.5488655254 0.0411123271 0.8747943362 0.5027046582 
-82.5549759060 0.0410982324 0.8748914230 0.5026768389 
-82.5611506158 0.0410839938 0.8749894772 0.5026488106 
-82.5673902357 0.0410696101 0.8750885064 0.5026205708 
-82.5736953536 0.0410550801 0.8751885180 0.5025921166 
-82.5800665631 0.0410404027 0.8752895195 0.5025634453 
-82.5865044646 0.0410255765 0.8753915185 0.5025345542 
-82.5930096649 0.0410106003 0.8754945226 0.5025054405 
-82.5995827774 0.0409954729 0.8755985395 0.5024761014 
-82.6062244218 0.0409801930 0.8757035770 0.5024465341 
-82.6129352250 0.0409647593 0.8758096428 0.5024167356 
-82.6197158202 0.0409491705 0.8759167449 0.5023867031 
-82.6265668478 0.0409334254 0.8760248912 0.5023564338 
-82.6334889547 0.0409175225 0.8761340897 0.5023259247 
-82.6404827952 0.0409014606 0.8762443483 0.5022951728 
-82.6475490304 0.0408852384 0.8763556752 0.5022641751 
-82.6546883286 0.0408688544 0.8764680786 0.5022329286 
-82.6619013653 0.0408523073 0.8765815666 0.5022014303 
-82.6691888232 0.0408355958 0.8766961475 0.5021696771 
-82.6765513925 0.0408187184 0.8768118297 0.5021376658 
-82.6839897708 0.0408016738 0.8769286216 0.5021053933 
-82.6915046632 0.0407844605 0.8770465315 0.5020728563 
-82.6990967825 0.0407670771 0.8771655681 0.5020400517 
-82.7067668489 0.0407495221 0.8772857398 0.5020069762 
-82.7145155908 0.0407317942 0.8774070553 0.5019736263 
-82.7223437441 0.0407138917 0.8775295232 0.5019399988 
-82.7302520529 0.0406958134 0.8776531524 0.5019060902 
-82.7382412692 0.0406775575 0.8777779515 0.5018718970 
-82.7463121531 0.0406591227 0.8779039295 0.5018374156 
-82.7544654730 0.0406405075 0.8780310952 0.5018026425 
-82.7627020056 0.0406217102 0.8781594576 0.5017675740 
-82.7710225359 0.0406027293 0.8782890258 0.5017322063 
-82.7794278575 0.0405835634 0.8784198089 0.5016965357 
-82.7879187726 0.0405642107 0.8785518159 0.5016605582 
-82.7964960919 0.0405446697 0.8786850560 0.5016242699 
-82.8051606352 0.0405249388 0.8788195386 0.5015876667 
-82.8139132308 0.0405050163 0.8789552730 0.5015507445 
-82.8227547164 0.0404849007 0.8790922684 0.5015134991 
-82.8316859385 0.0404645903 0.8792305344 0.5014759261 
-82.8407077528 0.0404440834 0.8793700805 0.5014380210 
-82.8498210244 0.0404233783 0.8795109161 0.5013997794 
-82.8590266277 0.0404024734 0.8796530508 0.5013611965 
-82.8683254468 0.0403813669 0.8797964944 0.5013222674 
-82.8777183753 0.0403600572 0.8799412565 0.5012829873 
-82.8872063164 0.0403385424 0.8800873469 0.5012433510 
-82.8967901833 0.0403168208 0.8802347755 0.5012033532 
-82.9064708992 0.0402948906 0.8803835520 0.5011629884 
-82.9162493973 0.0402727501 0.8805336865 0.5011222511 
-82.9261266209 0.0402503975 0.8806851888 0.5010811353 
-82.9361035239 0.0402278309 0.8808380692 0.5010396350 
-82.9461810703 0.0402050485 0.8809923376 0.5009977439 
-82.9563602350 0.0401820484 0.8811480041 0.5009554555 
-82.9666420033 0.0401588288 0.8813050791 0.5009127628 
-82.9770273714 0.0401353878 0.8814635728 0.5008696589 
-82.9875173466 0.0401117236 0.8816234954 0.5008261362 
-82.9981129470 0.0400878341 0.8817848573 0.5007821870 
-83.0088152022 0.0400637174 0.8819476690 0.5007378032 
-83.0196251531 0.0400393717 0.8821119409 0.5006929761 
-83.0305438518 0.0400147949 0.8822776835 0.5006476969 
-83.0415723624 0.0399899851 0.8824449074 0.5006019559 
-83.0527117605 0.0399649402 0.8826136232 0.5005557434 
-83.0639631339 0.0399396582 0.8827838416 0.5005090487 
-83.0753275822 0.0399141372 0.8829555732 0.5004618608 
-83.0868062174 0.0398883750 0.8831288288 0.5004141678 
-83.0984001638 0.0398623695 0.8833036194 0.5003659573 
-83.1101105582 0.0398361188 0.8834799556 0.5003172159 
-83.1219385502 0.0398096206 0.8836578484 0.5002679296 
-83.1338853021 0.0397828729 0.8838373088 0.5002180833 
-83.1459519895 0.0397558735 0.8840183478 0.5001676609 
-83.1581398008 0.0397286203 0.8842009763 0.5001166453 
-83.1704499381 0.0397011110 0.8843852055 0.5000650182 
-83.1828836170 0.0396733436 0.8845710466 0.5000127598 
-83.1954420667 0.0396453156 0.8847585106 0.4999598491 
-83.2081265303 0.0396170250 0.8849476089 0.4999062634 
-83.2209382652 0.0395884695 0.8851383526 0.4998519782 
-83.2338785429 0.0395596467 0.8853307530 0.4997969673 
-83.2469486495 0.0395305545 0.8855248216 0.4997412023 
-83.2601498858 0.0395011904 0.8857205696 0.4996846526 
-83.2734835674 0.0394715522 0.8859180085 0.4996272850 
-83.2869510251 0.0394416374 0.8861171498 0.4995690639 
-83.3005536052 0.0394114438 0.8863180049 0.4995099502 
-83.3142926693 0.0393809689 0.8865205854 0.4994499020 
-83.3281695949 0.0393502103 0.8867249028 0.4993888735 
-83.3421857756 0.0393191656 0.8869309688 0.4993268150 
-83.3563426214 0.0392878323 0.8871387949 0.4992636725 
-83.3706415585 0.0392562079 0.8873483929 0.4991993872 
-83.3850840303 0.0392242899 0.8875597745 0.4991338950 
-83.3996714970 0.0391920758 0.8877729514 0.4990671260 
-83.4144054364 0.0391595631 0.8879879354 0.4989990041 
-83.4292873438 0.0391267492 0.8882047382 0.4989294460 
-83.4443187326 0.0390936315 0.8884233719 0.4988583608 
-83.4595011344 0.0390602074 0.8886438481 0.4987856491 
-83.4748360994 0.0390264742 0.8888661788 0.4987112024 
-83.4903251969 0.0389924293 0.8890903760 0.4986349018 
-83.5059700154 0.0389580699 0.8893164516 0.4985566173 
-83.5217721632 0.0389233935 0.8895444177 0.4984762065 
-83.5377332686 0.0388883972 0.8897742862 0.4983935137 
-83.5538549807 0.0388530784 0.8900060693 0.4983083684 
-83.5701389691 0.0388174341 0.8902397790 0.4982205840 
-83.5865869253 0.0387814616 0.8904754274 0.4981299560 
-83.6032005623 0.0387451580 0.8907130269 0.4980362613 
-83.6199816157 0.0387085205 0.8909525895 0.4979392556 
-83.6369318441 0.0386715462 0.8911941275 0.4978386722 
-83.6540530296 0.0386342321 0.8914376532 0.4977342202 
-83.6713469783 0.0385965754 0.8916831789 0.4976255828 
-83.6888155212 0.0385585729 0.8919307171 0.4975124156 
-83.7064605147 0.0385202217 0.8921802801 0.4973943449 
-83.7242838413 0.0384815187 0.8924318804 0.4972709669 
-83.7422874106 0.0384424609 0.8926855306 0.4971418454 
-83.7604731597 0.0384030450 0.8929412432 0.4970065115 
-83.7788430544 0.0383632680 0.8931990309 0.4968644614 
-83.7973990900 0.0383231267 0.8934589063 0.4967151546 
-83.8161432921 0.0382826178 0.8937208824 0.4965580136 
-83.8350777177 0.0382417380 0.8939849720 0.4963924380 
-83.8542044572 0.0382004840 0.8942511880 0.4962178826 
-83.8735256370 0.0381588525 0.8945195436 0.4960341414 
-83.8930434262 0.0381168399 0.8947900520 0.4958420792 
-83.9127600434 0.0380744429 0.8950627268 0.4956446478 
-83.9326777523 0.0380316578 0.8953375820 0.4954468015 
-83.9527988410 0.0379884810 0.8956146312 0.4952536052 
-83.9731256036 0.0379449089 0.8958938879 0.4950686988 
-83.9936603360 0.0379009380 0.8961753649 0.4948942224 
-84.0144053364 0.0378565648 0.8964590749 0.4947311807 
-84.0353629064 0.0378117858 0.8967450300 0.4945797048 
-84.0565353534 0.0377665974 0.8970332418 0.4944392521 
-84.0596423831 0.0377599699 0.8970756466 0.4944231982 
