-82.1603968533 0.0420176191 0.8684920367 0.5054496539 
-82.1605513295 0.0420172556 0.8684945602 0.5054362908 
-82.1608604752 0.0420165280 0.8684996105 0.5054095485 
-82.1613246769 0.0420154356 0.8685071941 0.5053694231 
-82.1619445155 0.0420139769 0.8685173205 0.5053159743 
-82.1627207664 0.0420121502 0.8685300027 0.5052493937 
-82.1636542303 0.0420099537 0.8685452538 0.5051518017 
-82.1647467186 0.0420073830 0.8685631047 0.5050774388 
-82.1659992406 0.0420044360 0.8685835718 0.5050067224 
-82.1674130283 0.0420011098 0.8686066752 0.5049390511 
-82.1689893684 0.0419974013 0.8686324358 0.5048739401 
-82.1707296069 0.0419933077 0.8686608754 0.5048110031 
-82.1726351534 0.0419888256 0.8686920165 0.5047499341 
-82.1747074835 0.0419839517 0.8687258827 0.5046904906 
-82.1769481421 0.0419786825 0.8687624985 0.5046324795 
-82.1793587458 0.0419730143 0.8688018894 0.5045757450 
-82.1819409844 0.0419669433 0.8688440821 0.5045201596 
-82.1846966232 0.0419604654 0.8688891043 0.5044656161 
-82.1876275048 0.0419535767 0.8689369846 0.5044120228 
-82.1907355505 0.0419462726 0.8689877530 0.5043592992 
-82.1940227623 0.0419385488 0.8690414405 0.5043073732 
-82.1974912241 0.0419304004 0.8690980793 0.5042561785 
-82.2011431039 0.0419218228 0.8691577027 0.5042056539 
-82.2049806548 0.0419128107 0.8692203453 0.5041557412 
-82.2090062172 0.0419033590 0.8692860428 0.5041063853 
-82.2132222200 0.0418934623 0.8693548324 0.5040575328 
-82.2176311830 0.0418831148 0.8694267522 0.5040091320 
-82.2222357178 0.0418723109 0.8695018419 0.5039611323 
-82.2270385302 0.0418610445 0.8695801421 0.5039134844 
-82.2320424222 0.0418493093 0.8696616951 0.5038661398 
-82.2372502932 0.0418370989 0.8697465444 0.5038190509 
-82.2426651426 0.0418244067 0.8698347347 0.5037721709 
-82.2482900715 0.0418112258 0.8699263122 0.5037254538 
-82.2541282848 0.0417975491 0.8700213246 0.5036788541 
-82.2601830933 0.0417833693 0.8701198208 0.5036323269 
-82.2664579159 0.0417686789 0.8702218512 0.5035858282 
-82.2729562821 0.0417534702 0.8703274676 0.5035393141 
-82.2796818336 0.0417377351 0.8704367234 0.5034927415 
-82.2866383274 0.0417214654 0.8705496734 0.5034460676 
-82.2938296378 0.0417046526 0.8706663739 0.5033992501 
-82.3012597588 0.0416872880 0.8707868827 0.5033522470 
-82.3089328072 0.0416693626 0.8709112591 0.5033050169 
-82.3168530246 0.0416508672 0.8710395642 0.5032575183 
-82.3250247806 0.0416317923 0.8711718605 0.5032097103 
-82.3334525751 0.0416121281 0.8713082120 0.5031615521 
-82.3421410418 0.0415918647 0.8714486845 0.5031130033 
-82.3510949504 0.0415709916 0.8715933454 0.5030640234 
-82.3603192103 0.0415494983 0.8717422638 0.5030145724 
-82.3698188734 0.0415273740 0.8718955105 0.5029646101 
-82.3795991372 0.0415046075 0.8720531577 0.5029140967 
-82.3896653485 0.0414811873 0.8722152798 0.5028629922 
-82.4000230063 0.0414571016 0.8723819525 0.5028112568 
-82.4106777658 0.0414323385 0.8725532537 0.5027588508 
-82.4216354417 0.0414068856 0.8727292626 0.5027057344 
-82.4329020118 0.0413807300 0.8729100606 0.5026518676 
-82.4444836214 0.0413538590 0.8730957306 0.5025972105 
-82.4563865866 0.0413262590 0.8732863576 0.5025417233 
-82.4686173986 0.0412979165 0.8734820283 0.5024853657 
-82.4811827281 0.0412688175 0.8736828313 0.5024280975 
-82.4940894292 0.0412389474 0.8738888571 0.5023698783 
-82.5073445442 0.0412082918 0.8741001980 0.5023106674 
-82.5209553079 0.0411768354 0.8743169483 0.5022504239 
-82.5349291524 0.0411445628 0.8745392043 0.5021891066 
-82.5492737123 0.0411114583 0.8747670640 0.5021266742 
-82.5639968290 0.0410775056 0.8750006277 0.5020630848 
-82.5791065565 0.0410426882 0.8752399974 0.5019982962 
-82.5946111664 0.0410069890 0.8754852770 0.5019322658 
-82.6105191535 0.0409703908 0.8757365728 0.5018649505 
-82.6268392415 0.0409328758 0.8759939926 0.5017963067 
-82.6435803887 0.0408944257 0.8762576465 0.5017262900 
-82.6607517942 0.0408550219 0.8765276466 0.5016548556 
-82.6783629038 0.0408146455 0.8768041070 0.5015819578 
-82.6964234169 0.0407732768 0.8770871436 0.5015075501 
-82.7149432928 0.0407308961 0.8773768746 0.5014315850 
-82.7339327575 0.0406874829 0.8776734200 0.5013540140 
-82.7534023111 0.0406430164 0.8779769020 0.5012747874 
-82.7733627346 0.0405974753 0.8782874448 0.5011938539 
-82.7938250979 0.0405508378 0.8786051744 0.5011111609 
-82.8148007674 0.0405030816 0.8789302191 0.5010266539 
-82.8363014139 0.0404541839 0.8792627088 0.5009402764 
-82.8583390212 0.0404041215 0.8796027758 0.5008519693 
-82.8809258946 0.0403528707 0.8799505540 0.5007616710 
-82.9040746699 0.0403004071 0.8803061795 0.5006693167 
-82.9277983223 0.0402467058 0.8806697901 0.5005748377 
-82.9521101763 0.0401917415 0.8810415257 0.5004781612 
-82.9770239156 0.0401354883 0.8814215279 0.5003792092 
-83.0025535930 0.0400779198 0.8818099403 0.5002778979 
-83.0287136415 0.0400190088 0.8822069081 0.5001741363 
-83.0555188849 0.0399587277 0.8826125783 0.5000678253 
-83.0829845498 0.0398970483 0.8830270999 0.4999588559 
-83.1111262768 0.0398339419 0.8834506231 0.4998471073 
-83.1399601336 0.0397693790 0.8838833002 0.4997324450 
-83.1695026273 0.0397033295 0.8843252847 0.4996147175 
-83.1997707184 0.0396357629 0.8847767318 0.4994937534 
-83.2307818343 0.0395666477 0.8852377981 0.4993693571 
-83.2625538845 0.0394959520 0.8857086416 0.4992413039 
-83.2951052754 0.0394236433 0.8861894215 0.4991093335 
-83.3284549268 0.0393496882 0.8866802984 0.4989731428 
-83.3626222888 0.0392740527 0.8871814340 0.4988323761 
-83.3976273595 0.0391967020 0.8876929910 0.4986866137 
-83.4334907037 0.0391176009 0.8882151332 0.4985353577 
-83.4702334734 0.0390367132 0.8887480252 0.4983780135 
-83.5078774285 0.0389540018 0.8892918325 0.4982138685 
-83.5464449601 0.0388694293 0.8898467213 0.4980420639 
-83.5859591141 0.0387829570 0.8904128585 0.4978615613 
-83.6264436185 0.0386945458 0.8909904115 0.4976711003 
-83.6679229113 0.0386041555 0.8915795483 0.4974691478 
-83.7104221716 0.0385117451 0.8921804373 0.4972538352 
-83.7539673543 0.0384172728 0.8927932472 0.4970228846 
-83.7985852279 0.0383206957 0.8934181472 0.4967735239 
-83.8443034161 0.0382219701 0.8940553069 0.4965023931 
-83.8911504454 0.0381210510 0.8947048962 0.4962054553 
-83.9391557977 0.0380178926 0.8953670858 0.4958779328 
-83.9883499693 0.0379124477 0.8960420466 0.4955143137 
-84.0387645373 0.0378046680 0.8967299506 0.4951084903 
-84.0904322310 0.0376945037 0.8974309708 0.4946541143 
-84.1433870230 0.0375819038 0.8981452814 0.4941471266 
-84.1976643847 0.0374668151 0.8988730610 0.4936124071 
-84.2533013086 0.0373491826 0.8996144910 0.4931278452 
-84.3103351173 0.0372289520 0.9003697389 0.4927372086 
-84.3688030940 0.0371060706 0.9011389516 0.4924351565 
-84.3721164855 0.0370991177 0.9011825675 0.4924204665 
