-84.6999295143 0.0007461374 0.9962423201 0.9998883591 0.0000148852 0.9992232732 0.7126059121 0.9658249353 0.3881038525 0.0010695925 0.0625978424 0.2259813162 0.0001130740 0.8308226941 0.3082815590 0.0003034522 0.0431079625 0.7441425602 0.5752492589 0.6674709053 0.4132618616 0.0001654453 1.4937642614 1.4793664699 1.5424488777 0.0001601165 11.5056944933 11.5054165659 11.5054308760 136.4220370802 0.0000716042 0.0004037825 0.8716029759 0.5884433971 0.1334217480 0.0130005623
-84.6998760618 0.0007461442 0.9962422750 0.9998883577 0.0000148853 0.9992232737 0.7125991478 0.9658225308 0.3881421224 0.0010695967 0.0625854026 0.2259144993 0.0001130746 0.8308309738 0.3083348367 0.0003034545 0.0431082760 0.7441601887 0.5752689146 0.6674884067 0.4132824748 0.0001654559 1.4937253492 1.4793223879 1.5424485753 0.0001601257 11.5056636149 11.5053857553 11.5054000666 136.4220461366 0.0000716183 0.0004037856 0.8716192311 0.5884591132 0.1334542925 0.0130049691
-84.6997698446 0.0007461576 0.9962421856 0.9998883549 0.0000148855 0.9992232747 0.7125854395 0.9658170936 0.3882295030 0.0010696049 0.0625605052 0.2257792066 0.0001130757 0.8308475590 0.3084428220 0.0003034591 0.0431088989 0.7441959007 0.5753090037 0.6675235861 0.4133249665 0.0001654798 1.4936432753 1.4792288953 1.5424486637 0.0001601463 11.5056138935 11.5053361775 11.5053504915 136.4220639229 0.0000716486 0.0004037917 0.8716517447 0.5884944970 0.1335176708 0.0130143387
-84.6996122867 0.0007461776 0.9962420529 0.9998883507 0.0000148858 0.9992232764 0.7125643641 0.9658077281 0.3883768299 0.0010696171 0.0625230954 0.2255719981 0.0001130775 0.8308725042 0.3086086245 0.0003034659 0.0431098227 0.7442503060 0.5753712043 0.6675765304 0.4133919669 0.0001655211 1.4935104060 1.4790766379 1.5424502109 0.0001601820 11.5055664532 11.5052889685 11.5053032870 136.4220898923 0.0000716984 0.0004038007 0.8717005239 0.5885555896 0.1336087761 0.0130296436
-84.6994056064 0.0007462038 0.9962418789 0.9998883452 0.0000148862 0.9992232789 0.7125346462 0.9657932612 0.3885909166 0.0010696332 0.0624730276 0.2252873368 0.0001130797 0.8309058959 0.3088375758 0.0003034748 0.0431110341 0.7443235889 0.5754580780 0.6676469687 0.4134874953 0.0001655855 1.4933143813 1.4788507590 1.5424546685 0.0001602377 11.5055702924 11.5052931411 11.5053074668 136.4221235371 0.0000717732 0.0004038126 0.8717655813 0.5886509925 0.1337236932 0.0130524213
-84.6991513467 0.0007462358 0.9962416662 0.9998883385 0.0000148866 0.9992232825 0.7124919673 0.9657717829 0.3888924514 0.0010696528 0.0624097770 0.2249137314 0.0001130825 0.8309478571 0.3091402116 0.0003034857 0.0431125149 0.7444151205 0.5755724893 0.6677344337 0.4136164244 0.0001656821 1.4930362066 1.4785281520 1.5424646981 0.0001603212 11.5056600443 11.5053833575 11.5053976937 136.4158521747 0.0000718813 0.0004038270 0.8718469366 0.5887939093 0.1338585969 0.0130851921
-84.6988612510 0.0007462725 0.9962414220 0.9998883307 0.0000148872 0.9992232878 0.7124440053 0.9657464294 0.3892401985 0.0010696753 0.0623470683 0.2245154373 0.0001130856 0.8309985660 0.3094643794 0.0003034982 0.0431142155 0.7445131071 0.5757031213 0.6678255543 0.4137556025 0.0001657966 1.4926830535 1.4781376383 1.5424678010 0.0001604203 11.5057880531 11.5055118878 11.5055262367 136.4158900728 0.0000720096 0.0004038437 0.8719446236 0.5889632547 0.1339770978 0.0131227051
-84.6985381679 0.0007463134 0.9962411500 0.9998883221 0.0000148878 0.9992232953 0.7123920235 0.9657189627 0.3896261767 0.0010697004 0.0622853275 0.2240977153 0.0001130892 0.8310581936 0.3098056088 0.0003035122 0.0431161105 0.7446192424 0.5758500902 0.6679215776 0.4139054413 0.0001659203 1.4922772421 1.4777049716 1.5424635355 0.0001605273 11.5059123193 11.5056367059 11.5056510685 136.4159251880 0.0000721495 0.0004038622 0.8720586702 0.5891459549 0.1340826276 0.0131627965
-84.6981864733 0.0007463580 0.9962408538 0.9998883127 0.0000148885 0.9992233053 0.7123383035 0.9656907771 0.3900400610 0.0010697277 0.0622248573 0.2236650219 0.0001130930 0.8311269121 0.3101601766 0.0003035273 0.0431181744 0.7447345013 0.5760138801 0.6680230841 0.4140666660 0.0001660464 1.4918386079 1.4772513405 1.5424524532 0.0001606365 11.5060198185 11.5057447647 11.5057591414 136.4159582115 0.0000722944 0.0004038824 0.8721891002 0.5893320108 0.1341777796 0.0132037505
-84.6978104484 0.0007464057 0.9962405370 0.9998883027 0.0000148892 0.9992233181 0.7122856410 0.9656629906 0.3904705051 0.0010697569 0.0621659131 0.2232220992 0.0001130971 0.8312048927 0.3105242515 0.0003035436 0.0431203822 0.7448594143 0.5761949953 0.6681303785 0.4142400198 0.0001661696 1.4913846113 1.4767940235 1.5424356245 0.0001607431 11.5061120388 11.5058375329 11.5058519233 136.4159896418 0.0000724390 0.0004039040 0.8723359319 0.5895136668 0.1342645371 0.0132442093
-84.6974141816 0.0007464560 0.9962402032 0.9998882921 0.0000148899 0.9992233340 0.7122368072 0.9656364912 0.3909068149 0.0010697877 0.0621087083 0.2227739354 0.0001131015 0.8312923026 0.3108939405 0.0003035607 0.0431227100 0.7449943071 0.5763938570 0.6682436641 0.4144261344 0.0001662858 1.4909300352 1.4763466349 1.5424142893 0.0001608439 11.5061916389 11.5059176541 11.5059320575 136.4160197348 0.0000725792 0.0004039268 0.8724991756 0.5896849097 0.1343444493 0.0132831263
-84.6970014925 0.0007465084 0.9962398556 0.9998882811 0.0000148907 0.9992233534 0.7121941450 0.9656119307 0.3913403092 0.0010698198 0.0620534096 0.2223254890 0.0001131060 0.8313893025 0.3112655110 0.0003035785 0.0431251354 0.7451394136 0.5766107935 0.6683631067 0.4146255063 0.0001663922 1.4904864985 1.4759190738 1.5423896488 0.0001609362 11.5062606152 11.5059871138 11.5060015291 136.4160485819 0.0000727121 0.0004039505 0.8726788335 0.5898414060 0.1344187488 0.0133197569
-84.6965758816 0.0007465625 0.9962394970 0.9998882697 0.0000148915 0.9992233765 0.7121593771 0.9655897304 0.3917649386 0.0010698529 0.0620001318 0.2218813638 0.0001131106 0.8314960438 0.3116356176 0.0003035969 0.0431276377 0.7452949200 0.5768460544 0.6684888518 0.4148385146 0.0001664867 1.4900624420 1.4755178387 1.5423627737 0.0001610184 11.5063233490 11.5060502862 11.5060647121 136.4160761969 0.0000728358 0.0004039750 0.8728748976 0.5899804082 0.1344884301 0.0133536301
-84.6961404969 0.0007466178 0.9962391304 0.9998882581 0.0000148924 0.9992234035 0.7121336272 0.9655701344 0.3921771433 0.0010698868 0.0619489261 0.2214454521 0.0001131154 0.8316126676 0.3120015600 0.0003036158 0.0431301986 0.7454609938 0.5770998273 0.6686210511 0.4150654488 0.0001665684 1.4896632962 1.4751464777 1.5423345136 0.0001610897 11.5063763981 11.5061037259 11.5061181609 136.4161025654 0.0000729495 0.0004040000 0.8730873495 0.5901003351 0.1345543126 0.0133845034
-84.6956981307 0.0007466741 0.9962387579 0.9998882462 0.0000148932 0.9992234345 0.7121174981 0.9655532044 0.3925755305 0.0010699212 0.0618998104 0.2210210744 0.0001131203 0.8317393027 0.3123611139 0.0003036349 0.0431328014 0.7456377842 0.5773722520 0.6687598514 0.4153065321 0.0001666369 1.4892918959 1.4748060822 1.5423055580 0.0001611497 11.5064228379 11.5061505074 11.5061649500 136.4161276651 0.0000730528 0.0004040255 0.8733161595 0.5902008499 0.1346170637 0.0134123356
-84.6952512248 0.0007467309 0.9962383817 0.9998882343 0.0000148941 0.9992234698 0.7121112051 0.9655388926 0.3929602998 0.0010699560 0.0618527636 0.2206107949 0.0001131252 0.8318760650 0.3127126300 0.0003036543 0.0431354319 0.7458254279 0.5776634315 0.6689053968 0.4155619398 0.0001666925 1.4889491302 1.4744960592 1.5422764251 0.0001611987 11.5064633610 11.5061913245 11.5062057733 136.4161514837 0.0000731461 0.0004040512 0.8735612869 0.5902823298 0.1346772367 0.0134372213
-84.6948018901 0.0007467881 0.9962380037 0.9998882223 0.0000148949 0.9992235095 0.7121147036 0.9655270736 0.3933327060 0.0010699910 0.0618077309 0.2202164155 0.0001131301 0.8320230575 0.3130550036 0.0003036737 0.0431380774 0.7460240468 0.5779734415 0.6690578180 0.4158318116 0.0001667358 1.4886346291 1.4742148453 1.5422475060 0.0001612372 11.5065023204 11.5062305324 11.5062449859 136.4161740287 0.0000732300 0.0004040771 0.8738226789 0.5903456633 0.1347352947 0.0134593356
-84.6943519265 0.0007468454 0.9962376253 0.9998882102 0.0000148958 0.9992235535 0.7121278246 0.9655176115 0.3936945023 0.0010700261 0.0617646165 0.2198389019 0.0001131350 0.8321803699 0.3133877479 0.0003036932 0.0431407274 0.7462337616 0.5783023350 0.6692172566 0.4161162607 0.0001667674 1.4883471812 1.4739603427 1.5422190389 0.0001612657 11.5065337860 11.5062622044 11.5062766612 136.4161953279 0.0000733051 0.0004041030 0.8741002718 0.5903917614 0.1347916391 0.0134788874
-84.6939028585 0.0007469025 0.9962372479 0.9998881982 0.0000148966 0.9992236020 0.7121503152 0.9655103143 0.3940477918 0.0010700611 0.0617233239 0.2194788404 0.0001131399 0.8323480791 0.3137106015 0.0003037127 0.0431433728 0.7464546757 0.5786501457 0.6693838375 0.4164153791 0.0001667882 1.4880850027 1.4737300880 1.5421912148 0.0001612851 11.5065643258 11.5062929114 11.5063073704 136.4162154181 0.0000733724 0.0004041289 0.8743939902 0.5904219506 0.1348466007 0.0134961210
-84.6934559561 0.0007469594 0.9962368725 0.9998881862 0.0000148975 0.9992236550 0.7121819176 0.9655050212 0.3943946589 0.0010700959 0.0616837307 0.2191362241 0.0001131448 0.8325262493 0.3140237301 0.0003037320 0.0431460059 0.7466868907 0.5790168907 0.6695576933 0.4167292428 0.0001667989 1.4878461116 1.4735216626 1.5421641101 0.0001612959 11.5065894296 11.5063181467 11.5063326067 136.4162343491 0.0000734327 0.0004041546 0.8747037478 0.5904372959 0.1349004715 0.0135112663
-84.6930122679 0.0007470159 0.9962365002 0.9998881744 0.0000148983 0.9992237124 0.7122223728 0.9655015498 0.3947371904 0.0010701305 0.0616457216 0.2188108532 0.0001131497 0.8327149331 0.3143273985 0.0003037513 0.0431486207 0.7469304968 0.5794025727 0.6697389471 0.4170579145 0.0001668004 1.4876282938 1.4733325608 1.5421377687 0.0001612989 11.5066113002 11.5063401164 11.5063545763 136.4162521724 0.0000734867 0.0004041802 0.8750294476 0.5904390324 0.1349534957 0.0135245627
-84.6925726468 0.0007470719 0.9962361315 0.9998881626 0.0000148991 0.9992237742 0.7122714335 0.9654997322 0.3950773638 0.0010701648 0.0616091783 0.2185022624 0.0001131545 0.8329141715 0.3146220319 0.0003037703 0.0431512120 0.7471855708 0.5798071827 0.6699277067 0.4174014459 0.0001667933 1.4874295073 1.4731605692 1.5421122100 0.0001612947 11.5066339704 11.5063628558 11.5063773147 136.4162689478 0.0000735353 0.0004042055 0.8753709824 0.5904282933 0.1350058848 0.0135362238
-84.6921377687 0.0007471273 0.9962357671 0.9998881510 0.0000149000 0.9992238404 0.7123289024 0.9654994454 0.3954168968 0.0010701987 0.0615739665 0.2182096366 0.0001131593 0.8331239947 0.3149083231 0.0003037892 0.0431537757 0.7474521895 0.5802307012 0.6701240880 0.4177598802 0.0001667783 1.4872478599 1.4730037505 1.5420873864 0.0001612838 11.5066513128 11.5063802406 11.5063946976 136.4162847425 0.0000735790 0.0004042306 0.8757282347 0.5904058666 0.1350578341 0.0135464295
-84.6917081617 0.0007471821 0.9962354075 0.9998881395 0.0000149008 0.9992239108 0.7123945993 0.9655005428 0.3957574076 0.0010702322 0.0615399704 0.2179322173 0.0001131640 0.8333444231 0.3151868845 0.0003038078 0.0431563087 0.7477304131 0.5806730986 0.6703281877 0.4181332514 0.0001667561 1.4870815228 1.4728602661 1.5420632752 0.0001612667 11.5066695989 11.5063985443 11.5064129985 136.4162996206 0.0000736184 0.0004042553 0.8761010775 0.5903727461 0.1351095051 0.0135553567
-84.6912842175 0.0007472361 0.9962350530 0.9998881281 0.0000149016 0.9992239855 0.7124683900 0.9655029275 0.3961002564 0.0010702653 0.0615070634 0.2176690224 0.0001131687 0.8335754673 0.3154585072 0.0003038262 0.0431588087 0.7480203014 0.5811343357 0.6705401095 0.4185215873 0.0001667270 1.4869289024 1.4727285834 1.5420398046 0.0001612439 11.5066836622 11.5064126027 11.5064270533 136.4163136489 0.0000736540 0.0004042798 0.8764893746 0.5903295452 0.1351610495 0.0135631468
-84.6908662147 0.0007472894 0.9962347038 0.9998881169 0.0000149024 0.9992240642 0.7125501568 0.9655064833 0.3964467039 0.0010702979 0.0614751369 0.2174191731 0.0001131733 0.8338171293 0.3157238787 0.0003038443 0.0431612740 0.7483219002 0.5816143649 0.6707599406 0.4189249091 0.0001666916 1.4867884711 1.4726072547 1.5420169250 0.0001612157 11.5066985927 11.5064275073 11.5064419536 136.4163268891 0.0000736863 0.0004043039 0.8768929808 0.5902770455 0.1352125939 0.0135699382
-84.6904543280 0.0007473419 0.9962343601 0.9998881059 0.0000149031 0.9992241468 0.7126398216 0.9655111366 0.3967977768 0.0010703300 0.0614440759 0.2171816569 0.0001131778 0.8340694026 0.3159838024 0.0003038622 0.0431637034 0.7486352544 0.5821131309 0.6709877729 0.4193432327 0.0001666503 1.4866589628 1.4724951202 1.5419945583 0.0001611826 11.5067103594 11.5064392290 11.5064536703 136.4163394030 0.0000737157 0.0004043276 0.8773117424 0.5902157061 0.1352642585 0.0135758367
-84.6900486454 0.0007473936 0.9962340220 0.9998880950 0.0000149039 0.9992242333 0.7127373197 0.9655167987 0.3971544284 0.0010703617 0.0614137822 0.2169555998 0.0001131822 0.8343322732 0.3162389635 0.0003038798 0.0431660966 0.7489603993 0.5826305706 0.6712236899 0.4197765695 0.0001666033 1.4865390680 1.4723909839 1.5419726382 0.0001611447 11.5067203920 11.5064491989 11.5064636346 136.4163512454 0.0000737425 0.0004043510 0.8777454977 0.5901461152 0.1353161443 0.0135809542
-84.6896491794 0.0007474445 0.9962336894 0.9998880843 0.0000149047 0.9992243235 0.7128425932 0.9655233895 0.3975175196 0.0010703929 0.0613841643 0.2167401484 0.0001131866 0.8346057197 0.3164900187 0.0003038971 0.0431684532 0.7492973589 0.5831666146 0.6714677603 0.4202249261 0.0001665511 1.4864277078 1.4722938819 1.5419511103 0.0001611024 11.5067325904 11.5064613179 11.5064757473 136.4163624703 0.0000737670 0.0004043740 0.8781940769 0.5900688038 0.1353683410 0.0135853832
-84.6892558724 0.0007474947 0.9962333624 0.9998880738 0.0000149054 0.9992244171 0.7129556181 0.9655308699 0.3978877094 0.0010704235 0.0613551204 0.2165343116 0.0001131909 0.8348897142 0.3167377561 0.0003039142 0.0431707738 0.7496461594 0.5837211874 0.6717200616 0.4206883055 0.0001664939 1.4863240237 1.4722030803 1.5419298950 0.0001610559 11.5067406931 11.5064693259 11.5064837485 136.4163731345 0.0000737895 0.0004043967 0.8786573030 0.5899839893 0.1354209401 0.0135891887
-84.6888686126 0.0007475441 0.9962330408 0.9998880634 0.0000149061 0.9992245142 0.7130763674 0.9655391672 0.3982656537 0.0010704538 0.0613265706 0.2163373106 0.0001131952 0.8351842226 0.3169827792 0.0003039310 0.0431730588 0.7500068126 0.5842942073 0.6719806537 0.4211667063 0.0001664319 1.4862271284 1.4721177990 1.5419089498 0.0001610055 11.5067508654 11.5064793887 11.5064938039 136.4163832870 0.0000738102 0.0004044190 0.8791349918 0.5898921650 0.1354740136 0.0135924461
-84.6884872342 0.0007475927 0.9962327245 0.9998880532 0.0000149068 0.9992246145 0.7132048404 0.9655482515 0.3986518421 0.0010704835 0.0612984258 0.2161482515 0.0001131994 0.8354892053 0.3172258028 0.0003039476 0.0431753094 0.7503793325 0.5848855865 0.6722496052 0.4216601241 0.0001663654 1.4861363219 1.4720374615 1.5418881999 0.0001609512 11.5067576166 11.5064860169 11.5065004242 136.4163929774 0.0000738292 0.0004044410 0.8796269521 0.5897934914 0.1355276366 0.0135952055
-84.6881115308 0.0007476406 0.9962324134 0.9998880432 0.0000149075 0.9992247178 0.7133410322 0.9655580647 0.3990467630 0.0010705129 0.0612706157 0.2159664290 0.0001132035 0.8358046170 0.3174673785 0.0003039639 0.0431775266 0.7507637212 0.5854952314 0.6725269697 0.4221685507 0.0001662945 1.4860509184 1.4719614723 1.5418676104 0.0001608932 11.5067662285 11.5064944926 11.5065088915 136.4164022484 0.0000738468 0.0004044626 0.8801329864 0.5896883603 0.1355818685 0.0135975242
-84.6877412547 0.0007476879 0.9962321071 0.9998880333 0.0000149082 0.9992248240 0.7134849612 0.9655685848 0.3994507590 0.0010705418 0.0612430622 0.2157910469 0.0001132076 0.8361304079 0.3177081503 0.0003039799 0.0431797119 0.7511599830 0.5861230434 0.6728128086 0.4226919757 0.0001662193 1.4859703788 1.4718894049 1.5418471145 0.0001608318 11.5067721501 11.5065002659 11.5065146558 136.4164111422 0.0000738631 0.0004044839 0.8806528908 0.5895768826 0.1356367713 0.0135994384
-84.6873761269 0.0007477345 0.9962318056 0.9998880235 0.0000149089 0.9992249329 0.7136366425 0.9655797663 0.3998641873 0.0010705703 0.0612157048 0.2156214963 0.0001132116 0.8364665238 0.3179486068 0.0003039958 0.0431818670 0.7515681145 0.5867689181 0.6731071763 0.4232303861 0.0001661401 1.4858940634 1.4718207032 1.5418266706 0.0001607669 11.5067769804 11.5065049361 11.5065193167 136.4164196929 0.0000738782 0.0004045050 0.8811864557 0.5894593590 0.1356923946 0.0136009993
-84.6870158412 0.0007477804 0.9962315084 0.9998880139 0.0000149096 0.9992250444 0.7137960840 0.9655915668 0.4002873897 0.0010705984 0.0611884874 0.2154572037 0.0001132155 0.8368129062 0.3181891989 0.0003040114 0.0431839936 0.7519881033 0.5874327472 0.6734101140 0.4237837660 0.0001660571 1.4858214863 1.4717549616 1.5418062486 0.0001606988 11.5067847269 11.5065125112 11.5065268820 136.4164279347 0.0000738924 0.0004045257 0.8817334657 0.5893360704 0.1357487825 0.0136022468
-84.6866600631 0.0007478258 0.9962312154 0.9998880044 0.0000149103 0.9992251581 0.7139633180 0.9656039810 0.4007205670 0.0010706262 0.0611613413 0.2152974546 0.0001132194 0.8371694932 0.3184305155 0.0003040269 0.0431860937 0.7524199422 0.5881144179 0.6737216750 0.4243520979 0.0001659702 1.4857523006 1.4716919250 1.5417857873 0.0001606275 11.5067886016 11.5065162040 11.5065305645 136.4164359055 0.0000739055 0.0004045462 0.8822937001 0.5892070064 0.1358059870 0.0136032000
-84.6863084413 0.0007478707 0.9962309262 0.9998879950 0.0000149109 0.9992252741 0.7141383625 0.9656169639 0.4011639799 0.0010706536 0.0611342192 0.2151417628 0.0001132233 0.8375362194 0.3186729453 0.0003040421 0.0431881695 0.7528636111 0.5888138130 0.6740418958 0.4249353613 0.0001658797 1.4856861062 1.4716312464 1.5417652755 0.0001605532 11.5067952506 11.5065226606 11.5065370104 136.4164436354 0.0000739179 0.0004045665 0.8828669331 0.5890724788 0.1358640444 0.0136038942
-84.6859606019 0.0007479151 0.9962306405 0.9998879857 0.0000149116 0.9992253920 0.7143212560 0.9656305118 0.4016177686 0.0010706808 0.0611070610 0.2149895073 0.0001132271 0.8379130162 0.3189170067 0.0003040572 0.0431902229 0.7533190950 0.5895308105 0.6743708252 0.4255335343 0.0001657856 1.4856226147 1.4715727172 1.5417446590 0.0001604759 11.5067985202 11.5065257281 11.5065400667 136.4164511569 0.0000739294 0.0004045865 0.8834529342 0.5889324710 0.1359229988 0.0136043443
-84.6856161590 0.0007479590 0.9962303580 0.9998879765 0.0000149122 0.9992255117 0.7145120236 0.9656445852 0.4020821304 0.0010707077 0.0610798257 0.2148402678 0.0001132309 0.8382998127 0.3191630416 0.0003040722 0.0431922565 0.7537863684 0.5902652843 0.6747084971 0.4261465921 0.0001656880 1.4855614886 1.4715160463 1.5417239267 0.0001603957 11.5068043105 11.5065313064 11.5065456335 136.4164584958 0.0000739403 0.0004046063 0.8840514680 0.5887872541 0.1359828810 0.0136045797
-84.6852747093 0.0007480026 0.9962300783 0.9998879674 0.0000149129 0.9992256330 0.7147107081 0.9656591823 0.4025571560 0.0010707343 0.0610524605 0.2146935006 0.0001132346 0.8386965352 0.3194115099 0.0003040870 0.0431942724 0.7542654102 0.5910171043 0.6750549566 0.4267745092 0.0001655870 1.4855025162 1.4714610845 1.5417030350 0.0001603126 11.5068071979 11.5065339727 11.5065482879 136.4164656802 0.0000739505 0.0004046260 0.8846622952 0.5886368027 0.1360437288 0.0136046104
-84.6849358412 0.0007480459 0.9962298011 0.9998879583 0.0000149135 0.9992257558 0.7149173413 0.9656742696 0.4030429871 0.0010707608 0.0610249290 0.2145488344 0.0001132384 0.8391031082 0.3196627193 0.0003041018 0.0431962732 0.7547561904 0.5917861365 0.6754102360 0.4274172577 0.0001654827 1.4854454236 1.4714075996 1.5416819734 0.0001602268 11.5068122981 11.5065388427 11.5065531455 136.4164727321 0.0000739602 0.0004046455 0.8852851720 0.5884813460 0.1361055687 0.0136044596
-84.6845991296 0.0007480888 0.9962295261 0.9998879493 0.0000149141 0.9992258798 0.7151319730 0.9656898464 0.4035396617 0.0010707871 0.0609971846 0.2144057932 0.0001132420 0.8395194542 0.3199170810 0.0003041164 0.0431982613 0.7552586834 0.5925722435 0.6757743777 0.4280748089 0.0001653751 1.4853900613 1.4713554919 1.5416607036 0.0001601383 11.5068150969 11.5065414026 11.5065556927 136.4164796751 0.0000739693 0.0004046649 0.8859198510 0.5883208538 0.1361684335 0.0136041325
-84.6842641422 0.0007481316 0.9962292527 0.9998879404 0.0000149147 0.9992260049 0.7153546455 0.9657058855 0.4040472729 0.0010708132 0.0609691960 0.2142640703 0.0001132457 0.8399454940 0.3201748626 0.0003041309 0.0432002394 0.7557728586 0.5933752835 0.6761474196 0.4287471328 0.0001652643 1.4853361151 1.4713044865 1.5416392066 0.0001600471 11.5068171055 11.5065431639 11.5065574409 136.4164865254 0.0000739779 0.0004046841 0.8865660811 0.5881555049 0.1362323463 0.0136036544
-84.6839304411 0.0007481742 0.9962289807 0.9998879315 0.0000149154 0.9992261308 0.7155853904 0.9657223609 0.4045659304 0.0010708393 0.0609409342 0.2141233773 0.0001132494 0.8403811474 0.3204363063 0.0003041454 0.0432022099 0.7562986786 0.5941951120 0.6765293888 0.4294341977 0.0001651505 1.4852834010 1.4712544275 1.5416174753 0.0001599534 11.5068223114 11.5065481141 11.5065623777 136.4164933007 0.0000739862 0.0004047034 0.8872236077 0.5879854724 0.1362973277 0.0136030416
-84.6835975777 0.0007482167 0.9962287097 0.9998879226 0.0000149160 0.9992262575 0.7158242610 0.9657392816 0.4050956298 0.0010708653 0.0609123554 0.2139832672 0.0001132530 0.8408263327 0.3207018072 0.0003041599 0.0432041755 0.7568361132 0.5950315818 0.6769203261 0.4301359714 0.0001650336 1.4852318480 1.4712052878 1.5415954716 0.0001598571 11.5068238972 11.5065494365 11.5065636863 136.4165000235 0.0000739940 0.0004047225 0.8878921731 0.5878106504 0.1363634086 0.0136022922
-84.6832651027 0.0007482591 0.9962284393 0.9998879137 0.0000149166 0.9992263848 0.7160712948 0.9657566145 0.4056364562 0.0010708912 0.0608834352 0.2138435041 0.0001132567 0.8412809676 0.3209715709 0.0003041743 0.0432061390 0.7573851219 0.5958845421 0.6773202580 0.4308524198 0.0001649137 1.4851812733 1.4711569019 1.5415731998 0.0001597584 11.5068284979 11.5065537656 11.5065680012 136.4165067099 0.0000740014 0.0004047416 0.8885715167 0.5876312729 0.1364306064 0.0136014243
-84.6829325573 0.0007483016 0.9962281691 0.9998879048 0.0000149172 0.9992265124 0.7163265480 0.9657743666 0.4061883921 0.0010709172 0.0608541350 0.2137036993 0.0001132603 0.8417449690 0.3212459482 0.0003041888 0.0432081029 0.7579456712 0.5967538388 0.6777292253 0.4315835079 0.0001647908 1.4851315990 1.4711092324 1.5415506232 0.0001596571 11.5068299090 11.5065548978 11.5065691188 136.4165133792 0.0000740085 0.0004047608 0.8892613748 0.5874472516 0.1364989482 0.0136004370
-84.6825994829 0.0007483441 0.9962278986 0.9998878959 0.0000149178 0.9992266402 0.7165900626 0.9657925084 0.4067514965 0.0010709432 0.0608244329 0.2135636492 0.0001132640 0.8422182534 0.3215251228 0.0003042032 0.0432100700 0.7585177189 0.5976393144 0.6781472558 0.4323291993 0.0001646651 1.4850826879 1.4710621487 1.5415277492 0.0001595535 11.5068340526 11.5065587546 11.5065729608 136.4165200450 0.0000740153 0.0004047799 0.8899614813 0.5872587923 0.1365684496 0.0135993449
-84.6822654128 0.0007483868 0.9962276276 0.9998878870 0.0000149184 0.9992267681 0.7168618979 0.9658110459 0.4073257392 0.0010709693 0.0607942943 0.2134230095 0.0001132677 0.8427007368 0.3218094119 0.0003042178 0.0432120430 0.7591012296 0.5985408090 0.6785743899 0.4330894575 0.0001645365 1.4850344814 1.4710156273 1.5415045455 0.0001594475 11.5068354316 11.5065598398 11.5065740307 136.4165267244 0.0000740217 0.0004047992 0.8906715679 0.5870658161 0.1366391348 0.0135981463
-84.6819298807 0.0007484296 0.9962273556 0.9998878781 0.0000149191 0.9992268959 0.7171421015 0.9658299533 0.4079111541 0.0010709955 0.0607636989 0.2132815951 0.0001132713 0.8431923354 0.3220989889 0.0003042323 0.0432140248 0.7596961603 0.5994581597 0.6790106574 0.4338642443 0.0001644051 1.4849868665 1.4709695612 1.5414810175 0.0001593392 11.5068392170 11.5065633240 11.5065774994 136.4165334293 0.0000740279 0.0004048185 0.8913913637 0.5868685028 0.1367110182 0.0135968528
-84.6815924134 0.0007484727 0.9962270822 0.9998878691 0.0000149197 0.9992270234 0.7174307398 0.9658492361 0.4085076835 0.0010710218 0.0607326151 0.2131390988 0.0001132750 0.8436929655 0.3223941454 0.0003042470 0.0432160181 0.7603024745 0.6003912008 0.6794560998 0.4346535217 0.0001642709 1.4849398132 1.4709239507 1.5414571354 0.0001592286 11.5068407979 11.5065645967 11.5065787562 136.4165401738 0.0000740338 0.0004048379 0.8921205960 0.5866667802 0.1367841217 0.0135954604
-84.6812525366 0.0007485161 0.9962268069 0.9998878600 0.0000149203 0.9992271505 0.7177278710 0.9658688727 0.4091153365 0.0010710484 0.0607010252 0.2129953726 0.0001132788 0.8442025432 0.3226950361 0.0003042618 0.0432180257 0.7609201324 0.6013397640 0.6799107557 0.4354572510 0.0001641340 1.4848931293 1.4708786146 1.5414328921 0.0001591157 11.5068417234 11.5065652072 11.5065793505 136.4165469655 0.0000740394 0.0004048574 0.8928589902 0.5864607904 0.1368584585 0.0135939855
-84.6809097746 0.0007485599 0.9962265294 0.9998878508 0.0000149210 0.9992272770 0.7180335430 0.9658888423 0.4097341481 0.0010710752 0.0606689125 0.2128502729 0.0001132825 0.8447209856 0.3230018012 0.0003042767 0.0432200504 0.7615490890 0.6023036788 0.6803746540 0.4362753926 0.0001639945 1.4848467386 1.4708334833 1.5414082902 0.0001590007 11.5068459970 11.5065691590 11.5065832857 136.4165538143 0.0000740449 0.0004048772 0.8936062702 0.5862506729 0.1369340408 0.0135924367
-84.6805636455 0.0007486041 0.9962262493 0.9998878416 0.0000149216 0.9992274028 0.7183478265 0.9659091579 0.4103640464 0.0010711022 0.0606362446 0.2127034829 0.0001132863 0.8452482098 0.3233147472 0.0003042917 0.0432220950 0.7621893081 0.6032827729 0.6808478395 0.4371079072 0.0001638523 1.4848006503 1.4707885949 1.5413832970 0.0001588834 11.5068467165 11.5065695502 11.5065836601 136.4165607357 0.0000740501 0.0004048971 0.8943621582 0.5860362941 0.1370108919 0.0135908059
-84.6802136688 0.0007486488 0.9962259661 0.9998878323 0.0000149222 0.9992275278 0.7186707760 0.9659297907 0.4110050550 0.0010711295 0.0606030072 0.2125548881 0.0001132902 0.8457841339 0.3236339961 0.0003043069 0.0432241625 0.7628407446 0.6042768715 0.6813303435 0.4379547541 0.0001637076 1.4847547837 1.4707438614 1.5413579278 0.0001587640 11.5068505933 11.5065730921 11.5065871848 136.4165677392 0.0000740552 0.0004049172 0.8951263751 0.5858178594 0.1370890223 0.0135891042
-84.6798593573 0.0007486940 0.9962256794 0.9998878228 0.0000149229 0.9992276517 0.7190024664 0.9659507513 0.4116571009 0.0010711572 0.0605691706 0.2124042077 0.0001132941 0.8463286766 0.3239598281 0.0003043223 0.0432262557 0.7635033622 0.6052857975 0.6818222133 0.4388158925 0.0001635603 1.4847091331 1.4706993031 1.5413321513 0.0001586425 11.5068513199 11.5065734775 11.5065875527 136.4165748383 0.0000740600 0.0004049376 0.8958986409 0.5855952564 0.1371684536 0.0135873253
-84.6795002249 0.0007487399 0.9962253888 0.9998878132 0.0000149236 0.9992277745 0.7193429582 0.9659720129 0.4123201955 0.0010711852 0.0605347214 0.2122513391 0.0001132980 0.8468817576 0.3242923603 0.0003043379 0.0432283774 0.7641771170 0.6063093713 0.6823234843 0.4396912810 0.0001634105 1.4846636166 1.4706548336 1.5413059790 0.0001585189 11.5068549180 11.5065767280 11.5065907855 136.4165820414 0.0000740646 0.0004049583 0.8966786744 0.5853686749 0.1372491960 0.0135854795
-84.6791357786 0.0007487865 0.9962250939 0.9998878035 0.0000149242 0.9992278961 0.7196923307 0.9659935849 0.4129942597 0.0010712137 0.0604996320 0.2120960257 0.0001133020 0.8474432976 0.3246318555 0.0003043537 0.0432305307 0.7648619735 0.6073474118 0.6828342062 0.4405808783 0.0001632582 1.4846182541 1.4706104889 1.5412793866 0.0001583932 11.5068557666 11.5065772231 11.5065912625 136.4165893608 0.0000740691 0.0004049792 0.8974661937 0.5851380117 0.1373312696 0.0135835598
-84.6787655259 0.0007488338 0.9962247943 0.9998877936 0.0000149249 0.9992280163 0.7200506520 0.9660154431 0.4136792883 0.0010712426 0.0604638888 0.2119381649 0.0001133061 0.8480132184 0.3249784361 0.0003043698 0.0432327183 0.7655578899 0.6083997356 0.6833544187 0.4414846426 0.0001631035 1.4845729666 1.4705661919 1.5412523807 0.0001582656 11.5068591614 11.5065802581 11.5065942790 136.4165968041 0.0000740734 0.0004050005 0.8982609162 0.5849034371 0.1374146849 0.0135815749
-84.6783889674 0.0007488819 0.9962244895 0.9998877836 0.0000149256 0.9992281349 0.7204180102 0.9660375962 0.4143751804 0.0010712720 0.0604274658 0.2117775199 0.0001133102 0.8485914430 0.3253323544 0.0003043862 0.0432349433 0.7662648323 0.6094661581 0.6838841752 0.4424025328 0.0001629463 1.4845277937 1.4705219951 1.5412249386 0.0001581359 11.5068603464 11.5065810775 11.5065950797 136.4166043816 0.0000740774 0.0004050222 0.8990625590 0.5846648564 0.1374994608 0.0135795162
-84.6780056017 0.0007489309 0.9962241790 0.9998877733 0.0000149263 0.9992282520 0.7207944861 0.9660600238 0.4150819109 0.0010713020 0.0603903504 0.2116140099 0.0001133144 0.8491778955 0.3256937272 0.0003044029 0.0432372086 0.7669827645 0.6105464922 0.6844235267 0.4433345076 0.0001627868 1.4844825679 1.4704777362 1.5411970538 0.0001580042 11.5068609512 11.5065813110 11.5065952943 136.4166120974 0.0000740814 0.0004050443 0.8998708388 0.5844224061 0.1375856080 0.0135773978
-84.6776149254 0.0007489808 0.9962238625 0.9998877629 0.0000149270 0.9992283673 0.7211801505 0.9660827069 0.4157994810 0.0010713325 0.0603525305 0.2114475491 0.0001133187 0.8497725018 0.3260626644 0.0003044199 0.0432395172 0.7677116466 0.6116405499 0.6849725160 0.4442805258 0.0001626250 1.4844372539 1.4704333789 1.5411687324 0.0001578706 11.5068650087 11.5065849913 11.5065989554 136.4166199586 0.0000740852 0.0004050668 0.9006854721 0.5841762136 0.1376731365 0.0135752255
-84.6772164268 0.0007490317 0.9962235395 0.9998877522 0.0000149278 0.9992284808 0.7215750985 0.9661056607 0.4165277830 0.0010713636 0.0603139771 0.2112778688 0.0001133231 0.8503751886 0.3264394529 0.0003044372 0.0432418722 0.7684514486 0.6127481426 0.6855312027 0.4452405467 0.0001624608 1.4843919107 1.4703889984 1.5411399465 0.0001577351 11.5068655087 11.5065851088 11.5065990533 136.4166279778 0.0000740888 0.0004050897 0.9015061758 0.5839261292 0.1377620683 0.0135729877
-84.6768095947 0.0007490837 0.9962232096 0.9998877414 0.0000149285 0.9992285923 0.7219794099 0.9661288571 0.4172668125 0.0010713954 0.0602746792 0.2111048997 0.0001133275 0.8509858847 0.3268241964 0.0003044549 0.0432442766 0.7692021326 0.6138690798 0.6860996341 0.4462145293 0.0001622944 1.4843464648 1.4703445145 1.5411107091 0.0001575978 11.5068692745 11.5065884864 11.5066024111 136.4166361625 0.0000740924 0.0004051131 0.9023326665 0.5836723572 0.1378524129 0.0135706944
-84.6763939086 0.0007491368 0.9962228723 0.9998877303 0.0000149293 0.9992287017 0.7223931861 0.9661523087 0.4180164616 0.0010714279 0.0602346095 0.2109283959 0.0001133321 0.8516045198 0.3272171669 0.0003044729 0.0432467334 0.7699636708 0.6150031695 0.6866778747 0.4472024331 0.0001621258 1.4843009601 1.4702999840 1.5410809945 0.0001574585 11.5068698723 11.5065886909 11.5066025954 136.4166445242 0.0000740957 0.0004051371 0.9031646616 0.5834147685 0.1379441913 0.0135683361
-84.6759688468 0.0007491911 0.9962225271 0.9998877189 0.0000149301 0.9992288090 0.7228165146 0.9661759895 0.4187767142 0.0010714611 0.0601937568 0.2107482880 0.0001133368 0.8522310256 0.3276184741 0.0003044914 0.0432492458 0.7707360288 0.6161502187 0.6872659778 0.4482042174 0.0001619549 1.4842553267 1.4702553318 1.5410508135 0.0001573175 11.5068734552 11.5065918749 11.5066057591 136.4166530698 0.0000740990 0.0004051615 0.9040018789 0.5831535516 0.1380374136 0.0135659219
-84.6755338784 0.0007492467 0.9962221737 0.9998877073 0.0000149309 0.9992289141 0.7232495035 0.9661999101 0.4195474597 0.0010714951 0.0601520949 0.2105643427 0.0001133415 0.8528653352 0.3280283841 0.0003045103 0.0432518168 0.7715191818 0.6173100332 0.6878640126 0.4492198429 0.0001617819 1.4842096071 1.4702106124 1.5410201424 0.0001571746 11.5068742565 11.5065922723 11.5066061359 136.4166618102 0.0000741020 0.0004051866 0.9048440368 0.5828885928 0.1381321003 0.0135634430
-84.6750884701 0.0007493037 0.9962218115 0.9998876954 0.0000149317 0.9992290168 0.7236922502 0.9662240475 0.4203286631 0.0010715298 0.0601096113 0.2103764797 0.0001133464 0.8535073833 0.3284470220 0.0003045297 0.0432544498 0.7723130995 0.6184824180 0.6884720388 0.4502492701 0.0001616067 1.4841637519 1.4701657679 1.5409889908 0.0001570300 11.5068777250 11.5065953317 11.5066091744 136.4166707520 0.0000741050 0.0004052122 0.9056908550 0.5826200575 0.1382282625 0.0135609062
-84.6746320783 0.0007493620 0.9962214401 0.9998876831 0.0000149326 0.9992291171 0.7241448739 0.9662484111 0.4211201922 0.0010715655 0.0600662805 0.2101844745 0.0001133514 0.8541571064 0.3288746542 0.0003045495 0.0432571478 0.7731177606 0.6196671775 0.6890901311 0.4512924609 0.0001614294 1.4841178064 1.4701208590 1.5409573337 0.0001568836 11.5068789400 11.5065961327 11.5066099542 136.4166799047 0.0000741077 0.0004052385 0.9065420538 0.5823478445 0.1383259202 0.0135583017
-84.6741641548 0.0007494218 0.9962210589 0.9998876706 0.0000149334 0.9992292149 0.7246074870 0.9662729814 0.4219219914 0.0010716021 0.0600220902 0.2099882594 0.0001133566 0.8548144424 0.3293114098 0.0003045699 0.0432599142 0.7739331426 0.6208641148 0.6897183630 0.4523493781 0.0001612500 1.4840716243 1.4700757395 1.5409251668 0.0001567354 11.5068796282 11.5065964022 11.5066102022 136.4166892719 0.0000741104 0.0004052655 0.9073973550 0.5820720862 0.1384250854 0.0135556424
-84.6736841454 0.0007494832 0.9962206676 0.9998876578 0.0000149343 0.9992293101 0.7250801927 0.9662977400 0.4227340338 0.0010716396 0.0599770283 0.2097877554 0.0001133618 0.8554793312 0.3297574173 0.0003045908 0.0432627522 0.7747592199 0.6220730331 0.6903568004 0.4534199851 0.0001610686 1.4840251742 1.4700303741 1.5408924945 0.0001565856 11.5068838588 11.5066002090 11.5066139874 136.4166988601 0.0000741129 0.0004052931 0.9082564819 0.5817929088 0.1385257699 0.0135529334
-84.6731914841 0.0007495462 0.9962202656 0.9998876446 0.0000149352 0.9992294027 0.7255631208 0.9663227032 0.4235561770 0.0010716781 0.0599310649 0.2095826924 0.0001133673 0.8561517138 0.3302129920 0.0003046122 0.0432656652 0.7755959782 0.6232937358 0.6910055272 0.4545042470 0.0001608851 1.4839785370 1.4699848562 1.5408592900 0.0001564341 11.5068845028 11.5066004249 11.5066141813 136.4167086820 0.0000741154 0.0004053215 0.9091191591 0.5815101536 0.1386279978 0.0135501616
-84.6726856017 0.0007496109 0.9962198525 0.9998876310 0.0000149362 0.9992294924 0.7260563855 0.9663478432 0.4243883866 0.0010717176 0.0598841881 0.2093729993 0.0001133728 0.8568315335 0.3306782651 0.0003046342 0.0432686566 0.7764433957 0.6245260257 0.6916646159 0.4556021290 0.0001606998 1.4839316394 1.4699391067 1.5408255650 0.0001562810 11.5068885108 11.5066040001 11.5066177343 136.4167187452 0.0000741177 0.0004053507 0.9099851132 0.5812240256 0.1387317810 0.0135473365
-84.6721659154 0.0007496774 0.9962194277 0.9998876171 0.0000149372 0.9992295794 0.7265601253 0.9663731734 0.4252305189 0.0010717582 0.0598363692 0.2091584205 0.0001133785 0.8575187348 0.3311535465 0.0003046568 0.0432717298 0.7773014617 0.6257697048 0.6923341574 0.4567135978 0.0001605124 1.4838845404 1.4698931922 1.5407912937 0.0001561262 11.5068893109 11.5066043630 11.5066180748 136.4167290615 0.0000741198 0.0004053807 0.9108540727 0.5809343890 0.1388371435 0.0135444476
-84.6716318375 0.0007497457 0.9962189907 0.9998876028 0.0000149381 0.9992296635 0.7270744647 0.9663986683 0.4260825251 0.0010717999 0.0597875953 0.2089388773 0.0001133844 0.8582132639 0.3316389821 0.0003046801 0.0432748884 0.7781701601 0.6270245754 0.6930142322 0.4578386211 0.0001603231 1.4838371762 1.4698470429 1.5407564869 0.0001559699 11.5068932002 11.5066078106 11.5066214997 136.4167396381 0.0000741218 0.0004054114 0.9117257682 0.5806414319 0.1389440982 0.0135415036
-84.6710827664 0.0007498159 0.9962185410 0.9998875881 0.0000149392 0.9992297446 0.7275995509 0.9664243389 0.4269442583 0.0010718428 0.0597378380 0.2087141196 0.0001133904 0.8589150688 0.3321348844 0.0003047040 0.0432781359 0.7790494846 0.6282904396 0.6937049378 0.4589771683 0.0001601319 1.4837895847 1.4698007102 1.5407211176 0.0001558120 11.5068942454 11.5066084101 11.5066220763 136.4167504869 0.0000741237 0.0004054431 0.9125999326 0.5803450377 0.1390526694 0.0135384952
-84.6705180936 0.0007498882 0.9962180780 0.9998875729 0.0000149402 0.9992298227 0.7281355197 0.9664501625 0.4278156521 0.0010718870 0.0596870831 0.2084840536 0.0001133966 0.8596240988 0.3326414211 0.0003047285 0.0432814759 0.7799394246 0.6295670997 0.6944063631 0.4601292101 0.0001599388 1.4837417267 1.4697541400 1.5406851969 0.0001556525 11.5068980379 11.5066117525 11.5066253955 136.4167616156 0.0000741255 0.0004054757 0.9134763013 0.5800453724 0.1391628715 0.0135354293
-84.6699371961 0.0007499625 0.9962176013 0.9998875574 0.0000149413 0.9992298978 0.7286825278 0.9664761476 0.4286965550 0.0010719324 0.0596353021 0.2082484308 0.0001134030 0.8603403050 0.3331589114 0.0003047538 0.0432849122 0.7808399788 0.6308543585 0.6951186124 0.4612947194 0.0001597439 1.4836936195 1.4697073703 1.5406486968 0.0001554915 11.5068993909 11.5066126515 11.5066262711 136.4167730360 0.0000741271 0.0004055092 0.9143546123 0.5797423402 0.1392747292 0.0135322981
-84.6693394424 0.0007500390 0.9962171103 0.9998875413 0.0000149424 0.9992299696 0.7292407241 0.9665022747 0.4295868769 0.0010719791 0.0595824786 0.2080071353 0.0001134096 0.8610636398 0.3336875521 0.0003047798 0.0432884485 0.7817511422 0.6321520189 0.6958417834 0.4624736703 0.0001595472 1.4836452492 1.4696603705 1.5406116282 0.0001553289 11.5069031284 11.5066159308 11.5066295268 136.4167847564 0.0000741286 0.0004055437 0.9152346064 0.5794360811 0.1393882588 0.0135291060
-84.6687241853 0.0007501177 0.9962166044 0.9998875248 0.0000149436 0.9992300383 0.7298102792 0.9665285512 0.4304864414 0.0010720272 0.0595285842 0.2077599185 0.0001134163 0.8617940573 0.3342276734 0.0003048066 0.0432920886 0.7826729190 0.6334598848 0.6965759886 0.4636660395 0.0001593486 1.4835966441 1.4696131852 1.5405739637 0.0001551649 11.5069049745 11.5066173151 11.5066308872 136.4167967876 0.0000741300 0.0004055792 0.9161160275 0.5791265122 0.1395034855 0.0135258442
-84.6680907663 0.0007501988 0.9962160830 0.9998875078 0.0000149448 0.9992301037 0.7303913603 0.9665549606 0.4313951348 0.0010720767 0.0594736016 0.2075066638 0.0001134233 0.8625315130 0.3347794909 0.0003048342 0.0432958365 0.7836053134 0.6347777600 0.6973213410 0.4648718059 0.0001591483 1.4835476825 1.4695656918 1.5405356972 0.0001549994 11.5069062646 11.5066181396 11.5066316876 136.4168091356 0.0000741312 0.0004056157 0.9169986226 0.5788137456 0.1396204275 0.0135225234
-84.6674385146 0.0007502823 0.9962155456 0.9998874903 0.0000149460 0.9992301658 0.7309841272 0.9665814860 0.4323128700 0.0010721277 0.0594175135 0.2072472461 0.0001134305 0.8632759637 0.3353432197 0.0003048626 0.0432996962 0.7845483278 0.6361054499 0.6980779481 0.4660909501 0.0001589464 1.4834983457 1.4695178650 1.5404968323 0.0001548326 11.5069109310 11.5066223367 11.5066358604 136.4168218093 0.0000741323 0.0004056534 0.9178821419 0.5784978984 0.1397391029 0.0135191470
-84.6667667416 0.0007503683 0.9962149916 0.9998874722 0.0000149472 0.9992302245 0.7315887672 0.9666081420 0.4332394491 0.0010721802 0.0593602859 0.2069813540 0.0001134379 0.8640273676 0.3359192616 0.0003048918 0.0433036718 0.7855019759 0.6374427612 0.6988459361 0.4673234558 0.0001587427 1.4834486954 1.4694697826 1.5404573382 0.0001546643 11.5069122892 11.5066232222 11.5066367214 136.4168348235 0.0000741333 0.0004056922 0.9187663392 0.5781788254 0.1398595420 0.0135157032
-84.6660747476 0.0007504569 0.9962144203 0.9998874536 0.0000149485 0.9992302798 0.7322054552 0.9666349043 0.4341747685 0.0010722343 0.0593019010 0.2067088587 0.0001134455 0.8647856843 0.3365078495 0.0003049220 0.0433077675 0.7864662660 0.6387895012 0.6996254216 0.4685693084 0.0001585373 1.4833986902 1.4694213899 1.5404172274 0.0001544946 11.5069168111 11.5066272678 11.5066407423 136.4168481883 0.0000741342 0.0004057321 0.9196509721 0.5778567090 0.1399817643 0.0135121991
-84.6653618134 0.0007505481 0.9962138312 0.9998874344 0.0000149499 0.9992303315 0.7328343910 0.9666617847 0.4351186226 0.0010722900 0.0592423247 0.2064294536 0.0001134533 0.8655508745 0.3371093932 0.0003049530 0.0433119875 0.7874412170 0.6401454784 0.7004165402 0.4698284962 0.0001583303 1.4833483647 1.4693727368 1.5403764689 0.0001543235 11.5069184301 11.5066284073 11.5066418568 136.4168619183 0.0000741349 0.0004057733 0.9205358016 0.5775314284 0.1401058006 0.0135086250
-84.6646272067 0.0007506422 0.9962132235 0.9998874147 0.0000149512 0.9992303798 0.7334757643 0.9666887608 0.4360708858 0.0010723475 0.0591815373 0.2061429906 0.0001134614 0.8663229004 0.3377241560 0.0003049850 0.0433163362 0.7884268443 0.6415105023 0.7012194198 0.4711010097 0.0001581217 1.4832976817 1.4693237735 1.5403350729 0.0001541511 11.5069229093 11.5066324037 11.5066458280 136.4168760239 0.0000741354 0.0004058158 0.9214205930 0.5772031489 0.1402316722 0.0135049875
-84.6638701742 0.0007507392 0.9962125967 0.9998873943 0.0000149527 0.9992304244 0.7341297883 0.9667158426 0.4370313392 0.0010724067 0.0591195044 0.2058491584 0.0001134697 0.8671017250 0.3383525652 0.0003050180 0.0433208182 0.7894231730 0.6428843842 0.7020342054 0.4723868432 0.0001579115 1.4832466694 1.4692745445 1.5402930100 0.0001539774 11.5069248928 11.5066339013 11.5066473003 136.4168905200 0.0000741359 0.0004058595 0.9223051155 0.5768717664 0.1403594113 0.0135012778
-84.6630899479 0.0007508391 0.9962119501 0.9998873733 0.0000149541 0.9992304654 0.7347966693 0.9667430107 0.4379998270 0.0010724677 0.0590562037 0.2055477798 0.0001134783 0.8678873128 0.3389949249 0.0003050520 0.0433254379 0.7904302258 0.6442669365 0.7028610362 0.4736859933 0.0001576997 1.4831953057 1.4692250127 1.5402502877 0.0001538024 11.5069293947 11.5066379141 11.5066512875 136.4169054177 0.0000741362 0.0004059046 0.9231891425 0.5765374237 0.1404890416 0.0134975003
-84.6622857373 0.0007509422 0.9962112829 0.9998873516 0.0000149556 0.9992305027 0.7354766392 0.9667702737 0.4389760962 0.0010725306 0.0589915997 0.2052385349 0.0001134871 0.8686796290 0.3396516873 0.0003050870 0.0433302002 0.7914480346 0.6456579738 0.7037000678 0.4749984608 0.0001574863 1.4831436259 1.4691752317 1.5402068766 0.0001536260 11.5069319457 11.5066399732 11.5066533208 136.4169207312 0.0000741363 0.0004059511 0.9240724518 0.5762000283 0.1406205964 0.0134936455
-84.6614567337 0.0007510484 0.9962105945 0.9998873293 0.0000149572 0.9992305363 0.7361699272 0.9667976155 0.4399599581 0.0010725954 0.0589256685 0.2049212387 0.0001134963 0.8694786400 0.3403231882 0.0003051231 0.0433351099 0.7924766322 0.6470573118 0.7045514580 0.4763242500 0.0001572715 1.4830915024 1.4691250714 1.5401627682 0.0001534484 11.5069340014 11.5066415343 11.5066548559 136.4169364696 0.0000741363 0.0004059990 0.9249548258 0.5758596949 0.1407541022 0.0134897238
-84.6606021091 0.0007511579 0.9962098842 0.9998873063 0.0000149588 0.9992305660 0.7368767572 0.9668250202 0.4409512461 0.0010726623 0.0588583858 0.2045956911 0.0001135057 0.8702843132 0.3410097715 0.0003051604 0.0433401719 0.7935160504 0.6484647688 0.7054153596 0.4776633684 0.0001570552 1.4830389186 1.4690745084 1.5401179638 0.0001532697 11.5069395400 11.5066465754 11.5066598708 136.4169526454 0.0000741362 0.0004060484 0.9258360511 0.5755165363 0.1408895858 0.0134857386
-84.6597210102 0.0007512708 0.9962091511 0.9998872825 0.0000149605 0.9992305919 0.7375973839 0.9668525031 0.4419496740 0.0010727312 0.0587897095 0.2042614970 0.0001135154 0.8710966167 0.3417119841 0.0003051988 0.0433453914 0.7945663326 0.6498801657 0.7062919463 0.4790158283 0.0001568373 1.4829859311 1.4690236194 1.5400724284 0.0001530896 11.5069417401 11.5066482756 11.5066615447 136.4169692773 0.0000741359 0.0004060994 0.9267159194 0.5751704029 0.1410270872 0.0134816774
-84.6588125653 0.0007513873 0.9962083946 0.9998872580 0.0000149622 0.9992306139 0.7383320513 0.9668800412 0.4429550480 0.0010728022 0.0587196139 0.2039184437 0.0001135254 0.8719155196 0.3424302028 0.0003052384 0.0433507735 0.7956275176 0.6513033254 0.7071813831 0.4803816451 0.0001566181 1.4829325072 1.4689723535 1.5400261738 0.0001529084 11.5069472265 11.5066532594 11.5066665019 136.4169863794 0.0000741355 0.0004061519 0.9275942269 0.5748214741 0.1411666352 0.0134775468
-84.6578758753 0.0007515074 0.9962076139 0.9998872327 0.0000149639 0.9992306319 0.7390810318 0.9669076467 0.4439670642 0.0010728755 0.0586480562 0.2035661314 0.0001135357 0.8727409916 0.3431649994 0.0003052792 0.0433563236 0.7966996555 0.6527340728 0.7080838559 0.4817608388 0.0001563975 1.4828786699 1.4689207552 1.5399791637 0.0001527260 11.5069497748 11.5066553029 11.5066685187 136.4170039703 0.0000741349 0.0004062061 0.9284707748 0.5744696251 0.1413082711 0.0134733371
-84.6569100203 0.0007516313 0.9962068081 0.9998872067 0.0000149658 0.9992306459 0.7398445895 0.9669352987 0.4449854953 0.0010729511 0.0585750080 0.2032043191 0.0001135463 0.8735730034 0.3439167990 0.0003053213 0.0433620473 0.7977827932 0.6541722353 0.7089995443 0.4831534334 0.0001561754 1.4828243882 1.4688687780 1.5399314069 0.0001525425 11.5069553226 11.5066603435 11.5066735323 136.4170220651 0.0000741342 0.0004062620 0.9293453691 0.5741150187 0.1414520269 0.0134690543
-84.6559140511 0.0007517590 0.9962059764 0.9998871798 0.0000149677 0.9992306557 0.7406230159 0.9669630081 0.4460100101 0.0010730290 0.0585004251 0.2028325916 0.0001135573 0.8744115261 0.3446862102 0.0003053648 0.0433679503 0.7988769884 0.6556176428 0.7099286466 0.4845594581 0.0001559520 1.4827696929 1.4688164680 1.5398828710 0.0001523578 11.5069583327 11.5066628443 11.5066760060 136.4170406831 0.0000741333 0.0004063197 0.9302178210 0.5737575431 0.1415979460 0.0134646888
-84.6548869955 0.0007518907 0.9962051180 0.9998871520 0.0000149696 0.9992306615 0.7414165983 0.9669907563 0.4470403400 0.0010731094 0.0584242755 0.2024506681 0.0001135686 0.8752565316 0.3454737191 0.0003054096 0.0433740383 0.7999822965 0.6570701280 0.7108713570 0.4859789468 0.0001557273 1.4827145468 1.4687637799 1.5398335581 0.0001521720 11.5069640199 11.5066680200 11.5066811544 136.4170598402 0.0000741323 0.0004063792 0.9310879465 0.5733973432 0.1417460639 0.0134602455
-84.6538278500 0.0007520266 0.9962042320 0.9998871234 0.0000149716 0.9992306631 0.7422256534 0.9670185539 0.4480761030 0.0010731923 0.0583465131 0.2020581136 0.0001135803 0.8761079921 0.3462799808 0.0003054558 0.0433803175 0.8010987834 0.6585295267 0.7118278883 0.4874119388 0.0001555011 1.4826590025 1.4687107785 1.5397834380 0.0001519850 11.5069677101 11.5066711967 11.5066843037 136.4170795559 0.0000741310 0.0004064405 0.9319555670 0.5730343146 0.1418964263 0.0134557133
-84.6527355843 0.0007521668 0.9962033175 0.9998870938 0.0000149737 0.9992306603 0.7430504986 0.9670463850 0.4491169824 0.0010732778 0.0582671034 0.2016546298 0.0001135923 0.8769658806 0.3471055352 0.0003055034 0.0433867940 0.8022265159 0.6599956770 0.7127984566 0.4888584793 0.0001552737 1.4826029109 1.4686573173 1.5397324958 0.0001517970 11.5069709874 11.5066739588 11.5066870381 136.4170998444 0.0000741296 0.0004065038 0.9328205087 0.5726685753 0.1420490727 0.0134511035
-84.6516091399 0.0007523114 0.9962023735 0.9998870633 0.0000149758 0.9992306533 0.7438914483 0.9670742356 0.4501626738 0.0010733659 0.0581860108 0.2012398945 0.0001136047 0.8778301703 0.3479509439 0.0003055526 0.0433934741 0.8033655608 0.6614684209 0.7137832752 0.4903186187 0.0001550451 1.4825462617 1.4686033795 1.5396807305 0.0001516080 11.5069778787 11.5066803330 11.5066933844 136.4171207238 0.0000741281 0.0004065690 0.9336826034 0.5723002318 0.1422040431 0.0134464184
-84.6504474231 0.0007524605 0.9962013991 0.9998870319 0.0000149780 0.9992306419 0.7447488535 0.9671021223 0.4512127414 0.0010734569 0.0581031809 0.2008133799 0.0001136175 0.8787008349 0.3488169943 0.0003056033 0.0434003645 0.8045159971 0.6629476041 0.7147825803 0.4917924141 0.0001548152 1.4824891076 1.4685490388 1.5396281026 0.0001514179 11.5069814194 11.5066833552 11.5066963786 136.4171422185 0.0000741264 0.0004066364 0.9345416876 0.5719291283 0.1423613920 0.0134416453
-84.6492493131 0.0007526144 0.9962003933 0.9998869995 0.0000149803 0.9992306260 0.7456230569 0.9671300232 0.4522668372 0.0010735507 0.0580185756 0.2003747397 0.0001136307 0.8795778484 0.3497043073 0.0003056556 0.0434074719 0.8056778996 0.6644330753 0.7157966014 0.4932799277 0.0001545840 1.4824314107 1.4684942396 1.5395746193 0.0001512268 11.5069883972 11.5066898127 11.5067028080 136.4171643487 0.0000741246 0.0004067058 0.9353976034 0.5715554423 0.1425211629 0.0134367906
-84.6480136511 0.0007527731 0.9961993551 0.9998869660 0.0000149826 0.9992306056 0.7465144359 0.9671579528 0.4533244871 0.0010736474 0.0579321387 0.1999234283 0.0001136443 0.8804611851 0.3506137240 0.0003057095 0.0434148032 0.8068513557 0.6659246866 0.7168255912 0.4947812290 0.0001543516 1.4823732007 1.4684390338 1.5395202414 0.0001510346 11.5069924219 11.5066933159 11.5067062828 136.4171871396 0.0000741226 0.0004067775 0.9362501978 0.5711790390 0.1426834129 0.0134318436
-84.6467392482 0.0007529368 0.9961982834 0.9998869314 0.0000149850 0.9992305806 0.7474233624 0.9671858912 0.4543852907 0.0010737472 0.0578438284 0.1994590580 0.0001136584 0.8813508195 0.3515459434 0.0003057652 0.0434223657 0.8080364496 0.6674222937 0.7178697975 0.4962963935 0.0001541181 1.4823144340 1.4683833645 1.5394649719 0.0001508415 11.5069996164 11.5066999875 11.5067129259 136.4172106127 0.0000741204 0.0004068514 0.9370993232 0.5708000817 0.1428481902 0.0134268103
-84.6454248757 0.0007531057 0.9961971772 0.9998868958 0.0000149875 0.9992305509 0.7483502428 0.9672138514 0.4554487259 0.0010738501 0.0577535857 0.1989810532 0.0001136729 0.8822467261 0.3525018764 0.0003058226 0.0434301667 0.8092332776 0.6689257561 0.7189294906 0.4978255044 0.0001538833 1.4822551436 1.4683272806 1.5394087737 0.0001506473 11.5070042544 11.5067041015 11.5067170112 136.4172347945 0.0000741180 0.0004069276 0.9379448368 0.5704184484 0.1430155554 0.0134216803
-84.6440692713 0.0007532799 0.9961960353 0.9998868590 0.0000149901 0.9992305164 0.7492954824 0.9672418164 0.4565143274 0.0010739563 0.0576613637 0.1984889723 0.0001136878 0.8831488798 0.3534823182 0.0003058818 0.0434382139 0.8104419339 0.6704349372 0.7200049376 0.4993686519 0.0001536474 1.4821952866 1.4682707331 1.5393516446 0.0001504522 11.5070117627 11.5067110845 11.5067239654 136.4172597081 0.0000741154 0.0004070063 0.9387866013 0.5700342826 0.1431855618 0.0134164583
-84.6426711310 0.0007534596 0.9961948567 0.9998868210 0.0000149928 0.9992304771 0.7502595246 0.9672697992 0.4575814967 0.0010740658 0.0575671004 0.1979822045 0.0001137033 0.8840572552 0.3544882637 0.0003059429 0.0434465152 0.8116625243 0.6719497045 0.7210964279 0.5009259347 0.0001534103 1.4821349179 1.4682137885 1.5392935492 0.0001502561 11.5070172541 11.5067160497 11.5067289016 136.4172853803 0.0000741126 0.0004070874 0.9396244843 0.5696474690 0.1433582741 0.0134111322
-84.6412291131 0.0007536450 0.9961936400 0.9998867819 0.0000149955 0.9992304329 0.7512428172 0.9672977854 0.4586496955 0.0010741787 0.0574707450 0.1974602761 0.0001137192 0.8849718271 0.3555206003 0.0003060059 0.0434550786 0.8128951562 0.6734699293 0.7222042563 0.5024974596 0.0001531721 1.4820738693 1.4681562869 1.5392344653 0.0001500591 11.5070224489 11.5067207176 11.5067335404 136.4173118333 0.0000741096 0.0004071711 0.9404583582 0.5692581264 0.1435337509 0.0134057137
-84.6397418362 0.0007538363 0.9961923840 0.9998867414 0.0000149983 0.9992303837 0.7522458114 0.9673257635 0.4597183839 0.0010742952 0.0573722448 0.1969226790 0.0001137356 0.8858925702 0.3565802602 0.0003060709 0.0434639125 0.8141399375 0.6749954878 0.7233287174 0.5040833416 0.0001529329 1.4820121362 1.4680982149 1.5391743885 0.0001498613 11.5070314255 11.5067291664 11.5067419599 136.4173390930 0.0000741065 0.0004072575 0.9412881007 0.5688663529 0.1437120529 0.0134002043
-84.6382078729 0.0007540336 0.9961910876 0.9998866997 0.0000150012 0.9992303293 0.7532690033 0.9673537524 0.4607868707 0.0010744154 0.0572715274 0.1963686857 0.0001137525 0.8868194590 0.3576684374 0.0003061380 0.0434730256 0.8153969896 0.6765262611 0.7244701319 0.5056837056 0.0001526925 1.4819497642 1.4680396413 1.5391132722 0.0001496624 11.5070370725 11.5067342853 11.5067470493 136.4173671926 0.0000741031 0.0004073466 0.9421135942 0.5684719855 0.1438932561 0.0133945907
-84.6366257567 0.0007542372 0.9961897494 0.9998866567 0.0000150043 0.9992302698 0.7543128866 0.9673817325 0.4618545446 0.0010745394 0.0571685359 0.1957977476 0.0001137700 0.8877524678 0.3587861705 0.0003062072 0.0434824266 0.8166664300 0.6780621347 0.7256288163 0.5072986844 0.0001524511 1.4818867049 1.4679805042 1.5390511171 0.0001494627 11.5070463475 11.5067430314 11.5067557658 136.4173961611 0.0000740996 0.0004074385 0.9429347260 0.5680751984 0.1440774264 0.0133888791
-84.6349939718 0.0007544473 0.9961883681 0.9998866123 0.0000150074 0.9992302050 0.7553779994 0.9674097211 0.4629206448 0.0010746673 0.0570631947 0.1952091022 0.0001137880 0.8886915708 0.3599347580 0.0003062786 0.0434921249 0.8179483897 0.6796029985 0.7268051142 0.5089284213 0.0001522086 1.4818229916 1.4679208574 1.5389878788 0.0001492621 11.5070526900 11.5067488448 11.5067615495 136.4174260329 0.0000740959 0.0004075334 0.9437513880 0.5676758463 0.1442646448 0.0133830579
-84.6333109599 0.0007546640 0.9961869422 0.9998865664 0.0000150106 0.9992301347 0.7564648809 0.9674377005 0.4639844764 0.0010747992 0.0569554415 0.1946021426 0.0001138066 0.8896367416 0.3611153712 0.0003063522 0.0435021299 0.8192429977 0.6811487474 0.7279993670 0.5105730691 0.0001519651 1.4817585620 1.4678606292 1.5389235518 0.0001490607 11.5070624137 11.5067580391 11.5067707138 136.4174568389 0.0000740919 0.0004076312 0.9445634767 0.5672740914 0.1444549837 0.0133771333
-84.6315751112 0.0007548875 0.9961854703 0.9998865191 0.0000150139 0.9992300590 0.7575741156 0.9674656872 0.4650451983 0.0010749353 0.0568451961 0.1939760591 0.0001138257 0.8905879536 0.3623294363 0.0003064282 0.0435124513 0.8205503954 0.6826992813 0.7292119422 0.5122327918 0.0001517205 1.4816934498 1.4677998709 1.5388580929 0.0001488584 11.5070695890 11.5067646849 11.5067773296 136.4174886155 0.0000740877 0.0004077321 0.9453708934 0.5668698000 0.1446485298 0.0133710941
-84.6297847700 0.0007551182 0.9961839510 0.9998864703 0.0000150173 0.9992299776 0.7587062940 0.9674936661 0.4661020218 0.0010750756 0.0567323904 0.1933301757 0.0001138455 0.8915451796 0.3635782800 0.0003065066 0.0435230993 0.8218707234 0.6842545051 0.7304432078 0.5139077640 0.0001514750 1.4816275885 1.4677385124 1.5387914912 0.0001486552 11.5070798361 11.5067744024 11.5067870169 136.4175213965 0.0000740834 0.0004078363 0.9461735437 0.5664631176 0.1448453632 0.0133649457
-84.6279382266 0.0007553561 0.9961823828 0.9998864199 0.0000150208 0.9992298905 0.7598620527 0.9675216529 0.4671540150 0.0010752204 0.0566169391 0.1926636292 0.0001138659 0.8925083921 0.3648634769 0.0003065874 0.0435340841 0.8232041342 0.6858143294 0.7316935569 0.5155981727 0.0001512284 1.4815610190 1.4676766049 1.5387237057 0.0001484512 11.5070879617 11.5067819987 11.5067945828 136.4175552208 0.0000740787 0.0004079437 0.9469713375 0.5660539228 0.1450455771 0.0133586769
-84.6260337221 0.0007556016 0.9961807640 0.9998863679 0.0000150245 0.9992297976 0.7610420410 0.9675496357 0.4682002807 0.0010753698 0.0564987670 0.1919756646 0.0001138870 0.8934775627 0.3661865356 0.0003066708 0.0435454166 0.8245507800 0.6873786702 0.7329633860 0.5173042166 0.0001509809 1.4814936736 1.4676140844 1.5386547189 0.0001482464 11.5070988332 11.5067923409 11.5068048946 136.4175901246 0.0000740739 0.0004080546 0.9477641888 0.5656423401 0.1452492598 0.0133522917
-84.6240694410 0.0007558549 0.9961790930 0.9998863142 0.0000150282 0.9992296986 0.7622469595 0.9675776301 0.4692397684 0.0010755238 0.0563777836 0.1912653599 0.0001139087 0.8944526626 0.3675492032 0.0003067569 0.0435571078 0.8259108251 0.6889474492 0.7342531166 0.5190261076 0.0001507323 1.4814256073 1.4675510151 1.5385844902 0.0001480407 11.5071081571 11.5068011360 11.5068136590 136.4176261486 0.0000740687 0.0004081689 0.9485520161 0.5652282570 0.1454565116 0.0133457778
-84.6220435141 0.0007561163 0.9961773681 0.9998862588 0.0000150321 0.9992295936 0.7634775295 0.9676056280 0.4702714602 0.0010756827 0.0562539075 0.1905319011 0.0001139311 0.8954336621 0.3689531783 0.0003068457 0.0435691690 0.8272844370 0.6905205935 0.7355631822 0.5207640712 0.0001504828 1.4813566571 1.4674872437 1.5385129860 0.0001478342 11.5071173057 11.5068097565 11.5068222487 136.4176633293 0.0000740634 0.0004082869 0.9493347415 0.5648117681 0.1456674296 0.0133391441
-84.6199540176 0.0007563859 0.9961755877 0.9998862016 0.0000150361 0.9992294823 0.7647344905 0.9676336228 0.4712943169 0.0010758467 0.0561270543 0.1897744343 0.0001139542 0.8964205306 0.3704002500 0.0003069373 0.0435816121 0.8286717849 0.6920980368 0.7368940218 0.5225183466 0.0001502323 1.4812867996 1.4674227445 1.5384401881 0.0001476270 11.5071302419 11.5068221649 11.5068346262 136.4177017075 0.0000740578 0.0004084087 0.9501122912 0.5643929598 0.1458821143 0.0133323917
-84.6177989654 0.0007566641 0.9961737498 0.9998861426 0.0000150402 0.9992293646 0.7660186460 0.9676616370 0.4723071245 0.0010760158 0.0559971201 0.1889918814 0.0001139780 0.8974132368 0.3718925307 0.0003070318 0.0435944492 0.8300730521 0.6936797194 0.7382461051 0.5242891884 0.0001499809 1.4812160853 1.4673575879 1.5383660432 0.0001474189 11.5071402663 11.5068316627 11.5068440929 136.4177413315 0.0000740520 0.0004085342 0.9508845950 0.5639716661 0.1461006827 0.0133255062
-84.6155763172 0.0007569511 0.9961718528 0.9998860817 0.0000150445 0.9992292403 0.7673308151 0.9676896573 0.4733087292 0.0010761902 0.0558640144 0.1881833222 0.0001140026 0.8984117482 0.3734320351 0.0003071293 0.0436076928 0.8314884202 0.6952655877 0.7396199050 0.5260768654 0.0001497286 1.4811444417 1.4672916956 1.5382905350 0.0001472101 11.5071539100 11.5068447805 11.5068571796 136.4177822457 0.0000740459 0.0004086638 0.9516515865 0.5635480424 0.1463232444 0.0133184926
-84.6132839672 0.0007572473 0.9961698946 0.9998860189 0.0000150489 0.9992291094 0.7686718823 0.9677177047 0.4742978061 0.0010763701 0.0557276277 0.1873476198 0.0001140280 0.8994160314 0.3750211065 0.0003072299 0.0436213557 0.8329180845 0.6968555944 0.7410159263 0.5278816634 0.0001494754 1.4810719088 1.4672251244 1.5382136116 0.0001470005 11.5071650805 11.5068554263 11.5068677941 136.4178245008 0.0000740395 0.0004087975 0.9524132026 0.5631219400 0.1465499252 0.0133113383
-84.6109197518 0.0007575528 0.9961678734 0.9998859540 0.0000150534 0.9992289716 0.7700427553 0.9677457683 0.4752730798 0.0010765558 0.0555878621 0.1864837702 0.0001140541 0.9004260517 0.3766620297 0.0003073336 0.0436354513 0.8343622404 0.6984496990 0.7424346800 0.5297038844 0.0001492212 1.4809984030 1.4671577908 1.5381352497 0.0001467901 11.5071796161 11.5068694384 11.5068817746 136.4178681443 0.0000740329 0.0004089355 0.9531693837 0.5626934996 0.1467808451 0.0133040478
-84.6084814402 0.0007578680 0.9961657870 0.9998858870 0.0000150581 0.9992288269 0.7714444115 0.9677738685 0.4762331130 0.0010767472 0.0554446018 0.1855905658 0.0001140811 0.9014417732 0.3783574216 0.0003074407 0.0436499933 0.8358210963 0.7000478679 0.7438767085 0.5315438486 0.0001489661 1.4809239618 1.4670897437 1.5380553973 0.0001465789 11.5071921219 11.5068814221 11.5068937268 136.4179132299 0.0000740260 0.0004090778 0.9539200733 0.5622625868 0.1470161401 0.0132966089
-84.6059667403 0.0007581933 0.9961636335 0.9998858179 0.0000150629 0.9992286749 0.7728778614 0.9678019976 0.4771765052 0.0010769447 0.0552977404 0.1846669078 0.0001141090 0.9024631588 0.3801098841 0.0003075512 0.0436649957 0.8372948616 0.7016500747 0.7453425640 0.5334018947 0.0001487101 1.4808485128 1.4670209140 1.5379740264 0.0001463670 11.5072077051 11.5068964847 11.5069087575 136.4179598084 0.0000740188 0.0004092246 0.9546652181 0.5618293194 0.1472559421 0.0132890241
-84.6033732906 0.0007585289 0.9961614106 0.9998857466 0.0000150679 0.9992285156 0.7743441946 0.9678301752 0.4781016953 0.0010771484 0.0551471554 0.1837115142 0.0001141377 0.9034901698 0.3819223532 0.0003076651 0.0436804731 0.8387837587 0.7032563005 0.7468328311 0.5352783814 0.0001484532 1.4807720966 1.4669513552 1.5378910823 0.0001461543 11.5072218437 11.5069101046 11.5069223455 136.4180079356 0.0000740113 0.0004093761 0.9554047676 0.5613935743 0.1475003978 0.0132812802
-84.6006986645 0.0007588752 0.9961591161 0.9998856730 0.0000150730 0.9992283488 0.7758445460 0.9678583970 0.4790071711 0.0010773586 0.0549927333 0.1827232145 0.0001141673 0.9045227661 0.3837977752 0.0003077827 0.0436964405 0.8402880143 0.7048665335 0.7483481130 0.5371736884 0.0001481954 1.4806945400 1.4668809033 1.5378065196 0.0001459409 11.5072360646 11.5069238086 11.5069360175 136.4180576634 0.0000740035 0.0004095324 0.9561386741 0.5609554419 0.1477496520 0.0132733854
-84.5979403686 0.0007592324 0.9961567478 0.9998855970 0.0000150783 0.9992281742 0.7773800955 0.9678866597 0.4798914211 0.0010775753 0.0548343572 0.1817007899 0.0001141979 0.9055609062 0.3857392741 0.0003079040 0.0437129133 0.8418078580 0.7064807704 0.7498890261 0.5390882164 0.0001479367 1.4806158048 1.4668095199 1.5377203068 0.0001457268 11.5072543942 11.5069416233 11.5069538000 136.4181090483 0.0000739954 0.0004096936 0.9568668928 0.5605150028 0.1480038550 0.0132653396
-84.5950958366 0.0007596010 0.9961543032 0.9998855185 0.0000150838 0.9992279917 0.7789521220 0.9679149884 0.4807527792 0.0010777989 0.0546718894 0.1806427861 0.0001142294 0.9066045467 0.3877504149 0.0003080291 0.0437299073 0.8433435347 0.7080990163 0.7514562263 0.5410223901 0.0001476772 1.4805359374 1.4667372700 1.5376323785 0.0001455118 11.5072699742 11.5069566911 11.5069688354 136.4181621545 0.0000739869 0.0004098600 0.9575893810 0.5600720832 0.1482631764 0.0132571274
-84.5921624367 0.0007599813 0.9961517801 0.9998854376 0.0000150894 0.9992278011 0.7805619501 0.9679433713 0.4815896976 0.0010780295 0.0545052063 0.1795479118 0.0001142620 0.9076536429 0.3898347371 0.0003081582 0.0437474389 0.8448952884 0.7097212846 0.7530503808 0.5429766570 0.0001474168 1.4804548482 1.4666640597 1.5375427048 0.0001452962 11.5072895305 11.5069757372 11.5069878491 136.4182170426 0.0000739782 0.0004100316 0.9583060986 0.5596268385 0.1485277801 0.0132487531
-84.5891374619 0.0007603736 0.9961491758 0.9998853540 0.0000150953 0.9992276022 0.7822110108 0.9679718302 0.4824005132 0.0010782674 0.0543341645 0.1784146502 0.0001142955 0.9087081481 0.3919962417 0.0003082914 0.0437655248 0.8464633782 0.7113475969 0.7546721989 0.5449514904 0.0001471555 1.4803725728 1.4665899387 1.5374512224 0.0001450798 11.5073067873 11.5069924869 11.5070045662 136.4182737797 0.0000739692 0.0004102087 0.9590170077 0.5591791159 0.1487978487 0.0132402027
-84.5860181382 0.0007607784 0.9961464878 0.9998852677 0.0000151013 0.9992273948 0.7839007938 0.9680003528 0.4831837138 0.0010785127 0.0541586328 0.1772416272 0.0001143301 0.9097680140 0.3942389568 0.0003084288 0.0437841823 0.8480480644 0.7129779836 0.7563224053 0.5469473898 0.0001468934 1.4802890087 1.4665148047 1.5373578952 0.0001448628 11.5073278018 11.5070129971 11.5070250436 136.4183324299 0.0000739598 0.0004103914 0.9597220723 0.5587290628 0.1490735614 0.0132314808
-84.5828016156 0.0007611961 0.9961437134 0.9998851787 0.0000151075 0.9992271786 0.7856329056 0.9680289563 0.4839377341 0.0010787657 0.0539784616 0.1760272600 0.0001143658 0.9108331907 0.3965673915 0.0003085706 0.0438034292 0.8496496214 0.7146124845 0.7580017679 0.5489648834 0.0001466304 1.4802041882 1.4664386974 1.5372626609 0.0001446450 11.5073469701 11.5070316644 11.5070436781 136.4183930631 0.0000739500 0.0004105798 0.9604212583 0.5582765470 0.1493551159 0.0132225739
-84.5794849758 0.0007616270 0.9961408500 0.9998850868 0.0000151139 0.9992269534 0.7874090289 0.9680576272 0.4846612097 0.0010790267 0.0537935119 0.1747700898 0.0001144027 0.9119036263 0.3989861407 0.0003087168 0.0438232836 0.8512683258 0.7162511487 0.7597110748 0.5510045285 0.0001463666 1.4801180260 1.4663615302 1.5371654823 0.0001444265 11.5073696482 11.5070538449 11.5070658255 136.4184557468 0.0000739399 0.0004107742 0.9611145333 0.5578217015 0.1496427079 0.0132134849
-84.5760652247 0.0007620715 0.9961378947 0.9998849919 0.0000151205 0.9992267190 0.7892309807 0.9680863760 0.4853528031 0.0010792958 0.0536036285 0.1734684757 0.0001144407 0.9129792677 0.4015002988 0.0003088676 0.0438437642 0.8529044687 0.7178940350 0.7614511604 0.5530669144 0.0001461020 1.4800305518 1.4662833421 1.5370662963 0.0001442073 11.5073910789 11.5070747818 11.5070867293 136.4185205529 0.0000739294 0.0004109748 0.9618018666 0.5573644173 0.1499365512 0.0132042003
-84.5725392984 0.0007625301 0.9961348448 0.9998848940 0.0000151273 0.9992264752 0.7911006750 0.9681151848 0.4860114834 0.0010795734 0.0534086666 0.1721209131 0.0001144798 0.9140600601 0.4041150839 0.0003090232 0.0438648903 0.8545583463 0.7195412122 0.7632228904 0.5551526636 0.0001458366 1.4799415782 1.4662039459 1.5369650534 0.0001439874 11.5074129511 11.5070961645 11.5071080787 136.4185875493 0.0000739186 0.0004111817 0.9624832285 0.5569048138 0.1502368596 0.0131947295
-84.5689040629 0.0007630032 0.9961316971 0.9998847930 0.0000151343 0.9992262216 0.7930201253 0.9681440320 0.4866365280 0.0010798597 0.0532084788 0.1707258648 0.0001145202 0.9151459473 0.4068360437 0.0003091838 0.0438866814 0.8562302594 0.7211927594 0.7650271585 0.5572624333 0.0001455704 1.4798510556 1.4661232824 1.5368617196 0.0001437669 11.5074393578 11.5071220859 11.5071339667 136.4186568080 0.0000739075 0.0004113951 0.9631585908 0.5564430061 0.1505438553 0.0131850738
-84.5651563098 0.0007634912 0.9961284488 0.9998846887 0.0000151416 0.9992259581 0.7949915135 0.9681729180 0.4872274262 0.0010801549 0.0530028985 0.1692815726 0.0001145619 0.9162368721 0.4096693655 0.0003093493 0.0439091579 0.8579205250 0.7228487672 0.7668649140 0.5593969184 0.0001453035 1.4797590241 1.4660413987 1.5367562334 0.0001435458 11.5074632810 11.5071455290 11.5071573763 136.4187284084 0.0000738960 0.0004116153 0.9638279260 0.5559788648 0.1508577830 0.0131752196
-84.5612927664 0.0007639947 0.9961250966 0.9998845810 0.0000151490 0.9992256844 0.7970171292 0.9682017992 0.4877842478 0.0010804593 0.0527917747 0.1677864807 0.0001146049 0.9173327765 0.4126213387 0.0003095201 0.0439323402 0.8596294611 0.7245093368 0.7687371346 0.5615568520 0.0001450360 1.4796653883 1.4659581772 1.5366485742 0.0001433241 11.5074916467 11.5071734198 11.5071852333 136.4188024257 0.0000738841 0.0004118424 0.9644912075 0.5555126052 0.1511788840 0.0131651744
-84.5573100877 0.0007645140 0.9961216375 0.9998844700 0.0000151567 0.9992254002 0.7990994463 0.9682306563 0.4883074821 0.0010807732 0.0525749384 0.1662388332 0.0001146492 0.9184336022 0.4156989298 0.0003096962 0.0439562496 0.8613574020 0.7261745802 0.7706448593 0.5637430091 0.0001447677 1.4795701770 1.4658736423 1.5365386940 0.0001431018 11.5075179940 11.5071992982 11.5072110779 136.4188789404 0.0000738719 0.0004120766 0.9651484093 0.5550441484 0.1515074218 0.0131549286
-84.5532048678 0.0007650497 0.9961180682 0.9998843553 0.0000151647 0.9992251053 0.8012410686 0.9682594258 0.4887984155 0.0010810968 0.0523522355 0.1646370707 0.0001146949 0.9195392907 0.4189092718 0.0003098779 0.0439809076 0.8631046847 0.7278446214 0.7725891627 0.5659562081 0.0001444990 1.4794732898 1.4657876665 1.5364265825 0.0001428791 11.5075486041 11.5072294457 11.5072411915 136.4189580293 0.0000738594 0.0004123181 0.9657995058 0.5545737353 0.1518436587 0.0131444922
-84.5489736341 0.0007656022 0.9961143853 0.9998842370 0.0000151729 0.9992247994 0.8034448043 0.9682880614 0.4892590211 0.0010814305 0.0521234962 0.1629794666 0.0001147420 0.9206497845 0.4222602071 0.0003100653 0.0440063362 0.8648716623 0.7295195959 0.7745711862 0.5681973146 0.0001442297 1.4793747580 1.4657002596 1.5363122112 0.0001426559 11.5075776530 11.5072580391 11.5072697508 136.4190397739 0.0000738465 0.0004125673 0.9664444712 0.5541013456 0.1521878790 0.0131338597
-84.5446128588 0.0007661720 0.9961105855 0.9998841149 0.0000151814 0.9992244821 0.8057136160 0.9683164714 0.4896923371 0.0010817745 0.0518885644 0.1612644918 0.0001147906 0.9217650276 0.4257598084 0.0003102585 0.0440325580 0.8666586917 0.7311996514 0.7765921153 0.5704672432 0.0001439600 1.4792744889 1.4656112906 1.5361955888 0.0001424324 11.5076107264 11.5072906646 11.5073023422 136.4191242516 0.0000738333 0.0004128242 0.9670832801 0.5536272553 0.1525403679 0.0131230439
-84.5401189552 0.0007667596 0.9961066653 0.9998839889 0.0000151901 0.9992241533 0.8080506914 0.9683445729 0.4901023997 0.0010821291 0.0516472710 0.1594904921 0.0001148407 0.9228849663 0.4294168805 0.0003104577 0.0440595958 0.8684661458 0.7328849483 0.7786532091 0.5727669619 0.0001436899 1.4791725243 1.4655207608 1.5360767164 0.0001422086 11.5076427419 11.5073222409 11.5073338843 136.4192115441 0.0000738198 0.0004130891 0.9677159063 0.5531515165 0.1529014317 0.0131120444
-84.5354882898 0.0007673656 0.9961026212 0.9998838589 0.0000151991 0.9992238125 0.8104594000 0.9683722365 0.4904945970 0.0010824946 0.0513994599 0.1576560148 0.0001148923 0.9240095504 0.4332405238 0.0003106631 0.0440874729 0.8702944028 0.7345756595 0.7807557820 0.5750974941 0.0001434197 1.4790687876 1.4654285387 1.5359556289 0.0001419846 11.5076785297 11.5073575988 11.5073692079 136.4193017283 0.0000738061 0.0004133623 0.9683423231 0.5526744492 0.1532713798 0.0131008778
-84.5307171817 0.0007679905 0.9960984495 0.9998837247 0.0000152083 0.9992234596 0.8129433616 0.9683993335 0.4908756103 0.0010828713 0.0511449645 0.1557595375 0.0001149456 0.9251387350 0.4372405801 0.0003108749 0.0441162129 0.8721438571 0.7362719710 0.7829012310 0.5774599236 0.0001431494 1.4789633380 1.4653346205 1.5358323617 0.0001417605 11.5077139108 11.5073925604 11.5074041351 136.4193948831 0.0000737921 0.0004136440 0.9689625031 0.5521961875 0.1536505420 0.0130895485
-84.5258019137 0.0007686347 0.9960941467 0.9998835863 0.0000152179 0.9992230942 0.8155064056 0.9684256878 0.4912537374 0.0010832595 0.0508836319 0.1537997764 0.0001150004 0.9262724813 0.4414272138 0.0003110933 0.0441458399 0.8740149122 0.7379740815 0.7850910271 0.5798553978 0.0001428793 1.4788560084 1.4652387737 1.5357069697 0.0001415366 11.5077502495 11.5074284913 11.5074400316 136.4194910809 0.0000737780 0.0004139343 0.9695764174 0.5517170969 0.1540392531 0.0130780851
-84.5207387403 0.0007692989 0.9960897089 0.9998834435 0.0000152278 0.9992227161 0.8181525667 0.9684510983 0.4916388964 0.0010836596 0.0506153116 0.1517755557 0.0001150570 0.9274107593 0.4458111016 0.0003113183 0.0441763780 0.8759079794 0.7396822035 0.7873267155 0.5822851316 0.0001426094 1.4787467889 1.4651408910 1.5355795441 0.0001413129 11.5077915329 11.5074693792 11.5074808851 136.4195903944 0.0000737638 0.0004142337 0.9701840359 0.5512375658 0.1544378595 0.0130665107
-84.5155238901 0.0007699836 0.9960851326 0.9998832962 0.0000152379 0.9992223248 0.8208861661 0.9684753619 0.4920424881 0.0010840718 0.0503398395 0.1496856315 0.0001151152 0.9285535495 0.4504037857 0.0003115503 0.0442078519 0.8778234896 0.7413965628 0.7896099473 0.5847504132 0.0001423401 1.4786357141 1.4650409323 1.5354501538 0.0001410896 11.5078311406 11.5075086056 11.5075200770 136.4196928998 0.0000737496 0.0004145422 0.9707853264 0.5507577811 0.1548467335 0.0130548380
-84.5101535844 0.0007706893 0.9960804138 0.9998831443 0.0000152484 0.9992219201 0.8237117240 0.9684982194 0.4924775411 0.0010844965 0.0500570706 0.1475291288 0.0001151752 0.9297008458 0.4552169963 0.0003117894 0.0442402862 0.8797618790 0.7431173986 0.7919424592 0.5872526076 0.0001420714 1.4785227203 1.4649387230 1.5353189136 0.0001408668 11.5078755855 11.5075526842 11.5075641211 136.4197986648 0.0000737354 0.0004148601 0.9713802546 0.5502782394 0.1552662479 0.0130430990
-84.5046240381 0.0007714166 0.9960755488 0.9998829876 0.0000152592 0.9992215018 0.8266340394 0.9685194192 0.4929582902 0.0010849339 0.0497668465 0.1453051679 0.0001152371 0.9308526579 0.4602632821 0.0003120358 0.0442737057 0.8817236039 0.7448449631 0.7943261103 0.5897931632 0.0001418036 1.4784077882 1.4648341687 1.5351858952 0.0001406448 11.5079188421 11.5075955912 11.5076069937 136.4199077573 0.0000737213 0.0004151878 0.9719687837 0.5497991673 0.1556968007 0.0130313118
-84.4989314790 0.0007721661 0.9960705337 0.9998828261 0.0000152703 0.9992210694 0.8296580964 0.9685386672 0.4935000344 0.0010853844 0.0494690257 0.1430132737 0.0001153008 0.9320090156 0.4655553342 0.0003122896 0.0443081353 0.8837091281 0.7465795211 0.7967628647 0.5923736169 0.0001415370 1.4782907853 1.4647270454 1.5350511843 0.0001404237 11.5079667095 11.5076431266 11.5076544947 136.4200202360 0.0000737074 0.0004155253 0.9725508737 0.5493210304 0.1561387926 0.0130195083
-84.4930721507 0.0007729383 0.9960653647 0.9998826595 0.0000152817 0.9992206227 0.8327891239 0.9685556889 0.4941184695 0.0010858483 0.0491634525 0.1406530464 0.0001153664 0.9331699718 0.4711065427 0.0003125511 0.0443436000 0.8857189349 0.7483213499 0.7992548268 0.5949956018 0.0001412715 1.4781716062 1.4646172069 1.5349147964 0.0001402036 11.5080138318 11.5076899362 11.5077012700 136.4201361576 0.0000736937 0.0004158731 0.9731264813 0.5488440001 0.1565926489 0.0130077026
-84.4870423309 0.0007737337 0.9960600379 0.9998824878 0.0000152935 0.9992201614 0.8360324858 0.9685701904 0.4948292501 0.0010863259 0.0488499827 0.1382245364 0.0001154339 0.9343356069 0.4769303181 0.0003128204 0.0443801245 0.8877535160 0.7500707386 0.8018042285 0.5976608527 0.0001410074 1.4780499816 1.4645043718 1.5347767074 0.0001399846 11.5080652367 11.5077410484 11.5077523480 136.4202555676 0.0000736803 0.0004162312 0.9736955588 0.5483683949 0.1570587988 0.0129959160
-84.4808383351 0.0007745529 0.9960545494 0.9998823107 0.0000153057 0.9992196852 0.8393937129 0.9685819178 0.4956471524 0.0010868175 0.0485284551 0.1357279671 0.0001155035 0.9355060341 0.4830405416 0.0003130977 0.0444177337 0.8898133817 0.7518279871 0.8044134625 0.6003712154 0.0001407447 1.4779256442 1.4643883380 1.5346367791 0.0001397667 11.5081163862 11.5077919263 11.5078031918 136.4203785060 0.0000736673 0.0004166001 0.9742580544 0.5478941972 0.1575376942 0.0129841460
-84.4744565305 0.0007753965 0.9960488955 0.9998821283 0.0000153181 0.9992191938 0.8428783597 0.9685906255 0.4965855755 0.0010873234 0.0481987121 0.1331640966 0.0001155751 0.9366814040 0.4894508362 0.0003133833 0.0444564522 0.8918990514 0.7535934044 0.8070850791 0.6031286540 0.0001404833 1.4777979745 1.4642686444 1.5344947543 0.0001395500 11.5081686773 11.5078439676 11.5078551990 136.4205049976 0.0000736547 0.0004169798 0.9748139104 0.5474214340 0.1580297924 0.0129723969
-84.4678933437 0.0007762650 0.9960430723 0.9998819403 0.0000153310 0.9992186869 0.8464918928 0.9685961108 0.4976559200 0.0010878439 0.0478605815 0.1305340884 0.0001156487 0.9378619107 0.4961746205 0.0003136772 0.0444963044 0.8940110510 0.7553673076 0.8098217898 0.6059352591 0.0001402232 1.4776663461 1.4641449276 1.5343502424 0.0001393343 11.5082259784 11.5079010405 11.5079122379 136.4206350583 0.0000736425 0.0004173707 0.9753630637 0.5469499335 0.1585355624 0.0129606480
-84.4611452598 0.0007771590 0.9960370759 0.9998817466 0.0000153443 0.9992181643 0.8502396693 0.9685982434 0.4988671508 0.0010883794 0.0475138522 0.1278393442 0.0001157245 0.9390477977 0.5032253326 0.0003139797 0.0445373145 0.8961499201 0.7571500200 0.8126265034 0.6087932589 0.0001399640 1.4775300211 1.4640168921 1.5342026469 0.0001391193 11.5082812461 11.5079561022 11.5079672656 136.4207686968 0.0000736306 0.0004177730 0.9759054437 0.5464790835 0.1590554985 0.0129488445
-84.4542088351 0.0007780789 0.9960309026 0.9998815472 0.0000153579 0.9992176256 0.8541266472 0.9685969150 0.5002259202 0.0010889300 0.0471582980 0.1250819885 0.0001158024 0.9402393651 0.5106152470 0.0003142909 0.0445795064 0.8983161937 0.7589418677 0.8155023053 0.6117050273 0.0001397054 1.4773879214 1.4638840768 1.5340512000 0.0001389048 11.5083408984 11.5080155694 11.5080266987 136.4209059010 0.0000736189 0.0004181869 0.9764409725 0.5460083452 0.1595900932 0.0129369268
-84.4470806872 0.0007790254 0.9960245487 0.9998813417 0.0000153719 0.9992170705 0.8581573008 0.9685920979 0.5017366708 0.0010894962 0.0467936331 0.1222644763 0.0001158826 0.9414369759 0.5183559911 0.0003146110 0.0446229038 0.9005104096 0.7607431769 0.8184524934 0.6146730968 0.0001394469 1.4772388602 1.4637461675 1.5338948889 0.0001386903 11.5083983182 11.5080728244 11.5080839197 136.4210466457 0.0000736072 0.0004186127 0.9769695631 0.5455366637 0.1601398609 0.0129247935
-84.4397575019 0.0007799990 0.9960180103 0.9998811302 0.0000153863 0.9992164989 0.8623352462 0.9685837846 0.5034023159 0.0010900782 0.0464195299 0.1193900406 0.0001159650 0.9426410644 0.5264572581 0.0003149403 0.0446675303 0.9027330879 0.7625542699 0.8214805535 0.6177001694 0.0001391878 1.4770812702 1.4636027569 1.5337324879 0.0001384753 11.5084590739 11.5081334340 11.5081444950 136.4211908806 0.0000735953 0.0004190506 0.9774911186 0.5450630157 0.1607053129 0.0129123313
-84.4322360185 0.0007810002 0.9960112837 0.9998809125 0.0000154011 0.9992159104 0.8666630566 0.9685720331 0.5052248318 0.0010906762 0.0460355753 0.1164623295 0.0001160497 0.9438521432 0.5349271601 0.0003152788 0.0447134092 0.9049847315 0.7643754619 0.8245901840 0.6207891312 0.0001389274 1.4769134345 1.4634536567 1.5335625013 0.0001382591 11.5085170055 11.5081912366 11.5082022630 136.4213385372 0.0000735827 0.0004195008 0.9780055308 0.5445858878 0.1612869783 0.0128993822
-84.4245130301 0.0007820295 0.9960043652 0.9998806885 0.0000154163 0.9992153049 0.8711417921 0.9685569111 0.5072061734 0.0010912906 0.0456412875 0.1134858024 0.0001161367 0.9450708116 0.5437708456 0.0003156267 0.0447605636 0.9072658009 0.7662070557 0.8277852624 0.6239430660 0.0001386648 1.4767332572 1.4632987164 1.5333831939 0.0001380410 11.5085767323 11.5082508489 11.5082618405 136.4214895158 0.0000735690 0.0004199635 0.9785126791 0.5441037604 0.1618853800 0.0128857689
-84.4165853642 0.0007830875 0.9959972510 0.9998804579 0.0000154320 0.9992146819 0.8757707191 0.9685385328 0.5093489472 0.0010919217 0.0452360842 0.1104653973 0.0001162261 0.9462977632 0.5529906760 0.0003159843 0.0448090169 0.9095767069 0.7680493379 0.8310698506 0.6271652721 0.0001383990 1.4765384320 1.4631381038 1.5331925328 0.0001378200 11.5086326497 11.5083066640 11.5083176202 136.4216436907 0.0000735535 0.0004204391 0.9790124286 0.5436146576 0.1625010532 0.0128712667
-84.4084498749 0.0007841747 0.9959899374 0.9998802208 0.0000154480 0.9992140414 0.8805467529 0.9685170117 0.5116572208 0.0010925697 0.0448193158 0.1074068915 0.0001163180 0.9475337931 0.5625847318 0.0003163517 0.0448587921 0.9119177801 0.7699025729 0.8344481479 0.6304592806 0.0001381289 1.4763261516 1.4629720682 1.5329882107 0.0001375953 11.5086853842 11.5083593053 11.5083702256 136.4218008969 0.0000735354 0.0004209277 0.9795046292 0.5431165561 0.1631345228 0.0128556330
-84.4001034246 0.0007852917 0.9959824205 0.9998799769 0.0000154645 0.9992133830 0.8854639661 0.9684924773 0.5141370609 0.0010932348 0.0443902791 0.1043166982 0.0001164122 0.9487798047 0.5725464755 0.0003167290 0.0449099126 0.9142892417 0.7717670001 0.8379244346 0.6338288739 0.0001378532 1.4760934423 1.4628013529 1.5327676520 0.0001373657 11.5087377713 11.5084116046 11.5084224882 136.4219609344 0.0000735138 0.0004214295 0.9799891135 0.5426071826 0.1637863097 0.0128385797
-84.3915428584 0.0007864389 0.9959746965 0.9998797261 0.0000154815 0.9992127066 0.8905132827 0.9684650895 0.5167969390 0.0010939175 0.0439482582 0.1012016199 0.0001165090 0.9500368138 0.5828647025 0.0003171165 0.0449624021 0.9166911804 0.7736428291 0.8415030256 0.6372781097 0.0001375706 1.4758371219 1.4626272442 1.5325279882 0.0001371299 11.5087813116 11.5084550590 11.5084659050 136.4221235680 0.0000734874 0.0004219449 0.9804656955 0.5420838173 0.1644569419 0.0128197675
-84.3827649908 0.0007876169 0.9959667613 0.9998794683 0.0000154989 0.9992120117 0.8956818641 0.9684349820 0.5196482585 0.0010946179 0.0434926542 0.0980692877 0.0001166083 0.9513059504 0.5935216316 0.0003175143 0.0450162846 0.9191234996 0.7755302383 0.8451881364 0.6408113441 0.0001372797 1.4755536618 1.4624514182 1.5322661512 0.0001368868 11.5088211754 11.5084948346 11.5085056419 136.4222885090 0.0000734548 0.0004224739 0.9809341687 0.5415438460 0.1651469230 0.0127988398
-84.3737665701 0.0007888264 0.9959586111 0.9998792033 0.0000155167 0.9992112983 0.9009529646 0.9684023072 0.5227055964 0.0010953364 0.0430230881 0.0949276371 0.0001167102 0.9525884559 0.6044935706 0.0003179227 0.0450715848 0.9215858863 0.7774293751 0.8489837707 0.6444332609 0.0001369789 1.4752394700 1.4622762580 1.5319788814 0.0001366350 11.5088488799 11.5085224446 11.5085332121 136.4224554221 0.0000734143 0.0004230170 0.9813943046 0.5409842593 0.1658567572 0.0127753973
-84.3645442625 0.0007900678 0.9959502415 0.9998789310 0.0000155350 0.9992105660 0.9063055659 0.9683671701 0.5259871784 0.0010960732 0.0425396038 0.0917852864 0.0001168147 0.9538856721 0.6157492522 0.0003183417 0.0451283281 0.9240777520 0.7793403629 0.8528934993 0.6481489016 0.0001366667 1.4748908227 1.4621046571 1.5316628905 0.0001363731 11.5088683836 11.5085418433 11.5085525695 136.4226239081 0.0000733640 0.0004235743 0.9818458516 0.5404022859 0.1665869200 0.0127490396
-84.3550946157 0.0007913419 0.9959416482 0.9998786512 0.0000155538 0.9992098146 0.9117145998 0.9683296574 0.5295151694 0.0010968287 0.0420428210 0.0886510234 0.0001169219 0.9551990216 0.6272508315 0.0003187717 0.0451865409 0.9265982001 0.7812633140 0.8569202351 0.6519637021 0.0001363417 1.4745042432 1.4619402643 1.5313149672 0.0001360998 11.5088712635 11.5085446044 11.5085552878 136.4227935094 0.0000733020 0.0004241460 0.9822885332 0.5397950210 0.1673378811 0.0127193541
-84.3454140438 0.0007926492 0.9959328267 0.9998783637 0.0000155731 0.9992090437 0.9171510736 0.9682897629 0.5333162503 0.0010976033 0.0415341223 0.0855341228 0.0001170319 0.9565299715 0.6389527527 0.0003192127 0.0452462505 0.9291459806 0.7831983559 0.8610658836 0.6558835300 0.0001360028 1.4740765422 1.4617872083 1.5309322230 0.0001358141 11.5088602507 11.5085334556 11.5085440945 136.4229636935 0.0000732261 0.0004247326 0.9827220474 0.5391600882 0.1681100798 0.0126859670
-84.3354987992 0.0007939904 0.9959237722 0.9998780683 0.0000155928 0.9992082531 0.9225828703 0.9682473966 0.5374221154 0.0010983971 0.0410157181 0.0824438548 0.0001171446 0.9578799777 0.6508033291 0.0003196651 0.0453074856 0.9317194906 0.7851456746 0.8653309623 0.6599147286 0.0001356489 1.4736053142 1.4616502376 1.5305123009 0.0001355149 11.5088272250 11.5085002756 11.5085108682 136.4231338586 0.0000731343 0.0004253342 0.9831460665 0.5384953968 0.1689039476 0.0126485448
-84.3253449642 0.0007953662 0.9959144798 0.9998777650 0.0000156131 0.9992074424 0.9279755111 0.9682022910 0.5418703434 0.0010992107 0.0404906596 0.0793897424 0.0001172601 0.9592503998 0.6627444323 0.0003201290 0.0453702761 0.9343167976 0.7871055839 0.8697140886 0.6640641629 0.0001352814 1.4730879706 1.4615343969 1.5300536962 0.0001352018 11.5087739257 11.5084468034 11.5084573480 136.4233033180 0.0000730246 0.0004259512 0.9835602371 0.5378004068 0.1697198904 0.0126068484
-84.3149484340 0.0007967773 0.9959049443 0.9998774534 0.0000156339 0.9992066114 0.9332935413 0.9681538171 0.5467053596 0.0011000443 0.0399626874 0.0763811151 0.0001173785 0.9606423830 0.6747138124 0.0003206047 0.0454346532 0.9369357485 0.7890786315 0.8742114270 0.6683392697 0.0001349118 1.4725171535 1.4614450579 1.5295560078 0.0001348755 11.5086932095 11.5083658990 11.5083763949 136.4234713075 0.0000728953 0.0004265838 0.9839641815 0.5370828759 0.1705583133 0.0125607405
-84.3043050110 0.0007982245 0.9958951604 0.9998771335 0.0000156551 0.9992057597 0.9385017462 0.9681006070 0.5519799916 0.0011008984 0.0394360287 0.0734273373 0.0001174998 0.9620566950 0.6866456616 0.0003210924 0.0455006485 0.9395741531 0.7910657520 0.8788160376 0.6727481091 0.0001345610 1.4718808840 1.4613874973 1.5290202253 0.0001345393 11.5085839109 11.5082564053 11.5082668541 136.4236369730 0.0000727453 0.0004272324 0.9843575005 0.5363668685 0.1714196136 0.0125102344
-84.2934106043 0.0007997084 0.9958851227 0.9998768049 0.0000156770 0.9992048869 0.9435665280 0.9680402771 0.5577574000 0.0011017733 0.0389151043 0.0705375183 0.0001176241 0.9634935206 0.6984730915 0.0003215924 0.0455682932 0.9422300733 0.7930684786 0.8835172040 0.6772994147 0.0001342581 1.4711630467 1.4613671327 1.5284489570 0.0001341999 11.5084482968 11.5081206055 11.5081310115 136.4237993812 0.0000725737 0.0004278973 0.9847397772 0.5356944705 0.1723042033 0.0124554795
-84.2822615576 0.0008012298 0.9958748262 0.9998764676 0.0000156993 0.9992039928 0.9484574511 0.9679691894 0.5641134244 0.0011026693 0.0384042274 0.0677201672 0.0001177515 0.9649522238 0.7101313306 0.0003221049 0.0456376158 0.9449021910 0.7950892118 0.8882998307 0.6820026406 0.0001340402 1.4703436352 1.4613895155 1.5278464903 0.0001338688 11.5082792974 11.5079514576 11.5079618286 136.4239575329 0.0000723801 0.0004285788 0.9851105832 0.5351255173 0.1732125465 0.0123967469
-84.2708551514 0.0008027892 0.9958642666 0.9998761213 0.0000157222 0.9992030770 0.9531479962 0.9678822928 0.5711388497 0.0011035867 0.0379073904 0.0649835639 0.0001178819 0.9664310872 0.7215583212 0.0003226300 0.0457086388 0.9475901103 0.7971315206 0.8931439212 0.6868679965 0.0001339478 1.4694008001 1.4614602926 1.5272188031 0.0001335620 11.5080848199 11.5077569088 11.5077672568 136.4241103547 0.0000721647 0.0004292771 0.9854694869 0.5347341721 0.1741451630 0.0123344193
-84.2591902375 0.0008043869 0.9958534407 0.9998757659 0.0000157457 0.9992021392 0.9576165280 0.9677733578 0.5789377763 0.0011045257 0.0374280527 0.0623351789 0.0001180154 0.9679270946 0.7326986250 0.0003231679 0.0457813751 0.9502944016 0.7992004067 0.8980243656 0.6919064668 0.0001340185 1.4683156257 1.4615857857 1.5265732951 0.0001332995 11.5078624834 11.5075346330 11.5075449734 136.4242567324 0.0000719278 0.0004299924 0.9858160645 0.5345987687 0.1751026957 0.0122689047
-84.2472679996 0.0008060230 0.9958423475 0.9998754015 0.0000157697 0.9992011793 0.9618463348 0.9676356942 0.5876127362 0.0011054861 0.0369690616 0.0597820170 0.0001181520 0.9694357947 0.7435035540 0.0003237185 0.0458558231 0.9530159888 0.8013024002 0.9029110566 0.6971297984 0.0001342754 1.4670794599 1.4617732558 1.5259184129 0.0001331032 11.5076242928 11.5072967001 11.5073070507 136.4243955131 0.0000716695 0.0004307246 0.9861499141 0.5347854006 0.1760859370 0.0122005755
-84.2350926926 0.0008076970 0.9958309883 0.9998750279 0.0000157943 0.9992001974 0.9658258472 0.9674638665 0.5972152169 0.0011064676 0.0365325818 0.0573301036 0.0001182917 0.9709513634 0.7539339781 0.0003242817 0.0459319628 0.9557545867 0.8034453069 0.9077695459 0.7025504463 0.0001347138 1.4657034994 1.4620317528 1.5252629478 0.0001329927 11.5073733739 11.5070463070 11.5070566851 136.4245255457 0.0000713896 0.0004314735 0.9864706721 0.5353247877 0.1770959162 0.0121296353
-84.2226722381 0.0008094081 0.9958193680 0.9998746455 0.0000158193 0.9991991935 0.9695480496 0.9672565235 0.6076444213 0.0011074697 0.0361201311 0.0549848170 0.0001184343 0.9724668915 0.7639591575 0.0003248572 0.0460097520 0.9585061466 0.8056374587 0.9125621878 0.7081814477 0.0001352866 1.4642295973 1.4623725777 1.5246152997 0.0001329801 11.5071248402 11.5067986319 11.5068090504 136.4246456869 0.0000710873 0.0004322389 0.9867780336 0.5361856923 0.1781339523 0.0120560335
-84.2100184273 0.0008111549 0.9958074949 0.9998742544 0.0000158450 0.9991981681 0.9730101598 0.9670197510 0.6185421087 0.0011084914 0.0357326072 0.0527504813 0.0001185798 0.9739749851 0.7735577712 0.0003254445 0.0460891252 0.9612600201 0.8078864962 0.9172498086 0.7140361984 0.0001358890 1.4627428344 1.4628100510 1.5239830815 0.0001330626 11.5068844997 11.5065595279 11.5065699896 136.4247548360 0.0000707601 0.0004330199 0.9870717732 0.5372453552 0.1792017601 0.0119794130
-84.1971465188 0.0008129355 0.9957953806 0.9998738550 0.0000158711 0.9991971219 0.9762126411 0.9667686899 0.6293439075 0.0011095318 0.0353703889 0.0506307326 0.0001187280 0.9754685655 0.7827152164 0.0003260430 0.0461699972 0.9639971458 0.8101979853 0.9217936580 0.7201280809 0.0001363434 1.4613871263 1.4633609289 1.5233738470 0.0001332129 11.5066632047 11.5063398497 11.5063503405 136.4248519307 0.0000704054 0.0004338159 0.9873517683 0.5382566120 0.1803015266 0.0118992810
-84.1840738785 0.0008147479 0.9957830389 0.9998734477 0.0000158976 0.9991960559 0.9791582940 0.9665263343 0.6395594232 0.0011105893 0.0350334158 0.0486283220 0.0001188786 0.9769417808 0.7914226083 0.0003266520 0.0462522717 0.9666905640 0.8125743591 0.9261574393 0.7264698971 0.0001363939 1.4603779565 1.4640432077 1.5227963799 0.0001333667 11.5064726821 11.5061512496 11.5061617311 136.4249359620 0.0000700204 0.0004346258 0.9876180205 0.5388219964 0.1814360253 0.0118152434
-84.1708172672 0.0008165902 0.9957704838 0.9998730330 0.0000159246 0.9991949713 0.9818516765 0.9663219818 0.6490224224 0.0011116630 0.0347212663 0.0467448666 0.0001190317 0.9783908203 0.7996761866 0.0003272708 0.0463358582 0.9693085064 0.8150145574 0.9303091690 0.7330730487 0.0001357485 1.4599843212 1.4648740368 1.5222607367 0.0001334131 11.5063121216 11.5059927230 11.5060031286 136.4250059886 0.0000696029 0.0004354488 0.9878706742 0.5384105123 0.1826087523 0.0117271222
-84.1573874487 0.0008184610 0.9957577254 0.9998726110 0.0000159519 0.9991938694 0.9842979663 0.9661801649 0.6578611898 0.0011127518 0.0344332800 0.0449813162 0.0001191869 0.9798142152 0.8074737569 0.0003278989 0.0464206967 0.9718189119 0.8175143662 0.9342225299 0.7399464069 0.0001346564 1.4601514465 1.4658678596 1.5217766758 0.0001332425 11.5061900655 11.5058725200 11.5058828070 136.4250611077 0.0000691519 0.0004362843 0.9881100262 0.5368495034 0.1838240391 0.0116349178
-84.1437878935 0.0008203599 0.9957447685 0.9998721820 0.0000159797 0.9991927515 0.9865028848 0.9660934066 0.6663155796 0.0011138557 0.0341686128 0.0433373321 0.0001193443 0.9812126217 0.8148163099 0.0003285363 0.0465067642 0.9741936557 0.8200671126 0.9378776135 0.7470947936 0.0001335996 1.4606078550 1.4670392193 1.5213521840 0.0001328715 11.5060956665 11.5057796252 11.5057898009 136.4251004951 0.0000686654 0.0004371319 0.9883365185 0.5348854225 0.1850872430 0.0115385727
-84.1300198588 0.0008222868 0.9957316141 0.9998717458 0.0000160079 0.9991916186 0.9884726565 0.9660433459 0.6746074886 0.0011149743 0.0339263672 0.0418115644 0.0001195039 0.9825876446 0.8217066065 0.0003291829 0.0465940543 0.9764112001 0.8226642966 0.9412608568 0.7545169972 0.0001326328 1.4613127291 1.4684134010 1.5209944498 0.0001323624 11.5060247798 11.5057098595 11.5057199338 136.4251234148 0.0000681383 0.0004379918 0.9885506999 0.5329597734 0.1864049058 0.0114374203
-84.1160839607 0.0008242417 0.9957182622 0.9998713025 0.0000160364 0.9991904717 0.9902159407 0.9660168800 0.6829021517 0.0011161077 0.0337056894 0.0404009187 0.0001196656 0.9839401252 0.8281533554 0.0003298386 0.0466825670 0.9784574478 0.8252959103 0.9443643484 0.7622033269 0.0001317447 1.4623004314 1.4700565275 1.5207150351 0.0001317583 11.5059569362 11.5056427615 11.5056527405 136.4251293383 0.0000675544 0.0004388638 0.9887531299 0.5311395596 0.1877849917 0.0113289103
-84.1019802924 0.0008262247 0.9957047125 0.9998708520 0.0000160654 0.9991893115 0.9917471945 0.9659987190 0.6913177813 0.0011172558 0.0335059377 0.0391008307 0.0001198295 0.9852677215 0.8341727192 0.0003305035 0.0467723012 0.9803252292 0.8279504382 0.9471845163 0.7701328219 0.0001312069 1.4634973238 1.4721294617 1.5205417546 0.0001311121 11.5058818968 11.5055681271 11.5055780412 136.4251180947 0.0000668741 0.0004397480 0.9889441828 0.5296939319 0.1892371035 0.0112067129
-84.0877099164 0.0008282354 0.9956909668 0.9998703943 0.0000160947 0.9991881385 0.9930936372 0.9659396149 0.6999438083 0.0011184184 0.0333267294 0.0379054248 0.0001199955 0.9865628701 0.8397932404 0.0003311775 0.0468632377 0.9820131015 0.8306147141 0.9497205230 0.7782704236 0.0001317198 1.4646245076 1.4749659619 1.5205418403 0.0001306156 11.5057818537 11.5054684334 11.5054783795 136.4250902273 0.0000660187 0.0004406443 0.9891237302 0.5297489017 0.1907727768 0.0110586263
-84.0732816329 0.0008302718 0.9956770358 0.9998699298 0.0000161243 0.9991869537 0.9943043313 0.9657038802 0.7088453013 0.0011195942 0.0331678754 0.0368117314 0.0001201635 0.9878115723 0.8450487243 0.0003318598 0.0469552870 0.9835236880 0.8332738038 0.9519729673 0.7865645438 0.0001342597 1.4652581459 1.4791947683 1.5208656507 0.0001308159 11.5056711483 11.5053592580 11.5053694258 136.4250475548 0.0000648504 0.0004415516 0.9892908658 0.5334588719 0.1924057543 0.0108642578
-84.0587392095 0.0008323279 0.9956629568 0.9998694599 0.0000161543 0.9991857587 0.9954536139 0.9651534091 0.7180572654 0.0011207799 0.0330293122 0.0358334561 0.0001203329 0.9889950133 0.8499405842 0.0003325485 0.0470481772 0.9848613275 0.8359106846 0.9539452378 0.7949453718 0.0001363595 1.4675982354 1.4862890982 1.5218680625 0.0001322742 11.5056081899 11.5053018887 11.5053122339 136.4249942506 0.0000630544 0.0004424674 0.9894444643 0.5390538482 0.1941523635 0.0105795236
-84.0442020233 0.0008343939 0.9956488002 0.9998689867 0.0000161844 0.9991845582 0.9965752337 0.9653515428 0.7276470052 0.0011219695 0.0329130510 0.0350296771 0.0001205030 0.9900919952 0.8543064876 0.0003332402 0.0471414592 0.9860305437 0.8385048822 0.9556527713 0.8033235951 0.0001305876 1.4819771900 1.5005255331 1.5245405582 0.0001305390 11.5058559902 11.5055510418 11.5055608381 136.4249384296 0.0000597344 0.0004433873 0.9895850764 0.5289778542 0.1960319644 0.0100861271
-84.0295673345 0.0008364753 0.9956345330 0.9998685091 0.0000162146 0.9991833537 0.9974175190 0.9651292246 0.7383375291 0.0011231664 0.0328157029 0.0344702493 0.0001206741 0.9910690174 0.8577136282 0.0003339369 0.0472353846 0.9870422254 0.8410293615 0.9571497001 0.8115909096 0.0001309208 1.4979376556 1.5220854139 1.5291533827 0.0001303923 11.5071199063 11.5068161150 11.5068259117 136.4248932533 0.0000550411 0.0004443136 0.9897128701 0.5298107721 0.1980678526 0.0094452553
-84.0148928838 0.0008385679 0.9956201842 0.9998680280 0.0000162450 0.9991821473 0.9977278822 0.9652415281 0.7509535630 0.0011243680 0.0327421376 0.0341231587 0.0001208460 0.9917428317 0.8600077502 0.0003346370 0.0473297613 0.9879304260 0.8434635605 0.9584492721 0.8196734919 0.0001333181 1.5070835567 1.5344362677 1.5318209918 0.0001288432 11.4990962865 11.4987891083 11.4987991153 136.4248752250 0.0000524292 0.0004452445 0.9898209410 0.5313983480 0.2002921200 0.0090967500
-84.0001792199 0.0008406685 0.9956057671 0.9998675440 0.0000162755 0.9991809381 0.9978332770 0.9647526838 0.7615970369 0.0011255725 0.0327020133 0.0339066846 0.0001210183 0.9920461265 0.8619109234 0.0003353395 0.0474244466 0.9885985331 0.8457903101 0.9592951409 0.8273302463 0.0001351629 1.5046948597 1.5342907281 1.5315955795 0.0001300955 11.4989014960 11.4986005913 11.4986107548 136.4249613886 0.0000524026 0.0004461787 0.9899039207 0.5359380474 0.2027528052 0.0090703625
-83.9999816867 0.0008406967 0.9956055733 0.9998675375 0.0000162760 0.9991809218 0.9978344169 0.9647441298 0.7617320693 0.0011255887 0.0327015583 0.0339041605 0.0001210207 0.9920495513 0.8619364303 0.0003353490 0.0474257188 0.9886063030 0.8458203086 0.9593047049 0.8274272750 0.0001351634 1.5046688165 1.5342884449 1.5315921886 0.0001301212 11.4989012142 11.4986004312 11.4986105944 136.4249642838 0.0000524023 0.0004461913 0.9899048885 0.5359888950 0.2027875935 0.0090701791
