-83.8924183835 0.0008563959 0.9953915413 0.9998632578 0.0000166343 0.9988153734 0.6996603328 0.9610373168 0.3384391707 0.0011345350 0.0634327892 0.2304607004 0.0001223505 0.8019071169 0.2856835408 0.0003405913 0.0481316577 0.7071564764 0.4406466769 0.6470126099 0.3305730613 0.0001813857 1.4939760246 1.4795470083 1.5431896042 0.0001735222 11.5053203265 11.5050010326 11.5050162014 136.4217782530 0.0000718222 0.0004537363 0.7499237778 0.6108135703 0.1274767682 0.0130668412
-83.8922792176 0.0008564162 0.9953913841 0.9998632530 0.0000166346 0.9988153240 0.6996453847 0.9610335389 0.3384628773 0.0011345465 0.0634209027 0.2303966591 0.0001223522 0.8019012175 0.2857306178 0.0003405981 0.0481325674 0.7071589514 0.4406406083 0.6470201054 0.3305749209 0.0001814021 1.4939372588 1.4795030512 1.5431897166 0.0001735362 11.5052894349 11.5049702161 11.5049853868 136.4217872871 0.0000718365 0.0004537454 0.7499150684 0.6108352784 0.1275075849 0.0130713023
-83.8920016324 0.0008564566 0.9953910705 0.9998632433 0.0000166352 0.9988152252 0.6996153144 0.9610252027 0.3385205516 0.0011345694 0.0633971117 0.2302669216 0.0001223555 0.8018894504 0.2858262048 0.0003406116 0.0481343818 0.7071643798 0.4406293114 0.6470352767 0.3305799108 0.0001814379 1.4938554829 1.4794098130 1.5431906528 0.0001735668 11.5052396846 11.5049206252 11.5049357996 136.4218050311 0.0000718670 0.0004537635 0.7498976760 0.6108827578 0.1275675275 0.0130807845
-83.8915871823 0.0008565170 0.9953906021 0.9998632288 0.0000166362 0.9988150774 0.6995697122 0.9610112306 0.3386224631 0.0011346036 0.0633613613 0.2300680561 0.0001223604 0.8018718816 0.2859734184 0.0003406317 0.0481370907 0.7071734083 0.4406145980 0.6470582182 0.3305906719 0.0001814979 1.4937230699 1.4792579445 1.5431935037 0.0001736181 11.5051921956 11.5048733929 11.5048885738 136.4218309433 0.0000719172 0.0004537905 0.7498716549 0.6109621222 0.1276535259 0.0130962663
-83.8910383038 0.0008565970 0.9953899816 0.9998632097 0.0000166374 0.9988148811 0.6995073311 0.9609902696 0.3387751118 0.0011346490 0.0633135056 0.2297945381 0.0001223669 0.8018486154 0.2861776037 0.0003406584 0.0481406781 0.7071862543 0.4405992344 0.6470886707 0.3306112397 0.0001815885 1.4935276668 1.4790325953 1.5431997477 0.0001736957 11.5051959568 11.5048775244 11.5048927148 136.4218645236 0.0000719924 0.0004538262 0.7498370898 0.6110819282 0.1277617105 0.0131192929
-83.8903569243 0.0008566960 0.9953892126 0.9998631860 0.0000166389 0.9988146369 0.6994239223 0.9609600482 0.3389981944 0.0011347051 0.0632530191 0.2294349028 0.0001223750 0.8018197984 0.2864493282 0.0003406914 0.0481451216 0.7072023063 0.4405863255 0.6471261837 0.3306465087 0.0001817198 1.4932502927 1.4787106691 1.5432120942 0.0001738083 11.5052855874 11.5049676705 11.5049828748 136.4155929851 0.0000721012 0.0004538705 0.7497940997 0.6112554321 0.1278883002 0.0131523981
-83.8895549621 0.0008568129 0.9953883042 0.9998631580 0.0000166407 0.9988143461 0.6993271030 0.9609243681 0.3392524775 0.0011347714 0.0631936271 0.2290532658 0.0001223846 0.8017856338 0.2867361829 0.0003407303 0.0481503645 0.7072094353 0.4405638623 0.6471574089 0.3306733507 0.0001818758 1.4928980958 1.4783209689 1.5432179637 0.0001739421 11.5054134224 11.5050960889 11.5051113097 136.4156307648 0.0000722303 0.0004539227 0.7497428539 0.6114613135 0.1279973506 0.0131903071
-83.8886359088 0.0008569468 0.9953872615 0.9998631258 0.0000166427 0.9988140096 0.6992181498 0.9608852460 0.3395303361 0.0011348473 0.0631357551 0.2286548764 0.0001223955 0.8017463286 0.2870336641 0.0003407750 0.0481563750 0.7072094388 0.4405320352 0.6471836171 0.3306922079 0.0001820466 1.4924933871 1.4778892409 1.5432168775 0.0001740885 11.5055374813 11.5052207705 11.5052360095 136.4156656953 0.0000723711 0.0004539826 0.7496835254 0.6116865652 0.1280922505 0.0132308457
-83.8876047882 0.0008570972 0.9953860899 0.9998630898 0.0000166450 0.9988136285 0.6990993450 0.9608443053 0.3398219210 0.0011349326 0.0630797051 0.2282441818 0.0001224078 0.8017020964 0.2873380187 0.0003408252 0.0481631209 0.7072033759 0.4404914341 0.6472054129 0.3307038392 0.0001822247 1.4920559941 1.4774366674 1.5432093563 0.0001742412 11.5056447526 11.5053286792 11.5053439371 136.4156984626 0.0000725169 0.0004540499 0.7496162964 0.6119211871 0.1281755610 0.0132722896
-83.8864665766 0.0008572632 0.9953847945 0.9998630500 0.0000166475 0.9988132037 0.6989734783 0.9608028698 0.3401164203 0.0011350267 0.0630257322 0.2278259141 0.0001224213 0.8016531545 0.2876453845 0.0003408805 0.0481705701 0.7071918492 0.4404426770 0.6472231262 0.3307090244 0.0001824043 1.4916033703 1.4769805212 1.5431964442 0.0001743950 11.5057367335 11.5054212912 11.5054365682 136.4157295605 0.0000726626 0.0004541241 0.7495413546 0.6121573799 0.1282492406 0.0133132739
-83.8852260855 0.0008574443 0.9953833803 0.9998630065 0.0000166503 0.9988127362 0.6988433135 0.9607620032 0.3404036539 0.0011351293 0.0629740495 0.2274050517 0.0001224361 0.8015997212 0.2879518385 0.0003409409 0.0481786916 0.7071752525 0.4403863007 0.6472369849 0.3307084341 0.0001825806 1.4911502928 1.4765344122 1.5431793595 0.0001745459 11.5058160894 11.5055012553 11.5055165511 136.4157592391 0.0000728040 0.0004542051 0.7494588903 0.6123890686 0.1283148193 0.0133527464
-83.8838878679 0.0008576397 0.9953818521 0.9998629596 0.0000166533 0.9988122270 0.6987111888 0.9607224938 0.3406753688 0.0011352400 0.0629248238 0.2269865436 0.0001224521 0.8015420121 0.2882536198 0.0003410060 0.0481874561 0.7071538863 0.4403227490 0.6472471795 0.3307026061 0.0001827504 1.4907083769 1.4761082363 1.5431592872 0.0001746912 11.5058848213 11.5055705610 11.5055858748 136.4157875846 0.0000729382 0.0004542925 0.7493690933 0.6126118564 0.1283735143 0.0133899585
-83.8824561549 0.0008578488 0.9953802144 0.9998629094 0.0000166565 0.9988116770 0.6985788272 0.9606848561 0.3409258264 0.0011353585 0.0628781698 0.2265749853 0.0001224691 0.8014802381 0.2885473574 0.0003410757 0.0481968362 0.7071280025 0.4402523874 0.6472538797 0.3306919630 0.0001829114 1.4902860605 1.4757084898 1.5431372873 0.0001748290 11.5059473130 11.5056335840 11.5056489147 136.4158146052 0.0000730633 0.0004543860 0.7492721507 0.6128229415 0.1284263077 0.0134244363
-83.8809348117 0.0008580711 0.9953784711 0.9998628560 0.0000166599 0.9988110871 0.6984473575 0.9606493917 0.3411516644 0.0011354844 0.0628341392 0.2261742627 0.0001224873 0.8014146031 0.2888303294 0.0003411498 0.0482068070 0.7070978354 0.4401755211 0.6472572607 0.3306768395 0.0001830624 1.4898887729 1.4753387198 1.5431142038 0.0001749581 11.5060001243 11.5056868805 11.5057022269 136.4158402819 0.0000731783 0.0004544855 0.7491682445 0.6130206980 0.1284740087 0.0134559357
-83.8793273286 0.0008583060 0.9953766260 0.9998627995 0.0000166635 0.9988104580 0.6983173913 0.9606161847 0.3413515887 0.0011356175 0.0627927501 0.2257876917 0.0001225065 0.8013453023 0.2891002931 0.0003412282 0.0482173459 0.7070636000 0.4400924089 0.6472574919 0.3306575056 0.0001832031 1.4895193490 1.4750000178 1.5430907244 0.0001750783 11.5060463312 11.5057335253 11.5057488864 136.4158645882 0.0000732831 0.0004545906 0.7490575509 0.6132047538 0.1285172761 0.0134844150
-83.8776368204 0.0008585533 0.9953746822 0.9998627401 0.0000166673 0.9988097906 0.6981891554 0.9605851868 0.3415258235 0.0011357575 0.0627539821 0.2254178340 0.0001225266 0.8012725215 0.2893555839 0.0003413106 0.0482284328 0.7070254992 0.4400032750 0.6472547386 0.3306341846 0.0001833337 1.4891786784 1.4746917914 1.5430673686 0.0001751899 11.5060866247 11.5057742111 11.5057895855 136.4158875081 0.0000733780 0.0004547012 0.7489402388 0.6133754578 0.1285566565 0.0135099694
-83.8758660461 0.0008588123 0.9953726427 0.9998626778 0.0000166713 0.9988090855 0.6980626179 0.9605562568 0.3416755982 0.0011359042 0.0627177813 0.2250664915 0.0001225478 0.8011964365 0.2895950847 0.0003413969 0.0482400500 0.7069837205 0.4399083186 0.6472491521 0.3306070656 0.0001834548 1.4888663929 1.4744124784 1.5430445312 0.0001752934 11.5061253575 11.5058132924 11.5058286791 136.4159090466 0.0000734635 0.0004548171 0.7488164696 0.6135336760 0.1285926072 0.0135327746
-83.8740174268 0.0008590829 0.9953705100 0.9998626126 0.0000166755 0.9988083434 0.6979376218 0.9605292384 0.3418026164 0.0011360574 0.0626840530 0.2247346319 0.0001225698 0.8011172126 0.2898182986 0.0003414871 0.0482521818 0.7069384503 0.4398077185 0.6472408931 0.3305763120 0.0001835672 1.4885812822 1.4741599821 1.5430224540 0.0001753893 11.5061565977 11.5058448412 11.5058602391 136.4159292296 0.0000735404 0.0004549382 0.7486863968 0.6136802995 0.1286255243 0.0135530406
-83.8720930831 0.0008593646 0.9953682862 0.9998625448 0.0000166798 0.9988075648 0.6978139255 0.9605039104 0.3419089146 0.0011362168 0.0626527017 0.2244228458 0.0001225928 0.8010350053 0.2900249556 0.0003415810 0.0482648146 0.7068898570 0.4397016368 0.6472301046 0.3305420669 0.0001836717 1.4883215649 1.4739318410 1.5430013333 0.0001754786 11.5061869124 11.5058754275 11.5058908358 136.4159480924 0.0000736095 0.0004550643 0.7485501662 0.6138166360 0.1286557344 0.0135710127
-83.8700948565 0.0008596573 0.9953659733 0.9998624743 0.0000166843 0.9988067504 0.6976912810 0.9604800868 0.3419965104 0.0011363825 0.0626236066 0.2241311320 0.0001226167 0.8009499601 0.2902152133 0.0003416786 0.0482779367 0.7068381077 0.4395902212 0.6472169358 0.3305044582 0.0001837692 1.4880852604 1.4737256377 1.5429812503 0.0001755618 11.5062117895 11.5059005431 11.5059159609 136.4159656835 0.0000736716 0.0004551952 0.7484079158 0.6139437320 0.1286835256 0.0135869222
-83.8680243449 0.0008599607 0.9953635728 0.9998624011 0.0000166890 0.9988059006 0.6975694372 0.9604575573 0.3420674227 0.0011365541 0.0625966540 0.2238592979 0.0001226415 0.8008622130 0.2903893288 0.0003417797 0.0482915377 0.7067833572 0.4394736078 0.6472015258 0.3304636015 0.0001838607 1.4878701568 1.4735388684 1.5429622541 0.0001756399 11.5062334307 11.5059223932 11.5059378197 136.4159820539 0.0000737276 0.0004553310 0.7482597765 0.6140628030 0.1287091390 0.0136010096
-83.8658829299 0.0008602746 0.9953610861 0.9998623254 0.0000166938 0.9988050158 0.6974481534 0.9604361283 0.3421235655 0.0011367317 0.0625717273 0.2236068870 0.0001226671 0.8007718912 0.2905477196 0.0003418843 0.0483056091 0.7067257471 0.4393519232 0.6471839970 0.3304196016 0.0001839469 1.4876742140 1.4733693212 1.5429443686 0.0001757134 11.5062558666 11.5059450110 11.5059604457 136.4159972625 0.0000737782 0.0004554715 0.7481058722 0.6141749631 0.1287327827 0.0136134897
-83.8636717975 0.0008605988 0.9953585145 0.9998622472 0.0000166988 0.9988040965 0.6973272363 0.9604156587 0.3421666041 0.0011369151 0.0625486942 0.2233730943 0.0001226935 0.8006791136 0.2906910701 0.0003419923 0.0483201433 0.7066654188 0.4392252862 0.6471644788 0.3303725556 0.0001840284 1.4874955415 1.4732150603 1.5429275508 0.0001757829 11.5062729695 11.5059622723 11.5059777144 136.4160113765 0.0000738240 0.0004556166 0.7479463203 0.6142809804 0.1287546495 0.0136245434
-83.8613919692 0.0008609333 0.9953558588 0.9998621664 0.0000167040 0.9988031430 0.6972065081 0.9603959811 0.3421981090 0.0011371043 0.0625274410 0.2231571724 0.0001227208 0.8005839910 0.2908199837 0.0003421038 0.0483351340 0.7066024974 0.4390938078 0.6471430807 0.3303225523 0.0001841060 1.4873323124 1.4730742487 1.5429117823 0.0001758491 11.5062910091 11.5059804486 11.5059958978 136.4160244594 0.0000738656 0.0004557663 0.7477812319 0.6143818274 0.1287748979 0.0136343487
-83.8590443154 0.0008612779 0.9953531199 0.9998620832 0.0000167093 0.9988021557 0.6970858352 0.9603769857 0.3422194040 0.0011372991 0.0625078436 0.2229581512 0.0001227489 0.8004866270 0.2909352415 0.0003422186 0.0483505757 0.7065371071 0.4389575921 0.6471199179 0.3302696744 0.0001841801 1.4871829349 1.4729453553 1.5428969949 0.0001759123 11.5063048184 11.5059943756 11.5060098314 136.4160365779 0.0000739035 0.0004559205 0.7476107127 0.6144780953 0.1287936774 0.0136430476
-83.8566295807 0.0008616324 0.9953502985 0.9998619975 0.0000167148 0.9988011349 0.6969650986 0.9603585416 0.3422317177 0.0011374995 0.0624897958 0.2227751655 0.0001227778 0.8003871184 0.2910375196 0.0003423367 0.0483664640 0.7064693587 0.4388167376 0.6470950882 0.3302139989 0.0001842512 1.4870458829 1.4728269337 1.5428831429 0.0001759730 11.5063194858 11.5060091432 11.5060246052 136.4160477932 0.0000739382 0.0004560792 0.7474348628 0.6145705422 0.1288111120 0.0136507794
-83.8541483942 0.0008619969 0.9953473952 0.9998619094 0.0000167204 0.9988000809 0.6968442171 0.9603405675 0.3422360560 0.0011377054 0.0624731852 0.2226072166 0.0001228075 0.8002855556 0.2911276088 0.0003424581 0.0483827951 0.7063993621 0.4386713371 0.6470686934 0.3301555980 0.0001843199 1.4869198920 1.4727178255 1.5428701513 0.0001760315 11.5063309795 11.5060207217 11.5060361895 136.4160581671 0.0000739700 0.0004562423 0.7472537776 0.6146596032 0.1288273196 0.0136576506
-83.8516012883 0.0008623712 0.9953444103 0.9998618188 0.0000167262 0.9987989939 0.6967231214 0.9603229652 0.3422333543 0.0011379169 0.0624579167 0.2224534457 0.0001228380 0.8001820232 0.2912061798 0.0003425828 0.0483995659 0.7063272176 0.4385214786 0.6470408258 0.3300945398 0.0001843863 1.4868036546 1.4726168363 1.5428579574 0.0001760882 11.5063407289 11.5060305418 11.5060460152 136.4160677535 0.0000739994 0.0004564099 0.7470675479 0.6147458403 0.1288423990 0.0136637737
-83.8489887120 0.0008627553 0.9953413442 0.9998617258 0.0000167321 0.9987978743 0.6966017473 0.9603056471 0.3422244601 0.0011381338 0.0624439016 0.2223130150 0.0001228693 0.8000766003 0.2912738741 0.0003427108 0.0484167738 0.7062530146 0.4383672463 0.6470115621 0.3300308883 0.0001844511 1.4866960933 1.4725230038 1.5428465099 0.0001761434 11.5063526323 11.5060425029 11.5060579817 136.4160766063 0.0000740265 0.0004565818 0.7468762602 0.6148297585 0.1288564375 0.0136692420
-83.8463110369 0.0008631492 0.9953381972 0.9998616304 0.0000167382 0.9987967222 0.6964800628 0.9602885729 0.3422100284 0.0011383563 0.0624310416 0.2221849506 0.0001229014 0.7999693612 0.2913314620 0.0003428420 0.0484344168 0.7061768450 0.4382087212 0.6469809868 0.3299647045 0.0001845142 1.4865963512 1.4724355950 1.5428357318 0.0001761972 11.5063604281 11.5060503449 11.5060658288 136.4160847815 0.0000740517 0.0004567581 0.7466799973 0.6149115487 0.1288695241 0.0136741208
-83.8435685745 0.0008635528 0.9953349694 0.9998615326 0.0000167444 0.9987955378 0.6963580319 0.9602716647 0.3421907112 0.0011385841 0.0624192599 0.2220684911 0.0001229343 0.7998603753 0.2913795282 0.0003429764 0.0484524933 0.7060987864 0.4380459804 0.6469491662 0.3298960454 0.0001845760 1.4865035428 1.4723538316 1.5428255839 0.0001762500 11.5063702802 11.5060602324 11.5060757212 136.4160923277 0.0000740752 0.0004569387 0.7464788382 0.6149916759 0.1288817288 0.0136784862
-83.8407615776 0.0008639661 0.9953316610 0.9998614324 0.0000167508 0.9987943214 0.6962356426 0.9602548935 0.3421670027 0.0011388173 0.0624084711 0.2219627617 0.0001229680 0.7997497080 0.2914187665 0.0003431141 0.0484710020 0.7060189190 0.4378790976 0.6469161740 0.3298249657 0.0001846367 1.4864169697 1.4722771386 1.5428159939 0.0001763017 11.5063766979 11.5060666758 11.5060821692 136.4160992936 0.0000740972 0.0004571237 0.7462728587 0.6150702719 0.1288931240 0.0136823885
-83.8378902546 0.0008643891 0.9953282720 0.9998613298 0.0000167574 0.9987930731 0.6961128777 0.9602381991 0.3421393959 0.0011390560 0.0623986087 0.2218670765 0.0001230024 0.7996374204 0.2914497058 0.0003432549 0.0484899420 0.7059373112 0.4377081437 0.6468820685 0.3297515167 0.0001846966 1.4863359480 1.4722049217 1.5428069298 0.0001763528 11.5063849620 11.5060749562 11.5060904543 136.4161057210 0.0000741178 0.0004573130 0.7460621316 0.6151476993 0.1289037665 0.0136858858
-83.8349547700 0.0008648217 0.9953248025 0.9998612248 0.0000167641 0.9987917930 0.6959897415 0.9602215628 0.3421082456 0.0011393000 0.0623895985 0.2217806601 0.0001230376 0.7995235702 0.2914729655 0.0003433990 0.0485093127 0.7058540341 0.4375331867 0.6468469146 0.3296757482 0.0001847556 1.4862599400 1.4721367562 1.5427983273 0.0001764031 11.5063905212 11.5060805235 11.5060960260 136.4161116513 0.0000741372 0.0004575066 0.7458467268 0.6152240383 0.1289137162 0.0136890144
-83.8319552548 0.0008652640 0.9953212523 0.9998611174 0.0000167709 0.9987904815 0.6958662334 0.9602049391 0.3420739206 0.0011395494 0.0623813840 0.2217029252 0.0001230736 0.7994082117 0.2914890076 0.0003435463 0.0485291138 0.7057691513 0.4373542920 0.6468107693 0.3295977076 0.0001848140 1.4861883078 1.4720720874 1.5427901476 0.0001764529 11.5063949732 11.5060849757 11.5061004825 136.4161171175 0.0000741555 0.0004577046 0.7456267116 0.6152995583 0.1289230195 0.0136918261
-83.8288918118 0.0008657159 0.9953176215 0.9998610076 0.0000167779 0.9987891385 0.6957423446 0.9601882864 0.3420367751 0.0011398042 0.0623739137 0.2216333205 0.0001231104 0.7992913960 0.2914982552 0.0003436967 0.0485493449 0.7056827176 0.4371715234 0.6467736757 0.3295174404 0.0001848720 1.4861205677 1.4720105111 1.5427823636 0.0001765024 11.5064023250 11.5060923203 11.5061078313 136.4161221525 0.0000741729 0.0004579069 0.7454021510 0.6153745088 0.1289317183 0.0136943611
-83.8257645153 0.0008661776 0.9953139100 0.9998608953 0.0000167850 0.9987877642 0.6956180883 0.9601716058 0.3419970297 0.0011400644 0.0623671231 0.2215711557 0.0001231480 0.7991731712 0.2915012659 0.0003438504 0.0485700061 0.7055947931 0.4369849431 0.6467356876 0.3294349909 0.0001849295 1.4860563742 1.4719517740 1.5427749165 0.0001765514 11.5064057885 11.5060957699 11.5061112850 136.4161267929 0.0000741895 0.0004581135 0.7451731078 0.6154488476 0.1289398613 0.0136966390
-83.8225734229 0.0008666488 0.9953101175 0.9998607807 0.0000167923 0.9987863587 0.6954934628 0.9601548533 0.3419549625 0.0011403299 0.0623609697 0.2215159692 0.0001231863 0.7990535830 0.2914983964 0.0003440073 0.0485910975 0.7055054253 0.4367946114 0.6466968415 0.3293504006 0.0001849868 1.4859953293 1.4718955307 1.5427677979 0.0001766003 11.5064120087 11.5061019696 11.5061174887 136.4161310677 0.0000742053 0.0004583244 0.7449396426 0.6155228538 0.1289474821 0.0136986953
-83.8193185709 0.0008671298 0.9953062440 0.9998606636 0.0000167998 0.9987849223 0.6953684842 0.9601380324 0.3419107374 0.0011406008 0.0623553984 0.2214671666 0.0001232255 0.7989326743 0.2914901299 0.0003441674 0.0486126194 0.7054146671 0.4366005865 0.6466571848 0.3292637103 0.0001850438 1.4859371465 1.4718415742 1.5427609563 0.0001766490 11.5064148316 11.5061047661 11.5061202891 136.4161350076 0.0000742204 0.0004585396 0.7447018142 0.6155964776 0.1289546216 0.0137005453
-83.8159999850 0.0008676205 0.9953022893 0.9998605441 0.0000168074 0.9987834549 0.6952431544 0.9601211058 0.3418645732 0.0011408771 0.0623503731 0.2214243542 0.0001232654 0.7988104860 0.2914767719 0.0003443307 0.0486345722 0.7053225606 0.4364029248 0.6466167493 0.3291749585 0.0001851008 1.4858814904 1.4717896153 1.5427543836 0.0001766976 11.5064201562 11.5061100582 11.5061255852 136.4161386370 0.0000742349 0.0004587592 0.7444596797 0.6156699566 0.1289613072 0.0137022188
-83.8126176761 0.0008681208 0.9952982531 0.9998604221 0.0000168151 0.9987819567 0.6951174906 0.9601040796 0.3418165883 0.0011411587 0.0623458465 0.2213870173 0.0001233060 0.7986870565 0.2914587427 0.0003444972 0.0486569563 0.7052291527 0.4362016817 0.6465755764 0.3290841833 0.0001851576 1.4858281511 1.4717395063 1.5427480386 0.0001767460 11.5064225588 11.5061124230 11.5061279537 136.4161419821 0.0000742489 0.0004589830 0.7442132946 0.6157432310 0.1289675735 0.0137037261
-83.8091716491 0.0008686309 0.9952941353 0.9998602977 0.0000168230 0.9987804278 0.6949914978 0.9600869237 0.3417669498 0.0011414458 0.0623417875 0.2213548143 0.0001233475 0.7985624225 0.2914363090 0.0003446670 0.0486797723 0.7051344814 0.4359969110 0.6465336942 0.3289914210 0.0001852144 1.4857768570 1.4716910172 1.5427419143 0.0001767945 11.5064271540 11.5061169748 11.5061325093 136.4161450634 0.0000742624 0.0004592113 0.7439627130 0.6158164956 0.1289734435 0.0137050908
-83.8056618992 0.0008691508 0.9952899357 0.9998601709 0.0000168311 0.9987788683 0.6948651966 0.9600696458 0.3417157275 0.0011417382 0.0623381555 0.2213273006 0.0001233898 0.7984366189 0.2914098377 0.0003448400 0.0487030207 0.7050385889 0.4357886654 0.6464911393 0.3288967074 0.0001852712 1.4857274606 1.4716440496 1.5427359746 0.0001768430 11.5064294275 11.5061192001 11.5061347383 136.4161479022 0.0000742754 0.0004594438 0.7437079874 0.6158896850 0.1289789461 0.0137063184
-83.8020884182 0.0008696803 0.9952856540 0.9998600416 0.0000168393 0.9987772783 0.6947385984 0.9600522234 0.3416630441 0.0011420360 0.0623349248 0.2213042018 0.0001234328 0.7983096785 0.2913795507 0.0003450162 0.0487267021 0.7049415124 0.4355769962 0.6464479425 0.3288000776 0.0001853281 1.4856796500 1.4715983308 1.5427302042 0.0001768915 11.5064308895 11.5061206090 11.5061361509 136.4161505129 0.0000742881 0.0004596808 0.7434491694 0.6159629418 0.1289841006 0.0137074344
-83.7984511963 0.0008702197 0.9952812899 0.9998599098 0.0000168476 0.9987756578 0.6946117024 0.9600346350 0.3416090381 0.0011423392 0.0623320728 0.2212852634 0.0001234766 0.7981816330 0.2913456421 0.0003451956 0.0487508172 0.7048432819 0.4353619540 0.6464041228 0.3287015652 0.0001853851 1.4856332435 1.4715537071 1.5427245991 0.0001769402 11.5064355265 11.5061251881 11.5061407336 136.4161529109 0.0000743005 0.0004599221 0.7431863091 0.6160364042 0.1289889238 0.0137084559
-83.7947502184 0.0008707689 0.9952768433 0.9998597755 0.0000168562 0.9987740070 0.6944845270 0.9600169000 0.3415537416 0.0011426477 0.0623295622 0.2212700745 0.0001235212 0.7980525123 0.2913084550 0.0003453783 0.0487753668 0.7047439349 0.4351435893 0.6463597115 0.3286012038 0.0001854422 1.4855881725 1.4715101532 1.5427191242 0.0001769890 11.5064365210 11.5061261205 11.5061416696 136.4161551165 0.0000743125 0.0004601677 0.7429194558 0.6161099299 0.1289934420 0.0137093810
-83.7909854736 0.0008713278 0.9952723138 0.9998596388 0.0000168648 0.9987723259 0.6943570732 0.9599989890 0.3414972715 0.0011429617 0.0623273750 0.2212584360 0.0001235666 0.7979223449 0.2912681418 0.0003455642 0.0488003514 0.7046434975 0.4349219514 0.6463147242 0.3284990253 0.0001854996 1.4855442565 1.4714675056 1.5427137871 0.0001770379 11.5064405066 11.5061300393 11.5061455921 136.4161571433 0.0000743243 0.0004604177 0.7426486577 0.6161837171 0.1289976684 0.0137102283
-83.7871569477 0.0008718966 0.9952677013 0.9998594995 0.0000168736 0.9987706146 0.6942293580 0.9599809192 0.3414396493 0.0011432811 0.0623254797 0.2212499988 0.0001236127 0.7977911581 0.2912249958 0.0003457534 0.0488257718 0.7045420030 0.4346970883 0.6462691890 0.3283950613 0.0001855571 1.4855014201 1.4714257294 1.5427085543 0.0001770870 11.5064412790 11.5061307410 11.5061462973 136.4161590081 0.0000743358 0.0004606722 0.7423739621 0.6162576404 0.1290016254 0.0137109971
-83.7832646325 0.0008724753 0.9952630054 0.9998593578 0.0000168826 0.9987688732 0.6941013825 0.9599626658 0.3413809695 0.0011436059 0.0623238614 0.2212445996 0.0001236597 0.7976589781 0.2911791422 0.0003459458 0.0488516287 0.7044394752 0.4344690475 0.6462231201 0.3282893421 0.0001856148 1.4854595287 1.4713846957 1.5427034369 0.0001771363 11.5064447587 11.5061341456 11.5061497054 136.4161607222 0.0000743471 0.0004609310 0.7420954154 0.6163318694 0.1290053237 0.0137117026
-83.7793085188 0.0008730638 0.9952582259 0.9998592135 0.0000168917 0.9987671018 0.6939731625 0.9599442449 0.3413212435 0.0011439362 0.0623224930 0.2212419369 0.0001237074 0.7975258297 0.2911308349 0.0003461415 0.0488779228 0.7043359446 0.4342378755 0.6461765423 0.3281818979 0.0001856727 1.4854185264 1.4713443837 1.5426984060 0.0001771858 11.5064454485 11.5061347564 11.5061503197 136.4161622996 0.0000743582 0.0004611942 0.7418130635 0.6164062874 0.1290087824 0.0137123432
-83.7752886046 0.0008736622 0.9952533625 0.9998590667 0.0000169010 0.9987653004 0.6938447001 0.9599256358 0.3412605443 0.0011442718 0.0623213618 0.2212418697 0.0001237560 0.7973917368 0.2910801828 0.0003463405 0.0489046548 0.7042314331 0.4340036183 0.6461294684 0.3280727581 0.0001857309 1.4853783027 1.4713046884 1.5426934707 0.0001772355 11.5064485182 11.5061377431 11.5061533099 136.4161637495 0.0000743691 0.0004614618 0.7415269512 0.6164810375 0.1290120107 0.0137129312
-83.7712048890 0.0008742706 0.9952484149 0.9998589174 0.0000169104 0.9987634691 0.6937160130 0.9599068545 0.3411988603 0.0011446129 0.0623204441 0.2212441377 0.0001238053 0.7972567224 0.2910274079 0.0003465428 0.0489318252 0.7041259688 0.4337663215 0.6460819212 0.3279619520 0.0001857893 1.4853388307 1.4712656128 1.5426886048 0.0001772854 11.5064493560 11.5061384941 11.5061540643 136.4161650829 0.0000743798 0.0004617338 0.7412371231 0.6165560093 0.1290150248 0.0137134627
-83.7670573775 0.0008748888 0.9952433829 0.9998587655 0.0000169200 0.9987616079 0.6935871091 0.9598878855 0.3411362437 0.0011449594 0.0623197305 0.2212486411 0.0001238554 0.7971208083 0.2909725943 0.0003467483 0.0489594348 0.7040195752 0.4335260295 0.6460339186 0.3278495083 0.0001858480 1.4852999206 1.4712269778 1.5426838050 0.0001773355 11.5064495107 11.5061385583 11.5061541320 136.4161663043 0.0000743904 0.0004620102 0.7409436229 0.6166313066 0.1290178324 0.0137139548
-83.7628460831 0.0008755171 0.9952382663 0.9998586111 0.0000169297 0.9987597171 0.6934579833 0.9598687136 0.3410727716 0.0011453114 0.0623192128 0.2212552863 0.0001239063 0.7969840157 0.2909158082 0.0003469571 0.0489874842 0.7039122701 0.4332827870 0.6459854673 0.3277354552 0.0001859070 1.4852614998 1.4711887168 1.5426790786 0.0001773859 11.5064529844 11.5061419377 11.5061575148 136.4161674204 0.0000744008 0.0004622911 0.7406464938 0.6167070323 0.1290204395 0.0137144164
-83.7585710212 0.0008761553 0.9952330647 0.9998584542 0.0000169396 0.9987577965 0.6933286502 0.9598493637 0.3410084229 0.0011456688 0.0623188673 0.2212638100 0.0001239580 0.7968463649 0.2908572760 0.0003471692 0.0490159739 0.7038040793 0.4330366386 0.6459365877 0.3276198212 0.0001859663 1.4852235800 1.4711508702 1.5426743963 0.0001774366 11.5064528744 11.5061417299 11.5061573105 136.4161684432 0.0000744112 0.0004625764 0.7403457786 0.6167830139 0.1290228629 0.0137148397
-83.7542322184 0.0008768034 0.9952277778 0.9998582946 0.0000169497 0.9987558463 0.6931991062 0.9598298116 0.3409432673 0.0011460316 0.0623186888 0.2212741525 0.0001240105 0.7967078754 0.2907970390 0.0003473846 0.0490449045 0.7036950181 0.4327876283 0.6458872852 0.3275026332 0.0001860259 1.4851860841 1.4711133528 1.5426697780 0.0001774875 11.5064558906 11.5061446446 11.5061602286 136.4161693786 0.0000744215 0.0004628661 0.7400415197 0.6168594199 0.1290251069 0.0137152364
-83.7498297041 0.0008774616 0.9952224056 0.9998581325 0.0000169599 0.9987538665 0.6930693645 0.9598100793 0.3408772854 0.0011463999 0.0623186571 0.2212860911 0.0001240638 0.7965685659 0.2907352900 0.0003476033 0.0490742765 0.7035851101 0.4325357995 0.6458375785 0.3273839183 0.0001860858 1.4851490092 1.4710761875 1.5426651965 0.0001775386 11.5064557252 11.5061443746 11.5061599619 136.4161702366 0.0000744316 0.0004631603 0.7397337589 0.6169360986 0.1290271858 0.0137156004
-83.7453635192 0.0008781298 0.9952169475 0.9998579677 0.0000169702 0.9987518573 0.6929394218 0.9597901450 0.3408105387 0.0011467736 0.0623187685 0.2212995829 0.0001241179 0.7964284544 0.2906720578 0.0003478253 0.0491040904 0.7034743698 0.4322811949 0.6457874728 0.3272637027 0.0001861460 1.4851122769 1.4710392908 1.5426606678 0.0001775901 11.5064583987 11.5061469396 11.5061625303 136.4161710217 0.0000744417 0.0004634589 0.7394225377 0.6170132028 0.1290291029 0.0137159429
-83.7408337085 0.0008788080 0.9952114035 0.9998578004 0.0000169807 0.9987498187 0.6928092897 0.9597700296 0.3407430059 0.0011471528 0.0623190053 0.2213144347 0.0001241728 0.7962875585 0.2906075100 0.0003480506 0.0491343466 0.7033628189 0.4320238570 0.6457369854 0.3271420128 0.0001862064 1.4850759106 1.4710027017 1.5426561722 0.0001776418 11.5064582888 11.5061467181 11.5061623122 136.4161717423 0.0000744517 0.0004637620 0.7391078974 0.6170905899 0.1290308705 0.0137162568
-83.7362403285 0.0008794963 0.9952057733 0.9998576305 0.0000169914 0.9987477507 0.6926789664 0.9597497141 0.3406747362 0.0011475374 0.0623193646 0.2213306090 0.0001242284 0.7961458949 0.2905416722 0.0003482793 0.0491650454 0.7032504715 0.4317638280 0.6456861212 0.3270188742 0.0001862672 1.4850398346 1.4709663459 1.5426517210 0.0001776938 11.5064606904 11.5061490044 11.5061646019 136.4161724017 0.0000744616 0.0004640695 0.7387898789 0.6171683929 0.1290324914 0.0137165518
-83.7315834405 0.0008801946 0.9952000566 0.9998574580 0.0000170022 0.9987456534 0.6925484661 0.9597292187 0.3406056923 0.0011479275 0.0623198308 0.2213479379 0.0001242849 0.7960034800 0.2904746928 0.0003485112 0.0491961873 0.7031373483 0.4315011499 0.6456348963 0.3268943130 0.0001863283 1.4850040921 1.4709302790 1.5426472962 0.0001777460 11.5064608465 11.5061490421 11.5061646430 136.4161730061 0.0000744715 0.0004643815 0.7384685227 0.6172464776 0.1290339764 0.0137168193
-83.7268631162 0.0008809030 0.9951942532 0.9998572828 0.0000170132 0.9987435269 0.6924177928 0.9597085292 0.3405359092 0.0011483230 0.0623204026 0.2213664114 0.0001243422 0.7958603293 0.2904065833 0.0003487465 0.0492277725 0.7030234660 0.4312358638 0.6455833224 0.3267683547 0.0001863897 1.4849685196 1.4708943418 1.5426428966 0.0001777985 11.5064603855 11.5061484595 11.5061640637 136.4161735551 0.0000744813 0.0004646980 0.7381438693 0.6173249417 0.1290353276 0.0137170743
-83.7220794378 0.0008816215 0.9951883629 0.9998571050 0.0000170243 0.9987413713 0.6922869379 0.9596876325 0.3404654475 0.0011487240 0.0623210793 0.2213860180 0.0001244002 0.7957164580 0.2903373438 0.0003489850 0.0492598013 0.7029088357 0.4309680114 0.6455314003 0.3266410247 0.0001864514 1.4849330855 1.4708585015 1.5426385338 0.0001778513 11.5064633384 11.5061512873 11.5061668948 136.4161740508 0.0000744911 0.0004650190 0.7378159590 0.6174038755 0.1290365462 0.0137173231
-83.7172324929 0.0008823501 0.9951823854 0.9998569245 0.0000170356 0.9987391866 0.6921559126 0.9596665565 0.3403942699 0.0011491304 0.0623218438 0.2214065674 0.0001244591 0.7955718810 0.2902671420 0.0003492269 0.0492922738 0.7027934773 0.4306976345 0.6454791450 0.3265123486 0.0001865135 1.4848978526 1.4708228365 1.5426341845 0.0001779044 11.5064626946 11.5061505156 11.5061661264 136.4161745014 0.0000745008 0.0004653444 0.7374848315 0.6174830898 0.1290376448 0.0137175544
-83.7123223830 0.0008830888 0.9951763204 0.9998567415 0.0000170470 0.9987369729 0.6920247101 0.9596452773 0.3403224363 0.0011495423 0.0623226972 0.2214280709 0.0001245187 0.7954266122 0.2901959620 0.0003494722 0.0493251902 0.7026774007 0.4304247745 0.6454265566 0.3263823509 0.0001865759 1.4848627516 1.4707872697 1.5426298679 0.0001779577 11.5064652757 11.5061529653 11.5061685794 136.4161749092 0.0000745105 0.0004656743 0.7371505269 0.6175627519 0.1290386233 0.0137177790
-83.7073492148 0.0008838376 0.9951701679 0.9998565557 0.0000170586 0.9987347303 0.6918933408 0.9596238200 0.3402499144 0.0011499596 0.0623236251 0.2214503682 0.0001245792 0.7952806656 0.2901239464 0.0003497207 0.0493585506 0.7025606240 0.4301494725 0.6453736495 0.3262510563 0.0001866385 1.4848278304 1.4707518617 1.5426255631 0.0001780113 11.5064646468 11.5061522020 11.5061678195 136.4161752806 0.0000745201 0.0004660087 0.7368130848 0.6176426933 0.1290394925 0.0137179878
-83.7023131090 0.0008845965 0.9951639276 0.9998563673 0.0000170704 0.9987324589 0.6917617982 0.9596021630 0.3401767585 0.0011503823 0.0623246291 0.2214734776 0.0001246404 0.7951340545 0.2900510742 0.0003499726 0.0493923551 0.7024431568 0.4298717690 0.6453204246 0.3261184887 0.0001867015 1.4847930236 1.4707165412 1.5426212876 0.0001780653 11.5064669589 11.5061543765 11.5061699972 136.4161756171 0.0000745298 0.0004663475 0.7364725448 0.6177230655 0.1290402521 0.0137181905
-83.6972141925 0.0008853655 0.9951575992 0.9998561762 0.0000170823 0.9987301587 0.6916300918 0.9595803290 0.3401029388 0.0011508105 0.0623256965 0.2214972588 0.0001247025 0.7949867917 0.2899774708 0.0003502278 0.0494266035 0.7023250166 0.4295917044 0.6452668949 0.3259846725 0.0001867648 1.4847583778 1.4706813656 1.5426170228 0.0001781194 11.5064664444 11.5061537214 11.5061693455 136.4161759240 0.0000745394 0.0004666909 0.7361289464 0.6178037155 0.1290409114 0.0137183788
-83.6920526056 0.0008861446 0.9951511826 0.9998559824 0.0000170943 0.9987278298 0.6914982171 0.9595583001 0.3400284982 0.0011512441 0.0623268289 0.2215217273 0.0001247653 0.7948388898 0.2899031185 0.0003504863 0.0494612958 0.7022062129 0.4293093191 0.6452130619 0.3258496313 0.0001868284 1.4847238484 1.4706462816 1.5426127849 0.0001781738 11.5064685502 11.5061556835 11.5061713108 136.4161762021 0.0000745489 0.0004670387 0.7357823290 0.6178847717 0.1290414702 0.0137185603
-83.6868284958 0.0008869339 0.9951446775 0.9998557860 0.0000171065 0.9987254723 0.6913661862 0.9595360975 0.3399533935 0.0011516831 0.0623280150 0.2215467597 0.0001248289 0.7946903610 0.2898281299 0.0003507481 0.0494964318 0.7020867625 0.4290246534 0.6451589385 0.3257133893 0.0001868922 1.4846894851 1.4706113533 1.5426085549 0.0001782285 11.5064683544 11.5061553409 11.5061709715 136.4161764550 0.0000745585 0.0004673910 0.7354327321 0.6179660935 0.1290419366 0.0137187256
-83.6815420224 0.0008877333 0.9951380839 0.9998555868 0.0000171189 0.9987230863 0.6912340010 0.9595137077 0.3398776552 0.0011521275 0.0623292575 0.2215723928 0.0001248933 0.7945412171 0.2897524789 0.0003510133 0.0495320114 0.7019666785 0.4287377468 0.6451045330 0.3255759705 0.0001869564 1.4846551466 1.4705764384 1.5426043352 0.0001782834 11.5064675818 11.5061544186 11.5061700525 136.4161766798 0.0000745680 0.0004677478 0.7350801949 0.6180477752 0.1290423101 0.0137188885
-83.6761933574 0.0008885428 0.9951314015 0.9998553850 0.0000171314 0.9987206719 0.6911016507 0.9594911178 0.3398013421 0.0011525773 0.0623305596 0.2215986564 0.0001249585 0.7943914697 0.2896761317 0.0003512818 0.0495680342 0.7018459684 0.4284486395 0.6450498432 0.3254373985 0.0001870209 1.4846208065 1.4705415062 1.5426001375 0.0001783387 11.5064702990 11.5061569830 11.5061726202 136.4161768765 0.0000745775 0.0004681090 0.7347247569 0.6181299070 0.1290425897 0.0137190547
-83.6707826798 0.0008893625 0.9951246302 0.9998551804 0.0000171441 0.9987182291 0.6909691449 0.9594683573 0.3397244118 0.0011530325 0.0623319072 0.2216253955 0.0001250245 0.7942411299 0.2895992279 0.0003515536 0.0496044999 0.7017246489 0.4281573721 0.6449948816 0.3252976976 0.0001870857 1.4845865504 1.4705066540 1.5425959410 0.0001783942 11.5064693758 11.5061559044 11.5061715448 136.4161770513 0.0000745870 0.0004684748 0.7343664574 0.6182122907 0.1290427858 0.0137192116
-83.6653101843 0.0008901923 0.9951177698 0.9998549732 0.0000171569 0.9987157581 0.6908364748 0.9594454021 0.3396469241 0.0011534931 0.0623333050 0.2216526578 0.0001250913 0.7940902086 0.2895217217 0.0003518288 0.0496414081 0.7016027265 0.4278639851 0.6449396455 0.3251568907 0.0001871508 1.4845523106 1.4704718066 1.5425917652 0.0001784499 11.5064717606 11.5061581305 11.5061737742 136.4161772046 0.0000745965 0.0004688450 0.7340053357 0.6182950960 0.1290428965 0.0137193698
-83.6597760727 0.0008910322 0.9951108202 0.9998547632 0.0000171699 0.9987132589 0.6907036494 0.9594222783 0.3395688431 0.0011539591 0.0623347409 0.2216803130 0.0001251589 0.7939387163 0.2894437318 0.0003521072 0.0496787584 0.7014802169 0.4275685181 0.6448841473 0.3250150014 0.0001872162 1.4845181511 1.4704370356 1.5425875908 0.0001785059 11.5064708795 11.5061570881 11.5061727351 136.4161773411 0.0000746060 0.0004692197 0.7336414314 0.6183781477 0.1290429308 0.0137195190
-83.6541805623 0.0008918822 0.9951037812 0.9998545505 0.0000171831 0.9987107317 0.6905706606 0.9593989643 0.3394902235 0.0011544304 0.0623362196 0.2217084117 0.0001252273 0.7937866633 0.2893652109 0.0003523890 0.0497165501 0.7013571266 0.4272710110 0.6448283851 0.3248720522 0.0001872819 1.4844840141 1.4704022756 1.5425834370 0.0001785622 11.5064730268 11.5061590711 11.5061747213 136.4161774605 0.0000746155 0.0004695988 0.7332747838 0.6184615989 0.1290428865 0.0137196689
-83.6485238783 0.0008927423 0.9950966527 0.9998543350 0.0000171964 0.9987081766 0.6904375162 0.9593754834 0.3394110352 0.0011549071 0.0623377309 0.2217368404 0.0001252964 0.7936340596 0.2892862629 0.0003526741 0.0497547827 0.7012334706 0.4269715032 0.6447723705 0.3247280664 0.0001873478 1.4844499425 1.4703675817 1.5425792834 0.0001786187 11.5064722675 11.5061581449 11.5061737983 136.4161775668 0.0000746249 0.0004699824 0.7329054325 0.6185452941 0.1290427718 0.0137198110
-83.6428062616 0.0008936125 0.9950894346 0.9998541168 0.0000172098 0.9987055936 0.6903042090 0.9593518172 0.3393313257 0.0011553891 0.0623392791 0.2217656461 0.0001253664 0.7934809150 0.2892068443 0.0003529625 0.0497934555 0.7011092558 0.4266700344 0.6447161025 0.3245830666 0.0001874141 1.4844159034 1.4703329062 1.5425751503 0.0001786755 11.5064741904 11.5061598977 11.5061755544 136.4161776596 0.0000746344 0.0004703705 0.7325334171 0.6186293647 0.1290425847 0.0137199529
-83.6370279613 0.0008944928 0.9950821268 0.9998538959 0.0000172234 0.9987029828 0.6901707459 0.9593279859 0.3392510706 0.0011558765 0.0623408550 0.2217947292 0.0001254371 0.7933272390 0.2891270468 0.0003532541 0.0498325676 0.7009844963 0.4263666442 0.6446595913 0.3244370757 0.0001874805 1.4843819200 1.4702982909 1.5425710168 0.0001787324 11.5064736061 11.5061591408 11.5061748007 136.4161777425 0.0000746439 0.0004707630 0.7321587774 0.6187136761 0.1290423325 0.0137200875
-83.6311892422 0.0008953832 0.9950747292 0.9998536723 0.0000172372 0.9987003445 0.6900371218 0.9593039751 0.3391703061 0.0011563691 0.0623424623 0.2218241274 0.0001255086 0.7931730408 0.2890468356 0.0003535491 0.0498721182 0.7008591993 0.4260613722 0.6446028369 0.3242901165 0.0001875473 1.4843479845 1.4702637097 1.5425669027 0.0001787897 11.5064753355 11.5061606947 11.5061763577 136.4161778148 0.0000746533 0.0004711599 0.7317815532 0.6187983342 0.1290420135 0.0137202202
-83.6252903786 0.0008962836 0.9950672417 0.9998534459 0.0000172511 0.9986976786 0.6899033463 0.9592798034 0.3390889963 0.0011568670 0.0623440929 0.2218537542 0.0001255808 0.7930183295 0.2889662924 0.0003538474 0.0499121065 0.7007333786 0.4257542581 0.6445458491 0.3241422118 0.0001876143 1.4843141314 1.4702292133 1.5425627887 0.0001788471 11.5064751004 11.5061602813 11.5061759476 136.4161778784 0.0000746627 0.0004715613 0.7314017846 0.6188832175 0.1290416339 0.0137203429
-83.6193316585 0.0008971941 0.9950596642 0.9998532167 0.0000172652 0.9986949853 0.6897694200 0.9592554601 0.3390071679 0.0011573702 0.0623457511 0.2218836607 0.0001256539 0.7928631139 0.2888853796 0.0003541489 0.0499525314 0.7006070449 0.4254453409 0.6444886347 0.3239933848 0.0001876815 1.4842802458 1.4701946843 1.5425586784 0.0001789047 11.5064742325 11.5061592326 11.5061749020 136.4161779298 0.0000746721 0.0004719671 0.7310195117 0.6189684025 0.1290411926 0.0137204671
-83.6133133847 0.0008981146 0.9950519967 0.9998529848 0.0000172794 0.9986922648 0.6896353315 0.9592309335 0.3389248761 0.0011578787 0.0623474417 0.2219138967 0.0001257277 0.7927074027 0.2888040483 0.0003544538 0.0499933917 0.7004802035 0.4251346604 0.6444311900 0.3238436580 0.0001877491 1.4842463158 1.4701601018 1.5425545847 0.0001789627 11.5064766608 11.5061614772 11.5061771499 136.4161779681 0.0000746816 0.0004723773 0.7306347747 0.6190539732 0.1290406872 0.0137205976
-83.6072358694 0.0008990451 0.9950442391 0.9998527501 0.0000172938 0.9986895171 0.6895010889 0.9592062510 0.3388420837 0.0011583924 0.0623491532 0.2219443359 0.0001258023 0.7925512042 0.2887224141 0.0003547619 0.0500346865 0.7003528689 0.4248222569 0.6443735255 0.3236930548 0.0001878169 1.4842124098 1.4701255506 1.5425504858 0.0001790208 11.5064756984 11.5061603286 11.5061760045 136.4161779979 0.0000746910 0.0004727919 0.7302476143 0.6191397460 0.1290401269 0.0137207229
-83.6010994425 0.0008999856 0.9950363915 0.9998525127 0.0000173083 0.9986867425 0.6893666829 0.9591813918 0.3387588451 0.0011589113 0.0623508915 0.2219750400 0.0001258777 0.7923945268 0.2886404204 0.0003550732 0.0500764142 0.7002250457 0.4245081704 0.6443156375 0.3235415973 0.0001878850 1.4841784936 1.4700909806 1.5425464041 0.0001790792 11.5064778124 11.5061622538 11.5061779328 136.4161780189 0.0000747004 0.0004732109 0.7298580709 0.6192258713 0.1290395088 0.0137208514
-83.5949044434 0.0009009361 0.9950284537 0.9998522725 0.0000173229 0.9986839409 0.6892321209 0.9591563797 0.3386751304 0.0011594353 0.0623526469 0.2220059042 0.0001259538 0.7922373784 0.2885581649 0.0003553878 0.0501185737 0.7000967472 0.4241924405 0.6442575364 0.3233893083 0.0001879533 1.4841446091 1.4700564474 1.5425423183 0.0001791378 11.5064769332 11.5061611833 11.5061768655 136.4161780347 0.0000747099 0.0004736343 0.7294661856 0.6193121908 0.1290388405 0.0137209743
-83.5886512290 0.0009018964 0.9950204258 0.9998520296 0.0000173378 0.9986811127 0.6890973944 0.9591311961 0.3385909887 0.0011599646 0.0623544252 0.2220369887 0.0001260307 0.7920797668 0.2884755930 0.0003557056 0.0501611635 0.6999679787 0.4238751070 0.6441992197 0.3232362097 0.0001880219 1.4841107268 1.4700219081 1.5425382493 0.0001791966 11.5064788195 11.5061628755 11.5061785609 136.4161780445 0.0000747193 0.0004740620 0.7290719993 0.6193988382 0.1290381195 0.0137210991
-83.5823401667 0.0009028667 0.9950123078 0.9998517838 0.0000173527 0.9986782578 0.6889625101 0.9591058626 0.3385063943 0.0011604990 0.0623562178 0.2220682018 0.0001261083 0.7919216999 0.2883927903 0.0003560267 0.0502041820 0.6998387529 0.4235562095 0.6441406969 0.3230823242 0.0001880906 1.4840768823 1.4699874117 1.5425341778 0.0001792556 11.5064781116 11.5061619711 11.5061776597 136.4161780511 0.0000747287 0.0004744941 0.7286755533 0.6194856726 0.1290373526 0.0137212180
-83.5759716412 0.0009038469 0.9950040997 0.9998515354 0.0000173679 0.9986753765 0.6888274618 0.9590803638 0.3384213859 0.0011610385 0.0623580295 0.2220995937 0.0001261867 0.7917631850 0.2883097115 0.0003563510 0.0502476276 0.6997090758 0.4232357877 0.6440819666 0.3229276736 0.0001881597 1.4840430620 1.4699529292 1.5425301228 0.0001793149 11.5064798189 11.5061634794 11.5061791710 136.4161780535 0.0000747382 0.0004749305 0.7282768892 0.6195728054 0.1290365374 0.0137213366
-83.5695460486 0.0009048369 0.9949958016 0.9998512841 0.0000173831 0.9986724690 0.6886922588 0.9590547200 0.3383359260 0.0011615831 0.0623598530 0.2221310844 0.0001262659 0.7916042296 0.2882264338 0.0003566785 0.0502914986 0.6995789600 0.4229138815 0.6440230384 0.3227722806 0.0001882289 1.4840093091 1.4699185197 1.5425260656 0.0001793743 11.5064794681 11.5061629269 11.5061786218 136.4161780533 0.0000747475 0.0004753713 0.7278760488 0.6196601081 0.1290356799 0.0137214462
-83.5630638009 0.0009058368 0.9949874135 0.9998510301 0.0000173986 0.9986695353 0.6885569011 0.9590289195 0.3382500431 0.0011621327 0.0623616935 0.2221627372 0.0001263458 0.7914448409 0.2881429093 0.0003570092 0.0503357932 0.6994484151 0.4225905302 0.6439639179 0.3226161679 0.0001882983 1.4839755045 1.4698840588 1.5425220096 0.0001794339 11.5064785090 11.5061617640 11.5061774620 136.4161780462 0.0000747570 0.0004758163 0.7274730740 0.6197476625 0.1290347781 0.0137215587
-83.5565253268 0.0009068464 0.9949789355 0.9998507734 0.0000174141 0.9986665757 0.6884213765 0.9590029510 0.3381637939 0.0011626874 0.0623635567 0.2221946113 0.0001264265 0.7912850261 0.2880590814 0.0003573430 0.0503805094 0.6993174452 0.4222657740 0.6439046005 0.3224593577 0.0001883680 1.4839416408 1.4698495319 1.5425179689 0.0001794937 11.5064809147 11.5061639632 11.5061796643 136.4161780307 0.0000747664 0.0004762657 0.7270680073 0.6198355519 0.1290338294 0.0137216785
-83.5499310664 0.0009078657 0.9949703677 0.9998505138 0.0000174298 0.9986635904 0.6882856927 0.9589768428 0.3380771416 0.0011632471 0.0623654316 0.2222265855 0.0001265078 0.7911247919 0.2879750616 0.0003576800 0.0504256452 0.6991860638 0.4219396535 0.6438450961 0.3223018732 0.0001884379 1.4839077833 1.4698150217 1.5425139198 0.0001795537 11.5064798588 11.5061626988 11.5061784030 136.4161780115 0.0000747758 0.0004767193 0.7266608913 0.6199235904 0.1290328424 0.0137217943
-83.5432814797 0.0009088948 0.9949617102 0.9998502515 0.0000174457 0.9986605794 0.6881498394 0.9589505737 0.3379901413 0.0011638117 0.0623673249 0.2222587304 0.0001265900 0.7909641454 0.2878907862 0.0003580202 0.0504711984 0.6990542746 0.4216122093 0.6437854002 0.3221437362 0.0001885081 1.4838739087 1.4697804830 1.5425098875 0.0001796140 11.5064819601 11.5061645890 11.5061802963 136.4161779877 0.0000747853 0.0004771771 0.7262517687 0.6200119300 0.1290318139 0.0137219140
-83.5365770378 0.0009099335 0.9949529632 0.9998499865 0.0000174617 0.9986575430 0.6880138237 0.9589241683 0.3379027640 0.0011643813 0.0623692274 0.2222909452 0.0001266728 0.7908030931 0.2878063495 0.0003583635 0.0505171669 0.6989220901 0.4212834817 0.6437255226 0.3219849692 0.0001885784 1.4838400497 1.4697459702 1.5425058483 0.0001796743 11.5064809883 11.5061634040 11.5061791144 136.4161779626 0.0000747947 0.0004776392 0.7258406828 0.6201004100 0.1290307513 0.0137220289
-83.5298182321 0.0009109818 0.9949441267 0.9998497187 0.0000174779 0.9986544815 0.6878776365 0.9588976077 0.3378150600 0.0011649558 0.0623711453 0.2223232983 0.0001267564 0.7906416416 0.2877216902 0.0003587099 0.0505635482 0.6987895146 0.4209535109 0.6436654599 0.3218255942 0.0001886489 1.4838061851 1.4697114423 1.5425018250 0.0001797349 11.5064828746 11.5061650746 11.5061807881 136.4161779350 0.0000748042 0.0004781055 0.7254276772 0.6201891668 0.1290296516 0.0137221465
-83.5230055658 0.0009120397 0.9949352010 0.9998494481 0.0000174942 0.9986513948 0.6877412839 0.9588709147 0.3377270030 0.0011655351 0.0623730707 0.2223557007 0.0001268407 0.7904797975 0.2876368919 0.0003590595 0.0506103399 0.6986565603 0.4206223371 0.6436052213 0.3216656335 0.0001887196 1.4837723559 1.4696769535 1.5424977986 0.0001797957 11.5064820751 11.5061640573 11.5061797739 136.4161779079 0.0000748136 0.0004785759 0.7250127956 0.6202780540 0.1290285214 0.0137222584
-83.5161395622 0.0009131071 0.9949261863 0.9998491748 0.0000175106 0.9986482834 0.6876047589 0.9588440730 0.3376386348 0.0011661193 0.0623750089 0.2223882100 0.0001269257 0.7903175671 0.2875519029 0.0003594121 0.0506575394 0.6985232321 0.4202900010 0.6435448046 0.3215051091 0.0001887905 1.4837385357 1.4696424675 1.5424937862 0.0001798566 11.5064837974 11.5061655594 11.5061812791 136.4161778796 0.0000748230 0.0004790505 0.7245960822 0.6203671902 0.1290273581 0.0137223710
-83.5092207577 0.0009141839 0.9949170826 0.9998488988 0.0000175272 0.9986451474 0.6874680708 0.9588171045 0.3375499152 0.0011667083 0.0623769527 0.2224207475 0.0001270115 0.7901549567 0.2874667996 0.0003597677 0.0507051440 0.6983895423 0.4199565432 0.6434842189 0.3213440435 0.0001888616 1.4837047874 1.4696080551 1.5424897716 0.0001799177 11.5064833607 11.5061649005 11.5061806233 136.4161778516 0.0000748324 0.0004795293 0.7241775816 0.6204564377 0.1290261673 0.0137224743
-83.5022497067 0.0009152701 0.9949078904 0.9998486200 0.0000175439 0.9986419870 0.6873312189 0.9587899969 0.3374608759 0.0011673020 0.0623789080 0.2224533843 0.0001270979 0.7899919724 0.2873815277 0.0003601264 0.0507531509 0.6982554996 0.4196220037 0.6434234695 0.3211824594 0.0001889328 1.4836709739 1.4695735804 1.5424857562 0.0001799789 11.5064823406 11.5061636560 11.5061793819 136.4161778193 0.0000748419 0.0004800121 0.7237573387 0.6205458863 0.1290249469 0.0137225813
-83.4952269828 0.0009163657 0.9948986099 0.9998483385 0.0000175608 0.9986388024 0.6871941902 0.9587627388 0.3373715747 0.0011679004 0.0623808809 0.2224861844 0.0001271851 0.7898286204 0.2872960262 0.0003604882 0.0508015571 0.6981211077 0.4192864237 0.6433625510 0.3210203793 0.0001890044 1.4836370966 1.4695390349 1.5424817556 0.0001800404 11.5064847553 11.5061658442 11.5061815732 136.4161777810 0.0000748513 0.0004804990 0.7233353987 0.6206356182 0.1290236938 0.0137226962
-83.4881531726 0.0009174705 0.9948892412 0.9998480543 0.0000175778 0.9986355939 0.6870569918 0.9587353594 0.3372819750 0.0011685034 0.0623828607 0.2225190276 0.0001272729 0.7896649068 0.2872104061 0.0003608529 0.0508503596 0.6979863795 0.4189498449 0.6433014729 0.3208578260 0.0001890760 1.4836032196 1.4695044985 1.5424777451 0.0001801019 11.5064836326 11.5061644932 11.5061802252 136.4161777412 0.0000748608 0.0004809900 0.7229118073 0.6207254447 0.1290224166 0.0137228073
-83.4810288851 0.0009185846 0.9948797848 0.9998477673 0.0000175949 0.9986323616 0.6869196127 0.9587078374 0.3371921341 0.0011691111 0.0623848544 0.2225519895 0.0001273614 0.7895008374 0.2871245992 0.0003612206 0.0508995552 0.6978513182 0.4186123087 0.6432402300 0.3206948219 0.0001891478 1.4835693182 1.4694699288 1.5424737505 0.0001801637 11.5064857498 11.5061663798 11.5061821149 136.4161776987 0.0000748702 0.0004814850 0.7224866105 0.6208155211 0.1290211119 0.0137229229
-83.4738547424 0.0009197078 0.9948702409 0.9998474777 0.0000176122 0.9986291059 0.6867820596 0.9586801984 0.3371020221 0.0011697234 0.0623868529 0.2225849692 0.0001274506 0.7893364182 0.2870386999 0.0003615912 0.0509491405 0.6977159358 0.4182738566 0.6431788318 0.3205313895 0.0001892198 1.4835354342 1.4694353841 1.5424697486 0.0001802256 11.5064847090 11.5061651066 11.5061808448 136.4161776571 0.0000748797 0.0004819839 0.7220598547 0.6209056814 0.1290197870 0.0137230337
-83.4666313891 0.0009208401 0.9948606100 0.9998471854 0.0000176296 0.9986258271 0.6866443224 0.9586524228 0.3370116926 0.0011703402 0.0623888629 0.2226180399 0.0001275405 0.7891716550 0.2869526426 0.0003619648 0.0509991121 0.6975802362 0.4179345299 0.6431172744 0.3203675508 0.0001892920 1.4835015379 1.4694008174 1.5424657618 0.0001802876 11.5064866213 11.5061667846 11.5061825258 136.4161776148 0.0000748892 0.0004824868 0.7216315868 0.6209960680 0.1290184387 0.0137231476
-83.4593594837 0.0009219813 0.9948508923 0.9998468903 0.0000176472 0.9986225252 0.6865064069 0.9586245347 0.3369211185 0.0011709614 0.0623908763 0.2226511116 0.0001276310 0.7890065536 0.2868665115 0.0003623413 0.0510494665 0.6974442312 0.4175943702 0.6430555666 0.3202033284 0.0001893642 1.4834676758 1.4693662896 1.5424617708 0.0001803498 11.5064857512 11.5061656782 11.5061814225 136.4161775746 0.0000748986 0.0004829936 0.7212018540 0.6210865286 0.1290170735 0.0137232559
-83.4520397067 0.0009231315 0.9948410883 0.9998465926 0.0000176648 0.9986192007 0.6863683051 0.9585965172 0.3368303444 0.0011715871 0.0623928988 0.2226842466 0.0001277222 0.7888411198 0.2867802511 0.0003627206 0.0511001998 0.6973079254 0.4172534191 0.6429937055 0.3200387446 0.0001894367 1.4834338193 1.4693317590 1.5424577935 0.0001804121 11.5064875130 11.5061672018 11.5061829491 136.4161775350 0.0000749081 0.0004835043 0.7207707041 0.6211771875 0.1290156885 0.0137233651
-83.4446727539 0.0009242906 0.9948311985 0.9998462923 0.0000176827 0.9986158538 0.6862300261 0.9585683938 0.3367393285 0.0011722172 0.0623949232 0.2227173639 0.0001278141 0.7886753592 0.2866939392 0.0003631028 0.0511513082 0.6971713308 0.4169117184 0.6429317003 0.3198738222 0.0001895093 1.4834000378 1.4692973042 1.5424538135 0.0001804745 11.5064870097 11.5061664585 11.5061822088 136.4161774972 0.0000749175 0.0004840188 0.7203381851 0.6212678999 0.1290142897 0.0137234648
-83.4372593413 0.0009254584 0.9948212232 0.9998459892 0.0000177006 0.9986124848 0.6860915684 0.9585401509 0.3366481063 0.0011728516 0.0623969558 0.2227505397 0.0001279066 0.7885092775 0.2866075175 0.0003634879 0.0512027877 0.6970344561 0.4165693098 0.6428695556 0.3197085842 0.0001895820 1.4833661789 1.4692627774 1.5424498311 0.0001805371 11.5064859478 11.5061651551 11.5061809084 136.4161774564 0.0000749270 0.0004845371 0.7199043456 0.6213587636 0.1290128744 0.0137235690
-83.4298002059 0.0009266348 0.9948111630 0.9998456836 0.0000177187 0.9986090940 0.6859529179 0.9585117777 0.3365567370 0.0011734902 0.0623990029 0.2227838402 0.0001279998 0.7883428804 0.2865209224 0.0003638757 0.0512546342 0.6968973044 0.4162262356 0.6428072657 0.3195430532 0.0001896549 1.4833322540 1.4692281736 1.5424458635 0.0001805998 11.5064883929 11.5061673566 11.5061831130 136.4161774108 0.0000749365 0.0004850592 0.7194692347 0.6214498599 0.1290114394 0.0137236814
-83.4222960998 0.0009278199 0.9948010183 0.9998453753 0.0000177369 0.9986056816 0.6858140812 0.9584833044 0.3364651847 0.0011741330 0.0624010536 0.2228171429 0.0001280935 0.7881761735 0.2864342667 0.0003642662 0.0513068433 0.6967598887 0.4158825390 0.6427448398 0.3193772528 0.0001897279 1.4832983248 1.4691935758 1.5424418855 0.0001806626 11.5064872209 11.5061659398 11.5061816992 136.4161773648 0.0000749459 0.0004855850 0.7190329018 0.6215409967 0.1290099936 0.0137237904
-83.4147477996 0.0009290134 0.9947907898 0.9998450644 0.0000177552 0.9986022480 0.6856750462 0.9584547087 0.3363735104 0.0011747800 0.0624031153 0.2228505258 0.0001281879 0.7880091625 0.2863474795 0.0003646595 0.0513594107 0.6966222118 0.4155382630 0.6426822720 0.3192112055 0.0001898011 1.4832643603 1.4691589337 1.5424379224 0.0001807256 11.5064893745 11.5061678467 11.5061836090 136.4161773172 0.0000749554 0.0004861145 0.7185953970 0.6216323354 0.1290085331 0.0137239047
-83.4071560970 0.0009302153 0.9947804780 0.9998447510 0.0000177736 0.9985987935 0.6855358190 0.9584260177 0.3362816841 0.0011754310 0.0624051785 0.2228838857 0.0001282829 0.7878418530 0.2862606571 0.0003650555 0.0514123316 0.6964842859 0.4151934505 0.6426195718 0.3190449343 0.0001898744 1.4832304110 1.4691243117 1.5424339522 0.0001807887 11.5064882790 11.5061665031 11.5061822685 136.4161772714 0.0000749649 0.0004866476 0.7181567706 0.6217237042 0.1290070656 0.0137240146
-83.3995218080 0.0009314255 0.9947700836 0.9998444349 0.0000177922 0.9985953184 0.6853963882 0.9583972108 0.3361897642 0.0011760861 0.0624072502 0.2229172983 0.0001283786 0.7876742505 0.2861737311 0.0003654541 0.0514656014 0.6963461145 0.4148481444 0.6425567345 0.3188784616 0.0001899478 1.4831964336 1.4690896542 1.5424299961 0.0001808519 11.5064902316 11.5061682060 11.5061839744 136.4161772257 0.0000749744 0.0004871843 0.7177170736 0.6218152536 0.1290055875 0.0137241290
-83.3918457646 0.0009326439 0.9947596071 0.9998441163 0.0000178109 0.9985918231 0.6852567587 0.9583683132 0.3360977251 0.0011767451 0.0624093222 0.2229506720 0.0001284748 0.7875063607 0.2860867871 0.0003658553 0.0515192152 0.6962077096 0.4145023878 0.6424937689 0.3187118107 0.0001900213 1.4831624805 1.4690550227 1.5424260353 0.0001809152 11.5064892878 11.5061670111 11.5061827825 136.4161771830 0.0000749839 0.0004877245 0.7172763575 0.6219068259 0.1290041057 0.0137242387
-83.3841288228 0.0009338704 0.9947490492 0.9998437952 0.0000178297 0.9985883079 0.6851169200 0.9583393065 0.3360056213 0.0011774080 0.0624114008 0.2229840748 0.0001285716 0.7873381893 0.2859997639 0.0003662591 0.0515731678 0.6960690755 0.4141562241 0.6424306715 0.3185450042 0.0001900950 1.4831285052 1.4690203625 1.5424220873 0.0001809786 11.5064910495 11.5061685201 11.5061842945 136.4161771419 0.0000749934 0.0004882682 0.7168346741 0.6219985564 0.1290026170 0.0137243520
-83.3763718554 0.0009351048 0.9947384107 0.9998434715 0.0000178487 0.9985847732 0.6849768761 0.9583102140 0.3359134304 0.0011780747 0.0624134785 0.2230174241 0.0001286689 0.7871697420 0.2859127382 0.0003666655 0.0516274540 0.6959302238 0.4138096968 0.6423674501 0.3183780654 0.0001901687 1.4830945692 1.4689857401 1.5424181379 0.0001810421 11.5064903069 11.5061675237 11.5061833011 136.4161771048 0.0000750029 0.0004888153 0.7163920759 0.6220903016 0.1290011277 0.0137244600
-83.3685757591 0.0009363471 0.9947276923 0.9998431453 0.0000178677 0.9985812193 0.6848366184 0.9582810202 0.3358211986 0.0011787451 0.0624155605 0.2230507744 0.0001287669 0.7870010244 0.2858256610 0.0003670744 0.0516820685 0.6957911595 0.4134628497 0.6423041021 0.3182110174 0.0001902425 1.4830606264 1.4689511047 1.5424141998 0.0001811057 11.5064919068 11.5061688681 11.5061846485 136.4161770705 0.0000750124 0.0004893658 0.7159486159 0.6221821776 0.1289996353 0.0137245697
-83.3607414484 0.0009375971 0.9947168947 0.9998428167 0.0000178869 0.9985776466 0.6846961535 0.9582517473 0.3357288920 0.0011794192 0.0624176401 0.2230840522 0.0001288654 0.7868320424 0.2857386024 0.0003674857 0.0517370057 0.6956518943 0.4131157271 0.6422406355 0.3180438836 0.0001903164 1.4830267536 1.4689165368 1.5424102611 0.0001811693 11.5064915379 11.5061682427 11.5061840260 136.4161770400 0.0000750219 0.0004899197 0.7155043476 0.6222740520 0.1289981451 0.0137246711
-83.3528698598 0.0009388547 0.9947060189 0.9998424857 0.0000179061 0.9985740555 0.6845554787 0.9582223841 0.3356365467 0.0011800969 0.0624197226 0.2231173217 0.0001289644 0.7866628018 0.2856515130 0.0003678995 0.0517922599 0.6955124372 0.4127683725 0.6421770547 0.3178766880 0.0001903904 1.4829928118 1.4688819007 1.5424063214 0.0001812331 11.5064905511 11.5061669983 11.5061827846 136.4161770091 0.0000750314 0.0004904768 0.7150593250 0.6223660093 0.1289966551 0.0137247767
-83.3449619528 0.0009401198 0.9946950655 0.9998421522 0.0000179255 0.9985704463 0.6844145791 0.9581929201 0.3355442243 0.0011807782 0.0624218140 0.2231506436 0.0001290640 0.7864933084 0.2855643339 0.0003683156 0.0518478252 0.6953727918 0.4124208306 0.6421133539 0.3177094538 0.0001904646 1.4829588019 1.4688471864 1.5424023959 0.0001812970 11.5064928872 11.5061690753 11.5061848646 136.4161769763 0.0000750409 0.0004910371 0.7146136028 0.6224581306 0.1289951626 0.0137248905
-83.3370187043 0.0009413923 0.9946840357 0.9998418163 0.0000179450 0.9985668195 0.6842734594 0.9581633850 0.3354518946 0.0011814628 0.0624239036 0.2231838989 0.0001291641 0.7863235682 0.2854771732 0.0003687341 0.0519036954 0.6952329711 0.4120731469 0.6420495417 0.3175422055 0.0001905388 1.4829247989 1.4688124826 1.5423984636 0.0001813609 11.5064918257 11.5061677540 11.5061835463 136.4161769460 0.0000750505 0.0004916006 0.7141672359 0.6225502304 0.1289936759 0.0137250010
-83.3290411171 0.0009426719 0.9946729301 0.9998414780 0.0000179646 0.9985631755 0.6841321065 0.9581337578 0.3353596216 0.0011821509 0.0624259981 0.2232171570 0.0001292647 0.7861535873 0.2853899670 0.0003691548 0.0519598645 0.6950929783 0.4117253667 0.6419856125 0.3173749664 0.0001906131 1.4828907573 1.4687777300 1.5423945453 0.0001814249 11.5064938736 11.5061695408 11.5061853360 136.4161769172 0.0000750600 0.0004921671 0.7137202801 0.6226424640 0.1289921918 0.0137251170
-83.3210302113 0.0009439586 0.9946617499 0.9998411374 0.0000179843 0.9985595147 0.6839905242 0.9581040653 0.3352673814 0.0011828422 0.0624280884 0.2232503169 0.0001293658 0.7859833718 0.2853028079 0.0003695778 0.0520163259 0.6949528260 0.4113775353 0.6419215749 0.3172077605 0.0001906874 1.4828567436 1.4687430042 1.5423906239 0.0001814890 11.5064929146 11.5061683200 11.5061841182 136.4161768933 0.0000750695 0.0004927367 0.7132727917 0.6227346657 0.1289907176 0.0137252286
-83.3129870324 0.0009452523 0.9946504961 0.9998407945 0.0000180041 0.9985558375 0.6838487001 0.9580742882 0.3351752355 0.0011835367 0.0624301804 0.2232834431 0.0001294673 0.7858129278 0.2852156364 0.0003700030 0.0520730731 0.6948125183 0.4110296979 0.6418574245 0.3170406112 0.0001907619 1.4828227033 1.4687082424 1.5423867164 0.0001815532 11.5064947605 11.5061699029 11.5061857041 136.4161768733 0.0000750791 0.0004933092 0.7128248273 0.6228269778 0.1289892504 0.0137253444
-83.3049126441 0.0009465527 0.9946391696 0.9998404493 0.0000180240 0.9985521445 0.6837066371 0.9580444511 0.3350831646 0.0011842343 0.0624322660 0.2233164443 0.0001295694 0.7856422616 0.2851285357 0.0003704303 0.0521300993 0.6946720674 0.4106819002 0.6417931693 0.3168735424 0.0001908364 1.4827887027 1.4686735154 1.5423828084 0.0001816174 11.5064939912 11.5061688700 11.5061846741 136.4161768601 0.0000750886 0.0004938847 0.7123764444 0.6229192508 0.1289877968 0.0137254553
-83.2968081351 0.0009478597 0.9946277716 0.9998401019 0.0000180440 0.9985484359 0.6835643247 0.9580145384 0.3349912213 0.0011849349 0.0624343502 0.2233493716 0.0001296719 0.7854713798 0.2850414578 0.0003708597 0.0521873975 0.6945314786 0.4103341882 0.6417288062 0.3167065781 0.0001909110 1.4827547007 1.4686387765 1.5423789149 0.0001816817 11.5064956853 11.5061702993 11.5061861064 136.4161768524 0.0000750982 0.0004944629 0.7119277008 0.6230116049 0.1289863544 0.0137255681
-83.2886746128 0.0009491733 0.9946163032 0.9998397522 0.0000180641 0.9985447124 0.6834217682 0.9579845729 0.3348993758 0.0011856384 0.0624364254 0.2233821417 0.0001297749 0.7853002889 0.2849544804 0.0003712912 0.0522449606 0.6943907643 0.4099866078 0.6416643431 0.3165397424 0.0001909855 1.4827207690 1.4686041013 1.5423750219 0.0001817459 11.5064952928 11.5061696416 11.5061854516 136.4161768519 0.0000751077 0.0004950439 0.7114786552 0.6231039037 0.1289849290 0.0137256729
-83.2805132079 0.0009504931 0.9946047656 0.9998394004 0.0000180843 0.9985409744 0.6832789633 0.9579545432 0.3348076709 0.0011863448 0.0624384968 0.2234148161 0.0001298783 0.7851289955 0.2848675551 0.0003717246 0.0523027813 0.6942499340 0.4096392050 0.6415997845 0.3163730601 0.0001910602 1.4826867687 1.4685693540 1.5423711303 0.0001818103 11.5064943104 11.5061683933 11.5061842062 136.4161768544 0.0000751172 0.0004956276 0.7110293665 0.6231962363 0.1289835187 0.0137257825
-83.2723250750 0.0009518190 0.9945931600 0.9998390464 0.0000181045 0.9985372223 0.6831358929 0.9579244385 0.3347161766 0.0011870539 0.0624405698 0.2234474494 0.0001299821 0.7849575066 0.2847806259 0.0003721600 0.0523608521 0.6941089916 0.4092920267 0.6415351241 0.3162065555 0.0001911350 1.4826526960 1.4685345210 1.5423672552 0.0001818748 11.5064967322 11.5061705484 11.5061863643 136.4161768587 0.0000751268 0.0004962139 0.7105798945 0.6232886865 0.1289821210 0.0137259013
-83.2641113867 0.0009531510 0.9945814877 0.9998386903 0.0000181249 0.9985334566 0.6829925599 0.9578942898 0.3346248680 0.0011877656 0.0624426330 0.2234799117 0.0001300864 0.7847858291 0.2846938092 0.0003725972 0.0524191653 0.6939679510 0.4089451204 0.6414703705 0.3160402539 0.0001912097 1.4826186319 1.4684996934 1.5423633758 0.0001819392 11.5064956693 11.5061692185 11.5061850374 136.4161768696 0.0000751364 0.0004968027 0.7101302995 0.6233810639 0.1289807447 0.0137260172
-83.2558733427 0.0009544887 0.9945697499 0.9998383321 0.0000181453 0.9985296780 0.6828489492 0.9578640751 0.3345338186 0.0011884799 0.0624446923 0.2235122659 0.0001301910 0.7846139703 0.2846070443 0.0003730362 0.0524777129 0.6938268162 0.4085985338 0.6414055177 0.3158741794 0.0001912846 1.4825845243 1.4684648100 1.5423595128 0.0001820038 11.5064978121 11.5061710937 11.5061869155 136.4161768867 0.0000751460 0.0004973940 0.7096806422 0.6234735295 0.1289793869 0.0137261397
-83.2476121604 0.0009558320 0.9945579481 0.9998379720 0.0000181658 0.9985258868 0.6827050626 0.9578338225 0.3344430111 0.0011891966 0.0624467377 0.2235443984 0.0001302960 0.7844419374 0.2845204330 0.0003734770 0.0525364870 0.6936856004 0.4082523144 0.6413405744 0.3157083571 0.0001913594 1.4825504455 1.4684299479 1.5423556498 0.0001820683 11.5064968517 11.5061698655 11.5061856902 136.4161769141 0.0000751556 0.0004979876 0.7092309843 0.6235659127 0.1289780556 0.0137262583
-83.2393290835 0.0009571808 0.9945460836 0.9998376098 0.0000181864 0.9985220837 0.6825608855 0.9578035118 0.3343525176 0.0011899157 0.0624487746 0.2235763660 0.0001304014 0.7842697381 0.2844339198 0.0003739195 0.0525954793 0.6935443084 0.4079065099 0.6412755359 0.3155428113 0.0001914343 1.4825163322 1.4683950382 1.5423518030 0.0001821330 11.5064988078 11.5061715531 11.5061873808 136.4161769509 0.0000751652 0.0004985836 0.7087813877 0.6236583633 0.1289767481 0.0137263826
-83.2310253741 0.0009585348 0.9945341580 0.9998372457 0.0000182071 0.9985182691 0.6824164186 0.9577731686 0.3342623267 0.0011906369 0.0624507936 0.2236080627 0.0001305071 0.7840973802 0.2843475985 0.0003743636 0.0526546812 0.6934029536 0.4075611682 0.6412104105 0.3153775672 0.0001915092 1.4824822551 1.4683601561 1.5423479587 0.0001821976 11.5064980402 11.5061705171 11.5061863477 136.4161770008 0.0000751748 0.0004991817 0.7083319152 0.6237507260 0.1289754716 0.0137265028
-83.2227023201 0.0009598939 0.9945221726 0.9998368797 0.0000182279 0.9985144436 0.6822716488 0.9577427764 0.3341725025 0.0011913603 0.0624527989 0.2236395303 0.0001306131 0.7839248716 0.2842614268 0.0003748093 0.0527140842 0.6932615418 0.4072163376 0.6411451946 0.3152126495 0.0001915842 1.4824481697 1.4683252482 1.5423441323 0.0001822622 11.5064998647 11.5061720727 11.5061879063 136.4161770632 0.0000751844 0.0004997819 0.7078826300 0.6238431284 0.1289742243 0.0137266263
-83.2143612282 0.0009612578 0.9945101290 0.9998365119 0.0000182487 0.9985106079 0.6821265796 0.9577123591 0.3340830241 0.0011920857 0.0624547816 0.2236706681 0.0001307195 0.7837522206 0.2841754945 0.0003752565 0.0527736794 0.6931200868 0.4068720667 0.6410798966 0.3150480836 0.0001916591 1.4824141436 1.4682903915 1.5423403082 0.0001823269 11.5064994854 11.5061714245 11.5061872611 136.4161771403 0.0000751940 0.0005003842 0.7074335961 0.6239354295 0.1289730127 0.0137267433
-83.2060034289 0.0009626264 0.9944980289 0.9998361422 0.0000182695 0.9985067623 0.6819812040 0.9576819041 0.3339939475 0.0011928130 0.0624567460 0.2237015274 0.0001308262 0.7835794357 0.2840897597 0.0003757051 0.0528334576 0.6929785990 0.4065284037 0.6410145209 0.3148838954 0.0001917341 1.4823800308 1.4682554408 1.5423364884 0.0001823915 11.5064985485 11.5061702187 11.5061860583 136.4161772287 0.0000752037 0.0005009884 0.7069848780 0.6240277257 0.1289718354 0.0137268671
-83.1976302769 0.0009639994 0.9944858739 0.9998357709 0.0000182905 0.9985029077 0.6818355017 0.9576514002 0.3339053569 0.0011935421 0.0624586963 0.2237321482 0.0001309331 0.7834065257 0.2840041756 0.0003761551 0.0528934098 0.6928370836 0.4061853981 0.6409490611 0.3147201104 0.0001918091 1.4823458197 1.4682203758 1.5423326869 0.0001824563 11.5065011024 11.5061725037 11.5061883462 136.4161773276 0.0000752133 0.0005015944 0.7065365410 0.6241201051 0.1289706906 0.0137270028
-83.1892431449 0.0009653766 0.9944736656 0.9998353978 0.0000183115 0.9984990445 0.6816894733 0.9576208789 0.3338172399 0.0011942728 0.0624606195 0.2237623804 0.0001310403 0.7832334998 0.2839188729 0.0003766063 0.0529535264 0.6926955557 0.4058430999 0.6408835262 0.3145567550 0.0001918842 1.4823115873 1.4681852876 1.5423288825 0.0001825210 11.5065000869 11.5061712196 11.5061870651 136.4161774431 0.0000752230 0.0005022022 0.7060886508 0.6242123751 0.1289695881 0.0137271384
-83.1808434331 0.0009667579 0.9944614059 0.9998350230 0.0000183325 0.9984951734 0.6815431001 0.9575903169 0.3337296864 0.0011950051 0.0624625202 0.2237922704 0.0001311478 0.7830603672 0.2838338016 0.0003770588 0.0530137977 0.6925540204 0.4055015594 0.6408179100 0.3143938547 0.0001919593 1.4822772723 1.4681501031 1.5423250958 0.0001825858 11.5065023797 11.5061732439 11.5061890923 136.4161775755 0.0000752327 0.0005028117 0.7056412739 0.6243047052 0.1289685258 0.0137272841
-83.1724325594 0.0009681429 0.9944490965 0.9998346467 0.0000183536 0.9984912950 0.6813963813 0.9575597426 0.3336426942 0.0011957388 0.0624643864 0.2238216814 0.0001312555 0.7828871377 0.2837490800 0.0003775124 0.0530742140 0.6924124925 0.4051608268 0.6407522217 0.3142314357 0.0001920343 1.4822429360 1.4681148938 1.5423213086 0.0001826506 11.5065014744 11.5061720705 11.5061879219 136.4161777298 0.0000752425 0.0005034227 0.7051944774 0.6243969243 0.1289675128 0.0137274301
-83.1640119680 0.0009695315 0.9944367394 0.9998342689 0.0000183748 0.9984874099 0.6812492985 0.9575291341 0.3335563550 0.0011964738 0.0624662220 0.2238506515 0.0001313634 0.7827138214 0.2836646649 0.0003779671 0.0531347651 0.6922709782 0.4048209524 0.6406864567 0.3140695237 0.0001921094 1.4822085026 1.4680795795 1.5423175371 0.0001827154 11.5065036011 11.5061739293 11.5061897837 136.4161779064 0.0000752522 0.0005040351 0.7047483291 0.6244891919 0.1289665472 0.0137275869
-83.1555831219 0.0009709234 0.9944243363 0.9998338895 0.0000183960 0.9984835188 0.6811018491 0.9574985171 0.3334706759 0.0011972099 0.0624680155 0.2238790491 0.0001314715 0.7825404286 0.2835806685 0.0003784228 0.0531954409 0.6921294926 0.4044819868 0.6406206237 0.3139081452 0.0001921845 1.4821740264 1.4680442211 1.5423137648 0.0001827802 11.5065028864 11.5061729474 11.5061888048 136.4161781102 0.0000752620 0.0005046489 0.7043028973 0.6245813539 0.1289656380 0.0137277458
-83.1471475097 0.0009723184 0.9944118893 0.9998335088 0.0000184172 0.9984796224 0.6809540147 0.9574678721 0.3333857491 0.0011979472 0.0624697695 0.2239068971 0.0001315798 0.7823669704 0.2834970602 0.0003788794 0.0532562307 0.6919880430 0.4041439812 0.6405547192 0.3137473264 0.0001922596 1.4821394300 1.4680087414 1.5423100052 0.0001828451 11.5065048622 11.5061746564 11.5061905168 136.4161783421 0.0000752718 0.0005052640 0.7038582512 0.6246735544 0.1289647842 0.0137279165
-83.1387066391 0.0009737162 0.9943994004 0.9998331267 0.0000184385 0.9984757213 0.6808057910 0.9574372216 0.3333015918 0.0011986853 0.0624714728 0.2239340655 0.0001316882 0.7821934580 0.2834139488 0.0003793368 0.0533171240 0.6918466446 0.4038069868 0.6404887516 0.3135870942 0.0001923347 1.4821047578 1.4679731916 1.5423062431 0.0001829099 11.5065043943 11.5061739225 11.5061897859 136.4161786071 0.0000752817 0.0005058801 0.7034144604 0.6247656592 0.1289639942 0.0137280915
-83.1302620434 0.0009751167 0.9943868717 0.9998327433 0.0000184598 0.9984718162 0.6806571611 0.9574065495 0.3332182924 0.0011994242 0.0624731260 0.2239605556 0.0001317968 0.7820199030 0.2833313217 0.0003797950 0.0533781099 0.6917053061 0.4034710554 0.6404227187 0.3134274752 0.0001924099 1.4820699399 1.4679375035 1.5423024891 0.0001829748 11.5065062563 11.5061755191 11.5061913856 136.4161789067 0.0000752916 0.0005064973 0.7029715956 0.6248577918 0.1289632683 0.0137282790
-83.1218152751 0.0009765195 0.9943743053 0.9998323587 0.0000184811 0.9984679078 0.6805081222 0.9573758759 0.3331358649 0.0012001637 0.0624747179 0.2239862376 0.0001319055 0.7818463177 0.2832492875 0.0003802539 0.0534391772 0.6915640433 0.4031362392 0.6403566289 0.3132684969 0.0001924850 1.4820350121 1.4679017263 1.5422987267 0.0001830397 11.5065062151 11.5061752135 11.5061910830 136.4161792450 0.0000753015 0.0005071154 0.7025297278 0.6249498356 0.1289626146 0.0137284717
-83.1133679106 0.0009779244 0.9943617034 0.9998319729 0.0000185025 0.9984639969 0.6803586626 0.9573451880 0.3330543945 0.0012009038 0.0624762488 0.2240111127 0.0001320143 0.7816727149 0.2831678407 0.0003807133 0.0535003148 0.6914228694 0.4028025903 0.6402904876 0.3131101869 0.0001925602 1.4819998023 1.4678656981 1.5422949520 0.0001831046 11.5065055784 11.5061743137 11.5061901862 136.4161796212 0.0000753115 0.0005077343 0.7020889289 0.6250418867 0.1289620343 0.0137286838
-83.1049215509 0.0009793311 0.9943490683 0.9998315861 0.0000185239 0.9984600841 0.6802087574 0.9573144725 0.3329739974 0.0012016442 0.0624777188 0.2240351741 0.0001321231 0.7814991079 0.2830869691 0.0003811733 0.0535615109 0.6912817927 0.4024701616 0.6402242900 0.3129525730 0.0001926355 1.4819642592 1.4678293715 1.5422911742 0.0001831696 11.5065082777 11.5061767506 11.5061926262 136.4161800375 0.0000753216 0.0005083539 0.7016492716 0.6251340435 0.1289615281 0.0137289224
-83.0964778159 0.0009807394 0.9943364023 0.9998311982 0.0000185453 0.9984561703 0.6800584009 0.9572837564 0.3328947020 0.0012023849 0.0624791115 0.2240582297 0.0001322320 0.7813255104 0.2830068322 0.0003816336 0.0536227540 0.6911408311 0.4021390071 0.6401580461 0.3127956836 0.0001927108 1.4819284013 1.4677927918 1.5422873657 0.0001832346 11.5065076423 11.5061758546 11.5061917332 136.4161805021 0.0000753318 0.0005089741 0.7012108291 0.6252261408 0.1289611082 0.0137291791
-83.0880383534 0.0009821489 0.9943237078 0.9998308094 0.0000185667 0.9984522561 0.6799075696 0.9572530152 0.3328166350 0.0012031256 0.0624804267 0.2240802694 0.0001323410 0.7811519371 0.2829274221 0.0003820943 0.0536840320 0.6909999936 0.4018091811 0.6400917517 0.3126395465 0.0001927862 1.4818921212 1.4677558536 1.5422835404 0.0001832997 11.5065101352 11.5061780881 11.5061939698 136.4161810186 0.0000753421 0.0005095947 0.7007736755 0.6253183540 0.1289607755 0.0137294662
-83.0796048303 0.0009835594 0.9943109871 0.9998304197 0.0000185881 0.9984483424 0.6797562560 0.9572222711 0.3327398423 0.0012038662 0.0624816483 0.2241011057 0.0001324499 0.7809784030 0.2828488925 0.0003825552 0.0537453328 0.6908592984 0.4014807378 0.6400254175 0.3124841903 0.0001928617 1.4818553954 1.4677185663 1.5422796699 0.0001833648 11.5065096933 11.5061773886 11.5061932734 136.4161815952 0.0000753525 0.0005102156 0.7003378858 0.6254105471 0.1289605418 0.0137297789
-83.0711789412 0.0009849707 0.9942982428 0.9998300292 0.0000186096 0.9984444298 0.6796044363 0.9571915000 0.3326644582 0.0012046067 0.0624827744 0.2241207091 0.0001325589 0.7808049240 0.2827712510 0.0003830163 0.0538066440 0.6907187559 0.4011537316 0.6399590413 0.3123296433 0.0001929373 1.4818180843 1.4676808049 1.5422757609 0.0001834301 11.5065120855 11.5061795248 11.5061954128 136.4161822359 0.0000753631 0.0005108367 0.6999035355 0.6255028899 0.1289604091 0.0137301306
-83.0627624014 0.0009863824 0.9942854776 0.9998296380 0.0000186310 0.9984405193 0.6794521015 0.9571607203 0.3325905448 0.0012053468 0.0624837885 0.2241388868 0.0001326678 0.7806315167 0.2826946538 0.0003834774 0.0538679529 0.6905783853 0.4008282176 0.6398926339 0.3121759345 0.0001930129 1.4817801360 1.4676425534 1.5422717844 0.0001834954 11.5065119460 11.5061791313 11.5061950225 136.4161829496 0.0000753738 0.0005114579 0.6994707013 0.6255952713 0.1289603897 0.0137305186
-83.0543569543 0.0009877942 0.9942726939 0.9998292462 0.0000186524 0.9984366116 0.6792992286 0.9571299088 0.3325182413 0.0012060863 0.0624846862 0.2241555789 0.0001327767 0.7804581985 0.2826191332 0.0003839384 0.0539292467 0.6904381993 0.4005042514 0.6398261952 0.3120230929 0.0001930888 1.4817413776 1.4676036683 1.5422677385 0.0001835609 11.5065143118 11.5061812454 11.5061971397 136.4161837413 0.0000753846 0.0005120790 0.6990394604 0.6256878524 0.1289604870 0.0137309569
-83.0459643657 0.0009892059 0.9942598945 0.9998288538 0.0000186738 0.9984327076 0.6791458106 0.9570990805 0.3324476120 0.0012068252 0.0624854499 0.2241705822 0.0001328855 0.7802849878 0.2825448540 0.0003843993 0.0539905122 0.6902982184 0.4001818892 0.6397597370 0.3118711484 0.0001931648 1.4817017280 1.4675641161 1.5422635898 0.0001836265 11.5065146895 11.5061813737 11.5061972713 136.4161846195 0.0000753957 0.0005126999 0.6986098911 0.6257805453 0.1289607135 0.0137314441
-83.0375864294 0.0009906170 0.9942470823 0.9998284610 0.0000186952 0.9984288081 0.6789918303 0.9570682133 0.3323788026 0.0012075632 0.0624860737 0.2241838273 0.0001329942 0.7801119037 0.2824718639 0.0003848599 0.0540517361 0.6901584607 0.3998611870 0.6396932678 0.3117201315 0.0001932410 1.4816608567 1.4675236223 1.5422593146 0.0001836923 11.5065145554 11.5061809931 11.5061968940 136.4161855877 0.0000754071 0.0005133205 0.6981820726 0.6258734977 0.1289610744 0.0137320030
-83.0292249682 0.0009920274 0.9942342599 0.9998280678 0.0000187166 0.9984249139 0.6788372574 0.9570372851 0.3323119919 0.0012083002 0.0624865512 0.2241952270 0.0001331027 0.7799389665 0.2824002118 0.0003853202 0.0541129049 0.6900189400 0.3995422024 0.6396267865 0.3115700725 0.0001933177 1.4816185588 1.4674820280 1.5422549019 0.0001837585 11.5065179072 11.5061841012 11.5062000055 136.4161866530 0.0000754188 0.0005139406 0.6977560850 0.6259668558 0.1289615751 0.0137326493
-83.0208818303 0.0009934366 0.9942214304 0.9998276743 0.0000187380 0.9984210259 0.6786820822 0.9570063134 0.3322472747 0.0012090361 0.0624868578 0.2242044970 0.0001332112 0.7797661975 0.2823301290 0.0003857800 0.0541740045 0.6898796806 0.3992249941 0.6395603074 0.3114210032 0.0001933946 1.4815746571 1.4674392410 1.5422502973 0.0001838248 11.5065178953 11.5061838491 11.5061997568 136.4161878294 0.0000754308 0.0005145601 0.6973320096 0.6260605075 0.1289622331 0.0137333846
-83.0125588984 0.0009948444 0.9942085968 0.9998272806 0.0000187593 0.9984171451 0.6785262763 0.9569752610 0.3321848513 0.0012097706 0.0624869852 0.2242115323 0.0001333194 0.7795936192 0.2822616810 0.0003862392 0.0542350208 0.6897406976 0.3989096212 0.6394938312 0.3112729547 0.0001934719 1.4815288237 1.4673950007 1.5422454858 0.0001838916 11.5065211963 11.5061869135 11.5062028246 136.4161891266 0.0000754433 0.0005151788 0.6969099286 0.6261546979 0.1289630549 0.0137342335
-83.0042580835 0.0009962505 0.9941957621 0.9998268868 0.0000187806 0.9984132723 0.6783698296 0.9569441381 0.3321248426 0.0012105036 0.0624869077 0.2242160364 0.0001334274 0.7794212553 0.2821951079 0.0003866978 0.0542959393 0.6896020171 0.3985961432 0.6394273743 0.3111259592 0.0001935497 1.4814807928 1.4673491449 1.5422404062 0.0001839587 11.5065215431 11.5061870279 11.5062029426 136.4161905596 0.0000754563 0.0005157966 0.6964899254 0.6262493578 0.1289640586 0.0137352038
-82.9959813345 0.0009976543 0.9941829295 0.9998264930 0.0000188019 0.9984094084 0.6782127155 0.9569129044 0.3320674668 0.0012112349 0.0624866138 0.2242178672 0.0001335352 0.7792491308 0.2821305067 0.0003871556 0.0543567454 0.6894636574 0.3982846202 0.6393609407 0.3109800488 0.0001936282 1.4814301328 1.4673013426 1.5422350271 0.0001840264 11.5065249469 11.5061902037 11.5062061220 136.4161921402 0.0000754698 0.0005164134 0.6960720845 0.6263447474 0.1289652530 0.0137363249
-82.9877306331 0.0009990557 0.9941701023 0.9998260994 0.0000188231 0.9984055545 0.6780549244 0.9568815623 0.3320128706 0.0012119644 0.0624860753 0.2242167016 0.0001336428 0.7790772723 0.2820681389 0.0003876125 0.0544174238 0.6893256471 0.3979751134 0.6392945490 0.3108352568 0.0001937072 1.4813764697 1.4672513542 1.5422292763 0.0001840946 11.5065258126 11.5061908464 11.5062067684 136.4161938853 0.0000754839 0.0005170290 0.6956564920 0.6264408441 0.1289666577 0.0137376114
-82.9795080043 0.0010004543 0.9941572838 0.9998257059 0.0000188443 0.9984017114 0.6778964341 0.9568500700 0.3319612823 0.0012126918 0.0624852760 0.2242123447 0.0001337501 0.7789057079 0.2820081465 0.0003880683 0.0544779591 0.6891880089 0.3976676847 0.6392282075 0.3106916169 0.0001937871 1.4813192894 1.4671987950 1.5422231084 0.0001841635 11.5065294531 11.5061942694 11.5062101952 136.4161958094 0.0000754988 0.0005176432 0.6952432350 0.6265379151 0.1289682840 0.0137390962
-82.9713155120 0.0010018497 0.9941444775 0.9998253127 0.0000188654 0.9983978801 0.6777372417 0.9568184222 0.3319128569 0.0012134170 0.0624841845 0.2242044372 0.0001338571 0.7787344674 0.2819508240 0.0003885230 0.0545383355 0.6890507751 0.3973623974 0.6391619380 0.3105491640 0.0001938679 1.4812580994 1.4671433472 1.5422164353 0.0001842332 11.5065311205 11.5061957254 11.5062116552 136.4161979316 0.0000755146 0.0005182558 0.6948324023 0.6266359855 0.1289701535 0.0137408003
-82.9631552681 0.0010032414 0.9941316869 0.9998249199 0.0000188864 0.9983940616 0.6775773367 0.9567865740 0.3318678315 0.0012141397 0.0624827803 0.2241927483 0.0001339637 0.7785635825 0.2818963542 0.0003889765 0.0545985368 0.6889139765 0.3970593151 0.6390957604 0.3104079340 0.0001939497 1.4811921469 1.4670844388 1.5422091811 0.0001843038 11.5065324747 11.5061968751 11.5062128091 136.4162002667 0.0000755313 0.0005188668 0.6944240843 0.6267353314 0.1289722806 0.0137427705
-82.9550294371 0.0010046292 0.9941189157 0.9998245277 0.0000189074 0.9983902571 0.6774166998 0.9567544788 0.3318264765 0.0012148599 0.0624810407 0.2241770102 0.0001340700 0.7783930869 0.2818449396 0.0003894286 0.0546585462 0.6887776413 0.3967585034 0.6390296866 0.3102679636 0.0001940329 1.4811207456 1.4670215788 1.5422012743 0.0001843755 11.5065375930 11.5062017962 11.5062177345 136.4162028350 0.0000755492 0.0005194759 0.6940183731 0.6268362400 0.1289746810 0.0137450494
-82.9469402349 0.0010060126 0.9941061677 0.9998241362 0.0000189284 0.9983864674 0.6772553381 0.9567221296 0.3317889678 0.0012155772 0.0624789225 0.2241567352 0.0001341758 0.7782230165 0.2817969881 0.0003898791 0.0547183466 0.6886418102 0.3964600301 0.6389637463 0.3101292909 0.0001941174 1.4810432295 1.4669543379 1.5421926003 0.0001844483 11.5065394582 11.5062034729 11.5062194156 136.4162056656 0.0000755684 0.0005200830 0.6936153626 0.6269387376 0.1289773836 0.0137476670
-82.9388899426 0.0010073912 0.9940934468 0.9998237454 0.0000189492 0.9983826937 0.6770932471 0.9566894623 0.3317555784 0.0012162914 0.0624763974 0.2241316022 0.0001342813 0.7780534094 0.2817527561 0.0003903280 0.0547779203 0.6885065168 0.3961639640 0.6388979576 0.3099919546 0.0001942036 1.4809587514 1.4668820974 1.5421830841 0.0001845226 11.5065449767 11.5062088116 11.5062247590 136.4162087848 0.0000755890 0.0005206879 0.6932151488 0.6270432260 0.1289804068 0.0137506784
-82.9308809038 0.0010087646 0.9940807570 0.9998233555 0.0000189699 0.9983789371 0.6769304499 0.9566564610 0.3317264808 0.0012170025 0.0624734171 0.2241010721 0.0001343863 0.7778843065 0.2817127037 0.0003907751 0.0548372492 0.6883718082 0.3958703751 0.6388323576 0.3098559948 0.0001942916 1.4808665102 1.4668043304 1.5421726032 0.0001845984 11.5065476891 11.5062113546 11.5062273069 136.4162122272 0.0000756112 0.0005212903 0.6928178298 0.6271497879 0.1289837819 0.0137541238
-82.9229155389 0.0010101324 0.9940681027 0.9998229667 0.0000189906 0.9983751987 0.6767669646 0.9566230590 0.3317019189 0.0012177100 0.0624699453 0.2240647462 0.0001344908 0.7777157515 0.2816771663 0.0003912203 0.0548963142 0.6882377268 0.3955793352 0.6387669746 0.3097214525 0.0001943817 1.4807655617 1.4667203570 1.5421610748 0.0001846760 11.5065538625 11.5062173691 11.5062333266 136.4162160262 0.0000756352 0.0005218902 0.6924235061 0.6272588402 0.1289875316 0.0137580657
-82.9149963442 0.0010114940 0.9940554880 0.9998225790 0.0000190112 0.9983714797 0.6766028418 0.9565892348 0.3316820240 0.0012184139 0.0624659261 0.2240220172 0.0001345947 0.7775477908 0.2816466786 0.0003916634 0.0549550961 0.6881043288 0.3952909180 0.6387018554 0.3095883710 0.0001944740 1.4806550118 1.4666295871 1.5421483753 0.0001847554 11.5065576744 11.5062210344 11.5062369973 136.4162202248 0.0000756613 0.0005224873 0.6920322807 0.6273705080 0.1289916904 0.0137625526
-82.9071259072 0.0010128490 0.9940429177 0.9998221926 0.0000190316 0.9983677813 0.6764381378 0.9565549242 0.3316669573 0.0012191138 0.0624613131 0.2239723958 0.0001346981 0.7773804745 0.2816216781 0.0003921043 0.0550135744 0.6879716686 0.3950051994 0.6386370416 0.3094567946 0.0001945688 1.4805338991 1.4665313393 1.5421344291 0.0001848370 11.5065647027 11.5062279287 11.5062438974 136.4162248669 0.0000756895 0.0005230813 0.6916442596 0.6274851995 0.1289962854 0.0137676511
-82.8993069063 0.0010141969 0.9940303964 0.9998218077 0.0000190520 0.9983641047 0.6762729502 0.9565201066 0.3316567364 0.0012198095 0.0624560413 0.2239152019 0.0001348009 0.7772138560 0.2816027944 0.0003925427 0.0550717283 0.6878398150 0.3947222576 0.6385725944 0.3093267705 0.0001946663 1.4804013652 1.4664250517 1.5421191354 0.0001849209 11.5065698634 11.5062329693 11.5062489440 136.4162300071 0.0000757201 0.0005236722 0.6912595515 0.6276030487 0.1290013547 0.0137734133
-82.8915421261 0.0010155372 0.9940179290 0.9998214244 0.0000190722 0.9983604511 0.6761073990 0.9564847288 0.3316513433 0.0012205008 0.0624500522 0.2238498557 0.0001349031 0.7770479925 0.2815905891 0.0003929786 0.0551295358 0.6877088384 0.3944421733 0.6385085745 0.3091983472 0.0001947667 1.4802565567 1.4663101301 1.5421024469 0.0001850072 11.5065779840 11.5062409844 11.5062569656 136.4162357039 0.0000757533 0.0005242596 0.6908782685 0.6277244169 0.1290069300 0.0137799046
-82.8838344585 0.0010168694 0.9940055207 0.9998210429 0.0000190923 0.9983568219 0.6759416635 0.9564487816 0.3316505468 0.0012211874 0.0624432702 0.2237756236 0.0001350046 0.7768829452 0.2815858038 0.0003934118 0.0551869743 0.6875788264 0.3941650301 0.6384450658 0.3090715764 0.0001948702 1.4800988112 1.4661861572 1.5420843118 0.0001850962 11.5065848779 11.5062477883 11.5062637763 136.4162420276 0.0000757892 0.0005248433 0.6905005261 0.6278494006 0.1290130524 0.0137871735
-82.8761869153 0.0010181929 0.9939931767 0.9998206634 0.0000191123 0.9983532184 0.6757759709 0.9564122372 0.3316539877 0.0012218691 0.0624356257 0.2236918996 0.0001351054 0.7767187800 0.2815891204 0.0003938421 0.0552440200 0.6874498761 0.3938909139 0.6383821643 0.3089465126 0.0001949770 1.4799275163 1.4660526859 1.5420647436 0.0001851880 11.5065919045 11.5062547413 11.5062707366 136.4162490542 0.0000758279 0.0005254231 0.6901264435 0.6279782412 0.1290197574 0.0137952820
-82.8686026345 0.0010195071 0.9939809028 0.9998202859 0.0000191321 0.9983496420 0.6756106070 0.9563750856 0.3316610772 0.0012225454 0.0624270452 0.2235980952 0.0001352054 0.7765555671 0.2816012643 0.0003942693 0.0553006482 0.6873220948 0.3936199145 0.6383199758 0.3088232129 0.0001950872 1.4797424654 1.4659095701 1.5420438253 0.0001852826 11.5066030452 11.5062658248 11.5062818277 136.4162568750 0.0000758697 0.0005259988 0.6897561439 0.6281111057 0.1290270805 0.0138042752
-82.8610848809 0.0010208114 0.9939687047 0.9998199108 0.0000191518 0.9983460941 0.6754459671 0.9563373834 0.3316707913 0.0012232162 0.0624174358 0.2234935079 0.0001353046 0.7763933815 0.2816231726 0.0003946932 0.0553568332 0.6871956189 0.3933521253 0.6382586464 0.3087017384 0.0001952006 1.4795439507 1.4657570333 1.5420216868 0.0001853800 11.5066116587 11.5062743981 11.5062904090 136.4162656034 0.0000759144 0.0005265700 0.6893897543 0.6282477849 0.1290350688 0.0138141676
-82.8536370577 0.0010221052 0.9939565885 0.9998195382 0.0000191713 0.9983425762 0.6752825389 0.9562991691 0.3316817500 0.0012238811 0.0624067225 0.2233777637 0.0001354030 0.7762323033 0.2816556209 0.0003951135 0.0554125481 0.6870706001 0.3930876432 0.6381983422 0.3085821532 0.0001953172 1.4793327256 1.4655955213 1.5419986121 0.0001854802 11.5066242505 11.5062869659 11.5063029852 136.4162753647 0.0000759620 0.0005271365 0.6890274061 0.6283882613 0.1290437572 0.0138249726
-82.8462626982 0.0010233878 0.9939445605 0.9998191682 0.0000191906 0.9983390899 0.6751209600 0.9562605741 0.3316919062 0.0012245398 0.0623948223 0.2232505620 0.0001355005 0.7760724178 0.2816995126 0.0003955302 0.0554677651 0.6869472322 0.3928265680 0.6381392887 0.3084645263 0.0001954367 1.4791104339 1.4654260732 1.5419749981 0.0001855827 11.5066347585 11.5062974656 11.5063134937 136.4162863093 0.0000760123 0.0005276981 0.6886692348 0.6285320096 0.1290531890 0.0138366561
-82.8389654702 0.0010246585 0.9939326274 0.9998188012 0.0000192097 0.9983356366 0.6749620082 0.9562217382 0.3316985664 0.0012251920 0.0623816867 0.2231121667 0.0001355970 0.7759138150 0.2817554861 0.0003959430 0.0555224551 0.6868257443 0.3925690027 0.6380817607 0.3083489315 0.0001955585 1.4788796351 1.4652501833 1.5419514811 0.0001856873 11.5066489697 11.5063116822 11.5063277194 136.4162986047 0.0000760650 0.0005282543 0.6883153800 0.6286785736 0.1290633931 0.0138491641
-82.8317491591 0.0010259167 0.9939207958 0.9998184373 0.0000192287 0.9983322181 0.6748066516 0.9561829119 0.3316980648 0.0012258372 0.0623672933 0.2229632897 0.0001356925 0.7757565898 0.2818240972 0.0003963515 0.0555765882 0.6867064327 0.3923150536 0.6380261308 0.3082354492 0.0001956820 1.4786443115 1.4650701700 1.5419289355 0.0001857932 11.5066614778 11.5063242074 11.5063402539 136.4163124434 0.0000761195 0.0005288050 0.6879659849 0.6288269336 0.1290744017 0.0138623785
-82.8246176593 0.0010271616 0.9939090728 0.9998180768 0.0000192474 0.9983288359 0.6746560267 0.9561443826 0.3316857553 0.0012264752 0.0623517082 0.2228056624 0.0001357869 0.7756008414 0.2819053591 0.0003967558 0.0556301336 0.6865896683 0.3920648296 0.6379728811 0.3081241676 0.0001958062 1.4784100729 1.4648890888 1.5419086416 0.0001858998 11.5066773055 11.5063400602 11.5063561161 136.4163280294 0.0000761753 0.0005293497 0.6876211963 0.6289760150 0.1290862278 0.0138761389
-82.8175749414 0.0010283924 0.9938974656 0.9998177198 0.0000192660 0.9983254918 0.6745114499 0.9561065555 0.3316557745 0.0012271056 0.0623351205 0.2226420829 0.0001358803 0.7754466723 0.2819987526 0.0003971553 0.0556830599 0.6864759431 0.3918184409 0.6379226774 0.3080151858 0.0001959297 1.4781846586 1.4647109853 1.5418923338 0.0001860059 11.5066918744 11.5063546581 11.5063707234 136.4163455693 0.0000762314 0.0005298882 0.6872811626 0.6291241886 0.1290988787 0.0138902089
-82.8106250227 0.0010296085 0.9938859815 0.9998173666 0.0000192843 0.9983221874 0.6743743315 0.9560698641 0.3316012599 0.0012277280 0.0623179648 0.2224770579 0.0001359725 0.7752941870 0.2821026230 0.0003975500 0.0557353351 0.6863659066 0.3915759963 0.6378764316 0.3079086176 0.0001960512 1.4779779363 1.4645405102 1.5418824011 0.0001861103 11.5067066301 11.5063694418 11.5063855164 136.4163652308 0.0000762870 0.0005304202 0.6869460335 0.6292698349 0.1291123344 0.0139043210
-82.8037719215 0.0010308090 0.9938746278 0.9998170175 0.0000193023 0.9983189244 0.6742460442 0.9560347539 0.3315146998 0.0012283420 0.0623010573 0.2223169830 0.0001360634 0.7751434904 0.2822138702 0.0003979396 0.0557869275 0.6862604320 0.3913375996 0.6378354125 0.3078045976 0.0001961694 1.4778021074 1.4643828012 1.5418820159 0.0001862120 11.5067255890 11.5063884228 11.5064045062 136.4163870874 0.0000763411 0.0005309453 0.6866159574 0.6294114000 0.1291265478 0.0139181848
-82.7970196003 0.0010319932 0.9938634119 0.9998166727 0.0000193202 0.9983157044 0.6741277381 0.9560016221 0.3313887252 0.0012289473 0.0622857512 0.2221701779 0.0001361531 0.7749946855 0.2823276400 0.0003983238 0.0558378052 0.6861607259 0.3911033407 0.6378014469 0.3077032937 0.0001962833 1.4776710092 1.4642426107 1.5418951920 0.0001863103 11.5067420250 11.5064048723 11.5064209642 136.4164110155 0.0000763932 0.0005314632 0.6862910792 0.6295476381 0.1291414488 0.0139315506
-82.7903719260 0.0010331603 0.9938523410 0.9998163324 0.0000193377 0.9983125293 0.6740199843 0.9559705494 0.3312179713 0.0012295435 0.0622739685 0.2220472558 0.0001362414 0.7748478707 0.2824364684 0.0003987025 0.0558879373 0.6860684331 0.3908732738 0.6377771516 0.3076049264 0.0001963933 1.4775981037 1.4641225440 1.5419267814 0.0001864054 11.5067631428 11.5064259957 11.5064420957 136.4164365171 0.0000764439 0.0005319736 0.6859715372 0.6296790537 0.1291569110 0.0139443707
-82.7838326351 0.0010343097 0.9938414221 0.9998159969 0.0000193550 0.9983094004 0.6739224293 0.9559412638 0.3310011388 0.0012301303 0.0622673685 0.2219603981 0.0001363284 0.7747031379 0.2825302707 0.0003990753 0.0559372936 0.6859857952 0.3906473701 0.6377663390 0.3075098061 0.0001965011 1.4775946067 1.4640221987 1.5419819788 0.0001864991 11.5067836299 11.5064464878 11.5064625957 136.4164625244 0.0000764946 0.0005324761 0.6856574607 0.6298077609 0.1291727630 0.0139568322
-82.7774053615 0.0010354407 0.9938306623 0.9998156663 0.0000193721 0.9983063194 0.6738334361 0.9559131717 0.3307431095 0.0012307073 0.0622652265 0.2219229999 0.0001364139 0.7745605708 0.2825959347 0.0003994421 0.0559858446 0.6859157159 0.3904254012 0.6377744940 0.3074183991 0.0001966095 1.4776690068 1.4639396023 1.5420654044 0.0001865937 11.5068114317 11.5064743029 11.5064904188 136.4164871806 0.0000765473 0.0005329705 0.6853489669 0.6299370067 0.1291887527 0.0139691802
-82.7710936934 0.0010365525 0.9938200684 0.9998153408 0.0000193888 0.9983032876 0.6737500969 0.9558864358 0.3304540133 0.0012312742 0.0622631214 0.2219483688 0.0001364980 0.7744202443 0.2826180520 0.0003998026 0.0560335612 0.6858615992 0.3902066451 0.6378093781 0.3073314515 0.0001967166 1.4778355578 1.4638820004 1.5421794010 0.0001866877 11.5068433405 11.5065062270 11.5065223507 136.4165077241 0.0000766000 0.0005334565 0.6850461581 0.6300645573 0.1292045504 0.0139806065
-82.7649011945 0.0010376445 0.9938096470 0.9998150208 0.0000194052 0.9983003063 0.6736688228 0.9558641850 0.3301430833 0.0012318307 0.0622566260 0.2220491605 0.0001365805 0.7742822243 0.2825795786 0.0004001566 0.0560804158 0.6858264310 0.3899891504 0.6378813909 0.3072502160 0.0001968054 1.4781374336 1.4638898951 1.5423223182 0.0001867664 11.5068887120 11.5065515525 11.5065676822 136.4165204914 0.0000766381 0.0005339337 0.6847491183 0.6301699973 0.1292197040 0.0139868591
-82.7588310492 0.0010387161 0.9937994039 0.9998147064 0.0000194213 0.9982973767 0.6735869144 0.9558552903 0.3298069276 0.0012323764 0.0622462047 0.2222368677 0.0001366614 0.7741465622 0.2824635276 0.0004005040 0.0561263850 0.6858106656 0.3897680689 0.6380031023 0.3071768818 0.0001968305 1.4786798043 1.4640666405 1.5424891161 0.0001867909 11.5069487003 11.5066112698 11.5066273983 136.4165211207 0.0000766243 0.0005344021 0.6844579017 0.6301993800 0.1292336217 0.0139772752
-82.7528848386 0.0010397671 0.9937893422 0.9998143976 0.0000194372 0.9982944992 0.6735048462 0.9558718262 0.3294246794 0.0012329114 0.0622370852 0.2225241751 0.0001367408 0.7740132795 0.2822535936 0.0004008446 0.0561714590 0.6858106976 0.3895332204 0.6381866045 0.3071153886 0.0001967327 1.4796156372 1.4645577809 1.5426802409 0.0001867105 11.5070559746 11.5067178281 11.5067339420 136.4165049627 0.0000765091 0.0005348613 0.6841725116 0.6300819164 0.1292455049 0.0139366901
-82.7470604992 0.0010407978 0.9937794601 0.9998140944 0.0000194527 0.9982916737 0.6734282200 0.9559159157 0.3289756929 0.0012334357 0.0622362551 0.2229329880 0.0001368186 0.7738823413 0.2819319230 0.0004011786 0.0562156521 0.6858295436 0.3892723206 0.6384380910 0.3070730185 0.0001965049 1.4809546807 1.4653969333 1.5428951644 0.0001865197 11.5073257487 11.5069863979 11.5070024827 136.4164681091 0.0000762830 0.0005353116 0.6838928703 0.6298088485 0.1292543473 0.0138573153
-82.7413515438 0.0010418092 0.9937697503 0.9998137966 0.0000194679 0.9982888989 0.6733637936 0.9559658742 0.3284800345 0.0012339499 0.0622518549 0.2235119566 0.0001368948 0.7737536439 0.2814657654 0.0004015064 0.0562590064 0.6859076383 0.3889966931 0.6387540740 0.3070637754 0.0001962584 1.4819267764 1.4661661590 1.5429457769 0.0001863129 11.5083128257 11.5079721044 11.5079881563 136.4164102320 0.0000760287 0.0005357535 0.6836188063 0.6295128279 0.1292590867 0.0137507657
-82.7357480267 0.0010428026 0.9937602030 0.9998135038 0.0000194828 0.9982861732 0.6732975671 0.9559407420 0.3281805114 0.0012344547 0.0622876136 0.2243139788 0.0001369698 0.7736270521 0.2807957139 0.0004018282 0.0563015767 0.6861037832 0.3887597739 0.6391376954 0.3071183000 0.0001963807 1.4807317851 1.4656508689 1.5424769451 0.0001864203 11.5121723644 11.5118311952 11.5118472483 136.4163384430 0.0000760398 0.0005361874 0.6833500809 0.6296583024 0.1292596708 0.0136987419
-82.7302479899 0.0010437782 0.9937508158 0.9998132158 0.0000194975 0.9982834956 0.6732080153 0.9559145270 0.3289082547 0.0012349502 0.0623415353 0.2252853765 0.0001370433 0.7735025457 0.2799208272 0.0004021442 0.0563433784 0.6864441314 0.3886375860 0.6395831288 0.3073446654 0.0001963480 1.4797624850 1.4652840169 1.5419463506 0.0001863821 11.5079335696 11.5075926338 11.5076086907 136.4162488385 0.0000759681 0.0005366135 0.6830865099 0.6296211140 0.1292632296 0.0136577536
-82.7248556717 0.0010447357 0.9937415933 0.9998129330 0.0000195119 0.9982808663 0.6731235878 0.9559100986 0.3288379211 0.0012354363 0.0624242138 0.2262327723 0.0001371154 0.7733803658 0.2790630735 0.0004024543 0.0563843930 0.6866301593 0.3887958159 0.6397349339 0.3078170088 0.0001963159 1.4796230612 1.4652521546 1.5418095673 0.0001863517 11.5061329602 11.5057919858 11.5058080409 136.4161551178 0.0000759250 0.0005370316 0.6828280069 0.6295832338 0.1292943479 0.0136410850
-82.7248324214 0.0010447398 0.9937415535 0.9998129318 0.0000195120 0.9982808549 0.6731232297 0.9559100698 0.3288375431 0.0012354384 0.0624245836 0.2262366470 0.0001371157 0.7733798389 0.2790595913 0.0004024556 0.0563845699 0.6866303822 0.3887965338 0.6397351015 0.3078190096 0.0001963158 1.4796231876 1.4652523773 1.5418093303 0.0001863517 11.5061285975 11.5057876227 11.5058036778 136.4161547736 0.0000759248 0.0005370334 0.6828268918 0.6295831519 0.1292946366 0.0136410197
