-82.0008977984 0.0423941585 0.8660450382 0.5112443056 
-82.0009015945 0.0423941495 0.8660450983 0.5112376675 
-82.0009092107 0.0423941314 0.8660452189 0.5112244636 
-82.0009206943 0.0423941042 0.8660454008 0.5112048398 
-82.0009361159 0.0423940676 0.8660456454 0.5111790184 
-82.0009555686 0.0423940215 0.8660459543 0.5111473017 
-82.0009790128 0.0423939659 0.8660463268 0.5110940629 
-82.0010070027 0.0423938995 0.8660467728 0.5110577960 
-82.0010395088 0.0423938224 0.8660472917 0.5110221495 
-82.0010766579 0.0423937343 0.8660478858 0.5109871750 
-82.0011185755 0.0423936349 0.8660485574 0.5109529144 
-82.0011653856 0.0423935239 0.8660493087 0.5109194014 
-82.0012172101 0.0423934010 0.8660501418 0.5108866625 
-82.0012741698 0.0423932659 0.8660510589 0.5108547177 
-82.0013363831 0.0423931183 0.8660520621 0.5108235822 
-82.0014039672 0.0423929580 0.8660531535 0.5107932665 
-82.0014770370 0.0423927847 0.8660543350 0.5107637781 
-82.0015557059 0.0423925981 0.8660556089 0.5107351211 
-82.0016400854 0.0423923979 0.8660569769 0.5107072977 
-82.0017302853 0.0423921840 0.8660584410 0.5106803077 
-82.0018264136 0.0423919560 0.8660600032 0.5106541493 
-82.0019285765 0.0423917136 0.8660616653 0.5106288194 
-82.0020368787 0.0423914567 0.8660634292 0.5106043134 
-82.0021514231 0.0423911850 0.8660652967 0.5105806258 
-82.0022723109 0.0423908982 0.8660672696 0.5105577503 
-82.0023996418 0.0423905962 0.8660693496 0.5105356798 
-82.0025335141 0.0423902786 0.8660715385 0.5105144066 
-82.0026740245 0.0423899453 0.8660738379 0.5104939227 
-82.0028212680 0.0423895960 0.8660762496 0.5104742195 
-82.0029753386 0.0423892305 0.8660787751 0.5104552884 
-82.0031363287 0.0423888486 0.8660814161 0.5104371206 
-82.0033043293 0.0423884501 0.8660841742 0.5104197069 
-82.0034794305 0.0423880347 0.8660870509 0.5104030383 
-82.0036617207 0.0423876023 0.8660900478 0.5103871056 
-82.0038512874 0.0423871526 0.8660931664 0.5103718996 
-82.0040482171 0.0423866854 0.8660964082 0.5103574113 
-82.0042525947 0.0423862006 0.8660997748 0.5103436316 
-82.0044645047 0.0423856979 0.8661032674 0.5103305515 
-82.0046840300 0.0423851771 0.8661068877 0.5103181619 
-82.0049112531 0.0423846381 0.8661106369 0.5103064541 
-82.0051462551 0.0423840806 0.8661145166 0.5102954193 
-82.0053891165 0.0423835045 0.8661185281 0.5102850488 
-82.0056399170 0.0423829096 0.8661226727 0.5102753342 
-82.0058987353 0.0423822956 0.8661269518 0.5102662669 
-82.0061656496 0.0423816625 0.8661313668 0.5102578388 
-82.0064407373 0.0423810099 0.8661359190 0.5102500415 
-82.0067240751 0.0423803378 0.8661406097 0.5102428671 
-82.0070157391 0.0423796460 0.8661454402 0.5102363077 
-82.0073158048 0.0423789342 0.8661504117 0.5102303553 
-82.0076243473 0.0423782023 0.8661555256 0.5102250024 
-82.0079414411 0.0423774502 0.8661607832 0.5102202415 
-82.0082671601 0.0423766776 0.8661661855 0.5102160649 
-82.0086015780 0.0423758843 0.8661717340 0.5102124656 
-82.0089447680 0.0423750703 0.8661774299 0.5102094363 
-82.0092968030 0.0423742353 0.8661832743 0.5102069699 
-82.0096577554 0.0423733792 0.8661892686 0.5102050596 
-82.0100276977 0.0423725018 0.8661954138 0.5102036985 
-82.0104067018 0.0423716028 0.8662017113 0.5102028799 
-82.0107948395 0.0423706823 0.8662081622 0.5102025974 
-82.0111921824 0.0423697399 0.8662147677 0.5102028443 
-82.0115988022 0.0423687755 0.8662215290 0.5102036144 
-82.0120147701 0.0423677890 0.8662284474 0.5102049015 
-82.0124401576 0.0423667801 0.8662355239 0.5102066995 
-82.0128750358 0.0423657488 0.8662427598 0.5102090023 
-82.0133194761 0.0423646948 0.8662501562 0.5102118041 
-82.0137735498 0.0423636180 0.8662577144 0.5102150991 
-82.0142373283 0.0423625182 0.8662654355 0.5102188816 
-82.0147108829 0.0423613952 0.8662733207 0.5102231460 
-82.0151942854 0.0423602489 0.8662813712 0.5102278869 
-82.0156876074 0.0423590791 0.8662895881 0.5102330988 
-82.0161909208 0.0423578857 0.8662979726 0.5102387766 
-82.0167042979 0.0423566684 0.8663065260 0.5102449149 
-82.0172278109 0.0423554271 0.8663152493 0.5102515088 
-82.0177615325 0.0423541616 0.8663241438 0.5102585532 
-82.0183055358 0.0423528718 0.8663332108 0.5102660431 
-82.0188598939 0.0423515575 0.8663424512 0.5102739739 
-82.0194246806 0.0423502184 0.8663518665 0.5102823408 
-82.0199999700 0.0423488546 0.8663614577 0.5102911390 
-82.0205858364 0.0423474656 0.8663712261 0.5103003641 
-82.0211823550 0.0423460515 0.8663811730 0.5103100115 
-82.0217896010 0.0423446120 0.8663912994 0.5103200769 
-82.0224076504 0.0423431469 0.8664016067 0.5103305560 
-82.0230365798 0.0423416561 0.8664120960 0.5103414444 
-82.0236764661 0.0423401393 0.8664227687 0.5103527380 
-82.0243273870 0.0423385964 0.8664336260 0.5103644327 
-82.0249894208 0.0423370273 0.8664446691 0.5103765245 
-82.0256626464 0.0423354316 0.8664558993 0.5103890094 
-82.0263471435 0.0423338093 0.8664673179 0.5104018836 
-82.0270429922 0.0423321602 0.8664789262 0.5104151431 
-82.0277502738 0.0423304840 0.8664907255 0.5104287844 
-82.0284690699 0.0423287806 0.8665027170 0.5104428035 
-82.0291994633 0.0423270498 0.8665149022 0.5104571971 
-82.0299415374 0.0423252913 0.8665272823 0.5104719614 
-82.0306953764 0.0423235051 0.8665398587 0.5104870930 
-82.0314610656 0.0423216908 0.8665526328 0.5105025884 
-82.0322386910 0.0423198483 0.8665656058 0.5105184442 
-82.0330283396 0.0423179775 0.8665787794 0.5105346571 
-82.0338300994 0.0423160779 0.8665921547 0.5105512239 
-82.0346440594 0.0423141496 0.8666057332 0.5105681413 
-82.0354703094 0.0423121922 0.8666195164 0.5105854061 
-82.0363089407 0.0423102056 0.8666335058 0.5106030152 
-82.0371600451 0.0423081896 0.8666477027 0.5106209656 
-82.0380237160 0.0423061438 0.8666621086 0.5106392542 
-82.0389000477 0.0423040681 0.8666767251 0.5106578781 
-82.0397891356 0.0423019624 0.8666915537 0.5106768343 
-82.0406910764 0.0422998263 0.8667065959 0.5106961200 
-82.0416059680 0.0422976596 0.8667218532 0.5107157323 
-82.0425339095 0.0422954621 0.8667373272 0.5107356684 
-82.0434750013 0.0422932336 0.8667530196 0.5107559256 
-82.0444293451 0.0422909738 0.8667689319 0.5107765012 
-82.0453970439 0.0422886825 0.8667850657 0.5107973925 
-82.0463782021 0.0422863594 0.8668014227 0.5108185969 
-82.0473729255 0.0422840043 0.8668180045 0.5108401117 
-82.0483813213 0.0422816170 0.8668348130 0.5108619345 
-82.0494034980 0.0422791972 0.8668518497 0.5108840627 
-82.0504395657 0.0422767447 0.8668691164 0.5109064939 
-82.0514896362 0.0422742591 0.8668866149 0.5109292255 
-82.0525538224 0.0422717402 0.8669043470 0.5109522552 
-82.0536322392 0.0422691878 0.8669223144 0.5109755805 
-82.0547250028 0.0422666016 0.8669405190 0.5109991993 
-82.0558322311 0.0422639813 0.8669589626 0.5110231090 
-82.0569540437 0.0422613267 0.8669776472 0.5110473074 
-82.0580905619 0.0422586374 0.8669965747 0.5110717923 
-82.0592419087 0.0422559132 0.8670157469 0.5110965614 
-82.0604082088 0.0422531537 0.8670351658 0.5111216126 
-82.0615895888 0.0422503588 0.8670548335 0.5111469435 
-82.0627861769 0.0422475280 0.8670747520 0.5111725521 
-82.0639981033 0.0422446612 0.8670949232 0.5111984362 
-82.0652255001 0.0422417579 0.8671153493 0.5112245938 
-82.0664685013 0.0422388179 0.8671360323 0.5112510227 
-82.0677272428 0.0422358409 0.8671569745 0.5112777208 
-82.0690018625 0.0422328265 0.8671781780 0.5113046861 
-82.0702925003 0.0422297744 0.8671996449 0.5113319167 
-82.0715992981 0.0422266843 0.8672213774 0.5113594104 
-82.0729224000 0.0422235559 0.8672433780 0.5113871652 
-82.0742619522 0.0422203888 0.8672656488 0.5114151793 
-82.0756181029 0.0422171827 0.8672881921 0.5114434506 
-82.0769910027 0.0422139372 0.8673110104 0.5114719773 
-82.0783808042 0.0422106520 0.8673341059 0.5115007573 
-82.0797876625 0.0422073267 0.8673574812 0.5115297888 
-82.0812117349 0.0422039610 0.8673811388 0.5115590698 
-82.0826531809 0.0422005544 0.8674050810 0.5115885985 
-82.0841121626 0.0421971067 0.8674293104 0.5116183731 
-82.0855888443 0.0421936174 0.8674538297 0.5116483916 
-82.0870833930 0.0421900862 0.8674786413 0.5116786522 
-82.0885959778 0.0421865127 0.8675037480 0.5117091530 
-82.0901267708 0.0421828964 0.8675291525 0.5117398923 
-82.0916759464 0.0421792369 0.8675548575 0.5117708681 
-82.0932436815 0.0421755340 0.8675808656 0.5118020787 
-82.0948301559 0.0421717870 0.8676071798 0.5118335222 
-82.0964355521 0.0421679957 0.8676338029 0.5118651969 
-82.0980600551 0.0421641596 0.8676607378 0.5118971010 
-82.0997038527 0.0421602783 0.8676879874 0.5119292326 
-82.1013671359 0.0421563513 0.8677155546 0.5119615899 
-82.1030500981 0.0421523781 0.8677434426 0.5119941712 
-82.1047529358 0.0421483584 0.8677716543 0.5120269746 
-82.1064758485 0.0421442917 0.8678001928 0.5120599985 
-82.1082190386 0.0421401775 0.8678290614 0.5120932409 
-82.1099827117 0.0421360153 0.8678582632 0.5121267001 
-82.1117670763 0.0421318047 0.8678878014 0.5121603742 
-82.1135723442 0.0421275451 0.8679176794 0.5121942616 
-82.1153987302 0.0421232361 0.8679479005 0.5122283604 
-82.1172464526 0.0421188772 0.8679784681 0.5122626688 
-82.1191157327 0.0421144679 0.8680093856 0.5122971850 
-82.1210067953 0.0421100076 0.8680406565 0.5123319072 
-82.1229198687 0.0421054958 0.8680722843 0.5123668335 
-82.1248551843 0.0421009321 0.8681042727 0.5124019622 
-82.1268129774 0.0420963158 0.8681366253 0.5124372913 
-82.1287934864 0.0420916464 0.8681693458 0.5124728192 
-82.1307969538 0.0420869234 0.8682024379 0.5125085438 
-82.1328236252 0.0420821462 0.8682359055 0.5125444634 
-82.1348737504 0.0420773141 0.8682697524 0.5125805760 
-82.1369475827 0.0420724268 0.8683039825 0.5126168799 
-82.1390453792 0.0420674835 0.8683385999 0.5126533730 
-82.1411674011 0.0420624837 0.8683736085 0.5126900534 
-82.1433139133 0.0420574267 0.8684090124 0.5127269193 
-82.1454851847 0.0420523119 0.8684448159 0.5127639687 
-82.1476814885 0.0420471388 0.8684810231 0.5128011997 
-82.1499031018 0.0420419067 0.8685176382 0.5128386101 
-82.1521503059 0.0420366149 0.8685546657 0.5128761981 
-82.1544233865 0.0420312628 0.8685921100 0.5129139617 
-82.1567226334 0.0420258497 0.8686299754 0.5129518987 
-82.1590483408 0.0420203750 0.8686682666 0.5129900071 
-82.1614008075 0.0420148380 0.8687069881 0.5130282849 
-82.1637803367 0.0420092379 0.8687461446 0.5130667298 
-82.1661872362 0.0420035742 0.8687857408 0.5131053399 
-82.1686218184 0.0419978460 0.8688257816 0.5131441129 
-82.1710844004 0.0419920527 0.8688662717 0.5131830467 
-82.1735753042 0.0419861935 0.8689072162 0.5132221389 
-82.1760948564 0.0419802676 0.8689486200 0.5132613875 
-82.1786433889 0.0419742744 0.8689904883 0.5133007900 
-82.1812212384 0.0419682131 0.8690328261 0.5133403443 
-82.1838287465 0.0419620829 0.8690756387 0.5133800478 
-82.1864662604 0.0419558829 0.8691189315 0.5134198984 
-82.1891341321 0.0419496125 0.8691627098 0.5134598935 
-82.1918327191 0.0419432707 0.8692069790 0.5135000308 
-82.1945623844 0.0419368568 0.8692517448 0.5135403077 
-82.1973234963 0.0419303699 0.8692970126 0.5135807216 
-82.2001164287 0.0419238093 0.8693427883 0.5136212702 
-82.2029415612 0.0419171739 0.8693890776 0.5136619507 
-82.2057992792 0.0419104630 0.8694358864 0.5137027604 
-82.2086899737 0.0419036757 0.8694832205 0.5137436968 
-82.2116140417 0.0418968110 0.8695310861 0.5137847570 
-82.2145718863 0.0418898681 0.8695794893 0.5138259383 
-82.2175639166 0.0418828460 0.8696284363 0.5138672378 
-82.2205905479 0.0418757439 0.8696779333 0.5139086527 
-82.2236522017 0.0418685607 0.8697279868 0.5139501800 
-82.2267493060 0.0418612954 0.8697786032 0.5139918168 
-82.2298822952 0.0418539472 0.8698297891 0.5140335599 
-82.2330516103 0.0418465150 0.8698815511 0.5140754063 
-82.2362576989 0.0418389978 0.8699338961 0.5141173528 
-82.2395010153 0.0418313945 0.8699868309 0.5141593963 
-82.2427820210 0.0418237042 0.8700403623 0.5142015333 
-82.2461011841 0.0418159258 0.8700944976 0.5142437607 
-82.2494589801 0.0418080582 0.8701492437 0.5142860750 
-82.2528558915 0.0418001004 0.8702046080 0.5143284726 
-82.2562924080 0.0417920512 0.8702605978 0.5143709502 
-82.2597690271 0.0417839095 0.8703172206 0.5144135040 
-82.2632862536 0.0417756742 0.8703744839 0.5144561304 
-82.2668445999 0.0417673442 0.8704323954 0.5144988256 
-82.2704445862 0.0417589182 0.8704909629 0.5145415858 
-82.2740867407 0.0417503952 0.8705501942 0.5145844071 
-82.2777715995 0.0417417738 0.8706100974 0.5146272856 
-82.2814997070 0.0417330529 0.8706706806 0.5146702170 
-82.2852716157 0.0417242313 0.8707319519 0.5147131974 
-82.2890878865 0.0417153077 0.8707939198 0.5147562224 
-82.2929490889 0.0417062808 0.8708565926 0.5147992877 
-82.2968558010 0.0416971493 0.8709199790 0.5148423890 
-82.3008086098 0.0416879120 0.8709840876 0.5148855216 
-82.3048081111 0.0416785674 0.8710489273 0.5149286811 
-82.3088549099 0.0416691143 0.8711145069 0.5149718627 
-82.3129496202 0.0416595514 0.8711808356 0.5150150616 
-82.3170928657 0.0416498771 0.8712479226 0.5150582729 
-82.3212852793 0.0416400901 0.8713157771 0.5151014916 
-82.3255275036 0.0416301890 0.8713844086 0.5151447127 
-82.3298201913 0.0416201723 0.8714538267 0.5151879308 
-82.3341640046 0.0416100386 0.8715240410 0.5152311408 
-82.3385596161 0.0415997864 0.8715950615 0.5152743371 
-82.3430077088 0.0415894141 0.8716668982 0.5153175141 
-82.3475089758 0.0415789203 0.8717395610 0.5153606663 
-82.3520641211 0.0415683033 0.8718130603 0.5154037878 
-82.3566738594 0.0415575617 0.8718874065 0.5154468726 
-82.3613389163 0.0415466937 0.8719626102 0.5154899149 
-82.3660600285 0.0415356978 0.8720386820 0.5155329083 
-82.3708379441 0.0415245724 0.8721156327 0.5155758466 
-82.3756734226 0.0415133157 0.8721934733 0.5156187233 
-82.3805672353 0.0415019260 0.8722722151 0.5156615318 
-82.3855201652 0.0414904018 0.8723518692 0.5157042655 
-82.3905330074 0.0414787411 0.8724324471 0.5157469174 
-82.3956065692 0.0414669422 0.8725139604 0.5157894805 
-82.4007416705 0.0414550034 0.8725964208 0.5158319478 
-82.4059391437 0.0414429228 0.8726798404 0.5158743117 
-82.4111998340 0.0414306985 0.8727642311 0.5159165650 
-82.4165245997 0.0414183288 0.8728496052 0.5159586998 
-82.4219143124 0.0414058116 0.8729359751 0.5160007085 
-82.4273698572 0.0413931451 0.8730233534 0.5160425831 
-82.4328921327 0.0413803273 0.8731117529 0.5160843153 
-82.4384820516 0.0413673562 0.8732011864 0.5161258970 
-82.4441405408 0.0413542298 0.8732916671 0.5161673196 
-82.4498685413 0.0413409461 0.8733832082 0.5162085744 
-82.4556670089 0.0413275030 0.8734758232 0.5162496526 
-82.4615369143 0.0413138983 0.8735695258 0.5162905451 
-82.4674792432 0.0413001300 0.8736643296 0.5163312427 
-82.4734949965 0.0412861958 0.8737602488 0.5163717360 
-82.4795851910 0.0412720937 0.8738572975 0.5164120153 
-82.4857508590 0.0412578213 0.8739554902 0.5164520707 
-82.4919930492 0.0412433764 0.8740548413 0.5164918923 
-82.4983128266 0.0412287567 0.8741553657 0.5165314698 
-82.5047112726 0.0412139599 0.8742570782 0.5165707927 
-82.5111894858 0.0411989836 0.8743599941 0.5166098503 
-82.5177485819 0.0411838254 0.8744641288 0.5166486317 
-82.5243896941 0.0411684829 0.8745694977 0.5166871257 
-82.5311139734 0.0411529537 0.8746761167 0.5167253210 
-82.5379225887 0.0411372351 0.8747840017 0.5167632060 
-82.5448167274 0.0411213248 0.8748931689 0.5168007688 
-82.5517975956 0.0411052201 0.8750036348 0.5168379973 
-82.5588664184 0.0410889184 0.8751154158 0.5168748792 
-82.5660244400 0.0410724170 0.8752285290 0.5169114019 
-82.5732729245 0.0410557134 0.8753429912 0.5169475526 
-82.5806131558 0.0410388047 0.8754588198 0.5169833180 
-82.5880464381 0.0410216881 0.8755760324 0.5170186849 
-82.5955740963 0.0410043610 0.8756946465 0.5170536397 
-82.6031974762 0.0409868204 0.8758146801 0.5170881683 
-82.6109179450 0.0409690635 0.8759361515 0.5171222567 
-82.6187368915 0.0409510873 0.8760590790 0.5171558902 
-82.6266557267 0.0409328888 0.8761834814 0.5171890543 
-82.6346758839 0.0409144651 0.8763093774 0.5172217338 
-82.6427988193 0.0408958131 0.8764367862 0.5172539134 
-82.6510260122 0.0408769296 0.8765657273 0.5172855775 
-82.6593589657 0.0408578116 0.8766962201 0.5173167101 
-82.6677992067 0.0408384559 0.8768282846 0.5173472950 
-82.6763482866 0.0408188591 0.8769619410 0.5173773157 
-82.6850077815 0.0407990182 0.8770972094 0.5174067553 
-82.6937792931 0.0407789296 0.8772341107 0.5174355967 
-82.7026644483 0.0407585900 0.8773726656 0.5174638223 
-82.7116649004 0.0407379960 0.8775128954 0.5174914144 
-82.7207823293 0.0407171442 0.8776548213 0.5175183549 
-82.7300184419 0.0406960309 0.8777984651 0.5175446253 
-82.7393749724 0.0406746527 0.8779438488 0.5175702068 
-82.7488536833 0.0406530059 0.8780909944 0.5175950804 
-82.7584563651 0.0406310868 0.8782399245 0.5176192267 
-82.7681848378 0.0406088916 0.8783906619 0.5176426258 
-82.7780409504 0.0405864166 0.8785432294 0.5176652578 
-82.7880265820 0.0405636580 0.8786976505 0.5176871022 
-82.7981436422 0.0405406119 0.8788539488 0.5177081382 
-82.8083940715 0.0405172742 0.8790121479 0.5177283449 
-82.8187798421 0.0404936411 0.8791722722 0.5177477008 
-82.8293029582 0.0404697083 0.8793343460 0.5177661842 
-82.8399654566 0.0404454719 0.8794983941 0.5177837731 
-82.8507694074 0.0404209276 0.8796644414 0.5178004451 
-82.8617169144 0.0403960712 0.8798325132 0.5178161774 
-82.8728101159 0.0403708983 0.8800026351 0.5178309472 
-82.8840511851 0.0403454047 0.8801748330 0.5178447312 
-82.8954423309 0.0403195859 0.8803491330 0.5178575056 
-82.9069857982 0.0402934373 0.8805255617 0.5178692467 
-82.9186838691 0.0402669545 0.8807041458 0.5178799302 
-82.9305388630 0.0402401328 0.8808849123 0.5178895316 
-82.9425531374 0.0402129676 0.8810678886 0.5178980263 
-82.9547290888 0.0401854540 0.8812531025 0.5179053891 
-82.9670691532 0.0401575873 0.8814405818 0.5179115950 
-82.9795758068 0.0401293627 0.8816303548 0.5179166183 
-82.9922515667 0.0401007750 0.8818224502 0.5179204333 
-83.0050989916 0.0400718194 0.8820168967 0.5179230142 
-83.0181206827 0.0400424907 0.8822137237 0.5179243347 
-83.0313192843 0.0400127838 0.8824129606 0.5179243686 
-83.0446974846 0.0399826933 0.8826146372 0.5179230895 
-83.0582580166 0.0399522141 0.8828187837 0.5179204705 
-83.0720036585 0.0399213407 0.8830254304 0.5179164851 
-83.0859372350 0.0398900677 0.8832346081 0.5179111063 
-83.1000616178 0.0398583895 0.8834463478 0.5179043071 
-83.1143797266 0.0398263005 0.8836606809 0.5178960605 
-83.1288945299 0.0397937950 0.8838776390 0.5178863394 
-83.1436090457 0.0397608672 0.8840972542 0.5178751166 
-83.1585263426 0.0397275114 0.8843195585 0.5178623650 
-83.1736495409 0.0396937215 0.8845445847 0.5178480575 
-83.1889818128 0.0396594916 0.8847723656 0.5178321667 
-83.2045263842 0.0396248155 0.8850029343 0.5178146657 
-83.2202865349 0.0395896871 0.8852363244 0.5177955274 
-83.2362656001 0.0395541001 0.8854725696 0.5177747247 
-83.2524669711 0.0395180482 0.8857117038 0.5177522307 
-83.2688940965 0.0394815249 0.8859537616 0.5177280186 
-83.2855504830 0.0394445237 0.8861987776 0.5177020615 
-83.3024396966 0.0394070380 0.8864467866 0.5176743326 
-83.3195653636 0.0393690611 0.8866978238 0.5176448054 
-83.3369311717 0.0393305862 0.8869519248 0.5176134531 
-83.3545408712 0.0392916064 0.8872091254 0.5175802493 
-83.3723982758 0.0392521147 0.8874694615 0.5175451671 
-83.3905072642 0.0392121042 0.8877329694 0.5175081801 
-83.4088717809 0.0391715675 0.8879996858 0.5174692612 
-83.4274958376 0.0391304975 0.8882696473 0.5174283837 
-83.4463835143 0.0390888868 0.8885428912 0.5173855200 
-83.4655389606 0.0390467279 0.8888194546 0.5173406426 
-83.4849663971 0.0390040134 0.8890993752 0.5172937232 
-83.5046701163 0.0389607355 0.8893826907 0.5172447329 
-83.5246544843 0.0389168865 0.8896694391 0.5171936419 
-83.5449239420 0.0388724587 0.8899596587 0.5171404193 
-83.5654830066 0.0388274439 0.8902533878 0.5170850329 
-83.5863362728 0.0387818342 0.8905506651 0.5170274486 
-83.6074884145 0.0387356214 0.8908515293 0.5169676306 
-83.6289441859 0.0386887973 0.8911560196 0.5169055405 
-83.6507084235 0.0386413535 0.8914641750 0.5168411370 
-83.6727860473 0.0385932815 0.8917760350 0.5167743754 
-83.6951820628 0.0385445727 0.8920916389 0.5167052069 
-83.7179015619 0.0384952185 0.8924110264 0.5166335778 
-83.7409497256 0.0384452101 0.8927342373 0.5165594290 
-83.7643318247 0.0383945386 0.8930613115 0.5164826945 
-83.7880532226 0.0383431949 0.8933922889 0.5164033010 
-83.8121193764 0.0382911699 0.8937272097 0.5163211659 
-83.8365358390 0.0382384544 0.8940661139 0.5162361964 
-83.8613082615 0.0381850390 0.8944090419 0.5161482878 
-83.8864423946 0.0381309143 0.8947560339 0.5160573214 
-83.9119440913 0.0380760706 0.8951071303 0.5159631627 
-83.9378193089 0.0380204982 0.8954623714 0.5158656587 
-83.9640741110 0.0379641874 0.8958217977 0.5157646354 
-83.9907146708 0.0379071281 0.8961854496 0.5156598947 
-84.0177472725 0.0378493103 0.8965533675 0.5155512109 
-84.0451783149 0.0377907238 0.8969255916 0.5154383270 
-84.0730143136 0.0377313583 0.8973021625 0.5153209500 
-84.1012619044 0.0376712032 0.8976831203 0.5151987466 
-84.1299278459 0.0376102481 0.8980685054 0.5150713380 
-84.1590190233 0.0375484822 0.8984583579 0.5149382939 
-84.1885424513 0.0374858946 0.8988527179 0.5147991276 
-84.2185052782 0.0374224743 0.8992516255 0.5146532892 
-84.2489147899 0.0373582102 0.8996551205 0.5145001609 
-84.2797784137 0.0372930911 0.9000632428 0.5143390522 
-84.3111037229 0.0372271054 0.9004760320 0.5141691976 
-84.3428984417 0.0371602415 0.9008935279 0.5139897573 
-84.3751704500 0.0370924878 0.9013157698 0.5137998234 
-84.4079277888 0.0370238322 0.9017427972 0.5135984345 
-84.4411786659 0.0369542628 0.9021746492 0.5133845998 
-84.4749314618 0.0368837672 0.9026113651 0.5131573343 
-84.5091947351 0.0368123329 0.9030529837 0.5129157075 
-84.5439772300 0.0367399474 0.9034995442 0.5126590188 
-84.5792878914 0.0366665978 0.9039510852 0.5123880839 
-84.6151359145 0.0365922709 0.9044076463 0.5121112535 
-84.6515307685 0.0365169532 0.9048692678 0.5118499772 
-84.6884820142 0.0364406312 0.9053359881 0.5116239854 
-84.7259991761 0.0363632918 0.9058078422 0.5114420457 
-84.7640917504 0.0362849220 0.9062848616 0.5113051914 
-84.8027692186 0.0362055093 0.9067670744 0.5112080326 
-84.8420410878 0.0361250412 0.9072545060 0.5111411321 
-84.8446160266 0.0361197706 0.9072865643 0.5111320520 
