-81.9818299505 0.0424394429 0.8657221824 0.5108460356 
-81.9818308197 0.0424394409 0.8657221948 0.5108434070 
-81.9818325623 0.0424394367 0.8657222199 0.5108381734 
-81.9818351873 0.0424394305 0.8657222576 0.5108303811 
-81.9818387078 0.0424394222 0.8657223083 0.5108200978 
-81.9818431408 0.0424394116 0.8657223722 0.5108074105 
-81.9818483881 0.0424393992 0.8657224477 0.5107799771 
-81.9818547542 0.0424393841 0.8657225401 0.5107649898 
-81.9818621414 0.0424393666 0.8657226477 0.5107497686 
-81.9818705740 0.0424393466 0.8657227709 0.5107343189 
-81.9818800772 0.0424393241 0.8657229102 0.5107186490 
-81.9818906765 0.0424392989 0.8657230660 0.5107027700 
-81.9819023978 0.0424392711 0.8657232389 0.5106866955 
-81.9819152675 0.0424392406 0.8657234292 0.5106704409 
-81.9819293124 0.0424392073 0.8657236374 0.5106540234 
-81.9819445597 0.0424391712 0.8657238641 0.5106374615 
-81.9819610370 0.0424391321 0.8657241098 0.5106207747 
-81.9819787721 0.0424390900 0.8657243748 0.5106039832 
-81.9819977932 0.0424390449 0.8657246598 0.5105871077 
-81.9820181287 0.0424389967 0.8657249652 0.5105701688 
-81.9820398072 0.0424389452 0.8657252915 0.5105531873 
-81.9820628576 0.0424388906 0.8657256393 0.5105361839 
-81.9820873088 0.0424388326 0.8657260091 0.5105191786 
-81.9821131900 0.0424387712 0.8657264013 0.5105021910 
-81.9821405304 0.0424387063 0.8657268165 0.5104852401 
-81.9821693592 0.0424386379 0.8657272553 0.5104683440 
-81.9821997059 0.0424385659 0.8657277181 0.5104515201 
-81.9822315997 0.0424384903 0.8657282054 0.5104347847 
-81.9822650700 0.0424384109 0.8657287179 0.5104181534 
-81.9823001461 0.0424383276 0.8657292559 0.5104016407 
-81.9823368574 0.0424382405 0.8657298201 0.5103852602 
-81.9823752330 0.0424381495 0.8657304109 0.5103690243 
-81.9824153020 0.0424380544 0.8657310289 0.5103529447 
-81.9824570936 0.0424379553 0.8657316745 0.5103370320 
-81.9825006365 0.0424378519 0.8657323483 0.5103212960 
-81.9825459597 0.0424377444 0.8657330508 0.5103057454 
-81.9825930917 0.0424376326 0.8657337824 0.5102903883 
-81.9826420611 0.0424375164 0.8657345438 0.5102752317 
-81.9826928963 0.0424373957 0.8657353354 0.5102602821 
-81.9827456254 0.0424372706 0.8657361576 0.5102455450 
-81.9828002764 0.0424371409 0.8657370110 0.5102310256 
-81.9828568773 0.0424370066 0.8657378961 0.5102167280 
-81.9829154556 0.0424368676 0.8657388134 0.5102026560 
-81.9829760389 0.0424367238 0.8657397633 0.5101888128 
-81.9830386545 0.0424365752 0.8657407463 0.5101752011 
-81.9831033296 0.0424364217 0.8657417629 0.5101618230 
-81.9831700910 0.0424362633 0.8657428136 0.5101486805 
-81.9832389656 0.0424360998 0.8657438989 0.5101357748 
-81.9833099798 0.0424359313 0.8657450191 0.5101231071 
-81.9833831602 0.0424357576 0.8657461748 0.5101106780 
-81.9834585328 0.0424355787 0.8657473664 0.5100984879 
-81.9835361237 0.0424353946 0.8657485944 0.5100865371 
-81.9836159587 0.0424352051 0.8657498592 0.5100748255 
-81.9836980636 0.0424350102 0.8657511613 0.5100633528 
-81.9837824637 0.0424348099 0.8657525011 0.5100521184 
-81.9838691845 0.0424346041 0.8657538790 0.5100411218 
-81.9839582509 0.0424343927 0.8657552956 0.5100303622 
-81.9840496881 0.0424341757 0.8657567512 0.5100198385 
-81.9841435208 0.0424339530 0.8657582462 0.5100095497 
-81.9842397737 0.0424337245 0.8657597812 0.5099994947 
-81.9843384713 0.0424334903 0.8657613564 0.5099896722 
-81.9844396380 0.0424332501 0.8657629724 0.5099800807 
-81.9845432978 0.0424330041 0.8657646295 0.5099707189 
-81.9846494750 0.0424327521 0.8657663282 0.5099615852 
-81.9847581934 0.0424324940 0.8657680689 0.5099526781 
-81.9848694768 0.0424322299 0.8657698519 0.5099439959 
-81.9849833488 0.0424319596 0.8657716778 0.5099355369 
-81.9850998331 0.0424316831 0.8657735469 0.5099272996 
-81.9852189530 0.0424314003 0.8657754595 0.5099192820 
-81.9853407318 0.0424311113 0.8657774162 0.5099114824 
-81.9854651927 0.0424308159 0.8657794173 0.5099038991 
-81.9855923588 0.0424305140 0.8657814632 0.5098965302 
-81.9857222530 0.0424302057 0.8657835542 0.5098893739 
-81.9858548983 0.0424298908 0.8657856909 0.5098824283 
-81.9859903174 0.0424295694 0.8657878735 0.5098756915 
-81.9861285330 0.0424292413 0.8657901025 0.5098691618 
-81.9862695678 0.0424289066 0.8657923783 0.5098628371 
-81.9864134443 0.0424285650 0.8657947011 0.5098567157 
-81.9865601849 0.0424282167 0.8657970715 0.5098507956 
-81.9867098121 0.0424278616 0.8657994898 0.5098450749 
-81.9868623482 0.0424274995 0.8658019564 0.5098395518 
-81.9870178154 0.0424271305 0.8658044716 0.5098342245 
-81.9871762360 0.0424267544 0.8658070358 0.5098290909 
-81.9873376322 0.0424263713 0.8658096495 0.5098241493 
-81.9875020261 0.0424259811 0.8658123129 0.5098193978 
-81.9876694397 0.0424255837 0.8658150265 0.5098148345 
-81.9878398952 0.0424251791 0.8658177906 0.5098104576 
-81.9880134145 0.0424247673 0.8658206056 0.5098062653 
-81.9881900196 0.0424243481 0.8658234719 0.5098022556 
-81.9883697326 0.0424239215 0.8658263898 0.5097984269 
-81.9885525753 0.0424234875 0.8658293597 0.5097947772 
-81.9887385697 0.0424230460 0.8658323820 0.5097913048 
-81.9889277377 0.0424225970 0.8658354571 0.5097880080 
-81.9891201013 0.0424221404 0.8658385853 0.5097848849 
-81.9893156823 0.0424216762 0.8658417669 0.5097819337 
-81.9895145029 0.0424212043 0.8658450024 0.5097791528 
-81.9897165847 0.0424207246 0.8658482921 0.5097765403 
-81.9899219499 0.0424202372 0.8658516364 0.5097740947 
-81.9901306205 0.0424197419 0.8658550357 0.5097718140 
-81.9903426183 0.0424192387 0.8658584903 0.5097696968 
-81.9905579656 0.0424187276 0.8658620005 0.5097677412 
-81.9907766842 0.0424182085 0.8658655668 0.5097659457 
-81.9909987963 0.0424176813 0.8658691896 0.5097643085 
-81.9912243242 0.0424171460 0.8658728691 0.5097628281 
-81.9914532899 0.0424166026 0.8658766058 0.5097615027 
-81.9916857156 0.0424160510 0.8658804000 0.5097603308 
-81.9919216238 0.0424154911 0.8658842521 0.5097593109 
-81.9921610367 0.0424149228 0.8658881625 0.5097584412 
-81.9924039768 0.0424143463 0.8658921315 0.5097577202 
-81.9926504665 0.0424137613 0.8658961596 0.5097571465 
-81.9929005284 0.0424131678 0.8659002470 0.5097567184 
-81.9931541852 0.0424125658 0.8659043942 0.5097564343 
-81.9934114595 0.0424119552 0.8659086015 0.5097562929 
-81.9936723741 0.0424113360 0.8659128693 0.5097562926 
-81.9939369519 0.0424107081 0.8659171980 0.5097564318 
-81.9942052160 0.0424100714 0.8659215880 0.5097567092 
-81.9944771893 0.0424094260 0.8659260397 0.5097571233 
-81.9947528951 0.0424087717 0.8659305533 0.5097576725 
-81.9950323566 0.0424081085 0.8659351294 0.5097583556 
-81.9953155973 0.0424074364 0.8659397683 0.5097591710 
-81.9956026406 0.0424067552 0.8659444703 0.5097601174 
-81.9958935102 0.0424060650 0.8659492359 0.5097611933 
-81.9961882298 0.0424053656 0.8659540655 0.5097623974 
-81.9964868233 0.0424046570 0.8659589595 0.5097637283 
-81.9967893146 0.0424039392 0.8659639182 0.5097651846 
-81.9970957281 0.0424032121 0.8659689420 0.5097667650 
-81.9974060878 0.0424024757 0.8659740313 0.5097684682 
-81.9977204183 0.0424017298 0.8659791866 0.5097702928 
-81.9980387441 0.0424009745 0.8659844083 0.5097722376 
-81.9983610899 0.0424002096 0.8659896966 0.5097743011 
-81.9986874807 0.0423994352 0.8659950522 0.5097764822 
-81.9990179414 0.0423986511 0.8660004753 0.5097787796 
-81.9993524972 0.0423978573 0.8660059663 0.5097811920 
-81.9996911736 0.0423970537 0.8660115258 0.5097837181 
-82.0000339961 0.0423962404 0.8660171540 0.5097863567 
-82.0003809904 0.0423954171 0.8660228515 0.5097891066 
-82.0007321823 0.0423945839 0.8660286186 0.5097919666 
-82.0010875981 0.0423937406 0.8660344557 0.5097949354 
-82.0014472639 0.0423928874 0.8660403634 0.5097980118 
-82.0018112062 0.0423920239 0.8660463419 0.5098011947 
-82.0021794517 0.0423911503 0.8660523919 0.5098044828 
-82.0025520273 0.0423902664 0.8660585136 0.5098078751 
-82.0029289599 0.0423893722 0.8660647076 0.5098113703 
-82.0033102770 0.0423884676 0.8660709742 0.5098149673 
-82.0036960060 0.0423875526 0.8660773140 0.5098186649 
-82.0040861746 0.0423866271 0.8660837273 0.5098224621 
-82.0044808107 0.0423856909 0.8660902147 0.5098263577 
-82.0048799426 0.0423847442 0.8660967765 0.5098303505 
-82.0052835985 0.0423837867 0.8661034133 0.5098344396 
-82.0056918072 0.0423828184 0.8661101255 0.5098386237 
-82.0061045974 0.0423818393 0.8661169135 0.5098429019 
-82.0065219984 0.0423808492 0.8661237779 0.5098472730 
-82.0069440393 0.0423798482 0.8661307192 0.5098517359 
-82.0073707500 0.0423788361 0.8661377377 0.5098562897 
-82.0078021602 0.0423778129 0.8661448340 0.5098609332 
-82.0082383000 0.0423767785 0.8661520086 0.5098656654 
-82.0086791998 0.0423757329 0.8661592620 0.5098704853 
-82.0091248903 0.0423746759 0.8661665946 0.5098753918 
-82.0095754024 0.0423736074 0.8661740069 0.5098803840 
-82.0100307673 0.0423725275 0.8661814996 0.5098854608 
-82.0104910165 0.0423714361 0.8661890730 0.5098906212 
-82.0109561818 0.0423703330 0.8661967277 0.5098958642 
-82.0114262952 0.0423692182 0.8662044641 0.5099011888 
-82.0119013891 0.0423680916 0.8662122830 0.5099065941 
-82.0123814961 0.0423669531 0.8662201846 0.5099120790 
-82.0128666492 0.0423658028 0.8662281697 0.5099176427 
-82.0133568816 0.0423646404 0.8662362387 0.5099232840 
-82.0138522270 0.0423634659 0.8662443921 0.5099290022 
-82.0143527192 0.0423622792 0.8662526305 0.5099347962 
-82.0148583925 0.0423610803 0.8662609546 0.5099406650 
-82.0153692813 0.0423598690 0.8662693647 0.5099466078 
-82.0158854205 0.0423586453 0.8662778615 0.5099526237 
-82.0164068454 0.0423574091 0.8662864456 0.5099587116 
-82.0169335914 0.0423561604 0.8662951175 0.5099648707 
-82.0174656946 0.0423548989 0.8663038777 0.5099711001 
-82.0180031910 0.0423536247 0.8663127270 0.5099773988 
-82.0185461173 0.0423523377 0.8663216659 0.5099837660 
-82.0190945104 0.0423510378 0.8663306949 0.5099902008 
-82.0196484076 0.0423497248 0.8663398147 0.5099967022 
-82.0202078466 0.0423483988 0.8663490258 0.5100032694 
-82.0207728654 0.0423470595 0.8663583290 0.5100099016 
-82.0213435025 0.0423457070 0.8663677248 0.5100165977 
-82.0219197966 0.0423443411 0.8663772138 0.5100233570 
-82.0225017869 0.0423429618 0.8663867966 0.5100301786 
-82.0230895131 0.0423415688 0.8663964740 0.5100370617 
-82.0236830149 0.0423401623 0.8664062465 0.5100440053 
-82.0242823329 0.0423387420 0.8664161148 0.5100510087 
-82.0248875078 0.0423373079 0.8664260795 0.5100580709 
-82.0254985807 0.0423358598 0.8664361414 0.5100651912 
-82.0261155933 0.0423343977 0.8664463010 0.5100723687 
-82.0267385876 0.0423329215 0.8664565591 0.5100796025 
-82.0273676059 0.0423314310 0.8664669164 0.5100868919 
-82.0280026913 0.0423299262 0.8664773734 0.5100942360 
-82.0286438869 0.0423284070 0.8664879310 0.5101016340 
-82.0292912365 0.0423268733 0.8664985899 0.5101090851 
-82.0299447844 0.0423253249 0.8665093506 0.5101165884 
-82.0306045750 0.0423237618 0.8665202140 0.5101241432 
-82.0312706536 0.0423221839 0.8665311808 0.5101317486 
-82.0319430657 0.0423205909 0.8665422517 0.5101394038 
-82.0326218572 0.0423189830 0.8665534275 0.5101471081 
-82.0333070748 0.0423173598 0.8665647089 0.5101548606 
-82.0339987652 0.0423157214 0.8665760966 0.5101626606 
-82.0346969761 0.0423140676 0.8665875914 0.5101705072 
-82.0354017552 0.0423123983 0.8665991941 0.5101783997 
-82.0361131511 0.0423107134 0.8666109055 0.5101863372 
-82.0368312126 0.0423090128 0.8666227263 0.5101943191 
-82.0375559892 0.0423072963 0.8666346573 0.5102023444 
-82.0382875308 0.0423055639 0.8666466994 0.5102104125 
-82.0390258879 0.0423038154 0.8666588534 0.5102185226 
-82.0397711114 0.0423020507 0.8666711200 0.5102266738 
-82.0405232528 0.0423002697 0.8666835001 0.5102348655 
-82.0412823642 0.0422984722 0.8666959946 0.5102430968 
-82.0420484980 0.0422966582 0.8667086042 0.5102513670 
-82.0428217075 0.0422948275 0.8667213298 0.5102596753 
-82.0436020463 0.0422929800 0.8667341724 0.5102680210 
-82.0443895685 0.0422911156 0.8667471327 0.5102764033 
-82.0451843289 0.0422892341 0.8667602116 0.5102848214 
-82.0459863830 0.0422873354 0.8667734100 0.5102932746 
-82.0467957865 0.0422854194 0.8667867289 0.5103017621 
-82.0476125960 0.0422834860 0.8668001691 0.5103102832 
-82.0484368686 0.0422815350 0.8668137315 0.5103188372 
-82.0492686619 0.0422795662 0.8668274170 0.5103274232 
-82.0501080342 0.0422775796 0.8668412267 0.5103360405 
-82.0509550444 0.0422755750 0.8668551614 0.5103446884 
-82.0518097519 0.0422735523 0.8668692221 0.5103533662 
-82.0526722168 0.0422715113 0.8668834098 0.5103620730 
-82.0535424999 0.0422694519 0.8668977253 0.5103708082 
-82.0544206625 0.0422673739 0.8669121698 0.5103795711 
-82.0553067666 0.0422652772 0.8669267442 0.5103883607 
-82.0562008748 0.0422631617 0.8669414494 0.5103971765 
-82.0571030504 0.0422610272 0.8669562866 0.5104060177 
-82.0580133573 0.0422588736 0.8669712567 0.5104148835 
-82.0589318601 0.0422567007 0.8669863608 0.5104237732 
-82.0598586242 0.0422545083 0.8670015999 0.5104326861 
-82.0607937154 0.0422522964 0.8670169750 0.5104416214 
-82.0617372004 0.0422500647 0.8670324873 0.5104505784 
-82.0626891464 0.0422478131 0.8670481378 0.5104595564 
-82.0636496216 0.0422455414 0.8670639276 0.5104685546 
-82.0646186946 0.0422432495 0.8670798578 0.5104775722 
-82.0655964349 0.0422409372 0.8670959294 0.5104866086 
-82.0665829125 0.0422386044 0.8671121437 0.5104956630 
-82.0675781986 0.0422362509 0.8671285018 0.5105047347 
-82.0685823645 0.0422338764 0.8671450047 0.5105138230 
-82.0695954827 0.0422314810 0.8671616537 0.5105229270 
-82.0706176263 0.0422290643 0.8671784499 0.5105320461 
-82.0716488692 0.0422266263 0.8671953945 0.5105411795 
-82.0726892859 0.0422241666 0.8672124887 0.5105503265 
-82.0737389520 0.0422216853 0.8672297337 0.5105594864 
-82.0747979435 0.0422191820 0.8672471307 0.5105686583 
-82.0758663375 0.0422166567 0.8672646809 0.5105778417 
-82.0769442117 0.0422141091 0.8672823856 0.5105870356 
-82.0780316447 0.0422115390 0.8673002460 0.5105962395 
-82.0791287159 0.0422089463 0.8673182634 0.5106054525 
-82.0802355055 0.0422063308 0.8673364390 0.5106146740 
-82.0813520945 0.0422036922 0.8673547742 0.5106239031 
-82.0824785648 0.0422010305 0.8673732702 0.5106331391 
-82.0836149991 0.0421983454 0.8673919285 0.5106423813 
-82.0847614810 0.0421956367 0.8674107502 0.5106516289 
-82.0859180949 0.0421929042 0.8674297368 0.5106608812 
-82.0870849261 0.0421901478 0.8674488895 0.5106701375 
-82.0882620608 0.0421873671 0.8674682099 0.5106793969 
-82.0894495861 0.0421845621 0.8674876991 0.5106886588 
-82.0906475900 0.0421817326 0.8675073588 0.5106979224 
-82.0918561613 0.0421788782 0.8675271902 0.5107071868 
-82.0930753899 0.0421759988 0.8675471948 0.5107164515 
-82.0943053664 0.0421730943 0.8675673740 0.5107257155 
-82.0955461825 0.0421701643 0.8675877293 0.5107349782 
-82.0967979308 0.0421672087 0.8676082622 0.5107442388 
-82.0980607048 0.0421642273 0.8676289740 0.5107534966 
-82.0993345992 0.0421612198 0.8676498665 0.5107627506 
-82.1006197093 0.0421581860 0.8676709409 0.5107720003 
-82.1019161316 0.0421551257 0.8676921990 0.5107812448 
-82.1032239635 0.0421520387 0.8677136421 0.5107904833 
-82.1045433037 0.0421489248 0.8677352720 0.5107997151 
-82.1058742514 0.0421457836 0.8677570901 0.5108089394 
-82.1072169072 0.0421426151 0.8677790980 0.5108181555 
-82.1085713727 0.0421394188 0.8678012974 0.5108273624 
-82.1099377503 0.0421361948 0.8678236898 0.5108365595 
-82.1113161437 0.0421329425 0.8678462770 0.5108457460 
-82.1127066577 0.0421296619 0.8678690605 0.5108549210 
-82.1141093978 0.0421263528 0.8678920421 0.5108640839 
-82.1155244711 0.0421230147 0.8679152233 0.5108732337 
-82.1169519853 0.0421196476 0.8679386060 0.5108823696 
-82.1183920496 0.0421162511 0.8679621918 0.5108914910 
-82.1198447741 0.0421128249 0.8679859825 0.5109005970 
-82.1213102701 0.0421093690 0.8680099799 0.5109096867 
-82.1227886499 0.0421058829 0.8680341856 0.5109187594 
-82.1242800273 0.0421023664 0.8680586016 0.5109278142 
-82.1257845168 0.0420988193 0.8680832295 0.5109368503 
-82.1273022344 0.0420952413 0.8681080712 0.5109458669 
-82.1288332972 0.0420916320 0.8681331287 0.5109548633 
-82.1303778235 0.0420879914 0.8681584036 0.5109638384 
-82.1319359328 0.0420843190 0.8681838980 0.5109727916 
-82.1335077457 0.0420806146 0.8682096136 0.5109817220 
-82.1350933843 0.0420768779 0.8682355525 0.5109906287 
-82.1366929716 0.0420731087 0.8682617165 0.5109995109 
-82.1383066322 0.0420693066 0.8682881076 0.5110083677 
-82.1399344918 0.0420654714 0.8683147278 0.5110171983 
-82.1415766774 0.0420616027 0.8683415790 0.5110260019 
-82.1432333172 0.0420577004 0.8683686633 0.5110347775 
-82.1449045409 0.0420537640 0.8683959827 0.5110435243 
-82.1465904793 0.0420497933 0.8684235393 0.5110522415 
-82.1482912648 0.0420457880 0.8684513351 0.5110609281 
-82.1500070309 0.0420417477 0.8684793722 0.5110695833 
-82.1517379126 0.0420376722 0.8685076527 0.5110782063 
-82.1534840463 0.0420335612 0.8685361787 0.5110867960 
-82.1552455696 0.0420294143 0.8685649525 0.5110953516 
-82.1570226216 0.0420252312 0.8685939761 0.5111038723 
-82.1588153430 0.0420210116 0.8686232518 0.5111123570 
-82.1606238756 0.0420167552 0.8686527817 0.5111208050 
-82.1624483630 0.0420124617 0.8686825682 0.5111292153 
-82.1642889498 0.0420081307 0.8687126134 0.5111375869 
-82.1661457826 0.0420037618 0.8687429196 0.5111459190 
-82.1680190091 0.0419993549 0.8687734892 0.5111542106 
-82.1699087786 0.0419949094 0.8688043245 0.5111624607 
-82.1718152421 0.0419904251 0.8688354277 0.5111706685 
-82.1737385518 0.0419859016 0.8688668013 0.5111788330 
-82.1756788617 0.0419813385 0.8688984477 0.5111869533 
-82.1776363272 0.0419767356 0.8689303692 0.5111950283 
-82.1796111056 0.0419720925 0.8689625683 0.5112030571 
-82.1816033553 0.0419674087 0.8689950475 0.5112110388 
-82.1836132367 0.0419626840 0.8690278092 0.5112189723 
-82.1856409116 0.0419579179 0.8690608560 0.5112268567 
-82.1876865436 0.0419531102 0.8690941903 0.5112346910 
-82.1897502980 0.0419482603 0.8691278147 0.5112424742 
-82.1918323415 0.0419433680 0.8691617318 0.5112502053 
-82.1939328427 0.0419384329 0.8691959442 0.5112578833 
-82.1960519718 0.0419334545 0.8692304546 0.5112655072 
-82.1981899010 0.0419284325 0.8692652655 0.5112730758 
-82.2003468039 0.0419233665 0.8693003796 0.5112805883 
-82.2025228560 0.0419182560 0.8693357996 0.5112880436 
-82.2047182346 0.0419131008 0.8693715284 0.5112954406 
-82.2069331187 0.0419079004 0.8694075685 0.5113027783 
-82.2091676893 0.0419026543 0.8694439228 0.5113100557 
-82.2114221290 0.0418973622 0.8694805941 0.5113172715 
-82.2136966225 0.0418920236 0.8695175853 0.5113244249 
-82.2159913561 0.0418866382 0.8695548991 0.5113315147 
-82.2183065182 0.0418812055 0.8695925384 0.5113385398 
-82.2206422991 0.0418757250 0.8696305062 0.5113454991 
-82.2229988908 0.0418701964 0.8696688054 0.5113523915 
-82.2253764874 0.0418646191 0.8697074390 0.5113592159 
-82.2277752851 0.0418589929 0.8697464099 0.5113659712 
-82.2301954819 0.0418533171 0.8697857212 0.5113726563 
-82.2326372778 0.0418475914 0.8698253759 0.5113792700 
-82.2351008750 0.0418418153 0.8698653770 0.5113858112 
-82.2375864774 0.0418359884 0.8699057278 0.5113922786 
-82.2400942914 0.0418301101 0.8699464313 0.5113986713 
-82.2426245253 0.0418241800 0.8699874906 0.5114049879 
-82.2451773893 0.0418181977 0.8700289090 0.5114112274 
-82.2477530960 0.0418121627 0.8700706897 0.5114173884 
-82.2503518600 0.0418060744 0.8701128360 0.5114234699 
-82.2529738983 0.0417999325 0.8701553510 0.5114294707 
-82.2556194298 0.0417937363 0.8701982381 0.5114353894 
-82.2582886758 0.0417874855 0.8702415008 0.5114412249 
-82.2609818597 0.0417811794 0.8702851422 0.5114469760 
-82.2636992073 0.0417748177 0.8703291659 0.5114526414 
-82.2664409467 0.0417683997 0.8703735752 0.5114582198 
-82.2692073081 0.0417619251 0.8704183736 0.5114637100 
-82.2719985243 0.0417553932 0.8704635646 0.5114691108 
-82.2748148303 0.0417488035 0.8705091518 0.5114744208 
-82.2776564634 0.0417421556 0.8705551387 0.5114796387 
-82.2805236634 0.0417354488 0.8706015288 0.5114847633 
-82.2834166727 0.0417286826 0.8706483259 0.5114897932 
-82.2863357359 0.0417218565 0.8706955335 0.5114947272 
-82.2892811001 0.0417149700 0.8707431553 0.5114995638 
-82.2922530150 0.0417080224 0.8707911951 0.5115043018 
-82.2952517329 0.0417010133 0.8708396566 0.5115089398 
-82.2982775084 0.0416939420 0.8708885437 0.5115134764 
-82.3013305988 0.0416868079 0.8709378600 0.5115179103 
-82.3044112642 0.0416796106 0.8709876096 0.5115222400 
-82.3075197670 0.0416723494 0.8710377962 0.5115264642 
-82.3106563725 0.0416650237 0.8710884238 0.5115305815 
-82.3138213486 0.0416576330 0.8711394964 0.5115345904 
-82.3170149660 0.0416501766 0.8711910180 0.5115384896 
-82.3202374979 0.0416426539 0.8712429925 0.5115422775 
-82.3234892206 0.0416350644 0.8712954241 0.5115459528 
-82.3267704129 0.0416274073 0.8713483169 0.5115495139 
-82.3300813567 0.0416196821 0.8714016749 0.5115529594 
-82.3334223365 0.0416118882 0.8714555025 0.5115562879 
-82.3367936399 0.0416040249 0.8715098037 0.5115594977 
-82.3401955573 0.0415960916 0.8715645829 0.5115625874 
-82.3436283821 0.0415880876 0.8716198443 0.5115655556 
-82.3470924105 0.0415800123 0.8716755922 0.5115684005 
-82.3505879420 0.0415718650 0.8717318311 0.5115711208 
-82.3541152790 0.0415636450 0.8717885654 0.5115737148 
-82.3576747269 0.0415553518 0.8718457993 0.5115761810 
-82.3612665942 0.0415469845 0.8719035376 0.5115785177 
-82.3648911928 0.0415385426 0.8719617846 0.5115807235 
-82.3685488374 0.0415300253 0.8720205449 0.5115827966 
-82.3722398461 0.0415214319 0.8720798231 0.5115847355 
-82.3759645402 0.0415127617 0.8721396239 0.5115865385 
-82.3797232442 0.0415040141 0.8721999520 0.5115882040 
-82.3835162861 0.0414951882 0.8722608120 0.5115897303 
-82.3873439971 0.0414862835 0.8723222087 0.5115911158 
-82.3912067116 0.0414772991 0.8723841469 0.5115923587 
-82.3951047676 0.0414682342 0.8724466315 0.5115934573 
-82.3990385067 0.0414590883 0.8725096674 0.5115944100 
-82.4030082736 0.0414498605 0.8725732594 0.5115952151 
-82.4070144167 0.0414405500 0.8726374125 0.5115958707 
-82.4110572881 0.0414311561 0.8727021318 0.5115963751 
-82.4151372432 0.0414216780 0.8727674223 0.5115967266 
-82.4192546411 0.0414121150 0.8728332891 0.5115969233 
-82.4234098448 0.0414024662 0.8728997373 0.5115969635 
-82.4276032207 0.0413927308 0.8729667722 0.5115968454 
-82.4318351390 0.0413829081 0.8730343989 0.5115965671 
-82.4361059739 0.0413729973 0.8731026227 0.5115961268 
-82.4404161031 0.0413629974 0.8731714489 0.5115955226 
-82.4447659084 0.0413529078 0.8732408829 0.5115947528 
-82.4491557754 0.0413427275 0.8733109301 0.5115938153 
-82.4535860936 0.0413324558 0.8733815960 0.5115927083 
-82.4580572566 0.0413220917 0.8734528860 0.5115914299 
-82.4625696618 0.0413116345 0.8735248057 0.5115899781 
-82.4671237110 0.0413010832 0.8735973607 0.5115883511 
-82.4717198099 0.0412904370 0.8736705566 0.5115865468 
-82.4763583683 0.0412796950 0.8737443990 0.5115845633 
-82.4810398004 0.0412688563 0.8738188938 0.5115823985 
-82.4857645244 0.0412579201 0.8738940467 0.5115800506 
-82.4905329629 0.0412468853 0.8739698635 0.5115775174 
-82.4953455430 0.0412357512 0.8740463501 0.5115747970 
-82.5002026958 0.0412245167 0.8741235124 0.5115718872 
-82.5051048573 0.0412131810 0.8742013563 0.5115687860 
-82.5100524675 0.0412017431 0.8742798880 0.5115654914 
-82.5150459713 0.0411902020 0.8743591134 0.5115620012 
-82.5200858178 0.0411785568 0.8744390387 0.5115583133 
-82.5251724612 0.0411668066 0.8745196700 0.5115544256 
-82.5303063599 0.0411549504 0.8746010135 0.5115503359 
-82.5354879773 0.0411429871 0.8746830756 0.5115460421 
-82.5407177814 0.0411309158 0.8747658625 0.5115415419 
-82.5459962451 0.0411187355 0.8748493805 0.5115368333 
-82.5513238463 0.0411064452 0.8749336362 0.5115319139 
-82.5567010676 0.0410940439 0.8750186359 0.5115267816 
-82.5621283967 0.0410815304 0.8751043863 0.5115214340 
-82.5676063262 0.0410689039 0.8751908937 0.5115158689 
-82.5731353540 0.0410561631 0.8752781650 0.5115100841 
-82.5787159831 0.0410433072 0.8753662067 0.5115040772 
-82.5843487214 0.0410303350 0.8754550256 0.5114978459 
-82.5900340825 0.0410172454 0.8755446284 0.5114913878 
-82.5957725849 0.0410040373 0.8756350220 0.5114847006 
-82.6015647528 0.0409907097 0.8757262133 0.5114777820 
-82.6074111156 0.0409772615 0.8758182092 0.5114706295 
-82.6133122083 0.0409636914 0.8759110166 0.5114632407 
-82.6192685714 0.0409499985 0.8760046428 0.5114556132 
-82.6252807510 0.0409361815 0.8760990946 0.5114477444 
-82.6313492989 0.0409222393 0.8761943793 0.5114396321 
-82.6374747726 0.0409081707 0.8762905042 0.5114312736 
-82.6436577354 0.0408939746 0.8763874764 0.5114226664 
-82.6498987565 0.0408796499 0.8764853033 0.5114138080 
-82.6561984110 0.0408651952 0.8765839922 0.5114046959 
-82.6625572798 0.0408506094 0.8766835506 0.5113953274 
-82.6689759502 0.0408358913 0.8767839860 0.5113857000 
-82.6754550154 0.0408210397 0.8768853058 0.5113758110 
-82.6819950747 0.0408060533 0.8769875178 0.5113656579 
-82.6885967339 0.0407909309 0.8770906295 0.5113552379 
-82.6952606049 0.0407756712 0.8771946487 0.5113445483 
-82.7019873062 0.0407602729 0.8772995831 0.5113335865 
-82.7087774625 0.0407447349 0.8774054405 0.5113223497 
-82.7156317053 0.0407290557 0.8775122288 0.5113108351 
-82.7225506726 0.0407132341 0.8776199560 0.5112990399 
-82.7295350091 0.0406972687 0.8777286300 0.5112869614 
-82.7365853662 0.0406811583 0.8778382589 0.5112745968 
-82.7437024021 0.0406649014 0.8779488508 0.5112619430 
-82.7508867821 0.0406484968 0.8780604139 0.5112489973 
-82.7581391783 0.0406319431 0.8781729564 0.5112357567 
-82.7654602700 0.0406152389 0.8782864865 0.5112222183 
-82.7728507435 0.0405983827 0.8784010126 0.5112083791 
-82.7803112925 0.0405813733 0.8785165432 0.5111942361 
-82.7878426179 0.0405642092 0.8786330865 0.5111797862 
-82.7954454280 0.0405468889 0.8787506513 0.5111650264 
-82.8031204385 0.0405294111 0.8788692460 0.5111499535 
-82.8108683728 0.0405117742 0.8789888792 0.5111345645 
-82.8186899619 0.0404939769 0.8791095597 0.5111188560 
-82.8265859445 0.0404760176 0.8792312962 0.5111028250 
-82.8345570672 0.0404578948 0.8793540975 0.5110864682 
-82.8426040843 0.0404396070 0.8794779725 0.5110697821 
-82.8507277584 0.0404211528 0.8796029300 0.5110527637 
-82.8589288600 0.0404025305 0.8797289792 0.5110354093 
-82.8672081677 0.0403837387 0.8798561290 0.5110177156 
-82.8755664687 0.0403647758 0.8799843884 0.5109996792 
-82.8840045582 0.0403456401 0.8801137668 0.5109812965 
-82.8925232402 0.0403263302 0.8802442732 0.5109625638 
-82.9011233270 0.0403068444 0.8803759170 0.5109434777 
-82.9098056396 0.0402871811 0.8805087075 0.5109240344 
-82.9185710081 0.0402673386 0.8806426542 0.5109042301 
-82.9274202710 0.0402473154 0.8807777663 0.5108840610 
-82.9363542761 0.0402271097 0.8809140535 0.5108635233 
-82.9453738801 0.0402067199 0.8810515254 0.5108426130 
-82.9544799491 0.0401861444 0.8811901915 0.5108213261 
-82.9636733581 0.0401653813 0.8813300615 0.5107996585 
-82.9729549920 0.0401444290 0.8814711452 0.5107776060 
-82.9823257448 0.0401232857 0.8816134524 0.5107551644 
-82.9917865203 0.0401019498 0.8817569930 0.5107323292 
-83.0013382320 0.0400804194 0.8819017768 0.5107090961 
-83.0109818034 0.0400586927 0.8820478139 0.5106854605 
-83.0207181677 0.0400367680 0.8821951142 0.5106614178 
-83.0305482684 0.0400146435 0.8823436880 0.5106369631 
-83.0404730592 0.0399923172 0.8824935452 0.5106120916 
-83.0504935039 0.0399697875 0.8826446961 0.5105867983 
-83.0606105770 0.0399470524 0.8827971510 0.5105610779 
-83.0708252636 0.0399241100 0.8829509202 0.5105349253 
-83.0811385593 0.0399009584 0.8831060141 0.5105083350 
-83.0915514707 0.0398775958 0.8832624430 0.5104813014 
-83.1020650153 0.0398540203 0.8834202175 0.5104538186 
-83.1126802217 0.0398302298 0.8835793481 0.5104258807 
-83.1233981298 0.0398062224 0.8837398455 0.5103974815 
-83.1342197907 0.0397819962 0.8839017201 0.5103686147 
-83.1451462674 0.0397575492 0.8840649828 0.5103392736 
-83.1561786340 0.0397328792 0.8842296444 0.5103094514 
-83.1673179769 0.0397079845 0.8843957155 0.5102791410 
-83.1785653942 0.0396828627 0.8845632071 0.5102483351 
-83.1899219961 0.0396575120 0.8847321300 0.5102170258 
-83.2013889050 0.0396319303 0.8849024953 0.5101852053 
-83.2129672560 0.0396061153 0.8850743140 0.5101528652 
-83.2246581963 0.0395800651 0.8852475970 0.5101199969 
-83.2364628861 0.0395537775 0.8854223556 0.5100865911 
-83.2483824984 0.0395272503 0.8855986008 0.5100526385 
-83.2604182193 0.0395004814 0.8857763440 0.5100181290 
-83.2725712480 0.0394734686 0.8859555963 0.5099830523 
-83.2848427971 0.0394462096 0.8861363691 0.5099473973 
-83.2972340927 0.0394187023 0.8863186737 0.5099111525 
-83.3097463747 0.0393909444 0.8865025215 0.5098743059 
-83.3223808969 0.0393629336 0.8866879239 0.5098368445 
-83.3351389271 0.0393346677 0.8868748925 0.5097987551 
-83.3480217474 0.0393061443 0.8870634388 0.5097600232 
-83.3610306544 0.0392773611 0.8872535743 0.5097206338 
-83.3741669591 0.0392483158 0.8874453107 0.5096805711 
-83.3874319876 0.0392190060 0.8876386596 0.5096398181 
-83.4008270810 0.0391894294 0.8878336328 0.5095983569 
-83.4143535956 0.0391595835 0.8880302419 0.5095561685 
-83.4280129030 0.0391294659 0.8882284988 0.5095132326 
-83.4418063906 0.0390990742 0.8884284152 0.5094695278 
-83.4557354617 0.0390684058 0.8886300030 0.5094250310 
-83.4698015356 0.0390374584 0.8888332742 0.5093797179 
-83.4840060479 0.0390062294 0.8890382405 0.5093335623 
-83.4983504510 0.0389747163 0.8892449141 0.5092865362 
-83.5128362136 0.0389429165 0.8894533068 0.5092386099 
-83.5274648219 0.0389108274 0.8896634307 0.5091897515 
-83.5422377790 0.0388784466 0.8898752979 0.5091399266 
-83.5571566058 0.0388457712 0.8900889204 0.5090890987 
-83.5722228408 0.0388127988 0.8903043104 0.5090372282 
-83.5874380406 0.0387795266 0.8905214800 0.5089842730 
-83.6028037802 0.0387459520 0.8907404413 0.5089301875 
-83.6183216529 0.0387120723 0.8909612066 0.5088749229 
-83.6339932714 0.0386778847 0.8911837881 0.5088184264 
-83.6498202670 0.0386433865 0.8914081980 0.5087606415 
-83.6658042909 0.0386085749 0.8916344486 0.5087015070 
-83.6819470139 0.0385734471 0.8918625522 0.5086409570 
-83.6982501269 0.0385380002 0.8920925211 0.5085789204 
-83.7147153415 0.0385022316 0.8923243676 0.5085153205 
-83.7313443897 0.0384661381 0.8925581040 0.5084500744 
-83.7481390250 0.0384297171 0.8927937429 0.5083830925 
-83.7651010222 0.0383929654 0.8930312964 0.5083142782 
-83.7822321780 0.0383558803 0.8932707770 0.5082435267 
-83.7995343116 0.0383184587 0.8935121972 0.5081707250 
-83.8170092647 0.0382806976 0.8937555694 0.5080957508 
-83.8346589022 0.0382425940 0.8940009060 0.5080184717 
-83.8524851124 0.0382041448 0.8942482195 0.5079387446 
-83.8704898079 0.0381653469 0.8944975223 0.5078564149 
-83.8886749256 0.0381261973 0.8947488270 0.5077713152 
-83.9070424275 0.0380866927 0.8950021460 0.5076832648 
-83.9255943011 0.0380468301 0.8952574918 0.5075920683 
-83.9443325597 0.0380066062 0.8955148770 0.5074975150 
-83.9632592437 0.0379660178 0.8957743142 0.5073993773 
-83.9823764202 0.0379250617 0.8960358158 0.5072974106 
-84.0016861846 0.0378837344 0.8962993944 0.5071913511 
-84.0211906604 0.0378420328 0.8965650627 0.5070809162 
-84.0408920003 0.0377999534 0.8968328331 0.5069658030 
-84.0607923872 0.0377574928 0.8971027183 0.5068456878 
-84.0808940341 0.0377146477 0.8973747310 0.5067202268 
-84.1011991857 0.0376714146 0.8976488837 0.5065890556 
-84.1217101188 0.0376277899 0.8979251892 0.5064517909 
-84.1424291431 0.0375837701 0.8982036602 0.5063080327 
-84.1633586023 0.0375393517 0.8984843092 0.5061573668 
-84.1845008749 0.0374945310 0.8987671492 0.5059993697 
-84.2058583752 0.0374493044 0.8990521928 0.5058336138 
-84.2274335539 0.0374036682 0.8993394529 0.5056596743 
-84.2492288995 0.0373576185 0.8996289422 0.5054771398 
-84.2712469392 0.0373111517 0.8999206737 0.5052856431 
-84.2934902408 0.0372642639 0.9002146603 0.5050849822 
-84.3159614167 0.0372169512 0.9005109149 0.5048755708 
-84.3386631337 0.0371692097 0.9008094508 0.5046596753 
-84.3615981227 0.0371210352 0.9011102817 0.5044429536 
-84.3847691615 0.0370724236 0.9014134210 0.5042332818 
-84.4081790362 0.0370233710 0.9017188820 0.5040371196 
-84.4318305239 0.0369738732 0.9020266771 0.5038583092 
-84.4557263937 0.0369239262 0.9023368182 0.5036987603 
-84.4798694080 0.0368735262 0.9026493162 0.5035587607 
-84.5042623239 0.0368226693 0.9029641816 0.5034370893 
-84.5289078984 0.0367713517 0.9032814242 0.5033314475 
-84.5538088968 0.0367195697 0.9036010532 0.5032390133 
-84.5582824602 0.0367102735 0.9036585596 0.5032219132 
