-80.7323621630 0.0455106265 0.8403266885 0.3077050173 
-80.7326266694 0.0455099563 0.8403319087 0.3076875554 
-80.7331557271 0.0455086156 0.8403423495 0.3076527455 
-80.7339494265 0.0455066044 0.8403580120 0.3076008179 
-80.7350079026 0.0455039224 0.8403788976 0.3075321230 
-80.7363313349 0.0455005693 0.8404050084 0.3074471372 
-80.7379198913 0.0454965447 0.8404363456 0.3073213254 
-80.7397739927 0.0454918478 0.8404729153 0.3072151384 
-80.7418938832 0.0454864781 0.8405147197 0.3071029061 
-80.7442799006 0.0454804351 0.8405617620 0.3069847120 
-80.7469324186 0.0454737179 0.8406140462 0.3068606235 
-80.7498518471 0.0454663258 0.8406715763 0.3067306934 
-80.7530386317 0.0454582581 0.8407343567 0.3065949617 
-80.7564932545 0.0454495138 0.8408023921 0.3064534569 
-80.7602162337 0.0454400919 0.8408756875 0.3063061979 
-80.7642081235 0.0454299915 0.8409542481 0.3061531948 
-80.7684695148 0.0454192115 0.8410380794 0.3059944503 
-80.7730010350 0.0454077507 0.8411271873 0.3058299599 
-80.7778033480 0.0453956079 0.8412215779 0.3056597131 
-80.7828771546 0.0453827819 0.8413212576 0.3054836931 
-80.7882231925 0.0453692714 0.8414262330 0.3053018770 
-80.7938422367 0.0453550748 0.8415365111 0.3051142361 
-80.7997350994 0.0453401909 0.8416520992 0.3049207353 
-80.8059026303 0.0453246180 0.8417730047 0.3047213332 
-80.8123457171 0.0453083546 0.8418992353 0.3045159812 
-80.8190652852 0.0452913990 0.8420307992 0.3043046236 
-80.8260622984 0.0452737496 0.8421677046 0.3040871964 
-80.8333377591 0.0452554044 0.8423099601 0.3038636264 
-80.8408927082 0.0452363618 0.8424575745 0.3036338306 
-80.8487282260 0.0452166198 0.8426105570 0.3033977146 
-80.8568454320 0.0451961763 0.8427689168 0.3031551713 
-80.8652454856 0.0451750295 0.8429326637 0.3029060797 
-80.8739295860 0.0451531772 0.8431018074 0.3026503029 
-80.8828989732 0.0451306171 0.8432763582 0.3023876863 
-80.8921549279 0.0451073472 0.8434563263 0.3021180563 
-80.9016987719 0.0450833650 0.8436417224 0.3018412183 
-80.9115318691 0.0450586682 0.8438325574 0.3015569553 
-80.9216556254 0.0450332544 0.8440288424 0.3012650273 
-80.9320714894 0.0450071211 0.8442305888 0.3009651711 
-80.9427809528 0.0449802656 0.8444378082 0.3006571016 
-80.9537855515 0.0449526855 0.8446505125 0.3003405153 
-80.9650868653 0.0449243778 0.8448687138 0.3000150972 
-80.9766865194 0.0448953399 0.8450924244 0.2996805324 
-80.9885861844 0.0448655690 0.8453216570 0.2993365245 
-81.0007875773 0.0448350620 0.8455564244 0.2989828259 
-81.0132924620 0.0448038159 0.8457967397 0.2986192827 
-81.0261026500 0.0447718278 0.8460426162 0.2982459034 
-81.0392200011 0.0447390944 0.8462940675 0.2978629556 
-81.0526464237 0.0447056126 0.8465511074 0.2974710880 
-81.0663838750 0.0446713790 0.8468137499 0.2970714435 
-81.0804343608 0.0446363902 0.8470820092 0.2966656792 
-81.0876171473 0.0446185132 0.8472190040 0.2964598927 
-81.0951160693 0.0445998565 0.8473619302 0.2962458266 
-81.1029322219 0.0445804181 0.8475107952 0.2960238184 
-81.1110667462 0.0445601962 0.8476656067 0.2957941458 
-81.1195208300 0.0445391888 0.8478263726 0.2955570355 
-81.1282957079 0.0445173939 0.8479931010 0.2953126715 
-81.1373926608 0.0444948094 0.8481658004 0.2950612014 
-81.1468130172 0.0444714332 0.8483444793 0.2948027427 
-81.1565581524 0.0444472628 0.8485291467 0.2945373878 
-81.1666294898 0.0444222961 0.8487198114 0.2942652082 
-81.1770285005 0.0443965307 0.8489164829 0.2939862585 
-81.1877567038 0.0443699640 0.8491191704 0.2937005788 
-81.1988156680 0.0443425935 0.8493278837 0.2934081980 
-81.2102070102 0.0443144166 0.8495426327 0.2931091350 
-81.2219323971 0.0442854307 0.8497634272 0.2928034008 
-81.2339935456 0.0442556329 0.8499902776 0.2924909991 
-81.2463922225 0.0442250205 0.8502231942 0.2921719279 
-81.2591302460 0.0441935905 0.8504621875 0.2918461793 
-81.2722094854 0.0441613400 0.8507072683 0.2915137403 
-81.2856318620 0.0441282659 0.8509584473 0.2911745926 
-81.2993993496 0.0440943651 0.8512157355 0.2908287127 
-81.3135139748 0.0440596343 0.8514791441 0.2904760713 
-81.3279778182 0.0440240704 0.8517486844 0.2901166332 
-81.3427930141 0.0439876700 0.8520243676 0.2897503563 
-81.3579617521 0.0439504297 0.8523062054 0.2893771907 
-81.3734862770 0.0439123459 0.8525942093 0.2889970783 
-81.3893688897 0.0438734150 0.8528883911 0.2886099510 
-81.4056119481 0.0438336336 0.8531887624 0.2882157295 
-81.4222178676 0.0437929978 0.8534953353 0.2878143219 
-81.4391891218 0.0437515038 0.8538081217 0.2874056223 
-81.4565282436 0.0437091477 0.8541271337 0.2869895082 
-81.4742378256 0.0436659257 0.8544523832 0.2865658396 
-81.4923205212 0.0436218337 0.8547838826 0.2861344566 
-81.5107790453 0.0435768675 0.8551216439 0.2856951774 
-81.5296161754 0.0435310231 0.8554656794 0.2852477977 
-81.5488347524 0.0434842961 0.8558160013 0.2847920886 
-81.5684376817 0.0434366821 0.8561726220 0.2843277976 
-81.5884279339 0.0433881769 0.8565355537 0.2838546497 
-81.6088085462 0.0433387758 0.8569048087 0.2833723507 
-81.6295826235 0.0432884744 0.8572803992 0.2828805953 
-81.6507533391 0.0432372678 0.8576623375 0.2823790788 
-81.6723239364 0.0431851515 0.8580506359 0.2818675180 
-81.6942977297 0.0431321204 0.8584453064 0.2813456827 
-81.7166781054 0.0430781699 0.8588463613 0.2808134455 
-81.7394685237 0.0430232948 0.8592538126 0.2802708562 
-81.7626725190 0.0429674900 0.8596676723 0.2797182475 
-81.7862937016 0.0429107505 0.8600879522 0.2791563695 
-81.8103357584 0.0428530709 0.8605146643 0.2785865124 
-81.8348024533 0.0427944459 0.8609478201 0.2780105263 
-81.8475986544 0.0427638142 0.8611739339 0.2777113478 
-81.8608253621 0.0427321731 0.8614073474 0.2774019525 
-81.8744846582 0.0426995199 0.8616480660 0.2770826860 
-81.8885786963 0.0426658514 0.8618960948 0.2767538257 
-81.9031097018 0.0426311648 0.8621514394 0.2764155899 
-81.9180799726 0.0425954567 0.8624141052 0.2760681462 
-81.9334918799 0.0425587240 0.8626840976 0.2757116182 
-81.9493478687 0.0425209634 0.8629614220 0.2753460916 
-81.9656504588 0.0424821714 0.8632460839 0.2749716192 
-81.9824022455 0.0424423445 0.8635380886 0.2745882247 
-81.9996059002 0.0424014792 0.8638374417 0.2741959063 
-82.0172641719 0.0423595716 0.8641441483 0.2737946384 
-82.0353798873 0.0423166182 0.8644582138 0.2733843741 
-82.0539559526 0.0422726149 0.8647796434 0.2729650457 
-82.0729953537 0.0422275578 0.8651084422 0.2725365652 
-82.0925011581 0.0421814430 0.8654446152 0.2720988241 
-82.1124765152 0.0421342662 0.8657881673 0.2716516926 
-82.1329246579 0.0420860231 0.8661391033 0.2711950184 
-82.1538489036 0.0420367096 0.8664974278 0.2707286250 
-82.1752526556 0.0419863211 0.8668631453 0.2702523088 
-82.1971394042 0.0419348532 0.8672362601 0.2697658372 
-82.2195127277 0.0418823012 0.8676167764 0.2692689444 
-82.2423762945 0.0418286606 0.8680046980 0.2687613277 
-82.2657338639 0.0417739263 0.8684000286 0.2682426431 
-82.2895892878 0.0417180937 0.8688027718 0.2677124998 
-82.3139465120 0.0416611577 0.8692129306 0.2671704547 
-82.3388095782 0.0416031132 0.8696305082 0.2666160062 
-82.3641826252 0.0415439552 0.8700555071 0.2660485869 
-82.3900698909 0.0414836782 0.8704879296 0.2654675565 
-82.4164757138 0.0414222770 0.8709277778 0.2648721949 
-82.4434045352 0.0413597460 0.8713750535 0.2642616946 
-82.4708609006 0.0412960799 0.8718297578 0.2636351550 
-82.4988494623 0.0412312728 0.8722918918 0.2629915790 
-82.5273749809 0.0411653190 0.8727614561 0.2623298728 
-82.5564423281 0.0410982127 0.8732384508 0.2616488527 
-82.5860564882 0.0410299479 0.8737228756 0.2609472620 
-82.6162225609 0.0409605186 0.8742147297 0.2602238020 
-82.6469457637 0.0408899185 0.8747140120 0.2594771810 
-82.6782314340 0.0408181415 0.8752207209 0.2587061839 
-82.7100850318 0.0407451811 0.8757348539 0.2579097887 
-82.7425121427 0.0406710309 0.8762564086 0.2570876329 
-82.7755184826 0.0405956842 0.8767853814 0.2562428919 
-82.8091099108 0.0405191343 0.8773217690 0.2553924471 
-82.8432924268 0.0404413745 0.8778655670 0.2545701725 
-82.8780721329 0.0403623976 0.8784167702 0.2538032054 
-82.9134552167 0.0402821970 0.8789753718 0.2531035247 
-82.9494479567 0.0402007657 0.8795413633 0.2524727319 
-82.9860567266 0.0401180968 0.8801147349 0.2519033002 
-83.0232880056 0.0400341834 0.8806954752 0.2513813764 
-81.8469014311 0.0427654827 0.8611616053 0.2777273573 
-81.8594308073 0.0427355082 0.8613827217 0.2774339180 
-81.8723925544 0.0427045198 0.8616111744 0.2771305596 
-81.8857887161 0.0426725144 0.8618469683 0.2768175651 
-81.8996214074 0.0426394894 0.8620901088 0.2764951589 
-81.9138928156 0.0426054416 0.8623406008 0.2761635147 
-81.9286052005 0.0425703679 0.8625984497 0.2758227625 
-81.9437608953 0.0425342653 0.8628636607 0.2754729950 
-81.9593623073 0.0424971304 0.8631362389 0.2751142723 
-81.9754119188 0.0424589598 0.8634161896 0.2747466262 
-81.9919122874 0.0424197502 0.8637035180 0.2743700633 
-82.0088660474 0.0423794980 0.8639982292 0.2739845680 
-82.0262759105 0.0423381995 0.8643003284 0.2735901035 
-82.0441446665 0.0422958510 0.8646098207 0.2731866139 
-82.0624751846 0.0422524488 0.8649267110 0.2727740239 
-82.0812704142 0.0422079889 0.8652510042 0.2723522396 
-82.1005333860 0.0421624673 0.8655827052 0.2719211472 
-82.1202672129 0.0421158799 0.8659218186 0.2714806127 
-82.1404750915 0.0420682227 0.8662683491 0.2710304797 
-82.1611603030 0.0420194912 0.8666223011 0.2705705680 
-82.1823262144 0.0419696812 0.8669836788 0.2701006708 
-82.2039762797 0.0419187881 0.8673524865 0.2696205517 
-82.2261140414 0.0418668075 0.8677287280 0.2691299414 
-82.2487431318 0.0418137348 0.8681124071 0.2686285336 
-82.2718672744 0.0417595650 0.8685035273 0.2681159800 
-82.2954902849 0.0417042936 0.8689020918 0.2675918858 
-82.3196160736 0.0416479154 0.8693081039 0.2670558032 
-82.3442486462 0.0415904256 0.8697215661 0.2665072255 
-82.3693921056 0.0415318190 0.8701424811 0.2659455800 
-82.3950506539 0.0414720903 0.8705708510 0.2653702207 
-82.4212285939 0.0414112343 0.8710066778 0.2647804213 
-82.4479303308 0.0413492456 0.8714499629 0.2641753679 
-82.4751603745 0.0412861186 0.8719007075 0.2635541533 
-82.5029233412 0.0412218478 0.8723589126 0.2629157734 
-82.5312239557 0.0411564275 0.8728245784 0.2622591275 
-82.5600670535 0.0410898518 0.8732977052 0.2615830251 
-82.5894575830 0.0410221148 0.8737782924 0.2608862029 
-82.6194006076 0.0409532106 0.8742663392 0.2601673557 
-82.6499013087 0.0408831330 0.8747618443 0.2594251863 
-82.6809649873 0.0408118758 0.8752648060 0.2586584748 
-82.7125970670 0.0407394326 0.8757752219 0.2578661952 
-82.7448030966 0.0406657971 0.8762930892 0.2570479809 
-82.7775887558 0.0405909627 0.8768184046 0.2562070009 
-82.8109598665 0.0405149226 0.8773511644 0.2553601362 
-82.8449223917 0.0404376702 0.8778913643 0.2545412953 
-82.8794823962 0.0403591984 0.8784389991 0.2537776530 
-82.9146460304 0.0402795006 0.8789940619 0.2530812046 
-82.9504195350 0.0401985698 0.8795565441 0.2524535581 
-82.9868092461 0.0401163993 0.8801264359 0.2518871859 
-83.0238216045 0.0400329821 0.8807037260 0.2513682305 
-81.0876171473 0.0446185132 0.8472190040 0.2964598927 
-81.0951160693 0.0445998565 0.8473619302 0.2962458266 
-81.1029322219 0.0445804181 0.8475107952 0.2960238184 
-81.1110667462 0.0445601962 0.8476656067 0.2957941458 
-81.1195208300 0.0445391888 0.8478263726 0.2955570355 
-81.1282957079 0.0445173939 0.8479931010 0.2953126715 
-81.1373926608 0.0444948094 0.8481658004 0.2950612014 
-81.1468130172 0.0444714332 0.8483444793 0.2948027427 
-81.1565581524 0.0444472628 0.8485291467 0.2945373878 
-81.1666294898 0.0444222961 0.8487198114 0.2942652082 
-81.1770285005 0.0443965307 0.8489164829 0.2939862585 
-81.1877567038 0.0443699640 0.8491191704 0.2937005788 
-81.1988156679 0.0443425935 0.8493278837 0.2934081980 
-81.2102070102 0.0443144166 0.8495426327 0.2931091350 
-81.2219323971 0.0442854307 0.8497634272 0.2928034008 
-81.2339935455 0.0442556329 0.8499902776 0.2924909991 
-81.2463922225 0.0442250205 0.8502231942 0.2921719279 
-81.2591302460 0.0441935905 0.8504621875 0.2918461793 
-81.2722094854 0.0441613400 0.8507072683 0.2915137403 
-81.2856318620 0.0441282659 0.8509584473 0.2911745926 
-81.2993993495 0.0440943651 0.8512157355 0.2908287127 
-81.3135139748 0.0440596343 0.8514791441 0.2904760713 
-81.3279778181 0.0440240704 0.8517486844 0.2901166332 
-81.3427930141 0.0439876700 0.8520243676 0.2897503563 
-81.3579617521 0.0439504297 0.8523062054 0.2893771907 
-81.3734862770 0.0439123459 0.8525942093 0.2889970783 
-81.3893688897 0.0438734150 0.8528883911 0.2886099510 
-81.4056119481 0.0438336336 0.8531887624 0.2882157295 
-81.4222178676 0.0437929978 0.8534953353 0.2878143219 
-81.4391891218 0.0437515038 0.8538081217 0.2874056223 
-81.4565282436 0.0437091477 0.8541271337 0.2869895082 
-81.4742378256 0.0436659257 0.8544523832 0.2865658396 
-81.4923205212 0.0436218337 0.8547838826 0.2861344566 
-81.5107790453 0.0435768675 0.8551216439 0.2856951774 
-81.5296161754 0.0435310231 0.8554656794 0.2852477977 
-81.5488347524 0.0434842961 0.8558160013 0.2847920886 
-81.5684376816 0.0434366821 0.8561726220 0.2843277976 
-81.5884279338 0.0433881769 0.8565355537 0.2838546497 
-81.6088085462 0.0433387758 0.8569048087 0.2833723507 
-81.6295826235 0.0432884744 0.8572803992 0.2828805953 
-81.6507533391 0.0432372678 0.8576623375 0.2823790788 
-81.6723239364 0.0431851515 0.8580506359 0.2818675180 
-81.6942977296 0.0431321204 0.8584453064 0.2813456827 
-81.7166781054 0.0430781699 0.8588463613 0.2808134455 
-81.7394685236 0.0430232948 0.8592538126 0.2802708562 
-81.7626725189 0.0429674900 0.8596676723 0.2797182475 
-81.7862937016 0.0429107505 0.8600879522 0.2791563695 
-81.8103357584 0.0428530709 0.8605146643 0.2785865124 
-81.8348024532 0.0427944459 0.8609478201 0.2780105263 
-81.8469014311 0.0427654827 0.8611616053 0.2777273573 
-81.8594308073 0.0427355082 0.8613827217 0.2774339180 
-81.8723925544 0.0427045198 0.8616111744 0.2771305596 
-81.8857887161 0.0426725144 0.8618469683 0.2768175651 
-81.8996214074 0.0426394894 0.8620901088 0.2764951589 
-81.9138928156 0.0426054416 0.8623406008 0.2761635147 
-81.9286052004 0.0425703679 0.8625984497 0.2758227625 
-81.9437608953 0.0425342653 0.8628636607 0.2754729950 
-81.9593623073 0.0424971304 0.8631362389 0.2751142723 
-81.9754119188 0.0424589598 0.8634161896 0.2747466262 
-81.9919122874 0.0424197502 0.8637035180 0.2743700633 
-82.0088660474 0.0423794980 0.8639982292 0.2739845680 
-82.0262759105 0.0423381995 0.8643003284 0.2735901035 
-82.0441446665 0.0422958510 0.8646098207 0.2731866139 
-82.0624751846 0.0422524488 0.8649267110 0.2727740239 
-82.0812704142 0.0422079889 0.8652510042 0.2723522396 
-82.1005333860 0.0421624673 0.8655827052 0.2719211472 
-82.1202672129 0.0421158799 0.8659218186 0.2714806127 
-82.1404750915 0.0420682227 0.8662683491 0.2710304797 
-82.1611603030 0.0420194912 0.8666223011 0.2705705680 
-82.1823262143 0.0419696812 0.8669836788 0.2701006708 
-82.2039762796 0.0419187881 0.8673524865 0.2696205517 
-82.2261140414 0.0418668075 0.8677287280 0.2691299414 
-82.2487431318 0.0418137348 0.8681124071 0.2686285336 
-82.2718672744 0.0417595650 0.8685035273 0.2681159800 
-82.2954902849 0.0417042936 0.8689020918 0.2675918858 
-82.3196160736 0.0416479154 0.8693081039 0.2670558032 
-82.3442486462 0.0415904256 0.8697215661 0.2665072255 
-82.3693921056 0.0415318190 0.8701424811 0.2659455800 
-82.3950506539 0.0414720903 0.8705708510 0.2653702207 
-82.4212285939 0.0414112343 0.8710066778 0.2647804213 
-82.4479303308 0.0413492456 0.8714499629 0.2641753679 
-82.4751603745 0.0412861186 0.8719007075 0.2635541533 
-82.5029233412 0.0412218478 0.8723589126 0.2629157734 
-82.5312239557 0.0411564275 0.8728245784 0.2622591275 
-82.5600670535 0.0410898518 0.8732977052 0.2615830251 
-82.5894575829 0.0410221148 0.8737782924 0.2608862029 
-82.6194006076 0.0409532106 0.8742663392 0.2601673557 
-82.6499013087 0.0408831330 0.8747618443 0.2594251863 
-82.6809649872 0.0408118758 0.8752648060 0.2586584748 
-82.7125970670 0.0407394326 0.8757752219 0.2578661952 
-82.7448030966 0.0406657971 0.8762930892 0.2570479809 
-82.7775887558 0.0405909627 0.8768184046 0.2562070009 
-82.8109598665 0.0405149226 0.8773511644 0.2553601362 
-82.8449223917 0.0404376702 0.8778913643 0.2545412954 
-82.8794823962 0.0403591984 0.8784389991 0.2537776530 
-82.9146460304 0.0402795006 0.8789940619 0.2530812046 
-82.9504195350 0.0401985698 0.8795565441 0.2524535581 
-82.9868092461 0.0401163993 0.8801264359 0.2518871859 
-83.0238216045 0.0400329821 0.8807037260 0.2513682305 
-81.8475986544 0.0427638142 0.8611739339 0.2777113478 
-81.8608253620 0.0427321731 0.8614073474 0.2774019525 
-81.8744846582 0.0426995199 0.8616480660 0.2770826860 
-81.8885786963 0.0426658514 0.8618960948 0.2767538257 
-81.9031097018 0.0426311648 0.8621514394 0.2764155899 
-81.9180799726 0.0425954567 0.8624141052 0.2760681462 
-81.9334918798 0.0425587240 0.8626840976 0.2757116182 
-81.9493478686 0.0425209634 0.8629614220 0.2753460916 
-81.9656504588 0.0424821714 0.8632460839 0.2749716192 
-81.9824022454 0.0424423445 0.8635380886 0.2745882247 
-81.9996059002 0.0424014792 0.8638374417 0.2741959063 
-82.0172641719 0.0423595716 0.8641441483 0.2737946384 
-82.0353798873 0.0423166182 0.8644582138 0.2733843741 
-82.0539559525 0.0422726149 0.8647796434 0.2729650458 
-82.0729953537 0.0422275578 0.8651084422 0.2725365652 
-82.0925011580 0.0421814430 0.8654446152 0.2720988241 
-82.1124765151 0.0421342662 0.8657881673 0.2716516926 
-82.1329246578 0.0420860231 0.8661391033 0.2711950184 
-82.1538489036 0.0420367096 0.8664974278 0.2707286250 
-82.1752526556 0.0419863211 0.8668631453 0.2702523088 
-82.1971394041 0.0419348532 0.8672362601 0.2697658372 
-82.2195127277 0.0418823012 0.8676167764 0.2692689444 
-82.2423762945 0.0418286606 0.8680046980 0.2687613277 
-82.2657338639 0.0417739263 0.8684000286 0.2682426431 
-82.2895892877 0.0417180937 0.8688027718 0.2677124998 
-82.3139465120 0.0416611577 0.8692129306 0.2671704547 
-82.3388095782 0.0416031132 0.8696305082 0.2666160062 
-82.3641826252 0.0415439552 0.8700555071 0.2660485869 
-82.3900698909 0.0414836782 0.8704879296 0.2654675565 
-82.4164757138 0.0414222770 0.8709277778 0.2648721949 
-82.4434045351 0.0413597460 0.8713750535 0.2642616946 
-82.4708609005 0.0412960799 0.8718297578 0.2636351550 
-82.4988494622 0.0412312728 0.8722918918 0.2629915790 
-82.5273749809 0.0411653190 0.8727614561 0.2623298728 
-82.5564423281 0.0410982127 0.8732384508 0.2616488527 
-82.5860564881 0.0410299479 0.8737228756 0.2609472620 
-82.6162225609 0.0409605186 0.8742147297 0.2602238020 
-82.6469457636 0.0408899185 0.8747140120 0.2594771810 
-82.6782314339 0.0408181415 0.8752207209 0.2587061839 
-82.7100850318 0.0407451811 0.8757348539 0.2579097887 
-82.7425121426 0.0406710309 0.8762564086 0.2570876329 
-82.7755184826 0.0405956842 0.8767853814 0.2562428919 
-82.8091099107 0.0405191343 0.8773217690 0.2553924471 
-82.8432924268 0.0404413745 0.8778655670 0.2545701725 
-82.8780721328 0.0403623977 0.8784167702 0.2538032054 
-82.9134552167 0.0402821970 0.8789753718 0.2531035247 
-82.9494479566 0.0402007657 0.8795413633 0.2524727319 
-82.9860567265 0.0401180968 0.8801147349 0.2519033002 
-83.0232880055 0.0400341834 0.8806954752 0.2513813764 
-83.0267999036 0.0400262765 0.8807501696 0.2513521151 
-83.0273238822 0.0400250970 0.8807582676 0.2513390981 
-83.0273238822 0.0400250970 0.8807582676 0.2513390981 
-83.0267999035 0.0400262765 0.8807501696 0.2513521151 
