-82.7136414421 0.0407340867 0.8772583187 0.5022970040 
-82.7143399761 0.0407324888 0.8772692577 0.5022806896 
-82.7157377802 0.0407292916 0.8772911453 0.5022477893 
-82.7178363310 0.0407244919 0.8773240002 0.5021978291 
-82.7206378534 0.0407180853 0.8773678509 0.5021302647 
-82.7241453314 0.0407100655 0.8774227356 0.5020446615 
-82.7283623537 0.0407004254 0.8774886995 0.5019222569 
-82.7332942205 0.0406891538 0.8775658133 0.5018260014 
-82.7389457286 0.0406762409 0.8776541362 0.5017348211 
-82.7453223407 0.0406616759 0.8777537352 0.5016473452 
-82.7524300379 0.0406454466 0.8778646827 0.5015625123 
-82.7602753379 0.0406275401 0.8779870566 0.5014794799 
-82.7688653102 0.0406079422 0.8781209404 0.5013975451 
-82.7782075917 0.0405866378 0.8782664236 0.5013160773 
-82.7883104006 0.0405636107 0.8784236012 0.5012344594 
-82.7991825518 0.0405388434 0.8785925747 0.5011520359 
-82.8108334731 0.0405123176 0.8787734512 0.5010680645 
-82.8232732232 0.0404840135 0.8789663445 0.5009816677 
-82.8365125114 0.0404539103 0.8791713744 0.5008917880 
-82.8505627213 0.0404219857 0.8793886673 0.5007971509 
-82.8654359371 0.0403882165 0.8796183564 0.5006962519 
-82.8811449742 0.0403525778 0.8798605820 0.5005874012 
-82.8977034137 0.0403150435 0.8801154914 0.5004689053 
-82.9151256407 0.0402755860 0.8803832399 0.5003395521 
-82.9334268822 0.0402341760 0.8806639903 0.5001997567 
-82.9526232351 0.0401907829 0.8809579138 0.5000536377 
-82.9626774244 0.0401680728 0.8811116356 0.4999798424 
-82.9736524320 0.0401432962 0.8812792910 0.4999010581 
-82.9855578702 0.0401164349 0.8814609790 0.4998185891 
-82.9984041314 0.0400874696 0.8816568056 0.4997332620 
-83.0122023907 0.0400563791 0.8818668836 0.4996455663 
-83.0269646125 0.0400231412 0.8820913326 0.4995557573 
-83.0427035610 0.0399877321 0.8823302790 0.4994639288 
-83.0594328130 0.0399501268 0.8825838555 0.4993700609 
-83.0771667730 0.0399102986 0.8828522013 0.4992740477 
-83.0959206901 0.0398682195 0.8831354622 0.4991757112 
-83.1157106772 0.0398238602 0.8834337902 0.4990748037 
-83.1365537310 0.0397771897 0.8837473435 0.4989710010 
-83.1584677545 0.0397281755 0.8840762867 0.4988638886 
-83.1814715821 0.0396767839 0.8844207904 0.4987529405 
-83.2055850061 0.0396229792 0.8847810314 0.4986374907 
-83.2308288063 0.0395667245 0.8851571925 0.4985167000 
-83.2572247836 0.0395079812 0.8855494625 0.4983895192 
-83.2847957958 0.0394467088 0.8859580363 0.4982546572 
-83.3135657993 0.0393828656 0.8863831150 0.4981105702 
-83.3435598942 0.0393164076 0.8868249054 0.4979555088 
-83.3748043751 0.0392472893 0.8872836209 0.4977877003 
-83.4073267852 0.0391754633 0.8877594809 0.4976058410 
-83.4411559725 0.0391008803 0.8882527111 0.4974102575 
-83.4763221361 0.0390234888 0.8887635434 0.4972050107 
-83.4956296952 0.0389810580 0.8890432730 0.4970942691 
-83.5163230616 0.0389356290 0.8893424968 0.4969747051 
-83.5384208093 0.0388871708 0.8896613469 0.4968474274 
-83.5619427937 0.0388356505 0.8899999626 0.4967130019 
-83.5869101695 0.0387810334 0.8903584895 0.4965715791 
-83.6133454166 0.0387232826 0.8907370795 0.4964229803 
-83.6412723695 0.0386623593 0.8911358903 0.4962667478 
-83.6707162530 0.0385982228 0.8915550856 0.4961021630 
-83.7017037211 0.0385308302 0.8919948341 0.4959282354 
-83.7342629015 0.0384601366 0.8924553102 0.4957436644 
-83.7684234452 0.0383860951 0.8929366929 0.4955467736 
-83.8042165815 0.0383086565 0.8934391664 0.4953354138 
-83.8416751809 0.0382277695 0.8939629192 0.4951068297 
-83.8808338255 0.0381433805 0.8945081446 0.4948574849 
-83.9217288903 0.0380554335 0.8950750402 0.4945828360 
-83.9643986368 0.0379638702 0.8956638081 0.4942770582 
-84.0088833222 0.0378686295 0.8962746553 0.4939327409 
-84.0552253279 0.0377696476 0.8969077934 0.4935406257 
-84.1034693108 0.0376668580 0.8975634397 0.4930895559 
-84.1536623799 0.0375601907 0.8982418174 0.4925669203 
-84.2058543277 0.0374495724 0.8989431573 0.4919644589 
-84.2600982532 0.0373349250 0.8996677043 0.4913427812 
-84.3164499177 0.0372161674 0.9004157054 0.4908251072 
-84.3749653443 0.0370932205 0.9011873750 0.4904372384 
-83.4935492515 0.0389856283 0.8890130271 0.4971055278 
-83.5121603396 0.0389447642 0.8892821117 0.4969972751 
-83.5321721264 0.0389008686 0.8895709168 0.4968814280 
-83.5536026064 0.0388539118 0.8898795689 0.4967586307 
-83.5764710588 0.0388038618 0.8902082013 0.4966291273 
-83.6007980687 0.0387506850 0.8905569540 0.4964928532 
-83.6266055540 0.0386943456 0.8909259731 0.4963494915 
-83.6539167963 0.0386348058 0.8913154109 0.4961984996 
-83.6827564761 0.0385720259 0.8917254253 0.4960391090 
-83.7131507122 0.0385059641 0.8921561798 0.4958703019 
-83.7451271056 0.0384365763 0.8926078435 0.4956907640 
-83.7787147883 0.0383638167 0.8930805904 0.4954988128 
-83.8139444786 0.0382876370 0.8935745995 0.4952922970 
-83.8508485428 0.0382079868 0.8940900546 0.4950684611 
-83.8894610652 0.0381248134 0.8946271442 0.4948237683 
-83.9298179289 0.0380380618 0.8951860613 0.4945536747 
-83.9719569089 0.0379476743 0.8957670036 0.4942523546 
-84.0159177805 0.0378535910 0.8963701738 0.4939123963 
-84.0617424479 0.0377557488 0.8969957793 0.4935245408 
-84.1094750942 0.0376540819 0.8976440334 0.4930776326 
-84.1591623577 0.0375485213 0.8983151556 0.4925590605 
-84.2108535631 0.0374389944 0.8990093730 0.4919605532 
-84.2646013440 0.0373254239 0.8997269268 0.4913427953 
-84.3204609989 0.0372077294 0.9004680611 0.4908292116 
-84.3784880850 0.0370858326 0.9012329869 0.4904455582 
-82.9626774244 0.0401680728 0.8811116356 0.4999798424 
-82.9736524320 0.0401432962 0.8812792910 0.4999010581 
-82.9855578702 0.0401164349 0.8814609790 0.4998185891 
-82.9984041314 0.0400874696 0.8816568056 0.4997332620 
-83.0122023907 0.0400563791 0.8818668836 0.4996455663 
-83.0269646125 0.0400231412 0.8820913326 0.4995557573 
-83.0427035610 0.0399877321 0.8823302790 0.4994639288 
-83.0594328130 0.0399501268 0.8825838555 0.4993700609 
-83.0771667730 0.0399102986 0.8828522013 0.4992740477 
-83.0959206901 0.0398682195 0.8831354622 0.4991757112 
-83.1157106772 0.0398238602 0.8834337902 0.4990748037 
-83.1365537310 0.0397771897 0.8837473435 0.4989710010 
-83.1584677545 0.0397281755 0.8840762867 0.4988638886 
-83.1814715821 0.0396767839 0.8844207904 0.4987529405 
-83.2055850061 0.0396229792 0.8847810314 0.4986374907 
-83.2308288063 0.0395667245 0.8851571925 0.4985167000 
-83.2572247836 0.0395079812 0.8855494625 0.4983895192 
-83.2847957958 0.0394467088 0.8859580363 0.4982546572 
-83.3135657993 0.0393828656 0.8863831150 0.4981105702 
-83.3435598942 0.0393164076 0.8868249054 0.4979555088 
-83.3748043751 0.0392472893 0.8872836209 0.4977877003 
-83.4073267852 0.0391754633 0.8877594809 0.4976058410 
-83.4411559725 0.0391008803 0.8882527111 0.4974102575 
-83.4763221361 0.0390234888 0.8887635434 0.4972050107 
-83.4935492515 0.0389856283 0.8890130271 0.4971055278 
-83.5121603396 0.0389447642 0.8892821117 0.4969972751 
-83.5321721264 0.0389008686 0.8895709168 0.4968814280 
-83.5536026064 0.0388539118 0.8898795689 0.4967586307 
-83.5764710588 0.0388038618 0.8902082013 0.4966291273 
-83.6007980687 0.0387506850 0.8905569540 0.4964928532 
-83.6266055540 0.0386943456 0.8909259731 0.4963494915 
-83.6539167963 0.0386348058 0.8913154109 0.4961984996 
-83.6827564761 0.0385720259 0.8917254253 0.4960391090 
-83.7131507122 0.0385059641 0.8921561798 0.4958703019 
-83.7451271056 0.0384365763 0.8926078435 0.4956907640 
-83.7787147883 0.0383638167 0.8930805904 0.4954988128 
-83.8139444786 0.0382876370 0.8935745995 0.4952922970 
-83.8508485428 0.0382079868 0.8940900546 0.4950684611 
-83.8894610652 0.0381248134 0.8946271442 0.4948237683 
-83.9298179289 0.0380380618 0.8951860613 0.4945536747 
-83.9719569089 0.0379476743 0.8957670036 0.4942523546 
-84.0159177805 0.0378535910 0.8963701738 0.4939123963 
-84.0617424479 0.0377557488 0.8969957793 0.4935245408 
-84.1094750942 0.0376540819 0.8976440334 0.4930776326 
-84.1591623577 0.0375485213 0.8983151556 0.4925590605 
-84.2108535631 0.0374389944 0.8990093730 0.4919605532 
-84.2646013440 0.0373254239 0.8997269268 0.4913427953 
-84.3204609989 0.0372077294 0.9004680611 0.4908292116 
-84.3784880850 0.0370858326 0.9012329869 0.4904455582 
-83.4956296952 0.0389810580 0.8890432730 0.4970942691 
-83.5163230615 0.0389356290 0.8893424968 0.4969747051 
-83.5384208093 0.0388871708 0.8896613469 0.4968474274 
-83.5619427937 0.0388356505 0.8899999626 0.4967130019 
-83.5869101695 0.0387810334 0.8903584895 0.4965715791 
-83.6133454166 0.0387232826 0.8907370795 0.4964229803 
-83.6412723695 0.0386623593 0.8911358903 0.4962667478 
-83.6707162530 0.0385982228 0.8915550856 0.4961021630 
-83.7017037211 0.0385308302 0.8919948341 0.4959282354 
-83.7342629015 0.0384601366 0.8924553102 0.4957436644 
-83.7684234452 0.0383860951 0.8929366929 0.4955467736 
-83.8042165815 0.0383086565 0.8934391664 0.4953354138 
-83.8416751809 0.0382277695 0.8939629192 0.4951068297 
-83.8808338255 0.0381433805 0.8945081446 0.4948574849 
-83.9217288903 0.0380554335 0.8950750402 0.4945828360 
-83.9643986368 0.0379638702 0.8956638081 0.4942770582 
-84.0088833222 0.0378686295 0.8962746553 0.4939327409 
-84.0552253279 0.0377696476 0.8969077934 0.4935406257 
-84.1034693108 0.0376668580 0.8975634397 0.4930895559 
-84.1536623799 0.0375601907 0.8982418174 0.4925669203 
-84.2058543277 0.0374495724 0.8989431573 0.4919644589 
-84.2600982532 0.0373349250 0.8996677043 0.4913427812 
-84.3164499177 0.0372161674 0.9004157054 0.4908251072 
-84.3749653443 0.0370932205 0.9011873750 0.4904372384 
-84.3795038825 0.0370837001 0.9012471232 0.4904142140 
-84.3830053293 0.0370763585 0.9012924324 0.4904227199 
-84.3830053293 0.0370763585 0.9012924324 0.4904227199 
-84.3795038825 0.0370837001 0.9012471232 0.4904142140 
