-84.1525599079 0.0008191390 0.9957522540 0.9998724520 0.0000159631 0.9991935366 0.9016512368 0.9674118510 0.6336313733 0.0011131461 0.0429792655 0.1074100956 0.0001192436 0.9660425330 0.5931682909 0.0003281265 0.0464514297 0.9524299871 0.8368720814 0.8798721490 0.7565443494 0.0001335247 1.4746700962 1.4676489517 1.5283234440 0.0001333163 11.5083802265 11.5080669278 11.5080771110 136.4282107851 0.0000705309 0.0004365929 0.9894243878 0.5346169286 0.1814464687 0.0121012841
-84.1525030183 0.0008191469 0.9957521997 0.9998724502 0.0000159632 0.9991935317 0.9016830832 0.9674107695 0.6336496174 0.0011131507 0.0429719117 0.1073453321 0.0001192443 0.9660485613 0.5933247686 0.0003281292 0.0464517890 0.9524422405 0.8368738781 0.8798989899 0.7565588449 0.0001335279 1.4746479744 1.4676282560 1.5283195182 0.0001333183 11.5083223602 11.5080090843 11.5080192678 136.4282142369 0.0000705363 0.0004365964 0.9894244302 0.5346232561 0.1814576069 0.0121026556
-84.1523893216 0.0008191627 0.9957520911 0.9998724466 0.0000159635 0.9991935218 0.9017462855 0.9674086066 0.6336861077 0.0011131599 0.0429572799 0.1072160563 0.0001192456 0.9660606232 0.5936374231 0.0003281345 0.0464525070 0.9524666358 0.8368775663 0.8799523273 0.7565881048 0.0001335343 1.4746043203 1.4675873248 1.5283118790 0.0001333224 11.5082173048 11.5079040736 11.5079142577 136.4282211452 0.0000705470 0.0004366035 0.9894245152 0.5346359663 0.1814797906 0.0121053866
-84.1522189804 0.0008191865 0.9957519284 0.9998724412 0.0000159638 0.9991935069 0.9018398206 0.9674053522 0.6337410793 0.0011131737 0.0429355078 0.1070226479 0.0001192476 0.9660787298 0.5941059205 0.0003281425 0.0464535829 0.9525029348 0.8368833248 0.8800314951 0.7566326411 0.0001335440 1.4745400692 1.4675268387 1.5283009282 0.0001333287 11.5080858905 11.5077727236 11.5077829087 136.4282315351 0.0000705630 0.0004366141 0.9894246432 0.5346552795 0.1815128607 0.0121094693
-84.1519922312 0.0008192181 0.9957517118 0.9998724341 0.0000159643 0.9991934872 0.9019620685 0.9674009826 0.6338153319 0.0011131920 0.0429067655 0.1067653128 0.0001192502 0.9661028974 0.5947304994 0.0003281531 0.0464550150 0.9525507522 0.8368913908 0.8801355603 0.7566931492 0.0001335573 1.4744563936 1.4674475800 1.5282872371 0.0001333373 11.5079558296 11.5076427445 11.5076529308 136.4282454800 0.0000705842 0.0004366282 0.9894248150 0.5346815788 0.1815566419 0.0121149061
-84.1517079512 0.0008192575 0.9957514416 0.9998724252 0.0000159648 0.9991934626 0.9021108550 0.9673954886 0.6339103357 0.0011132150 0.0428712110 0.1064435320 0.0001192534 0.9661331489 0.5955130163 0.0003281663 0.0464568017 0.9526095479 0.8369020158 0.8802634148 0.7567703940 0.0001335742 1.4743550029 1.4673508419 1.5282714938 0.0001333483 11.5078518244 11.5075388359 11.5075490238 136.4219509931 0.0000706105 0.0004366458 0.9894250315 0.5347149962 0.1816110107 0.0121216739
-84.1513704610 0.0008193045 0.9957511190 0.9998724145 0.0000159655 0.9991934331 0.9023010355 0.9673893544 0.6340079854 0.0011132423 0.0428320493 0.1060834522 0.0001192573 0.9661694505 0.5963978056 0.0003281821 0.0464589344 0.9526755760 0.8369132253 0.8804086721 0.7568536761 0.0001335920 1.4742474415 1.4672488737 1.5282545450 0.0001333601 11.5077992936 11.5074864009 11.5074965903 136.4219701943 0.0000706382 0.0004366668 0.9894252955 0.5347501064 0.1816680730 0.0121286339
-84.1509786889 0.0008193592 0.9957507445 0.9998724022 0.0000159663 0.9991933990 0.9025332699 0.9673826813 0.6341081382 0.0011132741 0.0427893929 0.1056871437 0.0001192619 0.9662118333 0.5973812608 0.0003282004 0.0464614107 0.9527489556 0.8369249731 0.8805715718 0.7569429139 0.0001336099 1.4741357356 1.4671438499 1.5282363297 0.0001333720 11.5077867953 11.5074739973 11.5074841881 136.4219909037 0.0000706664 0.0004366912 0.9894256083 0.5347854332 0.1817278772 0.0121356180
-84.1505329761 0.0008194213 0.9957503183 0.9998723881 0.0000159672 0.9991933601 0.9028081934 0.9673755632 0.6342107191 0.0011133102 0.0427433204 0.1052562972 0.0001192670 0.9662603327 0.5984607013 0.0003282213 0.0464642287 0.9528298474 0.8369372282 0.8807524219 0.7570380921 0.0001336273 1.4740215194 1.4670375149 1.5282167739 0.0001333836 11.5077952547 11.5074825510 11.5074927432 136.4220130838 0.0000706947 0.0004367190 0.9894259711 0.5348195889 0.1817904868 0.0121424890
-84.1500336548 0.0008194910 0.9957498407 0.9998723724 0.0000159683 0.9991933165 0.9031263723 0.9673680593 0.6343157991 0.0011133507 0.0426938904 0.1047923704 0.0001192728 0.9663149879 0.5996340479 0.0003282447 0.0464673863 0.9529184260 0.8369499763 0.8809515442 0.7571392512 0.0001336436 1.4739061311 1.4669312420 1.5281958517 0.0001333947 11.5078176761 11.5075050664 11.5075152598 136.4220367053 0.0000707225 0.0004367501 0.9894263849 0.5348516225 0.1818559688 0.0121491410
-84.1494810443 0.0008195681 0.9957493120 0.9998723549 0.0000159694 0.9991932683 0.9034882872 0.9673602111 0.6344236303 0.0011133955 0.0426411449 0.1042966160 0.0001192792 0.9663758420 0.6008997518 0.0003282706 0.0464708816 0.9530148637 0.8369632181 0.8811692568 0.7572464782 0.0001336584 1.4737905647 1.4668260332 1.5281735407 0.0001334048 11.5078477269 11.5075352110 11.5075454054 136.4220617444 0.0000707495 0.0004367846 0.9894268512 0.5348808053 0.1819243919 0.0121554965
-84.1488754517 0.0008196527 0.9957487325 0.9998723358 0.0000159706 0.9991932154 0.9038943216 0.9673520434 0.6345346487 0.0011134447 0.0425851133 0.1037701359 0.0001192862 0.9664429416 0.6022566624 0.0003282989 0.0464747126 0.9531193220 0.8369769647 0.8814058688 0.7573598974 0.0001336716 1.4736755226 1.4667225821 1.5281498219 0.0001334140 11.5078813970 11.5075689745 11.5075791698 136.4220881833 0.0000707755 0.0004368223 0.9894273711 0.5349066134 0.1819958238 0.0121615020
-84.1482171726 0.0008197446 0.9957481024 0.9998723150 0.0000159720 0.9991931578 0.9043447626 0.9673435643 0.6346494556 0.0011134981 0.0425258157 0.1032139201 0.0001192938 0.9665163366 0.6037039294 0.0003283298 0.0464788776 0.9532319489 0.8369912348 0.8816616811 0.7574796624 0.0001336830 1.4735615164 1.4666213669 1.5281246912 0.0001334220 11.5079195981 11.5076072687 11.5076174647 136.4221160106 0.0000708002 0.0004368633 0.9894279460 0.5349287360 0.1820703298 0.0121671218
-84.1475064868 0.0008198438 0.9957474221 0.9998722926 0.0000159734 0.9991930957 0.9048398231 0.9673347845 0.6347687919 0.0011135557 0.0424632616 0.1026288334 0.0001193021 0.9665960804 0.6052410273 0.0003283631 0.0464833749 0.9533528823 0.8370060510 0.8819369964 0.7576059494 0.0001336923 1.4734488521 1.4665226792 1.5280981179 0.0001334288 11.5079551979 11.5076429618 11.5076531582 136.4221452165 0.0000708237 0.0004369077 0.9894285772 0.5349468196 0.1821479753 0.0121723316
-84.1467436642 0.0008199503 0.9957466916 0.9998722685 0.0000159750 0.9991930290 0.9053796267 0.9673256967 0.6348935276 0.0011136176 0.0423974584 0.1020157240 0.0001193109 0.9666822290 0.6068674979 0.0003283989 0.0464882029 0.9534822503 0.8370214388 0.8822321163 0.7577389512 0.0001336995 1.4733376985 1.4664266597 1.5280700856 0.0001334343 11.5079899489 11.5076778059 11.5076880026 136.4221757939 0.0000708459 0.0004369552 0.9894292660 0.5349607482 0.1822288195 0.0121771207
-84.1459289623 0.0008200641 0.9957459114 0.9998722427 0.0000159767 0.9991929577 0.9059642225 0.9673162889 0.6350246253 0.0011136838 0.0423284089 0.1013753919 0.0001193203 0.9667748413 0.6085830076 0.0003284370 0.0464933600 0.9536201747 0.8370374245 0.8825473461 0.7578788731 0.0001337046 1.4732281493 1.4663333753 1.5280405761 0.0001334386 11.5080267283 11.5077146781 11.5077248748 136.4222077367 0.0000708666 0.0004370061 0.9894300139 0.5349704640 0.1823129188 0.0121814838
-84.1450626237 0.0008201852 0.9957450815 0.9998722153 0.0000159784 0.9991928819 0.9065936124 0.9673065589 0.6351631191 0.0011137541 0.0422561090 0.1007085573 0.0001193303 0.9668739788 0.6103874185 0.0003284777 0.0464988448 0.9537667748 0.8370540344 0.8828830030 0.7580259296 0.0001337075 1.4731202040 1.4662428312 1.5280095415 0.0001334415 11.5080599372 11.5077479801 11.5077581766 136.4222410363 0.0000708860 0.0004370601 0.9894308223 0.5349757852 0.1824003302 0.0121854179
-84.1441448812 0.0008203134 0.9957442021 0.9998721863 0.0000159803 0.9991928016 0.9072677337 0.9672964909 0.6353101136 0.0011138286 0.0421805545 0.1000159535 0.0001193410 0.9669797052 0.6122805643 0.0003285207 0.0465046560 0.9539221674 0.8370712945 0.8832394120 0.7581803425 0.0001337082 1.4730137704 1.4661549488 1.5279769360 0.0001334431 11.5080915251 11.5077796612 11.5077898573 136.4222756841 0.0000709040 0.0004371174 0.9894316926 0.5349767091 0.1824911058 0.0121889271
-84.1431759562 0.0008204488 0.9957432735 0.9998721557 0.0000159823 0.9991927168 0.9079864693 0.9672860680 0.6354667541 0.0011139073 0.0421017388 0.0992982942 0.0001193522 0.9670920863 0.6142623141 0.0003285662 0.0465107922 0.9540864684 0.8370892303 0.8836169075 0.7583423394 0.0001337067 1.4729087615 1.4660696578 1.5279427164 0.0001334434 11.5081254404 11.5078136695 11.5078238650 136.4223116715 0.0000709206 0.0004371778 0.9894326265 0.5349732574 0.1825852955 0.0121920153
-84.1421560553 0.0008205914 0.9957422959 0.9998721234 0.0000159844 0.9991926275 0.9087496740 0.9672752874 0.6356342194 0.0011139901 0.0420196490 0.0985562267 0.0001193640 0.9672111894 0.6163326826 0.0003286140 0.0465172523 0.9542597960 0.8371078658 0.8840158407 0.7585121535 0.0001337030 1.4728050221 1.4659868668 1.5279067981 0.0001334423 11.5081548948 11.5078432175 11.5078534121 136.4223489867 0.0000709358 0.0004372415 0.9894336255 0.5349652623 0.1826829513 0.0121946843
-84.1410853776 0.0008207411 0.9957412693 0.9998720895 0.0000159866 0.9991925337 0.9095571458 0.9672641284 0.6358137236 0.0011140770 0.0419342743 0.0977904424 0.0001193764 0.9673370833 0.6184915616 0.0003286642 0.0465240351 0.9544422684 0.8371272246 0.8844365715 0.7586900234 0.0001336969 1.4727023798 1.4659064608 1.5278691181 0.0001334398 11.5081864434 11.5078748595 11.5078850530 136.4223876201 0.0000709497 0.0004373083 0.9894346911 0.5349528054 0.1827841201 0.0121969403
-84.1399641074 0.0008208979 0.9957401939 0.9998720540 0.0000159889 0.9991924355 0.9104086534 0.9672525886 0.6360065039 0.0011141681 0.0418455989 0.0970015825 0.0001193894 0.9674698378 0.6207389389 0.0003287169 0.0465311397 0.9546340069 0.8371473289 0.8848794768 0.7588761935 0.0001336886 1.4726006116 1.4658283247 1.5278295685 0.0001334360 11.5082137662 11.5079022763 11.5079124683 136.4224275584 0.0000709622 0.0004373783 0.9894358251 0.5349357286 0.1828888508 0.0121987853
-84.1387924214 0.0008210618 0.9957390699 0.9998720169 0.0000159913 0.9991923329 0.9113039051 0.9672406494 0.6362138291 0.0011142632 0.0417536098 0.0961903404 0.0001194030 0.9676095229 0.6230746438 0.0003287719 0.0465385649 0.9548351339 0.8371682005 0.8853449421 0.7590709147 0.0001336780 1.4724995005 1.4657523414 1.5277880631 0.0001334307 11.5082431437 11.5079317476 11.5079419381 136.4224687901 0.0000709734 0.0004374515 0.9894370292 0.5349140983 0.1829971876 0.0122002240
-84.1375704820 0.0008212328 0.9957378974 0.9998719781 0.0000159938 0.9991922258 0.9122425742 0.9672283103 0.6364369920 0.0011143625 0.0416582897 0.0953573701 0.0001194171 0.9677562090 0.6254985625 0.0003288292 0.0465463099 0.9550457753 0.8371898604 0.8858333690 0.7592744457 0.0001336650 1.4723987932 1.4656784070 1.5277444733 0.0001334239 11.5082682586 11.5079569568 11.5079671454 136.4225113003 0.0000709832 0.0004375278 0.9894383051 0.5348877416 0.1831091766 0.0122012564
-84.1362984444 0.0008214108 0.9957366766 0.9998719378 0.0000159964 0.9991921144 0.9132242623 0.9672155545 0.6366773234 0.0011144659 0.0415596251 0.0945033867 0.0001194319 0.9679099659 0.6280103817 0.0003288890 0.0465543740 0.9552660580 0.8372123293 0.8863451661 0.7594870533 0.0001336496 1.4722982176 1.4656064022 1.5276986859 0.0001334157 11.5082955373 11.5079843297 11.5079945162 136.4225550757 0.0000709918 0.0004376073 0.9894396548 0.5348567166 0.1832248595 0.0122018857
-84.1349764494 0.0008215958 0.9957354074 0.9998718959 0.0000159991 0.9991919985 0.9142485259 0.9672023849 0.6369361850 0.0011145733 0.0414575993 0.0936290705 0.0001194472 0.9680708624 0.6306098180 0.0003289510 0.0465627563 0.9554961122 0.8372356277 0.8868807560 0.7597090140 0.0001336318 1.4721975073 1.4655362532 1.5276505520 0.0001334059 11.5083182575 11.5080071444 11.5080173285 136.4226000994 0.0000709990 0.0004376899 0.9894410802 0.5348208205 0.1833442798 0.0122021084
-84.1336046310 0.0008217879 0.9957340900 0.9998718524 0.0000160019 0.9991918783 0.9153148361 0.9671887866 0.6372149866 0.0011146847 0.0413522004 0.0927351709 0.0001194631 0.9682389655 0.6332963456 0.0003290155 0.0465714561 0.9557360686 0.8372597767 0.8874405648 0.7599406150 0.0001336116 1.4720963638 1.4654678654 1.5275999349 0.0001333946 11.5083433309 11.5080323119 11.5080424935 136.4226463561 0.0000710048 0.0004377756 0.9894425832 0.5347800963 0.1834674761 0.0122019247
-84.1321831091 0.0008219869 0.9957327245 0.9998718072 0.0000160049 0.9991917537 0.9164226103 0.9671747626 0.6375151766 0.0011148003 0.0412434144 0.0918224014 0.0001194796 0.9684143403 0.6360694552 0.0003290823 0.0465804730 0.9559860606 0.8372847974 0.8880250294 0.7601821557 0.0001335889 1.4719945260 1.4654012140 1.5275466722 0.0001333816 11.5083665409 11.5080556161 11.5080657948 136.4226938272 0.0000710093 0.0004378645 0.9894441659 0.5347343575 0.1835944894 0.0122013268
-84.1307119933 0.0008221930 0.9957313110 0.9998717605 0.0000160079 0.9991916248 0.9175711859 0.9671603119 0.6378382632 0.0011149198 0.0411312310 0.0908915162 0.0001194967 0.9685970488 0.6389284539 0.0003291514 0.0465898063 0.9562462231 0.8373107123 0.8886345917 0.7604339487 0.0001335635 1.4718916578 1.4653362364 1.5274905849 0.0001333668 11.5083862017 11.5080753708 11.5080855465 136.4227424929 0.0000710123 0.0004379565 0.9894458306 0.5346834764 0.1837253581 0.0122003093
-84.1291913841 0.0008224061 0.9957298494 0.9998717122 0.0000160110 0.9991914916 0.9187597977 0.9671454258 0.6381858233 0.0011150434 0.0410156462 0.0899433290 0.0001195143 0.9687871489 0.6418723962 0.0003292229 0.0465994556 0.9565166904 0.8373375447 0.8892696926 0.7606963209 0.0001335356 1.4717874504 1.4652728973 1.5274315067 0.0001333503 11.5084071696 11.5080964320 11.5081066042 136.4227923329 0.0000710139 0.0004380516 0.9894475794 0.5346274307 0.1838601170 0.0121988666
-84.1276213678 0.0008226261 0.9957283399 0.9998716623 0.0000160142 0.9991913540 0.9199875974 0.9671301119 0.6385594993 0.0011151711 0.0408966573 0.0889786377 0.0001195325 0.9689846945 0.6449002688 0.0003292967 0.0466094205 0.9567975982 0.8373653201 0.8899307761 0.7609696152 0.0001335050 1.4716815710 1.4652111874 1.5273692345 0.0001333319 11.5084236839 11.5081130392 11.5081232078 136.4228433224 0.0000710140 0.0004381498 0.9894494148 0.5345659945 0.1839988021 0.0121969880
-84.1260020225 0.0008228531 0.9957267825 0.9998716108 0.0000160175 0.9991912121 0.9212536156 0.9671143618 0.6389610167 0.0011153027 0.0407742710 0.0879983104 0.0001195513 0.9691897337 0.6480107498 0.0003293729 0.0466197008 0.9570890803 0.8373940658 0.8906182779 0.7612541915 0.0001334716 1.4715736851 1.4651511036 1.5273035822 0.0001333116 11.5084419695 11.5081314166 11.5081415812 136.4228954378 0.0000710125 0.0004382511 0.9894513393 0.5344991541 0.1841414448 0.0121946654
-84.1243334112 0.0008230871 0.9957251772 0.9998715577 0.0000160210 0.9991910659 0.9225567943 0.9670981833 0.6393921769 0.0011154384 0.0406484967 0.0870031873 0.0001195707 0.9694023084 0.6512024615 0.0003294514 0.0466302962 0.9573912705 0.8374238122 0.8913326304 0.7615504283 0.0001334354 1.4714634736 1.4650927029 1.5272343380 0.0001332893 11.5084580829 11.5081476207 11.5081577810 136.4229486512 0.0000710094 0.0004383555 0.9894533553 0.5344266918 0.1842880781 0.0121918837
-84.1226155854 0.0008233281 0.9957235239 0.9998715030 0.0000160245 0.9991909155 0.9238959607 0.9670815801 0.6398548771 0.0011155781 0.0405193533 0.0859941502 0.0001195906 0.9696224532 0.6544737773 0.0003295322 0.0466412067 0.9577043010 0.8374545927 0.8920742553 0.7618587237 0.0001333963 1.4713505539 1.4650360232 1.5271612809 0.0001332648 11.5084701168 11.5081597441 11.5081698998 136.4230029330 0.0000710046 0.0004384630 0.9894554658 0.5343484491 0.1844387332 0.0121886297
-84.1208485857 0.0008235761 0.9957218228 0.9998714467 0.0000160281 0.9991907607 0.9252698051 0.9670645472 0.6403511208 0.0011157219 0.0403868722 0.0849721429 0.0001196111 0.9698501942 0.6578227469 0.0003296154 0.0466524321 0.9580283002 0.8374864450 0.8928435557 0.7621794974 0.0001333543 1.4712345419 1.4649811149 1.5270842019 0.0001332382 11.5084830662 11.5081727810 11.5081829319 136.4230582517 0.0000709981 0.0004385737 0.9894576735 0.5342643910 0.1845934370 0.0121848914
-84.1190324367 0.0008238310 0.9957200738 0.9998713888 0.0000160319 0.9991906017 0.9266769069 0.9670470951 0.6408830124 0.0011158696 0.0402510927 0.0839380891 0.0001196322 0.9700855483 0.6612473080 0.0003297009 0.0466639726 0.9583633944 0.8375194112 0.8936409181 0.7625131914 0.0001333094 1.4711150353 1.4649280690 1.5270028627 0.0001332092 11.5084906775 11.5081804782 11.5081906239 136.4231145714 0.0000709897 0.0004386874 0.9894599814 0.5341742936 0.1847522179 0.0121806517
-84.1171671531 0.0008240929 0.9957182767 0.9998713294 0.0000160357 0.9991904384 0.9281156940 0.9670292160 0.6414527754 0.0011160214 0.0401120705 0.0828929853 0.0001196539 0.9703285214 0.6647450176 0.0003297887 0.0466758282 0.9587097036 0.8375535392 0.8944666983 0.7628602718 0.0001332617 1.4709916275 1.4648769852 1.5269170516 0.0001331778 11.5084997208 11.5081896049 11.5081997451 136.4231718558 0.0000709793 0.0004388043 0.9894623928 0.5340781806 0.1849150995 0.0121758969
-84.1152527328 0.0008243618 0.9957164317 0.9998712683 0.0000160396 0.9991902708 0.9295844872 0.9670109170 0.6420627411 0.0011161772 0.0399698712 0.0818377890 0.0001196761 0.9705791081 0.6683133578 0.0003298789 0.0466879992 0.9590673443 0.8375888831 0.8953212247 0.7632212307 0.0001332111 1.4708639065 1.4648280176 1.5268265337 0.0001331438 11.5085060267 11.5081959914 11.5082061258 136.4232300643 0.0000709669 0.0004389242 0.9894649111 0.5339759016 0.1850821075 0.0121706074
-84.1132891597 0.0008246376 0.9957145386 0.9998712056 0.0000160437 0.9991900990 0.9310814768 0.9669922006 0.6427153715 0.0011163370 0.0398245772 0.0807734919 0.0001196989 0.9708372899 0.6719495291 0.0003299714 0.0467004859 0.9594364269 0.8376255044 0.8962047886 0.7635965872 0.0001331577 1.4707314086 1.4647813068 1.5267310744 0.0001331073 11.5085068228 11.5081968654 11.5082069937 136.4232891532 0.0000709523 0.0004390473 0.9894675398 0.5338673831 0.1852532657 0.0121647660
-84.1112764063 0.0008249205 0.9957125973 0.9998711413 0.0000160478 0.9991899229 0.9326047007 0.9669730549 0.6434132637 0.0011165008 0.0396762908 0.0797011489 0.0001197223 0.9711030336 0.6756503483 0.0003300663 0.0467132889 0.9598170533 0.8376634732 0.8971176321 0.7639868888 0.0001331017 1.4705936718 1.4647370155 1.5266304674 0.0001330680 11.5085083492 11.5081984659 11.5082085878 136.4233490768 0.0000709354 0.0004391735 0.9894702827 0.5337527617 0.1854285935 0.0121583576
-84.1092144275 0.0008252104 0.9957106078 0.9998710754 0.0000160520 0.9991897426 0.9341520921 0.9669534795 0.6441591410 0.0011166687 0.0395251284 0.0786217731 0.0001197463 0.9713762909 0.6794125494 0.0003301635 0.0467264085 0.9602093187 0.8377028693 0.8980599490 0.7643927140 0.0001330433 1.4704501992 1.4646953425 1.5265244867 0.0001330260 11.5085066479 11.5081968352 11.5082069504 136.4234097850 0.0000709162 0.0004393028 0.9894731437 0.5336320550 0.1856081127 0.0121513635
-84.1071031640 0.0008255074 0.9957085699 0.9998710079 0.0000160564 0.9991895581 0.9357214618 0.9669334674 0.6449558697 0.0011168406 0.0393712263 0.0775364047 0.0001197708 0.9716569965 0.6832325884 0.0003302630 0.0467398454 0.9606133097 0.8377437833 0.8990318735 0.7648146730 0.0001329825 1.4703004634 1.4646564918 1.5264129214 0.0001329810 11.5084991075 11.5081893615 11.5081994698 136.4234712237 0.0000708944 0.0004394353 0.9894761273 0.5335053971 0.1857918431 0.0121437668
-84.1049425446 0.0008258114 0.9957064835 0.9998709387 0.0000160608 0.9991893693 0.9373104822 0.9669129942 0.6458064651 0.0011170166 0.0392147428 0.0764461373 0.0001197960 0.9719450665 0.6871065523 0.0003303650 0.0467536003 0.9610291015 0.8377863185 0.9000334671 0.7652534096 0.0001329200 1.4701439046 1.4646206687 1.5262955904 0.0001329332 11.5084916494 11.5081819654 11.5081920665 136.4235333368 0.0000708700 0.0004395709 0.9894792380 0.5333731789 0.1859798009 0.0121355546
-84.1027324816 0.0008261224 0.9957043484 0.9998708679 0.0000160654 0.9991891762 0.9389167412 0.9668920439 0.6467140770 0.0011171966 0.0390558523 0.0753520170 0.0001198217 0.9722403980 0.6910304653 0.0003304693 0.0467676741 0.9614567603 0.8378305921 0.9010647177 0.7657096033 0.0001328559 1.4699799482 1.4645881307 1.5261723105 0.0001328824 11.5084804597 11.5081708330 11.5081809268 136.4235960631 0.0000708429 0.0004397096 0.9894824806 0.5332357346 0.1861720047 0.0121267103
-84.1004728739 0.0008264406 0.9957021646 0.9998707955 0.0000160700 0.9991889789 0.9405377298 0.9668705904 0.6476820052 0.0011173807 0.0388947488 0.0742551085 0.0001198480 0.9725428672 0.6950001012 0.0003305759 0.0467820676 0.9618963412 0.8378767368 0.9021255270 0.7661839706 0.0001327909 1.4698079518 1.4645591169 1.5260429167 0.0001328287 11.5084630008 11.5081534269 11.5081635131 136.4236593376 0.0000708129 0.0004398515 0.9894858603 0.5330935792 0.1863684721 0.0121172215
-84.0981636106 0.0008267659 0.9956999317 0.9998707215 0.0000160748 0.9991887774 0.9421708312 0.9668485855 0.6487136994 0.0011175688 0.0387316482 0.0731565206 0.0001198748 0.9728523278 0.6990109010 0.0003306850 0.0467967819 0.9623478858 0.8379249033 0.9032156960 0.7666772669 0.0001327255 1.4696272437 1.4645338735 1.5259072877 0.0001327720 11.5084450836 11.5081355570 11.5081456357 136.4237230923 0.0000707800 0.0004399966 0.9894893827 0.5329475515 0.1865692176 0.0121070795
-84.0958045668 0.0008270983 0.9956976497 0.9998706458 0.0000160796 0.9991885716 0.9438133819 0.9668259860 0.6498127368 0.0011177611 0.0385667799 0.0720573066 0.0001199023 0.9731686108 0.7030582927 0.0003307964 0.0468118179 0.9628114242 0.8379752613 0.9043349235 0.7671902881 0.0001326604 1.4694371336 1.4645126972 1.5257653120 0.0001327125 11.5084229903 11.5081135060 11.5081235770 136.4237872544 0.0000707439 0.0004401448 0.9894930537 0.5327985018 0.1867742587 0.0120962734
-84.0933956087 0.0008274379 0.9956953184 0.9998705684 0.0000160846 0.9991883616 0.9454626635 0.9668027327 0.6509828295 0.0011179574 0.0384003901 0.0709585296 0.0001199303 0.9734915234 0.7071375093 0.0003309102 0.0468271768 0.9632869734 0.8380280023 0.9054827926 0.7677238725 0.0001325966 1.4692368452 1.4644958593 1.5256169057 0.0001326502 11.5083941982 11.5080847513 11.5080948148 136.4238517468 0.0000707047 0.0004402962 0.9894968796 0.5326475474 0.1869836130 0.0120847967
-84.0909365977 0.0008277847 0.9956929374 0.9998704894 0.0000160897 0.9991881473 0.9471158957 0.9667787417 0.6522278095 0.0011181579 0.0382327421 0.0698612882 0.0001199590 0.9738208470 0.7112435086 0.0003310265 0.0468428598 0.9637745352 0.8380833412 0.9066587564 0.7682789018 0.0001325351 1.4690255922 1.4644836437 1.5254620432 0.0001325853 11.5083645970 11.5080551821 11.5080652382 136.4239164893 0.0000706622 0.0004404508 0.9895008674 0.5324961767 0.1871972960 0.0120726477
-84.0884273878 0.0008281387 0.9956905067 0.9998704087 0.0000160949 0.9991879288 0.9487703033 0.9667539277 0.6535515890 0.0011183625 0.0380641077 0.0687666158 0.0001199882 0.9741563382 0.7153713159 0.0003311451 0.0468588681 0.9642740973 0.8381415188 0.9078621360 0.7688563033 0.0001324770 1.4688025328 1.4644763675 1.5253007128 0.0001325180 11.5083305359 11.5080211484 11.5080311974 136.4239813968 0.0000706164 0.0004406086 0.9895050244 0.5323459848 0.1874153276 0.0120598231
-84.0858678326 0.0008285000 0.9956880259 0.9998703263 0.0000161001 0.9991877059 0.9504231107 0.9667281867 0.6549581402 0.0011185713 0.0378947686 0.0676755470 0.0001200180 0.9744977284 0.7195158408 0.0003312662 0.0468752028 0.9647856319 0.8382028037 0.9090921088 0.7694570508 0.0001324236 1.4685667658 1.4644743360 1.5251329459 0.0001324487 11.5082894764 11.5079801121 11.5079901544 136.4240463796 0.0000705671 0.0004407697 0.9895093584 0.5321988791 0.1876377291 0.0120463238
-84.0832577907 0.0008288686 0.9956854949 0.9998702422 0.0000161055 0.9991874788 0.9520715346 0.9667013856 0.6564514460 0.0011187841 0.0377250172 0.0665891446 0.0001200484 0.9748447221 0.7236717941 0.0003313897 0.0468918652 0.9653090922 0.8382674942 0.9103476946 0.7700821657 0.0001323763 1.4683173892 1.4644778690 1.5249588401 0.0001323776 11.5082475500 11.5079382051 11.5079482411 136.4241113452 0.0000705142 0.0004409340 0.9895138777 0.5320571886 0.1878645212 0.0120321555
-84.0805971260 0.0008292444 0.9956829134 0.9998701564 0.0000161110 0.9991872474 0.9537128565 0.9666733887 0.6580354096 0.0011190012 0.0375551463 0.0655083962 0.0001200794 0.9751970003 0.7278340580 0.0003315156 0.0469088564 0.9658444128 0.8383359205 0.9116277567 0.7707327185 0.0001323367 1.4680534635 1.4644873284 1.5247785165 0.0001323053 11.5082011628 11.5078918344 11.5079018648 136.4241761961 0.0000704578 0.0004411015 0.9895185916 0.5319233852 0.1880957313 0.0120173215
-84.0778857153 0.0008296277 0.9956802812 0.9998700689 0.0000161166 0.9991870117 0.9553444154 0.9666440400 0.6597137701 0.0011192225 0.0373854513 0.0644342826 0.0001201110 0.9755542201 0.7319974932 0.0003316440 0.0469261775 0.9663915058 0.8384084458 0.9129309927 0.7714098289 0.0001323066 1.4677740175 1.4645030779 1.5245921466 0.0001322321 11.5081477500 11.5078384366 11.5078484622 136.4242408306 0.0000703978 0.0004412723 0.9895235095 0.5318002734 0.1883313901 0.0120018289
-84.0751234577 0.0008300182 0.9956775982 0.9998699797 0.0000161223 0.9991867717 0.9569635971 0.9666131563 0.6614899692 0.0011194479 0.0372162300 0.0633678071 0.0001201432 0.9759160156 0.7361568476 0.0003317749 0.0469438294 0.9669502548 0.8384854674 0.9142559246 0.7721146664 0.0001322879 1.4674781084 1.4645254977 1.5243999708 0.0001321588 11.5080938170 11.5077845177 11.5077945396 136.4243051440 0.0000703341 0.0004414464 0.9895286418 0.5316910617 0.1885715300 0.0119856882
-84.0723102752 0.0008304162 0.9956748640 0.9998698888 0.0000161281 0.9991865274 0.9585679093 0.9665805551 0.6633669452 0.0011196775 0.0370477730 0.0623098888 0.0001201760 0.9762820031 0.7403071524 0.0003319082 0.0469618129 0.9675205119 0.8385674175 0.9156009048 0.7728484502 0.0001322823 1.4671648108 1.4645550467 1.5242022610 0.0001320860 11.5080358236 11.5077265394 11.5077365587 136.4243690274 0.0000702666 0.0004416237 0.9895339995 0.5315990880 0.1888161931 0.0119689058
-84.0694461241 0.0008308215 0.9956720786 0.9998697962 0.0000161340 0.9991862787 0.9601549687 0.9665460407 0.6653469188 0.0011199114 0.0368803658 0.0612614330 0.0001202095 0.9766517831 0.7444435132 0.0003320440 0.0469801286 0.9681020889 0.8386547621 0.9169641129 0.7736124486 0.0001322919 1.4668332047 1.4645921962 1.5239993372 0.0001320144 11.5079711751 11.5076619091 11.5076719272 136.4244323678 0.0000701953 0.0004418043 0.9895395941 0.5315279662 0.1890654276 0.0119514897
-84.0665310058 0.0008312343 0.9956692418 0.9998697018 0.0000161401 0.9991860256 0.9617224834 0.9665094009 0.6674310983 0.0011201494 0.0367142895 0.0602233648 0.0001202435 0.9770249425 0.7485610000 0.0003321822 0.0469987767 0.9686947463 0.8387480000 0.9183435520 0.7744079775 0.0001323189 1.4664824982 1.4646374800 1.5237915955 0.0001319449 11.5079068344 11.5075975911 11.5076076095 136.4244950499 0.0000701202 0.0004419882 0.9895454381 0.5314816194 0.1893192869 0.0119334489
-84.0635649699 0.0008316544 0.9956663536 0.9998696057 0.0000161462 0.9991857683 0.9632683270 0.9664704369 0.6696193074 0.0011203917 0.0365498109 0.0591965166 0.0001202781 0.9774010641 0.7526550693 0.0003323230 0.0470177572 0.9692981842 0.8388476596 0.9197370623 0.7752363990 0.0001323651 1.4661119448 1.4646915227 1.5235794545 0.0001318784 11.5078392993 11.5075300857 11.5075401063 136.4245569547 0.0000700412 0.0004421754 0.9895515443 0.5314640235 0.1895778377 0.0119147857
-84.0605481275 0.0008320820 0.9956634139 0.9998695079 0.0000161524 0.9991855065 0.9647905171 0.9664289547 0.6719096131 0.0011206381 0.0363871856 0.0581817027 0.0001203133 0.9777797308 0.7567213295 0.0003324661 0.0470370696 0.9699120274 0.8389542952 0.9211423269 0.7760991185 0.0001324328 1.4657209166 1.4647550311 1.5233633878 0.0001318160 11.5077659144 11.5074567405 11.5074667652 136.4246179601 0.0000699582 0.0004423659 0.9895579263 0.5314793079 0.1898411570 0.0118955001
-84.0574806639 0.0008325169 0.9956604227 0.9998694083 0.0000161588 0.9991852404 0.9662871880 0.9663847630 0.6742979346 0.0011208887 0.0362266593 0.0571797551 0.0001203491 0.9781605294 0.7607554074 0.0003326118 0.0470567131 0.9705358088 0.8390684809 0.9225568755 0.7769975804 0.0001325238 1.4653089892 1.4648287920 1.5231439353 0.0001317586 11.5076941167 11.5073849947 11.5073950255 136.4246779419 0.0000698711 0.0004425596 0.9895645980 0.5315317376 0.1901093313 0.0118755911
-84.0543628435 0.0008329592 0.9956573802 0.9998693070 0.0000161652 0.9991849699 0.9677566643 0.9663377030 0.6767776715 0.0011211435 0.0360684580 0.0561914051 0.0001203856 0.9785430651 0.7647533972 0.0003327599 0.0470766863 0.9711689554 0.8391908036 0.9239781084 0.7779332638 0.0001326400 1.4648758745 1.4649137592 1.5229216614 0.0001317075 11.5076203827 11.5073113283 11.5073213677 136.4247367735 0.0000697798 0.0004427566 0.9895715739 0.5316255146 0.1903824652 0.0118550462
-84.0511950249 0.0008334088 0.9956542866 0.9998692040 0.0000161718 0.9991846951 0.9691974358 0.9662876347 0.6793395227 0.0011214024 0.0359127924 0.0552173615 0.0001204226 0.9789269667 0.7687115964 0.0003329104 0.0470969872 0.9718107715 0.8393218539 0.9254033099 0.7789076762 0.0001327831 1.4644215180 1.4650110031 1.5226971856 0.0001316639 11.5075451450 11.5072361773 11.5072462277 136.4247943269 0.0000696841 0.0004429569 0.9895788686 0.5317648131 0.1906606792 0.0118338490
-84.0479776714 0.0008338656 0.9956511420 0.9998690992 0.0000161785 0.9991844159 0.9706081482 0.9662344438 0.6819715170 0.0011216654 0.0357598567 0.0542583120 0.0001204602 0.9793118956 0.7726265006 0.0003330634 0.0471176131 0.9724604235 0.8394622164 0.9268296691 0.7799223460 0.0001329547 1.4639460688 1.4651216997 1.5224711597 0.0001316290 11.5074669198 11.5071580619 11.5071681258 136.4248504713 0.0000695839 0.0004431604 0.9895864965 0.5319536550 0.1909441115 0.0118119776
-84.0447113656 0.0008343297 0.9956479470 0.9998689928 0.0000161852 0.9991841323 0.9719875762 0.9661780318 0.6846593553 0.0011219325 0.0356098300 0.0533149466 0.0001204984 0.9796975523 0.7764947016 0.0003332187 0.0471385605 0.9731169273 0.8396124586 0.9282542976 0.7809788122 0.0001331558 1.4634500640 1.4652471843 1.5222443014 0.0001316042 11.5073914536 11.5070827322 11.5070928125 136.4249050746 0.0000694790 0.0004433670 0.9895944718 0.5321958112 0.1912329181 0.0117894051
-84.0413968158 0.0008348008 0.9956447020 0.9998688847 0.0000161921 0.9991838444 0.9733346706 0.9661183210 0.6873870748 0.0011222036 0.0354628695 0.0523878707 0.0001205371 0.9800836926 0.7803132155 0.0003333764 0.0471598253 0.9737791431 0.8397731195 0.9296742618 0.7820786142 0.0001333873 1.4629343513 1.4653889763 1.5220173565 0.0001315909 11.5073159983 11.5070074446 11.5070175440 136.4249580037 0.0000693691 0.0004435768 0.9896028081 0.5324946418 0.1915272812 0.0117660941
-84.0380348718 0.0008352789 0.9956414076 0.9998687749 0.0000161991 0.9991835522 0.9746485216 0.9660552351 0.6901380553 0.0011224786 0.0353191152 0.0514776693 0.0001205765 0.9804701322 0.7840792390 0.0003335365 0.0471814021 0.9744457730 0.8399446982 0.9310866067 0.7832232780 0.0001336493 1.4624002109 1.4655487141 1.5217911118 0.0001315904 11.5072387070 11.5069303575 11.5069404788 136.4250091247 0.0000692539 0.0004437897 0.9896115176 0.5328529003 0.1918274074 0.0117420035
-84.0346265387 0.0008357638 0.9956380647 0.9998686635 0.0000162062 0.9991832556 0.9759283189 0.9659886866 0.6928961849 0.0011227574 0.0351786917 0.0505849368 0.0001206163 0.9808567497 0.7877900114 0.0003336988 0.0472032850 0.9751153654 0.8401276431 0.9324883787 0.7844142999 0.0001339413 1.4618495897 1.4657281740 1.5215664178 0.0001316043 11.5071657789 11.5068576745 11.5068678206 136.4250583034 0.0000691331 0.0004440056 0.9896206108 0.5332724351 0.1921335287 0.0117170893
-84.0311729823 0.0008362554 0.9956346741 0.9998685505 0.0000162133 0.9991829549 0.9771733989 0.9659185786 0.6956469998 0.0011230400 0.0350417022 0.0497101800 0.0001206568 0.9812435036 0.7914431756 0.0003338633 0.0472254668 0.9757863303 0.8403223422 0.9338766614 0.7856531290 0.0001342619 1.4612850625 1.4659293023 1.5213441503 0.0001316338 11.5070941271 11.5067863146 11.5067964880 136.4251054061 0.0000690065 0.0004442245 0.9896300957 0.5337539203 0.1924459108 0.0116912994
-84.0276755427 0.0008367536 0.9956312371 0.9998684359 0.0000162206 0.9991826499 0.9783831990 0.9658448001 0.6983786747 0.0011233262 0.0349082332 0.0488538877 0.0001206977 0.9816304296 0.7950364998 0.0003340300 0.0472479390 0.9764569579 0.8405291146 0.9352486009 0.7869411454 0.0001346082 1.4607100997 1.4661541257 1.5211252204 0.0001316803 11.5070214411 11.5067139733 11.5067241764 136.4251502993 0.0000688736 0.0004444463 0.9896399772 0.5342963350 0.1927648528 0.0116645813
-84.0241357461 0.0008372580 0.9956277549 0.9998683199 0.0000162280 0.9991823407 0.9795572083 0.9657672387 0.7010826759 0.0011236160 0.0347783586 0.0480165649 0.0001207392 0.9820176366 0.7985677109 0.0003341988 0.0472706924 0.9771254438 0.8407482041 0.9366014271 0.7882796363 0.0001349758 1.4601293935 1.4664047077 1.5209105785 0.0001317448 11.5069542583 11.5066471934 11.5066574282 136.4251928512 0.0000687340 0.0004446709 0.9896502559 0.5348963289 0.1930906871 0.0116368855
-84.0205553037 0.0008377685 0.9956242289 0.9998682023 0.0000162354 0.9991820275 0.9806950174 0.9656858114 0.7037540091 0.0011239091 0.0346521326 0.0471986257 0.0001207811 0.9824053186 0.8020348977 0.0003343696 0.0472937162 0.9777899222 0.8409797733 0.9379324881 0.7896697692 0.0001353582 1.4595489954 1.4666832322 1.5207011876 0.0001318280 11.5068890559 11.5065824585 11.5065927263 136.4252329320 0.0000685876 0.0004448981 0.9896609270 0.5355476828 0.1934237902 0.0116081575
-84.0169361171 0.0008382848 0.9956206609 0.9998680834 0.0000162429 0.9991817103 0.9817962674 0.9656005058 0.7063911706 0.0011242055 0.0345295956 0.0464004665 0.0001208235 0.9827937423 0.8054362084 0.0003345423 0.0473169986 0.9784484989 0.8412239006 0.9392392698 0.7911125611 0.0001357465 1.4589767085 1.4669918275 1.5204980053 0.0001319301 11.5068229638 11.5065169042 11.5065272054 136.4252704153 0.0000684338 0.0004451280 0.9896719795 0.5362403336 0.1937645814 0.0115783489
-84.0132802791 0.0008388066 0.9956170528 0.9998679631 0.0000162506 0.9991813892 0.9828605955 0.9655114429 0.7089958045 0.0011245049 0.0344107787 0.0456225026 0.0001208664 0.9831832276 0.8087696690 0.0003347169 0.0473405267 0.9790992848 0.8414805770 0.9405194107 0.7926088452 0.0001361283 1.4584226656 1.4673325385 1.5203019950 0.0001320506 11.5067627358 11.5064572885 11.5064676225 136.4253051781 0.0000682724 0.0004453602 0.9896833947 0.5369592759 0.1941135239 0.0115474201
-84.0095900535 0.0008393337 0.9956134065 0.9998678415 0.0000162583 0.9991810643 0.9838876961 0.9654189493 0.7115721524 0.0011248073 0.0342956959 0.0448650486 0.0001209096 0.9835741552 0.8120336450 0.0003348931 0.0473642864 0.9797404329 0.8417497049 0.9417707274 0.7941592345 0.0001364877 1.4578995595 1.4677073896 1.5201140815 0.0001321880 11.5067043146 11.5063995579 11.5064099225 136.4253371047 0.0000681030 0.0004455948 0.9896951445 0.5376837323 0.1944711356 0.0115153323
-84.0058678595 0.0008398656 0.9956097243 0.9998677188 0.0000162660 0.9991807357 0.9848772769 0.9653236527 0.7141264499 0.0011251123 0.0341843514 0.0441283954 0.0001209533 0.9839669369 0.8152265309 0.0003350711 0.0473882629 0.9803701696 0.8420310969 0.9429912247 0.7957640822 0.0001368046 1.4574232922 1.4681182262 1.5199351457 0.0001323393 11.5066473609 11.5063433747 11.5063537656 136.4253660875 0.0000679255 0.0004458316 0.9897071906 0.5383857654 0.1948379890 0.0114820578
-84.0021162352 0.0008404021 0.9956060087 0.9998675949 0.0000162738 0.9991804036 0.9858290406 0.9652265883 0.7166662688 0.0011254198 0.0340767399 0.0434128071 0.0001209973 0.9843619922 0.8183467401 0.0003352505 0.0474124404 0.9809868233 0.8423244753 0.9441791041 0.7974234405 0.0001370539 1.4570133870 1.4685666892 1.5197659953 0.0001324998 11.5065895020 11.5062863641 11.5062967750 136.4253920281 0.0000677395 0.0004460703 0.9897194828 0.5390291835 0.1952147147 0.0114475793
-83.9983377897 0.0008409427 0.9956022619 0.9998674700 0.0000162817 0.9991800682 0.9867426542 0.9651293106 0.7191998798 0.0011257296 0.0339728503 0.0427185401 0.0001210417 0.9847597122 0.8213926057 0.0003354312 0.0474368032 0.9815888477 0.8426294719 0.9453327648 0.7991370161 0.0001372055 1.4566935620 1.4690542714 1.5196073911 0.0001326625 11.5065354164 11.5062331980 11.5062436193 136.4254148409 0.0000675449 0.0004463109 0.9897319574 0.5395685591 0.1956020036 0.0114118879
-83.9945351259 0.0008414872 0.9955984866 0.9998673441 0.0000162897 0.9991797296 0.9876178111 0.9650340000 0.7217356606 0.0011260415 0.0338726607 0.0420457483 0.0001210863 0.9851604498 0.8243627677 0.0003356133 0.0474613356 0.9821748433 0.8429456274 0.9464508100 0.8009041268 0.0001372245 1.4564918819 1.4695824719 1.5194600206 0.0001328180 11.5064812772 11.5061800378 11.5061904569 136.4254344588 0.0000673416 0.0004465532 0.9897445367 0.5399486534 0.1960006165 0.0113749717
-83.9907107510 0.0008420352 0.9955946852 0.9998672174 0.0000162977 0.9991793880 0.9884542112 0.9649435730 0.7242816208 0.0011263553 0.0337761444 0.0413945400 0.0001211313 0.9855644713 0.8272559508 0.0003357965 0.0474860227 0.9827435702 0.8432723921 0.9475320397 0.8027236566 0.0001370712 1.4564410635 1.4701529497 1.5193245416 0.0001329536 11.5064240484 11.5061238281 11.5061342286 136.4254508364 0.0000671292 0.0004467970 0.9897571274 0.5401039421 0.1964113842 0.0113368105
-83.9868669419 0.0008425864 0.9955908599 0.9998670898 0.0000163057 0.9991790437 0.9892515536 0.9648617398 0.7268450380 0.0011266708 0.0336832742 0.0407649979 0.0001211765 0.9859719048 0.8300708782 0.0003359808 0.0475108512 0.9832939552 0.8436091253 0.9485754363 0.8045940135 0.0001367123 1.4565727068 1.4707679547 1.5192016786 0.0001330533 11.5063689095 11.5060697198 11.5060800816 136.4254639560 0.0000669074 0.0004470422 0.9897696212 0.5399604038 0.1968352082 0.0112973566
-83.9830053927 0.0008431406 0.9955870127 0.9998669614 0.0000163138 0.9991786967 0.9900096466 0.9647919324 0.7294322068 0.0011269879 0.0335940183 0.0401570673 0.0001212219 0.9863827313 0.8328067645 0.0003361660 0.0475358101 0.9838250975 0.8439550971 0.9495801581 0.8065130904 0.0001362128 1.4568595663 1.4714311553 1.5190923307 0.0001331025 11.5063116752 11.5060134937 11.5060238028 136.4254738366 0.0000666755 0.0004472888 0.9897818943 0.5394861521 0.1972730704 0.0112564989
-83.9791273240 0.0008436976 0.9955831452 0.9998668324 0.0000163220 0.9991783474 0.9907284371 0.9647355378 0.7320483480 0.0011273065 0.0335083482 0.0395706147 0.0001212675 0.9867967252 0.8354631196 0.0003363522 0.0475608909 0.9843362656 0.8443094889 0.9505455167 0.8084782318 0.0001356581 1.4572589028 1.4721485607 1.5189977726 0.0001330951 11.5062488440 11.5059516200 11.5059618716 136.4254805414 0.0000664320 0.0004475365 0.9897938093 0.5387435896 0.1977260312 0.0112140309
-83.9752337236 0.0008442573 0.9955792588 0.9998667026 0.0000163301 0.9991779959 0.9914080651 0.9646925688 0.7346976068 0.0011276265 0.0334262448 0.0390054519 0.0001213134 0.9872133953 0.8380396935 0.0003365392 0.0475860869 0.9848268902 0.8446713971 0.9514709467 0.8104862077 0.0001350897 1.4577538528 1.4729299358 1.5189200027 0.0001330304 11.5061864129 11.5058900719 11.5059002659 136.4254841879 0.0000661747 0.0004477854 0.9898052176 0.5378225109 0.1981952282 0.0111695977
-83.9713253893 0.0008448195 0.9955753543 0.9998665722 0.0000163383 0.9991776424 0.9920490739 0.9646625695 0.7373830771 0.0011279478 0.0333476944 0.0384612116 0.0001213594 0.9876319923 0.8405370905 0.0003367271 0.0476113927 0.9852965581 0.8450398378 0.9523559842 0.8125331975 0.0001345234 1.4583460722 1.4737908573 1.5188621903 0.0001329101 11.5061199734 11.5058244210 11.5058345590 136.4254849637 0.0000658999 0.0004480355 0.9898159635 0.5367959964 0.1986818827 0.0111226170
-83.9674029618 0.0008453841 0.9955714325 0.9998664412 0.0000163466 0.9991772872 0.9926525507 0.9646451707 0.7401068348 0.0011282704 0.0332726962 0.0379374239 0.0001214056 0.9880514556 0.8429565871 0.0003369157 0.0476368043 0.9857449991 0.8454137542 0.9532002286 0.8146147853 0.0001339609 1.4590520663 1.4747547391 1.5188292802 0.0001327351 11.5060490170 11.5057541377 11.5057642210 136.4254831416 0.0000656022 0.0004482865 0.9898258900 0.5357095951 0.1991872946 0.0110722176
-83.9634669334 0.0008459510 0.9955674941 0.9998663096 0.0000163548 0.9991769303 0.9932203437 0.9646404389 0.7428698691 0.0011285942 0.0332012629 0.0374335329 0.0001214520 0.9884703957 0.8453002349 0.0003371051 0.0476623186 0.9861720728 0.8457920267 0.9540033054 0.8167259680 0.0001333964 1.4599026645 1.4758552783 1.5188287727 0.0001325046 11.5059709950 11.5056766471 11.5056866762 136.4254790961 0.0000652740 0.0004485386 0.9898348468 0.5345832266 0.1997128377 0.0110171715
-83.9595176409 0.0008465203 0.9955635394 0.9998661773 0.0000163631 0.9991765719 0.9937553114 0.9646490553 0.7456719087 0.0011289192 0.0331334204 0.0369489756 0.0001214986 0.9888870781 0.8475707623 0.0003372953 0.0476879339 0.9865777487 0.8461734867 0.9547648272 0.8188611761 0.0001328192 1.4609443318 1.4771389924 1.5188717463 0.0001322152 11.5058917401 11.5055977461 11.5056077200 136.4254733282 0.0000649049 0.0004487917 0.9898427034 0.5334170499 0.2002599522 0.0109558427
-83.9555552326 0.0008470919 0.9955595684 0.9998660445 0.0000163715 0.9991762122 0.9942617395 0.9646724583 0.7485111532 0.0011292454 0.0330691962 0.0364832037 0.0001215453 0.9892995015 0.8497718617 0.0003374862 0.0477136499 0.9869620823 0.8465569311 0.9554843792 0.8210143063 0.0001322153 1.4622429792 1.4786692613 1.5189743382 0.0001318599 11.5058091333 11.5055152663 11.5055251821 136.4254664960 0.0000644814 0.0004490458 0.9898493697 0.5321956476 0.2008301409 0.0108860954
-83.9515796238 0.0008476659 0.9955555810 0.9998659110 0.0000163798 0.9991758513 0.9947456704 0.9647129900 0.7513840889 0.0011295729 0.0330086182 0.0360360141 0.0001215923 0.9897054375 0.8519073703 0.0003376780 0.0477394679 0.9873251743 0.8469411333 0.9561615283 0.8231787623 0.0001315672 1.4638908387 1.4805334771 1.5191599986 0.0001314282 11.5057262186 11.5054321818 11.5054420344 136.4254594504 0.0000639851 0.0004493009 0.9898548363 0.5308899103 0.2014249538 0.0108051172
-83.9475903015 0.0008482424 0.9955515766 0.9998657769 0.0000163882 0.9991754891 0.9952151329 0.9647734629 0.7542855167 0.0011299016 0.0329517153 0.0356080700 0.0001216394 0.9901025340 0.8539799338 0.0003378705 0.0477653918 0.9876671152 0.8473248462 0.9567958983 0.8253474958 0.0001309086 1.4659868131 1.4828612538 1.5194635762 0.0001309067 11.5056488551 11.5053542538 11.5053640402 136.4254532797 0.0000633893 0.0004495570 0.9898592453 0.5294924890 0.2020459727 0.0107088716
-83.9435857588 0.0008488214 0.9955475543 0.9998656421 0.0000163967 0.9991751257 0.9956798076 0.9648496260 0.7572092201 0.0011302316 0.0328985401 0.0352018354 0.0001216867 0.9904884404 0.8559882059 0.0003380638 0.0477914275 0.9879879271 0.8477067837 0.9573873540 0.8275130368 0.0001304823 1.4685529665 1.4858688466 1.5199399335 0.0001303100 11.5055868253 11.5052911653 11.5053009051 136.4254493673 0.0000626488 0.0004498143 0.9898629905 0.5282707986 0.2026947923 0.0105907407
-83.9395624103 0.0008494031 0.9955435129 0.9998655066 0.0000164051 0.9991747611 0.9961490056 0.9648993664 0.7601507535 0.0011305631 0.0328492485 0.0348229509 0.0001217342 0.9908609126 0.8579217196 0.0003382580 0.0478175812 0.9882875487 0.8480855771 0.9579363590 0.8296674953 0.0001310174 1.4713535680 1.4899520055 1.5206830804 0.0001298054 11.5055560968 11.5052590139 11.5052687948 136.4254494611 0.0000616794 0.0004500727 0.9898667888 0.5283807634 0.2033729978 0.0104389560
-83.9355128764 0.0008499874 0.9955394527 0.9998653704 0.0000164136 0.9991743950 0.9966256650 0.9647418521 0.7631173080 0.0011308959 0.0328042833 0.0344813620 0.0001217820 0.9912178127 0.8597532476 0.0003384531 0.0478438462 0.9885659479 0.8484597038 0.9584446067 0.8318025180 0.0001339397 1.4735940482 1.4958212725 1.5218617131 0.0001301293 11.5055893564 11.5052920481 11.5053020923 136.4254557412 0.0000603332 0.0004503323 0.9898715603 0.5328486217 0.2040821373 0.0102340624
-83.9314540777 0.0008505729 0.9955353816 0.9998652338 0.0000164222 0.9991740277 0.9970936930 0.9643149896 0.7661575550 0.0011312294 0.0327645788 0.0341898845 0.0001218298 0.9915568752 0.8614319762 0.0003386486 0.0478701652 0.9888234641 0.8488273998 0.9589161189 0.8339092322 0.0001340667 1.4788121245 1.5044257264 1.5237302520 0.0001315514 11.5057876575 11.5054948789 11.5055049167 136.4254708574 0.0000584332 0.0004505924 0.9898779490 0.5358751250 0.2048236922 0.0099551462
-83.9274394553 0.0008511582 0.9955313121 0.9998650973 0.0000164307 0.9991736601 0.9975032232 0.9648205925 0.7694184799 0.0011315625 0.0327296194 0.0339575987 0.0001218775 0.9918748691 0.8628884209 0.0003388439 0.0478964663 0.9890613721 0.8491865593 0.9593591175 0.8359784440 0.0001292270 1.4914801241 1.5155282060 1.5263219334 0.0001290948 11.5063944366 11.5060979758 11.5061075649 136.4254978911 0.0000560820 0.0004508524 0.9898856303 0.5259015080 0.2055990728 0.0096207100
-83.9233633526 0.0008517456 0.9955272279 0.9998649602 0.0000164392 0.9991732915 0.9977849839 0.9642817319 0.7731542886 0.0011318967 0.0326932136 0.0337827200 0.0001219255 0.9921631857 0.8640627984 0.0003390400 0.0479228573 0.9892817707 0.8495344453 0.9597871488 0.8380021736 0.0001330699 1.4958786544 1.5256674316 1.5287709460 0.0001309135 11.5070672904 11.5067741265 11.5067840496 136.4255400604 0.0000539969 0.0004511132 0.9898930150 0.5341543659 0.2064096822 0.0093378799
-83.9193141954 0.0008523324 0.9955231473 0.9998648231 0.0000164477 0.9991729228 0.9979252633 0.9643166669 0.7777583193 0.0011322304 0.0326634044 0.0336568070 0.0001219733 0.9923886046 0.8649518311 0.0003392358 0.0479492187 0.9894882918 0.8498686013 0.9601999933 0.8399792961 0.0001350193 1.5008609026 1.5329563469 1.5305641307 0.0001303397 11.5029864382 11.5026914895 11.5027015982 136.4255997183 0.0000525258 0.0004513738 0.9898978863 0.5362342775 0.2072568727 0.0091384436
-83.9153035500 0.0008529180 0.9955190733 0.9998646862 0.0000164563 0.9991725539 0.9979797961 0.9647769114 0.7815051355 0.0011325633 0.0326452295 0.0335721243 0.0001220211 0.9925026695 0.8656568643 0.0003394312 0.0479755235 0.9896825328 0.8501987439 0.9605283995 0.8419149452 0.0001287907 1.5082491333 1.5339612605 1.5311715491 0.0001282096 11.4990469890 11.4987511671 11.4987607013 136.4256848099 0.0000523797 0.0004516338 0.9898989286 0.5245549734 0.2081411679 0.0090508180
-83.9112597914 0.0008535047 0.9955149915 0.9998645490 0.0000164648 0.9991721846 0.9980038221 0.9647481998 0.7846682491 0.0011328967 0.0326335367 0.0335122570 0.0001220689 0.9925523975 0.8663138228 0.0003396269 0.0480018714 0.9898277055 0.8505195503 0.9607522494 0.8437787519 0.0001298414 1.5076323225 1.5338774867 1.5310985420 0.0001280898 11.4989418593 11.4986460155 11.4986556402 136.4258092144 0.0000523783 0.0004518942 0.9898969795 0.5257228556 0.2090681710 0.0090422470
-83.9072176693 0.0008540917 0.9955109062 0.9998644117 0.0000164733 0.9991718152 0.9980190943 0.9647000483 0.7874823482 0.0011332302 0.0326247371 0.0334650022 0.0001221168 0.9925849284 0.8669708331 0.0003398228 0.0480282316 0.9899381570 0.8508147298 0.9609176433 0.8454800296 0.0001296791 1.5075608565 1.5338083473 1.5310224948 0.0001280833 11.4989606613 11.4986660842 11.4986756888 136.4260004452 0.0000523761 0.0004521548 0.9898925310 0.5255066610 0.2100406362 0.0090393312
-83.9071621452 0.0008540998 0.9955108501 0.9998644098 0.0000164734 0.9991718101 0.9980192754 0.9646994289 0.7875177146 0.0011332348 0.0326246286 0.0334644109 0.0001221174 0.9925853305 0.8669799388 0.0003398255 0.0480285938 0.9899395214 0.8508185690 0.9609196650 0.8455019943 0.0001296769 1.5075600497 1.5338075044 1.5310215587 0.0001280832 11.4989610802 11.4986665207 11.4986761250 136.4260037821 0.0000523761 0.0004521584 0.9898924617 0.5255037597 0.2100541677 0.0090392959
