-82.1088703764 0.0421390641 0.8676379622 0.5044602293 
-82.1090084072 0.0421387384 0.8676402281 0.5044468000 
-82.1092846536 0.0421380866 0.8676447628 0.5044199253 
-82.1096994851 0.0421371077 0.8676515728 0.5043796015 
-82.1102534573 0.0421358006 0.8676606673 0.5043258889 
-82.1109473115 0.0421341634 0.8676720590 0.5042589797 
-82.1117818061 0.0421321945 0.8676857603 0.5041609619 
-82.1127587007 0.0421298897 0.8677018016 0.5040861771 
-82.1138789455 0.0421272468 0.8677201986 0.5040150074 
-82.1151437042 0.0421242632 0.8677409706 0.5039468511 
-82.1165541873 0.0421209360 0.8677641375 0.5038812234 
-82.1181116555 0.0421172623 0.8677897201 0.5038177383 
-82.1198174246 0.0421132392 0.8678177397 0.5037560903 
-82.1216728677 0.0421088635 0.8678482187 0.5036960377 
-82.1236794185 0.0421041318 0.8678811802 0.5036373881 
-82.1258385729 0.0420990409 0.8679166482 0.5035799871 
-82.1281518916 0.0420935870 0.8679546478 0.5035237080 
-82.1306210016 0.0420877666 0.8679952048 0.5034684451 
-82.1332475978 0.0420815757 0.8680383463 0.5034141081 
-82.1360334446 0.0420750103 0.8680841002 0.5033606181 
-82.1389803776 0.0420680664 0.8681324954 0.5033079045 
-82.1420903049 0.0420607395 0.8681835620 0.5032559028 
-82.1453652087 0.0420530252 0.8682373310 0.5032045537 
-82.1488071470 0.0420449188 0.8682938347 0.5031538010 
-82.1524182545 0.0420364154 0.8683531062 0.5031035914 
-82.1562007448 0.0420275102 0.8684151800 0.5030538739 
-82.1601569117 0.0420181980 0.8684800916 0.5030045988 
-82.1642891308 0.0420084733 0.8685478777 0.5029557180 
-82.1685998609 0.0419983308 0.8686185761 0.5029071846 
-82.1730916463 0.0419877646 0.8686922258 0.5028589526 
-82.1777671176 0.0419767688 0.8687688673 0.5028109772 
-82.1826289943 0.0419653375 0.8688485418 0.5027632143 
-82.1876800862 0.0419534643 0.8689312922 0.5027156205 
-82.1929232953 0.0419411427 0.8690171625 0.5026681535 
-82.1983616173 0.0419283662 0.8691061979 0.5026207715 
-82.2039981444 0.0419151277 0.8691984451 0.5025734333 
-82.2098360665 0.0419014202 0.8692939520 0.5025260987 
-82.2158786735 0.0418872364 0.8693927677 0.5024787277 
-82.2221293573 0.0418725689 0.8694949431 0.5024312811 
-82.2285916144 0.0418574098 0.8696005299 0.5023837201 
-82.2352690474 0.0418417512 0.8697095817 0.5023360065 
-82.2421653675 0.0418255849 0.8698221533 0.5022881025 
-82.2492843973 0.0418089026 0.8699383009 0.5022399707 
-82.2566300724 0.0417916955 0.8700580822 0.5021915741 
-82.2642064445 0.0417739549 0.8701815565 0.5021428760 
-82.2720176835 0.0417556715 0.8703087843 0.5020938402 
-82.2800680803 0.0417368360 0.8704398281 0.5020444307 
-82.2883620494 0.0417174387 0.8705747514 0.5019946115 
-82.2969041315 0.0416974698 0.8707136196 0.5019443474 
-82.3056989967 0.0416769191 0.8708564996 0.5018936028 
-82.3147514469 0.0416557762 0.8710034598 0.5018423426 
-82.3240664190 0.0416340305 0.8711545704 0.5017905319 
-82.3336489880 0.0416116709 0.8713099030 0.5017381357 
-82.3435043703 0.0415886862 0.8714695310 0.5016851193 
-82.3536379264 0.0415650649 0.8716335295 0.5016314477 
-82.3640551647 0.0415407952 0.8718019753 0.5015770864 
-82.3747617448 0.0415158649 0.8719749467 0.5015220006 
-82.3857634810 0.0414902617 0.8721525240 0.5014661555 
-82.3970663461 0.0414639728 0.8723347890 0.5014095163 
-82.4086764745 0.0414369851 0.8725218255 0.5013520480 
-82.4206001671 0.0414092854 0.8727137190 0.5012937157 
-82.4328438944 0.0413808598 0.8729105566 0.5012344842 
-82.4454143007 0.0413516945 0.8731124275 0.5011743180 
-82.4583182088 0.0413217751 0.8733194226 0.5011131815 
-82.4715626238 0.0412910869 0.8735316347 0.5010510390 
-82.4851547379 0.0412596148 0.8737491583 0.5009878542 
-82.4991019346 0.0412273434 0.8739720900 0.5009235908 
-82.5134117938 0.0411942570 0.8742005281 0.5008582117 
-82.5280920968 0.0411603394 0.8744345730 0.5007916797 
-82.5431508306 0.0411255742 0.8746743268 0.5007239571 
-82.5585961941 0.0410899445 0.8749198936 0.5006550056 
-82.5744366026 0.0410534330 0.8751713796 0.5005847862 
-82.5906806938 0.0410160220 0.8754288927 0.5005132594 
-82.6073373332 0.0409776934 0.8756925428 0.5004403850 
-82.6244156203 0.0409384289 0.8759624419 0.5003661217 
-82.6419248942 0.0408982094 0.8762387039 0.5002904276 
-82.6598747404 0.0408570156 0.8765214445 0.5002132595 
-82.6782749969 0.0408148278 0.8768107816 0.5001345731 
-82.6971357607 0.0407716259 0.8771068350 0.5000543230 
-82.7164673954 0.0407273890 0.8774097263 0.4999724619 
-82.7362805372 0.0406820962 0.8777195794 0.4998889412 
-82.7565861035 0.0406357259 0.8780365198 0.4998037100 
-82.7773952994 0.0405882559 0.8783606752 0.4997167153 
-82.7987196264 0.0405396639 0.8786921751 0.4996279016 
-82.8205708897 0.0404899267 0.8790311510 0.4995372104 
-82.8429612075 0.0404390209 0.8793777364 0.4994445796 
-82.8659030189 0.0403869225 0.8797320665 0.4993499432 
-82.8894090935 0.0403336068 0.8800942785 0.4992532303 
-82.9134925402 0.0402790489 0.8804645114 0.4991543645 
-82.9381668173 0.0402232231 0.8808429062 0.4990532627 
-82.9634457425 0.0401661033 0.8812296055 0.4989498339 
-82.9893435030 0.0401076628 0.8816247537 0.4988439777 
-83.0158746665 0.0400478743 0.8820284971 0.4987355821 
-83.0430541927 0.0399867099 0.8824409835 0.4986245216 
-83.0708974446 0.0399241413 0.8828623625 0.4985106541 
-83.0994202011 0.0398601395 0.8832927852 0.4983938171 
-83.1286386694 0.0397946747 0.8837324044 0.4982738234 
-83.1585694987 0.0397277168 0.8841813743 0.4981504558 
-83.1892297940 0.0396592349 0.8846398506 0.4980234594 
-83.2206371306 0.0395891975 0.8851079905 0.4978925337 
-83.2528095702 0.0395175723 0.8855859523 0.4977573211 
-83.2857656766 0.0394443265 0.8860738958 0.4976173933 
-83.3195245336 0.0393694267 0.8865719819 0.4974722339 
-83.3541057631 0.0392928385 0.8870803729 0.4973212166 
-83.3895295451 0.0392145271 0.8875992319 0.4971635777 
-83.4258166390 0.0391344567 0.8881287232 0.4969983812 
-83.4629884070 0.0390525909 0.8886690122 0.4968244754 
-83.5010668388 0.0389688925 0.8892202650 0.4966404376 
-83.5400745795 0.0388833233 0.8897826489 0.4964445058 
-83.5800349606 0.0387958446 0.8903563321 0.4962344933 
-83.6209720338 0.0387064165 0.8909414837 0.4960076850 
-83.6629106098 0.0386149984 0.8915382739 0.4957607136 
-83.7058763025 0.0385215484 0.8921468739 0.4954894180 
-83.7498955785 0.0384260240 0.8927674564 0.4951886917 
-83.7949958148 0.0383283812 0.8934001955 0.4948523254 
-83.8412053641 0.0382285749 0.8940452670 0.4944727965 
-83.8885536321 0.0381265586 0.8947028492 0.4940413400 
-83.9370712436 0.0380222844 0.8953731241 0.4935583998 
-83.9867903645 0.0379157019 0.8960562814 0.4930735355 
-84.0377440423 0.0378067599 0.8967525080 0.4926447344 
-84.0899654227 0.0376954084 0.8974619760 0.4922863826 
-84.0941248800 0.0376865518 0.8975184794 0.4922641812 
