-81.9329743037 0.0425556699 0.8648862528 0.5092054059 
-81.9329703620 0.0425556793 0.8648861769 0.5091914132 
-81.9329626612 0.0425556977 0.8648860284 0.5091631602 
-81.9329515708 0.0425557241 0.8648858139 0.5091201807 
-81.9329376549 0.0425557573 0.8648855437 0.5090619428 
-81.9329216811 0.0425557955 0.8648852315 0.5089880306 
-81.9329044510 0.0425558366 0.8648848919 0.5088797378 
-81.9328880017 0.0425558759 0.8648845615 0.5087999578 
-81.9328731905 0.0425559112 0.8648842558 0.5087277095 
-81.9328609630 0.0425559405 0.8648839919 0.5086617042 
-81.9328521864 0.0425559615 0.8648837854 0.5086009889 
-81.9328476622 0.0425559724 0.8648836508 0.5085448647 
-81.9328481350 0.0425559713 0.8648836013 0.5084928182 
-81.9328542996 0.0425559568 0.8648836497 0.5084444686 
-81.9328668062 0.0425559271 0.8648838074 0.5083995281 
-81.9328862640 0.0425558808 0.8648840856 0.5083577738 
-81.9329132450 0.0425558166 0.8648844945 0.5083190278 
-81.9329482859 0.0425557332 0.8648850438 0.5082831440 
-81.9329918908 0.0425556295 0.8648857425 0.5082499985 
-81.9330445331 0.0425555041 0.8648865991 0.5082194833 
-81.9331066568 0.0425553562 0.8648876216 0.5081915022 
-81.9331786783 0.0425551847 0.8648888174 0.5081659678 
-81.9332609878 0.0425549887 0.8648901937 0.5081427991 
-81.9333539509 0.0425547673 0.8648917568 0.5081219207 
-81.9334579089 0.0425545197 0.8648935131 0.5081032612 
-81.9335731811 0.0425542451 0.8648954681 0.5080867526 
-81.9337000651 0.0425539429 0.8648976272 0.5080723304 
-81.9338388382 0.0425536124 0.8648999953 0.5080599326 
-81.9339897583 0.0425532529 0.8649025772 0.5080495000 
-81.9341530647 0.0425528638 0.8649053769 0.5080409758 
-81.9343289794 0.0425524448 0.8649083986 0.5080343053 
-81.9345177074 0.0425519952 0.8649116459 0.5080294363 
-81.9347194381 0.0425515146 0.8649151220 0.5080263185 
-81.9349343456 0.0425510027 0.8649188302 0.5080249036 
-81.9351625898 0.0425504590 0.8649227733 0.5080251451 
-81.9354043169 0.0425498831 0.8649269538 0.5080269985 
-81.9356596603 0.0425492748 0.8649313741 0.5080304208 
-81.9359287407 0.0425486338 0.8649360364 0.5080353707 
-81.9362116676 0.0425479598 0.8649409426 0.5080418085 
-81.9365085392 0.0425472526 0.8649460943 0.5080496961 
-81.9368194432 0.0425465120 0.8649514932 0.5080589966 
-81.9371444572 0.0425457377 0.8649571405 0.5080696747 
-81.9374836496 0.0425449297 0.8649630375 0.5080816962 
-81.9378370796 0.0425440878 0.8649691852 0.5080950285 
-81.9382047980 0.0425432119 0.8649755844 0.5081096398 
-81.9385868476 0.0425423018 0.8649822359 0.5081254997 
-81.9389832635 0.0425413575 0.8649891402 0.5081425788 
-81.9393940736 0.0425403790 0.8649962979 0.5081608490 
-81.9398192992 0.0425393661 0.8650037092 0.5081802829 
-81.9402589547 0.0425383189 0.8650113743 0.5082008542 
-81.9407130489 0.0425372373 0.8650192933 0.5082225376 
-81.9411815845 0.0425361213 0.8650274663 0.5082453087 
-81.9416645591 0.0425349710 0.8650358932 0.5082691438 
-81.9421619649 0.0425337863 0.8650445737 0.5082940203 
-81.9426737894 0.0425325673 0.8650535076 0.5083199162 
-81.9432000157 0.0425313141 0.8650626944 0.5083468102 
-81.9437406224 0.0425300266 0.8650721339 0.5083746820 
-81.9442955844 0.0425287050 0.8650818255 0.5084035117 
-81.9448648725 0.0425273492 0.8650917685 0.5084332803 
-81.9454484543 0.0425259595 0.8651019624 0.5084639693 
-81.9460462940 0.0425245359 0.8651124064 0.5084955610 
-81.9466583526 0.0425230784 0.8651230998 0.5085280382 
-81.9472845884 0.0425215873 0.8651340418 0.5085613841 
-81.9479249569 0.0425200625 0.8651452315 0.5085955828 
-81.9485794112 0.0425185043 0.8651566681 0.5086306187 
-81.9492479021 0.0425169126 0.8651683506 0.5086664767 
-81.9499303781 0.0425152878 0.8651802779 0.5087031424 
-81.9506267860 0.0425136298 0.8651924492 0.5087406016 
-81.9513370703 0.0425119388 0.8652048633 0.5087788407 
-81.9520611744 0.0425102150 0.8652175191 0.5088178466 
-81.9527990397 0.0425084585 0.8652304156 0.5088576066 
-81.9535506065 0.0425066695 0.8652435516 0.5088981082 
-81.9543158136 0.0425048480 0.8652569260 0.5089393396 
-81.9550945987 0.0425029944 0.8652705375 0.5089812891 
-81.9558868986 0.0425011086 0.8652843850 0.5090239457 
-81.9566926489 0.0424991909 0.8652984673 0.5090672983 
-81.9575117847 0.0424972414 0.8653127831 0.5091113366 
-81.9583442401 0.0424952602 0.8653273313 0.5091560503 
-81.9591899486 0.0424932477 0.8653421104 0.5092014296 
-81.9600488434 0.0424912038 0.8653571194 0.5092474648 
-81.9609208570 0.0424891288 0.8653723568 0.5092941467 
-81.9618059216 0.0424870229 0.8653878215 0.5093414664 
-81.9627039691 0.0424848861 0.8654035122 0.5093894151 
-81.9636149312 0.0424827188 0.8654194275 0.5094379844 
-81.9645387394 0.0424805209 0.8654355662 0.5094871660 
-81.9654753253 0.0424782928 0.8654519269 0.5095369521 
-81.9664246202 0.0424760345 0.8654685085 0.5095873349 
-81.9673865557 0.0424737463 0.8654853096 0.5096383069 
-81.9683610633 0.0424714283 0.8655023288 0.5096898610 
-81.9693480748 0.0424690807 0.8655195650 0.5097419901 
-81.9703475222 0.0424667036 0.8655370169 0.5097946873 
-81.9713593377 0.0424642973 0.8655546831 0.5098479461 
-81.9723834537 0.0424618618 0.8655725624 0.5099017601 
-81.9734198032 0.0424593973 0.8655906535 0.5099561230 
-81.9744683194 0.0424569040 0.8656089552 0.5100110287 
-81.9755289361 0.0424543821 0.8656274662 0.5100664716 
-81.9766015874 0.0424518318 0.8656461853 0.5101224458 
-81.9776862079 0.0424492531 0.8656651112 0.5101789459 
-81.9787827328 0.0424466462 0.8656842427 0.5102359665 
-81.9798910980 0.0424440114 0.8657035787 0.5102935025 
-81.9810112398 0.0424413487 0.8657231178 0.5103515488 
-81.9821430952 0.0424386583 0.8657428590 0.5104101007 
-81.9832866019 0.0424359404 0.8657628009 0.5104691534 
-81.9844416982 0.0424331951 0.8657829426 0.5105287023 
-81.9856083231 0.0424304226 0.8658032827 0.5105887430 
-81.9867864164 0.0424276230 0.8658238202 0.5106492713 
-81.9879759186 0.0424247964 0.8658445540 0.5107102829 
-81.9891767709 0.0424219431 0.8658654828 0.5107717740 
-81.9903889154 0.0424190631 0.8658866057 0.5108337406 
-81.9916122950 0.0424161566 0.8659079215 0.5108961790 
-81.9928468533 0.0424132237 0.8659294291 0.5109590855 
-81.9940925347 0.0424102646 0.8659511276 0.5110224567 
-81.9953492846 0.0424072794 0.8659730158 0.5110862891 
-81.9966170491 0.0424042682 0.8659950927 0.5111505796 
-81.9978957753 0.0424012312 0.8660173573 0.5112153250 
-81.9991854111 0.0423981685 0.8660398087 0.5112805222 
-82.0004859052 0.0423950801 0.8660624458 0.5113461683 
-82.0017972073 0.0423919664 0.8660852676 0.5114122606 
-82.0031192680 0.0423888273 0.8661082733 0.5114787962 
-82.0044520387 0.0423856630 0.8661314619 0.5115457727 
-82.0057954717 0.0423824736 0.8661548324 0.5116131875 
-82.0071495204 0.0423792592 0.8661783840 0.5116810383 
-82.0085141388 0.0423760200 0.8662021157 0.5117493227 
-82.0098892821 0.0423727560 0.8662260268 0.5118180387 
-82.0112749063 0.0423694673 0.8662501163 0.5118871840 
-82.0126709682 0.0423661542 0.8662743835 0.5119567568 
-82.0140774258 0.0423628166 0.8662988274 0.5120267551 
-82.0154942378 0.0423594546 0.8663234474 0.5120971772 
-82.0169213637 0.0423560685 0.8663482425 0.5121680214 
-82.0183587642 0.0423526582 0.8663732121 0.5122392861 
-82.0198064008 0.0423492239 0.8663983554 0.5123109697 
-82.0212642357 0.0423457656 0.8664236716 0.5123830709 
-82.0227322324 0.0423422836 0.8664491600 0.5124555883 
-82.0242103549 0.0423387777 0.8664748199 0.5125285208 
-82.0256985683 0.0423352482 0.8665006506 0.5126018673 
-82.0271968386 0.0423316952 0.8665266514 0.5126756266 
-82.0287051325 0.0423281186 0.8665528218 0.5127497978 
-82.0302234178 0.0423245186 0.8665791609 0.5128243802 
-82.0317516628 0.0423208953 0.8666056683 0.5128993729 
-82.0332898371 0.0423172487 0.8666323432 0.5129747752 
-82.0348379108 0.0423135790 0.8666591851 0.5130505867 
-82.0363958550 0.0423098862 0.8666861934 0.5131268068 
-82.0379636415 0.0423061703 0.8667133675 0.5132034351 
-82.0395412429 0.0423024315 0.8667407068 0.5132804713 
-82.0411286327 0.0422986698 0.8667682109 0.5133579153 
-82.0427257851 0.0422948852 0.8667958791 0.5134357669 
-82.0443326750 0.0422910779 0.8668237110 0.5135140261 
-82.0459492782 0.0422872480 0.8668517060 0.5135926930 
-82.0475755710 0.0422833953 0.8668798637 0.5136717678 
-82.0492115307 0.0422795201 0.8669081836 0.5137512507 
-82.0508571351 0.0422756224 0.8669366652 0.5138311421 
-82.0525123625 0.0422717023 0.8669653080 0.5139114425 
-82.0541771923 0.0422677597 0.8669941117 0.5139921524 
-82.0558516041 0.0422637948 0.8670230757 0.5140732726 
-82.0575355783 0.0422598076 0.8670521996 0.5141548037 
-82.0592290959 0.0422557981 0.8670814831 0.5142367468 
-82.0609321384 0.0422517664 0.8671109257 0.5143191026 
-82.0626446878 0.0422477126 0.8671405270 0.5144018724 
-82.0643667267 0.0422436367 0.8671702867 0.5144850573 
-82.0660982382 0.0422395387 0.8672002043 0.5145686586 
-82.0678392056 0.0422354188 0.8672302796 0.5146526778 
-82.0695896129 0.0422312768 0.8672605120 0.5147371164 
-82.0713494443 0.0422271130 0.8672909014 0.5148219760 
-82.0731186845 0.0422229272 0.8673214472 0.5149072584 
-82.0748973184 0.0422187196 0.8673521492 0.5149929655 
-82.0766853312 0.0422144903 0.8673830071 0.5150790993 
-82.0784827085 0.0422102391 0.8674140204 0.5151656620 
-82.0802894357 0.0422059663 0.8674451889 0.5152526559 
-82.0821054989 0.0422016718 0.8674765122 0.5153400832 
-82.0839308839 0.0421973556 0.8675079900 0.5154279467 
-82.0857655767 0.0421930178 0.8675396220 0.5155162490 
-82.0876095634 0.0421886585 0.8675714078 0.5156049930 
-82.0894628300 0.0421842777 0.8676033471 0.5156941815 
-82.0913253624 0.0421798754 0.8676354396 0.5157838179 
-82.0931971464 0.0421754516 0.8676676849 0.5158739053 
-82.0950781677 0.0421710064 0.8677000827 0.5159644472 
-82.0969684117 0.0421665399 0.8677326327 0.5160554474 
-82.0988678634 0.0421620521 0.8677653345 0.5161469095 
-82.1007765076 0.0421575430 0.8677981877 0.5162388376 
-82.1026943285 0.0421530126 0.8678311921 0.5163312358 
-82.1046213099 0.0421484611 0.8678643471 0.5164241086 
-82.1065574350 0.0421438884 0.8678976525 0.5165174604 
-82.1085026864 0.0421392947 0.8679311079 0.5166112961 
-82.1104570459 0.0421346799 0.8679647128 0.5167056206 
-82.1124204945 0.0421300440 0.8679984667 0.5168004392 
-82.1143930122 0.0421253873 0.8680323694 0.5168957572 
-82.1163745783 0.0421207097 0.8680664203 0.5169915804 
-82.1183651708 0.0421160112 0.8681006190 0.5170879146 
-82.1203647665 0.0421112920 0.8681349649 0.5171847659 
-82.1223733410 0.0421065521 0.8681694575 0.5172821409 
-82.1243908686 0.0421017916 0.8682040963 0.5173800462 
-82.1264173218 0.0420970105 0.8682388808 0.5174784887 
-82.1284526717 0.0420922089 0.8682738102 0.5175774758 
-82.1304968877 0.0420873869 0.8683088841 0.5176770150 
-82.1325499373 0.0420825446 0.8683441016 0.5177771141 
-82.1346117859 0.0420776820 0.8683794623 0.5178777814 
-82.1366823967 0.0420727993 0.8684149652 0.5179790254 
-82.1387617309 0.0420678965 0.8684506096 0.5180808550 
-82.1408497470 0.0420629739 0.8684863947 0.5181832794 
-82.1429464010 0.0420580313 0.8685223197 0.5182863082 
-82.1450516461 0.0420530691 0.8685583836 0.5183899514 
-82.1471654327 0.0420480873 0.8685945854 0.5184942195 
-82.1492877078 0.0420430860 0.8686309242 0.5185991233 
-82.1514184154 0.0420380654 0.8686673989 0.5187046739 
-82.1535574958 0.0420330257 0.8687040083 0.5188108832 
-82.1557048857 0.0420279669 0.8687407512 0.5189177631 
-82.1578605177 0.0420228892 0.8687776263 0.5190253264 
-82.1600243205 0.0420177929 0.8688146324 0.5191335861 
-82.1621962181 0.0420126781 0.8688517679 0.5192425559 
-82.1643761303 0.0420075450 0.8688890315 0.5193522498 
-82.1665639716 0.0420023938 0.8689264214 0.5194626825 
-82.1687596515 0.0419972248 0.8689639360 0.5195738691 
-82.1709630741 0.0419920381 0.8690015736 0.5196858253 
-82.1731741379 0.0419868340 0.8690393322 0.5197985674 
-82.1753927350 0.0419816128 0.8690772100 0.5199121122 
-82.1776187516 0.0419763747 0.8691152048 0.5200264769 
-82.1798520669 0.0419711201 0.8691533143 0.5201416796 
-82.1820925533 0.0419658492 0.8691915364 0.5202577384 
-82.1843400759 0.0419605623 0.8692298685 0.5203746724 
-82.1865944920 0.0419552599 0.8692683080 0.5204925006 
-82.1888556506 0.0419499422 0.8693068523 0.5206112427 
-82.1911233927 0.0419446097 0.8693454984 0.5207309186 
-82.1933975501 0.0419392627 0.8693842433 0.5208515482 
-82.1956779455 0.0419339017 0.8694230839 0.5209731513 
-82.1979643917 0.0419285271 0.8694620167 0.5210957472 
-82.2002566917 0.0419231393 0.8695010383 0.5212193546 
-82.2025546378 0.0419177390 0.8695401450 0.5213439910 
-82.2048580116 0.0419123265 0.8695793328 0.5214696718 
-82.2071665833 0.0419069025 0.8696185976 0.5215964094 
-82.2094801114 0.0419014675 0.8696579352 0.5217242125 
-82.2117983426 0.0418960221 0.8696973411 0.5218530838 
-82.2141210115 0.0418905669 0.8697368105 0.5219830180 
-82.2164478401 0.0418851026 0.8697763386 0.5221139990 
-82.2187785383 0.0418796299 0.8698159201 0.5222459960 
-82.2211128038 0.0418741495 0.8698555497 0.5223789577 
-82.2234503226 0.0418686621 0.8698952220 0.5225128063 
-82.2257907697 0.0418631685 0.8699349311 0.5226474273 
-82.2281338108 0.0418576695 0.8699746712 0.5227826581 
-82.2304791035 0.0418521659 0.8700144363 0.5229182723 
-82.2328263006 0.0418466585 0.8700542201 0.5230539595 
-82.2351750543 0.0418411481 0.8700940167 0.5231893003 
-82.2375250208 0.0418356355 0.8701338200 0.5233237358 
-82.2398758684 0.0418301216 0.8701736240 0.5234565317 
-82.2422272874 0.0418246070 0.8702134235 0.5235867407 
-82.2445790025 0.0418190924 0.8702532136 0.5237131701 
-82.2469307905 0.0418135783 0.8702929902 0.5238343718 
-82.2492825009 0.0418080650 0.8703327508 0.5239486935 
-82.2516340817 0.0418025527 0.8703724945 0.5240544738 
-82.2539856088 0.0417970413 0.8704122224 0.5241505682 
-82.2563373153 0.0417915301 0.8704519386 0.5242375995 
-82.2586896065 0.0417860182 0.8704916501 0.5243202526 
-82.2598662827 0.0417832613 0.8705115090 0.5243620844 
-82.2610441835 0.0417805016 0.8705313819 0.5244009310 
-82.2622235722 0.0417777387 0.8705512735 0.5244382821 
-82.2634047303 0.0417749718 0.8705711885 0.5244751118 
-82.2645879443 0.0417722003 0.8705911320 0.5245120375 
-82.2657734992 0.0417694234 0.8706111088 0.5245494374 
-82.2669616736 0.0417666406 0.8706311236 0.5245875351 
-82.2681527374 0.0417638512 0.8706511813 0.5246264564 
-82.2693469505 0.0417610546 0.8706712860 0.5246662677 
-82.2705445622 0.0417582502 0.8706914423 0.5247069990 
-82.2717458113 0.0417554375 0.8707116540 0.5247486587 
-82.2729509262 0.0417526160 0.8707319251 0.5247912423 
-82.2741601247 0.0417497850 0.8707522592 0.5248347374 
-82.2753736151 0.0417469442 0.8707726600 0.5248791268 
-82.2765915960 0.0417440931 0.8707931307 0.5249243906 
-82.2778142569 0.0417412312 0.8708136745 0.5249705068 
-82.2790417787 0.0417383581 0.8708342945 0.5250174529 
-82.2802743342 0.0417354734 0.8708549935 0.5250652057 
-82.2815120884 0.0417325767 0.8708757743 0.5251137419 
-82.2827551991 0.0417296677 0.8708966395 0.5251630386 
-82.2840038173 0.0417267460 0.8709175916 0.5252130729 
-82.2852580874 0.0417238113 0.8709386330 0.5252638225 
-82.2865181479 0.0417208632 0.8709597659 0.5253152653 
-82.2877841319 0.0417179014 0.8709809925 0.5253673801 
-82.2890561671 0.0417149257 0.8710023148 0.5254201460 
-82.2903343765 0.0417119358 0.8710237349 0.5254735428 
-82.2916188787 0.0417089313 0.8710452547 0.5255275507 
-82.2929097882 0.0417059121 0.8710668759 0.5255821506 
-82.2942072160 0.0417028779 0.8710886004 0.5256373240 
-82.2955112695 0.0416998283 0.8711104298 0.5256930529 
-82.2968220534 0.0416967632 0.8711323657 0.5257493198 
-82.2981396696 0.0416936824 0.8711544098 0.5258061079 
-82.2994642176 0.0416905856 0.8711765636 0.5258634008 
-82.3007957949 0.0416874725 0.8711988286 0.5259211826 
-82.3021344974 0.0416843431 0.8712212063 0.5259794378 
-82.3034804194 0.0416811969 0.8712436980 0.5260381516 
-82.3048336543 0.0416780340 0.8712663053 0.5260973096 
-82.3061942944 0.0416748539 0.8712890294 0.5261568975 
-82.3075624315 0.0416716565 0.8713118718 0.5262169020 
-82.3089381573 0.0416684417 0.8713348339 0.5262773096 
-82.3103215632 0.0416652091 0.8713579169 0.5263381077 
-82.3117127410 0.0416619587 0.8713811223 0.5263992837 
-82.3131117830 0.0416586901 0.8714044514 0.5264608255 
-82.3145187821 0.0416554031 0.8714279055 0.5265227214 
-82.3159338323 0.0416520976 0.8714514861 0.5265849600 
-82.3173570288 0.0416487733 0.8714751946 0.5266475300 
-82.3187884685 0.0416454301 0.8714990322 0.5267104207 
-82.3202282496 0.0416420676 0.8715230006 0.5267736215 
-82.3216764728 0.0416386856 0.8715471010 0.5268371222 
-82.3231332405 0.0416352840 0.8715713351 0.5269009126 
-82.3245986579 0.0416318624 0.8715957043 0.5269649831 
-82.3260728328 0.0416284207 0.8716202102 0.5270293240 
-82.3275558759 0.0416249585 0.8716448545 0.5270939261 
-82.3290479009 0.0416214756 0.8716696387 0.5271587802 
-82.3305490251 0.0416179718 0.8716945645 0.5272238775 
-82.3320593695 0.0416144468 0.8717196338 0.5272892092 
-82.3335790587 0.0416109002 0.8717448483 0.5273547667 
-82.3351082214 0.0416073318 0.8717702100 0.5274205417 
-82.3366469910 0.0416037413 0.8717957206 0.5274865260 
-82.3381955051 0.0416001284 0.8718213823 0.5275527116 
-82.3397539063 0.0415964927 0.8718471972 0.5276190904 
-82.3413223421 0.0415928339 0.8718731673 0.5276856549 
-82.3429009655 0.0415891516 0.8718992950 0.5277523972 
-82.3444899349 0.0415854456 0.8719255826 0.5278193100 
-82.3460894147 0.0415817153 0.8719520324 0.5278863858 
-82.3476995752 0.0415779605 0.8719786470 0.5279536173 
-82.3493205929 0.0415741807 0.8720054290 0.5280209972 
-82.3509526513 0.0415703754 0.8720323811 0.5280885186 
-82.3525959403 0.0415665444 0.8720595061 0.5281561744 
-82.3542506573 0.0415626870 0.8720868070 0.5282239577 
-82.3559170067 0.0415588029 0.8721142866 0.5282918615 
-82.3575952010 0.0415548915 0.8721419483 0.5283598792 
-82.3592854604 0.0415509524 0.8721697953 0.5284280040 
-82.3609880134 0.0415469849 0.8721978310 0.5284962292 
-82.3627030971 0.0415429887 0.8722260590 0.5285645482 
-82.3644309575 0.0415389630 0.8722544828 0.5286329545 
-82.3661718497 0.0415349074 0.8722831064 0.5287014415 
-82.3679260384 0.0415308212 0.8723119336 0.5287700028 
-82.3696937980 0.0415267038 0.8723409687 0.5288386319 
-82.3714754131 0.0415225545 0.8723702158 0.5289073223 
-82.3732711790 0.0415183727 0.8723996794 0.5289760677 
-82.3750814014 0.0415141576 0.8724293641 0.5290448618 
-82.3769063977 0.0415099085 0.8724592748 0.5291136981 
-82.3787464965 0.0415056247 0.8724894162 0.5291825703 
-82.3806020387 0.0415013054 0.8725197937 0.5292514720 
-82.3824733772 0.0414969498 0.8725504125 0.5293203970 
-82.3843608778 0.0414925570 0.8725812781 0.5293893388 
-82.3862649196 0.0414881261 0.8726123963 0.5294582911 
-82.3881858951 0.0414836564 0.8726437730 0.5295272477 
-82.3901242107 0.0414791467 0.8726754145 0.5295962020 
-82.3920802874 0.0414745962 0.8727073270 0.5296651477 
-82.3940545612 0.0414700039 0.8727395171 0.5297340784 
-82.3960474831 0.0414653687 0.8727719918 0.5298029878 
-82.3980595204 0.0414606896 0.8728047582 0.5298718692 
-82.4000911563 0.0414559654 0.8728378235 0.5299407163 
-82.4021428912 0.0414511950 0.8728711955 0.5300095225 
-82.4042152426 0.0414463772 0.8729048819 0.5300782812 
-82.4063087461 0.0414415108 0.8729388909 0.5301469859 
-82.4084239557 0.0414365945 0.8729732311 0.5302156299 
-82.4105614442 0.0414316269 0.8730079110 0.5302842065 
-82.4127218044 0.0414266069 0.8730429398 0.5303527090 
-82.4149056489 0.0414215328 0.8730783268 0.5304211305 
-82.4171136115 0.0414164034 0.8731140817 0.5304894642 
-82.4193463471 0.0414112170 0.8731502144 0.5305577031 
-82.4216045330 0.0414059721 0.8731867354 0.5306258403 
-82.4238888691 0.0414006672 0.8732236552 0.5306938687 
-82.4262000788 0.0413953005 0.8732609851 0.5307617812 
-82.4285389098 0.0413898703 0.8732987363 0.5308295705 
-82.4309061347 0.0413843750 0.8733369207 0.5308972293 
-82.4333025517 0.0413788126 0.8733755506 0.5309647503 
-82.4357289855 0.0413731813 0.8734146385 0.5310321259 
-82.4381862880 0.0413674790 0.8734541974 0.5310993487 
-82.4406753393 0.0413617039 0.8734942409 0.5311664109 
-82.4431970484 0.0413558538 0.8735347828 0.5312333048 
-82.4457523540 0.0413499266 0.8735758375 0.5313000225 
-82.4483422257 0.0413439200 0.8736174198 0.5313665561 
-82.4509676646 0.0413378318 0.8736595451 0.5314328975 
-82.4536297045 0.0413316596 0.8737022291 0.5314990383 
-82.4563294126 0.0413254010 0.8737454883 0.5315649705 
-82.4590678908 0.0413190534 0.8737893394 0.5316306853 
-82.4618462766 0.0413126143 0.8738337998 0.5316961744 
-82.4646657443 0.0413060809 0.8738788876 0.5317614289 
-82.4675275060 0.0412994506 0.8739246212 0.5318264401 
-82.4704328126 0.0412927204 0.8739710198 0.5318911989 
-82.4733829553 0.0412858874 0.8740181031 0.5319556961 
-82.4763792664 0.0412789485 0.8740658916 0.5320199224 
-82.4794231211 0.0412719008 0.8741144061 0.5320838685 
-82.4825159383 0.0412647408 0.8741636684 0.5321475246 
-82.4856591819 0.0412574653 0.8742137008 0.5322108810 
-82.4888543628 0.0412500708 0.8742645265 0.5322739277 
-82.4921030394 0.0412425538 0.8743161691 0.5323366545 
-82.4954068197 0.0412349107 0.8743686533 0.5323990511 
-82.4987673626 0.0412271375 0.8744220043 0.5324611069 
-82.5021863794 0.0412192306 0.8744762481 0.5325228113 
-82.5056656353 0.0412111858 0.8745314118 0.5325841532 
-82.5092069512 0.0412029991 0.8745875230 0.5326451215 
-82.5128122054 0.0411946661 0.8746446103 0.5327057049 
-82.5164833351 0.0411861825 0.8747027032 0.5327658917 
-82.5202223382 0.0411775437 0.8747618320 0.5328256702 
-82.5240312756 0.0411687451 0.8748220281 0.5328850282 
-82.5279122723 0.0411597819 0.8748833237 0.5329439534 
-82.5318675203 0.0411506490 0.8749457521 0.5330024333 
-82.5358992795 0.0411413415 0.8750093475 0.5330604550 
-82.5400098810 0.0411318539 0.8750741452 0.5331180054 
-82.5442017280 0.0411221810 0.8751401816 0.5331750711 
-82.5484772990 0.0411123170 0.8752074942 0.5332316385 
-82.5528391496 0.0411022562 0.8752761216 0.5332876936 
-82.5572899148 0.0410919928 0.8753461035 0.5333432220 
-82.5618323115 0.0410815205 0.8754174809 0.5333982093 
-82.5664691412 0.0410708331 0.8754902961 0.5334526404 
-82.5712032920 0.0410599240 0.8755645924 0.5335065002 
-82.5760377419 0.0410487865 0.8756404147 0.5335597731 
-82.5809755612 0.0410374139 0.8757178089 0.5336124431 
-82.5860199150 0.0410257988 0.8757968226 0.5336644939 
-82.5911740668 0.0410139342 0.8758775047 0.5337159088 
-82.5964413808 0.0410018123 0.8759599053 0.5337666708 
-82.6018253255 0.0409894254 0.8760440764 0.5338167624 
-82.6073294764 0.0409767656 0.8761300713 0.5338661657 
-82.6129575196 0.0409638245 0.8762179447 0.5339148625 
-82.6187132552 0.0409505937 0.8763077532 0.5339628340 
-82.6246006004 0.0409370645 0.8763995550 0.5340100611 
-82.6306235935 0.0409232279 0.8764934098 0.5340565242 
-82.6367863974 0.0409090745 0.8765893793 0.5341022031 
-82.6430933035 0.0408945949 0.8766875267 0.5341470775 
-82.6495487356 0.0408797792 0.8767879174 0.5341911261 
-82.6561572538 0.0408646173 0.8768906182 0.5342343276 
-82.6629235591 0.0408490987 0.8769956982 0.5342766598 
-82.6698524972 0.0408332128 0.8771032285 0.5343181001 
-82.6769490634 0.0408169485 0.8772132819 0.5343586255 
-82.6842184071 0.0408002943 0.8773259335 0.5343982122 
-82.6916658363 0.0407832387 0.8774412606 0.5344368361 
-82.6992968228 0.0407657695 0.8775593425 0.5344744723 
-82.7071170071 0.0407478744 0.8776802610 0.5345110954 
-82.7151322040 0.0407295405 0.8778040998 0.5345466794 
-82.7233484071 0.0407107547 0.8779309453 0.5345811977 
-82.7317717956 0.0406915035 0.8780608862 0.5346146230 
-82.7404087388 0.0406717729 0.8781940136 0.5346469275 
-82.7492658032 0.0406515486 0.8783304213 0.5346780826 
-82.7583497576 0.0406308158 0.8784702055 0.5347080591 
-82.7676675803 0.0406095594 0.8786134652 0.5347368270 
-82.7772264650 0.0405877637 0.8787603020 0.5347643558 
-82.7870338279 0.0405654126 0.8789108203 0.5347906142 
-82.7970973147 0.0405424895 0.8790651274 0.5348155701 
-82.8074248075 0.0405189775 0.8792233335 0.5348391909 
-82.8180244327 0.0404948590 0.8793855518 0.5348614431 
-82.8289045683 0.0404701160 0.8795518983 0.5348822923 
-82.8400738521 0.0404447299 0.8797224924 0.5349017036 
-82.8515411898 0.0404186816 0.8798974565 0.5349196412 
-82.8633157638 0.0403919514 0.8800769163 0.5349360685 
-82.8754070414 0.0403645192 0.8802610008 0.5349509481 
-82.8878247844 0.0403363642 0.8804498424 0.5349642419 
-82.9005790587 0.0403074650 0.8806435769 0.5349759106 
-82.9136802431 0.0402777995 0.8808423436 0.5349859146 
-82.9271390404 0.0402473452 0.8810462853 0.5349942130 
-82.9409664872 0.0402160789 0.8812555487 0.5350007642 
-82.9551739648 0.0401839765 0.8814702839 0.5350055256 
-82.9697732104 0.0401510134 0.8816906451 0.5350084538 
-82.9847763288 0.0401171644 0.8819167900 0.5350095045 
-83.0001958040 0.0400824035 0.8821488806 0.5350086322 
-83.0160445117 0.0400467038 0.8823870824 0.5350057905 
-83.0323357321 0.0400100378 0.8826315655 0.5350009322 
-83.0490831635 0.0399723773 0.8828825036 0.5349940087 
-83.0663009354 0.0399336932 0.8831400749 0.5349849703 
-83.0840036234 0.0398939555 0.8834044617 0.5349737664 
-83.1022062634 0.0398531336 0.8836758505 0.5349603449 
-83.1209243673 0.0398111958 0.8839544323 0.5349446524 
-83.1401739386 0.0397681096 0.8842404023 0.5349266341 
-83.1599714891 0.0397238418 0.8845339604 0.5349062336 
-83.1803340559 0.0396783579 0.8848353107 0.5348833928 
-83.2012792188 0.0396316228 0.8851446620 0.5348580519 
-83.2228251191 0.0395836003 0.8854622275 0.5348301487 
-83.2449904786 0.0395342530 0.8857882251 0.5347996187 
-83.2677946192 0.0394835428 0.8861228774 0.5347663950 
-83.2912574839 0.0394314304 0.8864664115 0.5347304073 
-83.3153996577 0.0393778755 0.8868190591 0.5346915819 
-83.3402423904 0.0393228366 0.8871810568 0.5346498408 
-83.3658076194 0.0392662710 0.8875526456 0.5346051013 
-83.3921179940 0.0392081352 0.8879340713 0.5345572747 
-83.4191969006 0.0391483842 0.8883255844 0.5345062657 
-83.4470684884 0.0390869719 0.8887274398 0.5344519704 
-83.4757576975 0.0390238510 0.8891398974 0.5343942750 
-83.5052902866 0.0389589728 0.8895632212 0.5343330536 
-83.5356928632 0.0388922874 0.8899976801 0.5342681653 
-83.5669929149 0.0388237436 0.8904435470 0.5341994508 
-83.5992188413 0.0387532889 0.8909010997 0.5341267284 
-83.6323999888 0.0386808693 0.8913706198 0.5340497881 
-83.6665666864 0.0386064294 0.8918523934 0.5339683849 
-83.7017502829 0.0385299122 0.8923467105 0.5338822297 
-83.7379831874 0.0384512596 0.8928538651 0.5337909777 
-83.7752989107 0.0383704116 0.8933741552 0.5336942140 
-83.8137321104 0.0382873069 0.8939078822 0.5335914337 
-83.8533186377 0.0382018823 0.8944553511 0.5334820171 
-83.8940955886 0.0381140732 0.8950168705 0.5333651970 
-83.9361013580 0.0380238133 0.8955927519 0.5332400154 
-83.9793756984 0.0379310344 0.8961833099 0.5331052669 
-84.0239597839 0.0378356665 0.8967888622 0.5329594240 
-84.0698962802 0.0377376379 0.8974097289 0.5328005381 
-84.1172294222 0.0376368749 0.8980462331 0.5326261095 
-84.1660051001 0.0375333016 0.8986987001 0.5324329167 
-84.2162709581 0.0374268402 0.8993674580 0.5322167932 
-84.2680765057 0.0373174105 0.9000528374 0.5319723458 
-84.3214732477 0.0372049299 0.9007551718 0.5316926093 
-84.3765148363 0.0370893133 0.9014747980 0.5313686627 
-84.4332572499 0.0369704726 0.9022120564 0.5309892878 
-84.4917590058 0.0368483168 0.9029672924 0.5305408456 
-84.5520814072 0.0367227512 0.9037408572 0.5300074861 
-84.6142888437 0.0365936774 0.9045331096 0.5293743300 
-84.6784498075 0.0364609911 0.9053444266 0.5287112638 
-84.7446362692 0.0363245836 0.9061751923 0.5281984962 
-84.8129190760 0.0361843520 0.9070257344 0.5278588856 
-82.2598662827 0.0417832613 0.8705115090 0.5243620844 
-82.2610441835 0.0417805016 0.8705313819 0.5244009310 
-82.2622235722 0.0417777387 0.8705512735 0.5244382821 
-82.2634047303 0.0417749718 0.8705711885 0.5244751118 
-82.2645879443 0.0417722003 0.8705911320 0.5245120375 
-82.2657734992 0.0417694234 0.8706111088 0.5245494374 
-82.2669616736 0.0417666406 0.8706311236 0.5245875351 
-82.2681527374 0.0417638512 0.8706511813 0.5246264564 
-82.2693469505 0.0417610546 0.8706712860 0.5246662677 
-82.2705445622 0.0417582502 0.8706914423 0.5247069990 
-82.2717458113 0.0417554375 0.8707116540 0.5247486587 
-82.2729509262 0.0417526160 0.8707319251 0.5247912423 
-82.2741601247 0.0417497850 0.8707522592 0.5248347374 
-82.2753736151 0.0417469442 0.8707726600 0.5248791268 
-82.2765915960 0.0417440931 0.8707931307 0.5249243906 
-82.2778142569 0.0417412312 0.8708136745 0.5249705068 
-82.2790417787 0.0417383581 0.8708342945 0.5250174529 
-82.2802743342 0.0417354734 0.8708549935 0.5250652057 
-82.2815120884 0.0417325767 0.8708757743 0.5251137419 
-82.2827551991 0.0417296677 0.8708966395 0.5251630386 
-82.2840038173 0.0417267460 0.8709175916 0.5252130729 
-82.2852580874 0.0417238113 0.8709386330 0.5252638225 
-82.2865181479 0.0417208632 0.8709597659 0.5253152653 
-82.2877841319 0.0417179014 0.8709809925 0.5253673801 
-82.2890561671 0.0417149257 0.8710023148 0.5254201460 
-82.2903343765 0.0417119358 0.8710237349 0.5254735428 
-82.2916188786 0.0417089313 0.8710452547 0.5255275507 
-82.2929097882 0.0417059121 0.8710668759 0.5255821506 
-82.2942072160 0.0417028779 0.8710886004 0.5256373240 
-82.2955112695 0.0416998283 0.8711104298 0.5256930529 
-82.2968220534 0.0416967632 0.8711323657 0.5257493198 
-82.2981396696 0.0416936824 0.8711544098 0.5258061079 
-82.2994642176 0.0416905856 0.8711765636 0.5258634008 
-82.3007957949 0.0416874725 0.8711988286 0.5259211826 
-82.3021344974 0.0416843431 0.8712212063 0.5259794378 
-82.3034804194 0.0416811969 0.8712436980 0.5260381516 
-82.3048336543 0.0416780340 0.8712663053 0.5260973096 
-82.3061942944 0.0416748539 0.8712890294 0.5261568975 
-82.3075624315 0.0416716565 0.8713118718 0.5262169020 
-82.3089381573 0.0416684417 0.8713348339 0.5262773096 
-82.3103215632 0.0416652091 0.8713579169 0.5263381077 
-82.3117127410 0.0416619587 0.8713811223 0.5263992837 
-82.3131117830 0.0416586901 0.8714044514 0.5264608255 
-82.3145187821 0.0416554031 0.8714279055 0.5265227214 
-82.3159338323 0.0416520976 0.8714514861 0.5265849600 
-82.3173570288 0.0416487733 0.8714751946 0.5266475300 
-82.3187884685 0.0416454301 0.8714990322 0.5267104207 
-82.3202282496 0.0416420676 0.8715230006 0.5267736215 
-82.3216764728 0.0416386856 0.8715471010 0.5268371222 
-82.3231332405 0.0416352840 0.8715713351 0.5269009126 
-82.3245986579 0.0416318624 0.8715957043 0.5269649831 
-82.3260728328 0.0416284207 0.8716202102 0.5270293240 
-82.3275558759 0.0416249585 0.8716448545 0.5270939261 
-82.3290479009 0.0416214756 0.8716696387 0.5271587802 
-82.3305490251 0.0416179718 0.8716945645 0.5272238775 
-82.3320593695 0.0416144468 0.8717196338 0.5272892092 
-82.3335790587 0.0416109002 0.8717448483 0.5273547667 
-82.3351082214 0.0416073318 0.8717702100 0.5274205417 
-82.3366469910 0.0416037413 0.8717957206 0.5274865260 
-82.3381955051 0.0416001284 0.8718213823 0.5275527116 
-82.3397539063 0.0415964927 0.8718471972 0.5276190904 
-82.3413223421 0.0415928339 0.8718731673 0.5276856549 
-82.3429009655 0.0415891516 0.8718992950 0.5277523972 
-82.3444899349 0.0415854456 0.8719255826 0.5278193100 
-82.3460894147 0.0415817153 0.8719520324 0.5278863858 
-82.3476995752 0.0415779605 0.8719786470 0.5279536173 
-82.3493205929 0.0415741807 0.8720054290 0.5280209972 
-82.3509526513 0.0415703754 0.8720323811 0.5280885186 
-82.3525959403 0.0415665444 0.8720595061 0.5281561744 
-82.3542506573 0.0415626870 0.8720868070 0.5282239577 
-82.3559170067 0.0415588029 0.8721142866 0.5282918615 
-82.3575952010 0.0415548915 0.8721419483 0.5283598792 
-82.3592854604 0.0415509524 0.8721697953 0.5284280040 
-82.3609880134 0.0415469849 0.8721978310 0.5284962292 
-82.3627030971 0.0415429887 0.8722260590 0.5285645482 
-82.3644309575 0.0415389630 0.8722544828 0.5286329545 
-82.3661718497 0.0415349074 0.8722831064 0.5287014415 
-82.3679260384 0.0415308212 0.8723119336 0.5287700028 
-82.3696937980 0.0415267038 0.8723409687 0.5288386319 
-82.3714754131 0.0415225545 0.8723702158 0.5289073223 
-82.3732711790 0.0415183727 0.8723996794 0.5289760677 
-82.3750814014 0.0415141576 0.8724293641 0.5290448618 
-82.3769063977 0.0415099085 0.8724592748 0.5291136981 
-82.3787464965 0.0415056247 0.8724894162 0.5291825703 
-82.3806020387 0.0415013054 0.8725197937 0.5292514720 
-82.3824733772 0.0414969498 0.8725504125 0.5293203970 
-82.3843608778 0.0414925570 0.8725812781 0.5293893388 
-82.3862649196 0.0414881261 0.8726123963 0.5294582911 
-82.3881858951 0.0414836564 0.8726437730 0.5295272477 
-82.3901242107 0.0414791467 0.8726754145 0.5295962020 
-82.3920802874 0.0414745962 0.8727073270 0.5296651477 
-82.3940545612 0.0414700039 0.8727395171 0.5297340784 
-82.3960474831 0.0414653687 0.8727719918 0.5298029878 
-82.3980595204 0.0414606896 0.8728047582 0.5298718692 
-82.4000911563 0.0414559654 0.8728378235 0.5299407163 
-82.4021428912 0.0414511950 0.8728711955 0.5300095225 
-82.4042152426 0.0414463772 0.8729048819 0.5300782812 
-82.4063087461 0.0414415108 0.8729388909 0.5301469859 
-82.4084239557 0.0414365945 0.8729732311 0.5302156299 
-82.4105614442 0.0414316269 0.8730079110 0.5302842065 
-82.4127218044 0.0414266069 0.8730429398 0.5303527090 
-82.4149056489 0.0414215328 0.8730783268 0.5304211305 
-82.4171136115 0.0414164034 0.8731140817 0.5304894642 
-82.4193463471 0.0414112170 0.8731502144 0.5305577031 
-82.4216045330 0.0414059721 0.8731867354 0.5306258403 
-82.4238888691 0.0414006672 0.8732236552 0.5306938687 
-82.4262000788 0.0413953005 0.8732609851 0.5307617812 
-82.4285389098 0.0413898703 0.8732987363 0.5308295705 
-82.4309061347 0.0413843750 0.8733369207 0.5308972293 
-82.4333025517 0.0413788126 0.8733755506 0.5309647503 
-82.4357289855 0.0413731813 0.8734146385 0.5310321259 
-82.4381862880 0.0413674790 0.8734541974 0.5310993487 
-82.4406753393 0.0413617039 0.8734942409 0.5311664109 
-82.4431970484 0.0413558538 0.8735347828 0.5312333048 
-82.4457523540 0.0413499266 0.8735758375 0.5313000225 
-82.4483422257 0.0413439200 0.8736174198 0.5313665561 
-82.4509676646 0.0413378318 0.8736595451 0.5314328975 
-82.4536297045 0.0413316596 0.8737022291 0.5314990383 
-82.4563294126 0.0413254010 0.8737454883 0.5315649705 
-82.4590678908 0.0413190534 0.8737893394 0.5316306853 
-82.4618462766 0.0413126143 0.8738337998 0.5316961744 
-82.4646657443 0.0413060809 0.8738788876 0.5317614289 
-82.4675275060 0.0412994506 0.8739246212 0.5318264401 
-82.4704328126 0.0412927204 0.8739710198 0.5318911989 
-82.4733829553 0.0412858874 0.8740181031 0.5319556961 
-82.4763792664 0.0412789485 0.8740658916 0.5320199224 
-82.4794231211 0.0412719008 0.8741144061 0.5320838685 
-82.4825159383 0.0412647408 0.8741636684 0.5321475246 
-82.4856591819 0.0412574653 0.8742137008 0.5322108810 
-82.4888543628 0.0412500708 0.8742645265 0.5322739277 
-82.4921030394 0.0412425538 0.8743161691 0.5323366545 
-82.4954068197 0.0412349107 0.8743686533 0.5323990511 
-82.4987673626 0.0412271375 0.8744220043 0.5324611069 
-82.5021863794 0.0412192306 0.8744762481 0.5325228113 
-82.5056656353 0.0412111858 0.8745314118 0.5325841532 
-82.5092069512 0.0412029991 0.8745875230 0.5326451215 
-82.5128122054 0.0411946661 0.8746446103 0.5327057049 
-82.5164833351 0.0411861825 0.8747027032 0.5327658917 
-82.5202223382 0.0411775437 0.8747618320 0.5328256702 
-82.5240312756 0.0411687451 0.8748220281 0.5328850282 
-82.5279122723 0.0411597819 0.8748833237 0.5329439534 
-82.5318675203 0.0411506490 0.8749457521 0.5330024333 
-82.5358992795 0.0411413415 0.8750093475 0.5330604550 
-82.5400098810 0.0411318539 0.8750741452 0.5331180054 
-82.5442017280 0.0411221810 0.8751401816 0.5331750711 
-82.5484772990 0.0411123170 0.8752074942 0.5332316385 
-82.5528391496 0.0411022562 0.8752761216 0.5332876936 
-82.5572899148 0.0410919928 0.8753461035 0.5333432220 
-82.5618323115 0.0410815205 0.8754174809 0.5333982093 
-82.5664691412 0.0410708331 0.8754902961 0.5334526404 
-82.5712032920 0.0410599240 0.8755645924 0.5335065002 
-82.5760377419 0.0410487865 0.8756404147 0.5335597731 
-82.5809755612 0.0410374139 0.8757178089 0.5336124431 
-82.5860199150 0.0410257988 0.8757968226 0.5336644939 
-82.5911740668 0.0410139342 0.8758775047 0.5337159088 
-82.5964413808 0.0410018123 0.8759599053 0.5337666708 
-82.6018253255 0.0409894254 0.8760440764 0.5338167624 
-82.6073294764 0.0409767656 0.8761300713 0.5338661657 
-82.6129575196 0.0409638245 0.8762179447 0.5339148625 
-82.6187132552 0.0409505937 0.8763077532 0.5339628340 
-82.6246006004 0.0409370645 0.8763995550 0.5340100611 
-82.6306235935 0.0409232279 0.8764934098 0.5340565242 
-82.6367863974 0.0409090745 0.8765893793 0.5341022031 
-82.6430933035 0.0408945949 0.8766875267 0.5341470775 
-82.6495487356 0.0408797792 0.8767879174 0.5341911261 
-82.6561572538 0.0408646173 0.8768906182 0.5342343276 
-82.6629235591 0.0408490987 0.8769956982 0.5342766598 
-82.6698524972 0.0408332128 0.8771032285 0.5343181001 
-82.6769490634 0.0408169485 0.8772132819 0.5343586255 
-82.6842184071 0.0408002943 0.8773259335 0.5343982122 
-82.6916658363 0.0407832387 0.8774412606 0.5344368361 
-82.6992968228 0.0407657695 0.8775593425 0.5344744723 
-82.7071170071 0.0407478744 0.8776802610 0.5345110954 
-82.7151322040 0.0407295405 0.8778040998 0.5345466794 
-82.7233484071 0.0407107547 0.8779309453 0.5345811977 
-82.7317717956 0.0406915035 0.8780608862 0.5346146230 
-82.7404087388 0.0406717729 0.8781940136 0.5346469275 
-82.7492658032 0.0406515486 0.8783304213 0.5346780826 
-82.7583497576 0.0406308158 0.8784702055 0.5347080591 
-82.7676675803 0.0406095594 0.8786134652 0.5347368270 
-82.7772264650 0.0405877637 0.8787603020 0.5347643558 
-82.7870338279 0.0405654126 0.8789108203 0.5347906142 
-82.7970973147 0.0405424895 0.8790651274 0.5348155701 
-82.8074248075 0.0405189775 0.8792233335 0.5348391909 
-82.8180244327 0.0404948590 0.8793855518 0.5348614431 
-82.8289045683 0.0404701160 0.8795518983 0.5348822923 
-82.8400738521 0.0404447299 0.8797224924 0.5349017036 
-82.8515411898 0.0404186816 0.8798974565 0.5349196412 
-82.8633157638 0.0403919514 0.8800769163 0.5349360685 
-82.8754070414 0.0403645192 0.8802610008 0.5349509481 
-82.8878247845 0.0403363642 0.8804498424 0.5349642419 
-82.9005790587 0.0403074650 0.8806435769 0.5349759106 
-82.9136802431 0.0402777995 0.8808423436 0.5349859146 
-82.9271390404 0.0402473452 0.8810462853 0.5349942130 
-82.9409664872 0.0402160789 0.8812555487 0.5350007642 
-82.9551739648 0.0401839765 0.8814702839 0.5350055256 
-82.9697732104 0.0401510134 0.8816906451 0.5350084538 
-82.9847763289 0.0401171644 0.8819167900 0.5350095045 
-83.0001958040 0.0400824035 0.8821488806 0.5350086322 
-83.0160445117 0.0400467038 0.8823870824 0.5350057905 
-83.0323357321 0.0400100378 0.8826315655 0.5350009322 
-83.0490831635 0.0399723773 0.8828825036 0.5349940087 
-83.0663009354 0.0399336932 0.8831400749 0.5349849703 
-83.0840036234 0.0398939555 0.8834044617 0.5349737664 
-83.1022062634 0.0398531336 0.8836758505 0.5349603449 
-83.1209243673 0.0398111958 0.8839544323 0.5349446524 
-83.1401739386 0.0397681096 0.8842404023 0.5349266341 
-83.1599714891 0.0397238418 0.8845339604 0.5349062336 
-83.1803340559 0.0396783579 0.8848353107 0.5348833928 
-83.2012792188 0.0396316228 0.8851446620 0.5348580519 
-83.2228251191 0.0395836003 0.8854622275 0.5348301487 
-83.2449904786 0.0395342530 0.8857882251 0.5347996187 
-83.2677946192 0.0394835428 0.8861228774 0.5347663950 
-83.2912574839 0.0394314304 0.8864664115 0.5347304073 
-83.3153996577 0.0393778755 0.8868190591 0.5346915819 
-83.3402423904 0.0393228366 0.8871810568 0.5346498408 
-83.3658076194 0.0392662710 0.8875526456 0.5346051013 
-83.3921179940 0.0392081352 0.8879340713 0.5345572747 
-83.4191969006 0.0391483842 0.8883255844 0.5345062657 
-83.4470684884 0.0390869719 0.8887274398 0.5344519704 
-83.4757576975 0.0390238510 0.8891398974 0.5343942750 
-83.5052902866 0.0389589728 0.8895632212 0.5343330536 
-83.5356928632 0.0388922874 0.8899976801 0.5342681653 
-83.5669929149 0.0388237436 0.8904435470 0.5341994508 
-83.5992188413 0.0387532889 0.8909010997 0.5341267284 
-83.6323999888 0.0386808693 0.8913706198 0.5340497881 
-83.6665666864 0.0386064294 0.8918523934 0.5339683849 
-83.7017502829 0.0385299122 0.8923467105 0.5338822297 
-83.7379831874 0.0384512596 0.8928538651 0.5337909777 
-83.7752989108 0.0383704116 0.8933741552 0.5336942140 
-83.8137321104 0.0382873069 0.8939078822 0.5335914337 
-83.8533186377 0.0382018823 0.8944553511 0.5334820171 
-83.8940955886 0.0381140732 0.8950168705 0.5333651970 
-83.9361013580 0.0380238133 0.8955927519 0.5332400154 
-83.9793756984 0.0379310344 0.8961833099 0.5331052669 
-84.0239597839 0.0378356665 0.8967888622 0.5329594240 
-84.0698962803 0.0377376379 0.8974097289 0.5328005381 
-84.1172294222 0.0376368749 0.8980462331 0.5326261095 
-84.1660051001 0.0375333016 0.8986987001 0.5324329167 
-84.2162709581 0.0374268402 0.8993674580 0.5322167932 
-84.2680765057 0.0373174105 0.9000528374 0.5319723458 
-84.3214732478 0.0372049299 0.9007551718 0.5316926093 
-84.3765148363 0.0370893133 0.9014747980 0.5313686627 
-84.4332572499 0.0369704726 0.9022120564 0.5309892878 
-84.4917590058 0.0368483168 0.9029672924 0.5305408456 
-84.5520814072 0.0367227512 0.9037408572 0.5300074861 
-84.6142888438 0.0365936774 0.9045331096 0.5293743300 
-84.6784498075 0.0364609911 0.9053444266 0.5287112638 
-84.7446362692 0.0363245836 0.9061751923 0.5281984962 
-84.8129190760 0.0361843520 0.9070257344 0.5278588856 
-84.8178915559 0.0361741593 0.9070875939 0.5278387887 
-84.8178915559 0.0361741593 0.9070875939 0.5278387887 
