-81.9369924674 0.0425460961 0.8649566033 0.5094187931 
-81.9369895902 0.0425461029 0.8649565482 0.5094065028 
-81.9369839454 0.0425461164 0.8649564399 0.5093819066 
-81.9369757524 0.0425461360 0.8649562824 0.5093450011 
-81.9369653411 0.0425461608 0.8649560817 0.5092958469 
-81.9369531520 0.0425461899 0.8649558456 0.5092346365 
-81.9369395615 0.0425462223 0.8649555810 0.5091435330 
-81.9369259003 0.0425462549 0.8649553119 0.5090766539 
-81.9369125785 0.0425462867 0.8649550457 0.5090144638 
-81.9369001449 0.0425463164 0.8649547922 0.5089563648 
-81.9368891132 0.0425463427 0.8649545607 0.5089018764 
-81.9368799661 0.0425463646 0.8649543599 0.5088506162 
-81.9368731590 0.0425463809 0.8649541980 0.5088022825 
-81.9368691227 0.0425463906 0.8649540828 0.5087566376 
-81.9368682655 0.0425463927 0.8649540216 0.5087134931 
-81.9368709751 0.0425463863 0.8649540214 0.5086726986 
-81.9368776199 0.0425463706 0.8649540888 0.5086341318 
-81.9368885500 0.0425463446 0.8649542301 0.5085976915 
-81.9369040989 0.0425463077 0.8649544514 0.5085632923 
-81.9369245836 0.0425462590 0.8649547582 0.5085308603 
-81.9369503056 0.0425461978 0.8649551561 0.5085003301 
-81.9369815519 0.0425461235 0.8649556502 0.5084716431 
-81.9370185952 0.0425460353 0.8649562454 0.5084447457 
-81.9370616949 0.0425459327 0.8649569463 0.5084195879 
-81.9371110972 0.0425458151 0.8649577574 0.5083961230 
-81.9371670361 0.0425456819 0.8649586829 0.5083743068 
-81.9372297334 0.0425455327 0.8649597267 0.5083540967 
-81.9372993995 0.0425453668 0.8649608926 0.5083354522 
-81.9373762340 0.0425451838 0.8649621843 0.5083183340 
-81.9374604255 0.0425449834 0.8649636050 0.5083027043 
-81.9375521527 0.0425447649 0.8649651580 0.5082885267 
-81.9376515844 0.0425445281 0.8649668463 0.5082757658 
-81.9377588801 0.0425442726 0.8649686728 0.5082643874 
-81.9378741901 0.0425439980 0.8649706401 0.5082543585 
-81.9379976562 0.0425437040 0.8649727508 0.5082456471 
-81.9381294118 0.0425433902 0.8649750072 0.5082382223 
-81.9382695824 0.0425430563 0.8649774116 0.5082320540 
-81.9384182856 0.0425427022 0.8649799662 0.5082271133 
-81.9385756320 0.0425423274 0.8649826728 0.5082233721 
-81.9387417247 0.0425419319 0.8649855333 0.5082208031 
-81.9389166605 0.0425415152 0.8649885494 0.5082193799 
-81.9391005292 0.0425410773 0.8649917227 0.5082190771 
-81.9392934148 0.0425406179 0.8649950547 0.5082198699 
-81.9394953950 0.0425401368 0.8649985468 0.5082217343 
-81.9397065419 0.0425396339 0.8650022003 0.5082246471 
-81.9399269221 0.0425391090 0.8650060162 0.5082285858 
-81.9401565969 0.0425385620 0.8650099958 0.5082335285 
-81.9403956226 0.0425379927 0.8650141400 0.5082394542 
-81.9406440506 0.0425374011 0.8650184496 0.5082463424 
-81.9409019277 0.0425367869 0.8650229256 0.5082541731 
-81.9411692961 0.0425361501 0.8650275686 0.5082629271 
-81.9414461940 0.0425354906 0.8650323793 0.5082725858 
-81.9417326554 0.0425348084 0.8650373583 0.5082831309 
-81.9420287104 0.0425341033 0.8650425061 0.5082945450 
-81.9423343854 0.0425333753 0.8650478232 0.5083068110 
-81.9426497032 0.0425326243 0.8650533098 0.5083199124 
-81.9429746834 0.0425318504 0.8650589665 0.5083338331 
-81.9433093419 0.0425310534 0.8650647933 0.5083485575 
-81.9436536920 0.0425302333 0.8650707906 0.5083640706 
-81.9440077436 0.0425293902 0.8650769585 0.5083803576 
-81.9443715041 0.0425285239 0.8650832970 0.5083974044 
-81.9447449781 0.0425276346 0.8650898063 0.5084151971 
-81.9451281674 0.0425267221 0.8650964863 0.5084337224 
-81.9455210717 0.0425257864 0.8651033370 0.5084529672 
-81.9459236880 0.0425248277 0.8651103583 0.5084729187 
-81.9463360114 0.0425238459 0.8651175502 0.5084935649 
-81.9467580347 0.0425228410 0.8651249123 0.5085148937 
-81.9471897486 0.0425218130 0.8651324447 0.5085368935 
-81.9476311421 0.0425207621 0.8651401469 0.5085595530 
-81.9480822022 0.0425196881 0.8651480188 0.5085828614 
-81.9485429142 0.0425185911 0.8651560601 0.5086068079 
-81.9490132618 0.0425174713 0.8651642704 0.5086313823 
-81.9494932272 0.0425163286 0.8651726493 0.5086565744 
-81.9499827910 0.0425151630 0.8651811966 0.5086823746 
-81.9504819324 0.0425139747 0.8651899118 0.5087087732 
-81.9509906294 0.0425127636 0.8651987944 0.5087357611 
-81.9515088587 0.0425115299 0.8652078441 0.5087633293 
-81.9520365957 0.0425102736 0.8652170603 0.5087914690 
-81.9525738150 0.0425089948 0.8652264426 0.5088201717 
-81.9531204898 0.0425076934 0.8652359904 0.5088494292 
-81.9536765925 0.0425063697 0.8652457032 0.5088792334 
-81.9542420947 0.0425050236 0.8652555806 0.5089095764 
-81.9548169668 0.0425036553 0.8652656218 0.5089404507 
-81.9554011788 0.0425022648 0.8652758263 0.5089718488 
-81.9559946996 0.0425008522 0.8652861937 0.5090037635 
-81.9565974977 0.0424994175 0.8652967231 0.5090361878 
-81.9572095407 0.0424979608 0.8653074141 0.5090691147 
-81.9578307957 0.0424964823 0.8653182660 0.5091025377 
-81.9584612293 0.0424949820 0.8653292782 0.5091364502 
-81.9591008075 0.0424934600 0.8653404500 0.5091708460 
-81.9597494959 0.0424919163 0.8653517808 0.5092057188 
-81.9604072596 0.0424903511 0.8653632700 0.5092410627 
-81.9610740635 0.0424887645 0.8653749168 0.5092768717 
-81.9617498719 0.0424871565 0.8653867205 0.5093131403 
-81.9624346489 0.0424855272 0.8653986806 0.5093498628 
-81.9631283584 0.0424838766 0.8654107963 0.5093870339 
-81.9638309639 0.0424822050 0.8654230670 0.5094246482 
-81.9645424287 0.0424805124 0.8654354919 0.5094627007 
-81.9652627162 0.0424787988 0.8654480704 0.5095011863 
-81.9659917893 0.0424770645 0.8654608017 0.5095401001 
-81.9667296109 0.0424753093 0.8654736851 0.5095794374 
-81.9674761440 0.0424735335 0.8654867201 0.5096191936 
-81.9682313511 0.0424717372 0.8654999057 0.5096593640 
-81.9689951950 0.0424699203 0.8655132415 0.5096999444 
-81.9697676385 0.0424680831 0.8655267265 0.5097409303 
-81.9705486441 0.0424662256 0.8655403603 0.5097823176 
-81.9713381748 0.0424643479 0.8655541419 0.5098241023 
-81.9721361931 0.0424624501 0.8655680708 0.5098662803 
-81.9729426620 0.0424605323 0.8655821463 0.5099088477 
-81.9737575443 0.0424585945 0.8655963675 0.5099518008 
-81.9745808032 0.0424566369 0.8656107340 0.5099951358 
-81.9754124018 0.0424546596 0.8656252448 0.5100388492 
-81.9762523033 0.0424526626 0.8656398994 0.5100829374 
-81.9771004713 0.0424506460 0.8656546971 0.5101273970 
-81.9779568694 0.0424486100 0.8656696372 0.5101722246 
-81.9788214614 0.0424465545 0.8656847189 0.5102174170 
-81.9796942113 0.0424444798 0.8656999417 0.5102629711 
-81.9805750835 0.0424423858 0.8657153048 0.5103088836 
-81.9814640423 0.0424402728 0.8657308076 0.5103551517 
-81.9823610525 0.0424381406 0.8657464494 0.5104017723 
-81.9832660792 0.0424359896 0.8657622295 0.5104487426 
-81.9841790874 0.0424338196 0.8657781473 0.5104960598 
-81.9851000429 0.0424316309 0.8657942021 0.5105437211 
-81.9860289113 0.0424294235 0.8658103933 0.5105917239 
-81.9869656588 0.0424271974 0.8658267203 0.5106400657 
-81.9879102519 0.0424249529 0.8658431823 0.5106887438 
-81.9888626572 0.0424226898 0.8658597788 0.5107377559 
-81.9898228419 0.0424204084 0.8658765092 0.5107870995 
-81.9907907733 0.0424181087 0.8658933728 0.5108367723 
-81.9917664191 0.0424157908 0.8659103690 0.5108867721 
-81.9927497475 0.0424134548 0.8659274972 0.5109370966 
-81.9937407269 0.0424111007 0.8659447568 0.5109877438 
-81.9947393261 0.0424087286 0.8659621472 0.5110387114 
-81.9957455142 0.0424063387 0.8659796679 0.5110899975 
-81.9967592608 0.0424039309 0.8659973181 0.5111416002 
-81.9977805358 0.0424015053 0.8660150975 0.5111935174 
-81.9988093095 0.0423990621 0.8660330053 0.5112457474 
-81.9998455527 0.0423966012 0.8660510411 0.5112982883 
-82.0008892362 0.0423941228 0.8660692043 0.5113511384 
-82.0019403318 0.0423916270 0.8660874943 0.5114042960 
-82.0029988111 0.0423891137 0.8661059106 0.5114577594 
-82.0040646465 0.0423865832 0.8661244527 0.5115115270 
-82.0051378106 0.0423840353 0.8661431200 0.5115655973 
-82.0062182766 0.0423814703 0.8661619120 0.5116199688 
-82.0073060179 0.0423788882 0.8661808283 0.5116746400 
-82.0084010084 0.0423762890 0.8661998682 0.5117296095 
-82.0095032225 0.0423736727 0.8662190314 0.5117848761 
-82.0106126348 0.0423710396 0.8662383173 0.5118404383 
-82.0117292206 0.0423683896 0.8662577254 0.5118962949 
-82.0128529553 0.0423657228 0.8662772553 0.5119524448 
-82.0139838150 0.0423630392 0.8662969065 0.5120088867 
-82.0151217761 0.0423603389 0.8663166785 0.5120656195 
-82.0162668153 0.0423576220 0.8663365709 0.5121226421 
-82.0174189100 0.0423548885 0.8663565833 0.5121799536 
-82.0185780377 0.0423521385 0.8663767152 0.5122375529 
-82.0197441766 0.0423493720 0.8663969661 0.5122954391 
-82.0209173052 0.0423465891 0.8664173357 0.5123536113 
-82.0220974023 0.0423437899 0.8664378236 0.5124120687 
-82.0232844473 0.0423409743 0.8664584293 0.5124708104 
-82.0244784199 0.0423381425 0.8664791524 0.5125298356 
-82.0256793003 0.0423352944 0.8664999926 0.5125891437 
-82.0268870690 0.0423324303 0.8665209494 0.5126487340 
-82.0281017071 0.0423295500 0.8665420225 0.5127086058 
-82.0293231959 0.0423266536 0.8665632114 0.5127687586 
-82.0305515172 0.0423237412 0.8665845160 0.5128291917 
-82.0317866531 0.0423208129 0.8666059357 0.5128899047 
-82.0330285863 0.0423178686 0.8666274702 0.5129508971 
-82.0342772998 0.0423149085 0.8666491193 0.5130121684 
-82.0355327768 0.0423119325 0.8666708825 0.5130737184 
-82.0367950013 0.0423089407 0.8666927595 0.5131355466 
-82.0380639573 0.0423059331 0.8667147500 0.5131976528 
-82.0393396294 0.0423029099 0.8667368537 0.5132600367 
-82.0406220024 0.0422998709 0.8667590703 0.5133226980 
-82.0419110617 0.0422968163 0.8667813994 0.5133856367 
-82.0432067929 0.0422937461 0.8668038409 0.5134488526 
-82.0445091820 0.0422906604 0.8668263943 0.5135123455 
-82.0458182154 0.0422875591 0.8668490594 0.5135761155 
-82.0471338799 0.0422844423 0.8668718359 0.5136401626 
-82.0484561623 0.0422813100 0.8668947236 0.5137044868 
-82.0497850503 0.0422781623 0.8669177222 0.5137690882 
-82.0511205315 0.0422749992 0.8669408314 0.5138339669 
-82.0524625940 0.0422718207 0.8669640510 0.5138991231 
-82.0538112261 0.0422686270 0.8669873807 0.5139645571 
-82.0551664167 0.0422654178 0.8670108203 0.5140302690 
-82.0565281546 0.0422621935 0.8670343695 0.5140962593 
-82.0578964292 0.0422589538 0.8670580282 0.5141625282 
-82.0592712302 0.0422556990 0.8670817960 0.5142290762 
-82.0606525473 0.0422524289 0.8671056728 0.5142959037 
-82.0620403708 0.0422491437 0.8671296583 0.5143630113 
-82.0634346910 0.0422458434 0.8671537523 0.5144303994 
-82.0648354987 0.0422425279 0.8671779547 0.5144980687 
-82.0662427847 0.0422391973 0.8672022652 0.5145660198 
-82.0676565402 0.0422358517 0.8672266836 0.5146342535 
-82.0690767567 0.0422324910 0.8672512097 0.5147027704 
-82.0705034256 0.0422291153 0.8672758433 0.5147715714 
-82.0719365388 0.0422257247 0.8673005843 0.5148406573 
-82.0733760883 0.0422223190 0.8673254324 0.5149100291 
-82.0748220663 0.0422188984 0.8673503875 0.5149796877 
-82.0762744650 0.0422154628 0.8673754493 0.5150496340 
-82.0777332771 0.0422120124 0.8674006178 0.5151198693 
-82.0791984950 0.0422085470 0.8674258927 0.5151903946 
-82.0806701117 0.0422050668 0.8674512738 0.5152612110 
-82.0821481199 0.0422015717 0.8674767610 0.5153323200 
-82.0836325126 0.0421980618 0.8675023541 0.5154037227 
-82.0851232829 0.0421945371 0.8675280530 0.5154754206 
-82.0866204239 0.0421909976 0.8675538574 0.5155474150 
-82.0881239288 0.0421874434 0.8675797673 0.5156197075 
-82.0896337908 0.0421838744 0.8676057823 0.5156922996 
-82.0911500030 0.0421802906 0.8676319025 0.5157651931 
-82.0926725588 0.0421766922 0.8676581275 0.5158383895 
-82.0942014512 0.0421730790 0.8676844573 0.5159118907 
-82.0957366735 0.0421694512 0.8677108916 0.5159856985 
-82.0972782187 0.0421658087 0.8677374303 0.5160598148 
-82.0988260799 0.0421621516 0.8677640733 0.5161342417 
-82.1003802498 0.0421584799 0.8677908203 0.5162089811 
-82.1019407214 0.0421547936 0.8678176712 0.5162840354 
-82.1035074871 0.0421510927 0.8678446258 0.5163594067 
-82.1050805395 0.0421473773 0.8678716839 0.5164350973 
-82.1066598707 0.0421436474 0.8678988453 0.5165111097 
-82.1082454728 0.0421399029 0.8679261098 0.5165874464 
-82.1098373374 0.0421361440 0.8679534773 0.5166641099 
-82.1114354562 0.0421323706 0.8679809476 0.5167411029 
-82.1130398201 0.0421285828 0.8680085203 0.5168184283 
-82.1146504201 0.0421247805 0.8680361954 0.5168960889 
-82.1162672465 0.0421209639 0.8680639726 0.5169740878 
-82.1178902894 0.0421171330 0.8680918517 0.5170524279 
-82.1195195382 0.0421132877 0.8681198324 0.5171311126 
-82.1211549822 0.0421094281 0.8681479145 0.5172101451 
-82.1227966099 0.0421055543 0.8681760978 0.5172895288 
-82.1244444094 0.0421016662 0.8682043819 0.5173692674 
-82.1260983680 0.0420977639 0.8682327667 0.5174493644 
-82.1277584725 0.0420938475 0.8682612518 0.5175298237 
-82.1294247092 0.0420899169 0.8682898369 0.5176106492 
-82.1310970634 0.0420859722 0.8683185218 0.5176918450 
-82.1327755199 0.0420820135 0.8683473061 0.5177734152 
-82.1344600623 0.0420780408 0.8683761894 0.5178553643 
-82.1361506737 0.0420740541 0.8684051715 0.5179376966 
-82.1378473363 0.0420700535 0.8684342519 0.5180204168 
-82.1395500310 0.0420660390 0.8684634302 0.5181035298 
-82.1412587381 0.0420620107 0.8684927062 0.5181870403 
-82.1429734365 0.0420579687 0.8685220793 0.5182709537 
-82.1446941042 0.0420539129 0.8685515491 0.5183552750 
-82.1464207178 0.0420498435 0.8685811151 0.5184400099 
-82.1481532529 0.0420457604 0.8686107769 0.5185251638 
-82.1498916835 0.0420416639 0.8686405339 0.5186107427 
-82.1516359825 0.0420375539 0.8686703857 0.5186967524 
-82.1533861212 0.0420334305 0.8687003316 0.5187831993 
-82.1551420693 0.0420292938 0.8687303711 0.5188700897 
-82.1569037950 0.0420251439 0.8687605036 0.5189574302 
-82.1586712649 0.0420209808 0.8687907284 0.5190452276 
-82.1604444436 0.0420168046 0.8688210448 0.5191334889 
-82.1622232941 0.0420126155 0.8688514522 0.5192222213 
-82.1640077775 0.0420084135 0.8688819498 0.5193114324 
-82.1657978525 0.0420041987 0.8689125369 0.5194011298 
-82.1675934762 0.0419999713 0.8689432126 0.5194913214 
-82.1693946031 0.0419957313 0.8689739760 0.5195820155 
-82.1712011857 0.0419914788 0.8690048264 0.5196732204 
-82.1730131738 0.0419872141 0.8690357627 0.5197649447 
-82.1748305148 0.0419829371 0.8690667840 0.5198571974 
-82.1766531537 0.0419786480 0.8690978893 0.5199499877 
-82.1784810325 0.0419743471 0.8691290775 0.5200433248 
-82.1803140904 0.0419700343 0.8691603474 0.5201372185 
-82.1821522636 0.0419657100 0.8691916980 0.5202316787 
-82.1839954854 0.0419613741 0.8692231280 0.5203267154 
-82.1858436857 0.0419570270 0.8692546361 0.5204223390 
-82.1876967910 0.0419526688 0.8692862210 0.5205185601 
-82.1895547246 0.0419482996 0.8693178812 0.5206153893 
-82.1914174057 0.0419439197 0.8693496154 0.5207128376 
-82.1932847502 0.0419395292 0.8693814220 0.5208109160 
-82.1951566699 0.0419351284 0.8694132993 0.5209096355 
-82.1970330723 0.0419307175 0.8694452458 0.5210090072 
-82.1989138611 0.0419262967 0.8694772597 0.5211090421 
-82.2007989355 0.0419218663 0.8695093392 0.5212097510 
-82.2026881899 0.0419174265 0.8695414824 0.5213111443 
-82.2045815143 0.0419129776 0.8695736873 0.5214132321 
-82.2064787940 0.0419085198 0.8696059519 0.5215160235 
-82.2083799090 0.0419040534 0.8696382739 0.5216195267 
-82.2102847344 0.0418995788 0.8696706513 0.5217237485 
-82.2121931401 0.0418950962 0.8697030817 0.5218286938 
-82.2141049906 0.0418906060 0.8697355626 0.5219343650 
-82.2160201447 0.0418861084 0.8697680916 0.5220407613 
-82.2179384562 0.0418816039 0.8698006660 0.5221478777 
-82.2198597730 0.0418770927 0.8698332832 0.5222557035 
-82.2217839375 0.0418725754 0.8698659403 0.5223642214 
-82.2237107867 0.0418680522 0.8698986346 0.5224734047 
-82.2256401523 0.0418635235 0.8699313629 0.5225832153 
-82.2275718609 0.0418589898 0.8699641222 0.5226936006 
-82.2295057345 0.0418544515 0.8699969095 0.5228044893 
-82.2314415909 0.0418499089 0.8700297214 0.5229157864 
-82.2333792445 0.0418453627 0.8700625547 0.5230273676 
-82.2353185076 0.0418408131 0.8700954061 0.5231390717 
-82.2372591914 0.0418362606 0.8701282723 0.5232506913 
-82.2392011078 0.0418317057 0.8701611499 0.5233619625 
-82.2411440721 0.0418271488 0.8701940358 0.5234725525 
-82.2430879057 0.0418225903 0.8702269267 0.5235820459 
-82.2450324398 0.0418180307 0.8702598196 0.5236899305 
-82.2469775205 0.0418134702 0.8702927120 0.5237955844 
-82.2489230143 0.0418089093 0.8703256014 0.5238982694 
-82.2508688154 0.0418043480 0.8703584859 0.5239971358 
-82.2528148541 0.0417997867 0.8703913643 0.5240912558 
-82.2547611068 0.0417952254 0.8704242362 0.5241797091 
-82.2567076067 0.0417906639 0.8704571022 0.5242617756 
-82.2586544551 0.0417861021 0.8704899638 0.5243373298 
-82.2606018299 0.0417815395 0.8705228243 0.5244075760 
-82.2625499842 0.0417769756 0.8705556880 0.5244759986 
-82.2635245835 0.0417746926 0.8705721246 0.5245107065 
-82.2645003083 0.0417724070 0.8705885756 0.5245432659 
-82.2654773027 0.0417701186 0.8706050436 0.5245745706 
-82.2664557213 0.0417678270 0.8706215311 0.5246052562 
-82.2674357232 0.0417655319 0.8706380410 0.5246357650 
-82.2684174689 0.0417632327 0.8706545759 0.5246663987 
-82.2694011179 0.0417609292 0.8706711387 0.5246973583 
-82.2703868268 0.0417586210 0.8706877320 0.5247287742 
-82.2713747483 0.0417563078 0.8707043584 0.5247607287 
-82.2723650310 0.0417539891 0.8707210204 0.5247932716 
-82.2733578190 0.0417516647 0.8707377206 0.5248264313 
-82.2743532515 0.0417493343 0.8707544613 0.5248602217 
-82.2753514631 0.0417469975 0.8707712447 0.5248946476 
-82.2763525835 0.0417446539 0.8707880731 0.5249297076 
-82.2773567379 0.0417423034 0.8708049486 0.5249653964 
-82.2783640471 0.0417399457 0.8708218733 0.5250017056 
-82.2793746274 0.0417375804 0.8708388490 0.5250386255 
-82.2803885909 0.0417352073 0.8708558778 0.5250761448 
-82.2814060458 0.0417328262 0.8708729613 0.5251142518 
-82.2824270963 0.0417304368 0.8708901014 0.5251529342 
-82.2834518430 0.0417280389 0.8709072997 0.5251921793 
-82.2844803828 0.0417256322 0.8709245578 0.5252319745 
-82.2855128094 0.0417232166 0.8709418774 0.5252723070 
-82.2865492131 0.0417207918 0.8709592598 0.5253131643 
-82.2875896815 0.0417183576 0.8709767065 0.5253545338 
-82.2886342988 0.0417159139 0.8709942190 0.5253964033 
-82.2896831470 0.0417134604 0.8710117985 0.5254387605 
-82.2907363053 0.0417109969 0.8710294464 0.5254815938 
-82.2917938504 0.0417085234 0.8710471638 0.5255248913 
-82.2928558569 0.0417060395 0.8710649520 0.5255686418 
-82.2939223971 0.0417035452 0.8710828122 0.5256128340 
-82.2949935415 0.0417010402 0.8711007455 0.5256574571 
-82.2960693588 0.0416985245 0.8711187530 0.5257025006 
-82.2971499157 0.0416959978 0.8711368358 0.5257479541 
-82.2982352776 0.0416934601 0.8711549948 0.5257938074 
-82.2993255084 0.0416909111 0.8711732311 0.5258400508 
-82.3004206706 0.0416883507 0.8711915457 0.5258866747 
-82.3015208256 0.0416857788 0.8712099395 0.5259336698 
-82.3026260338 0.0416831953 0.8712284135 0.5259810269 
-82.3037363545 0.0416805999 0.8712469686 0.5260287373 
-82.3048518462 0.0416779926 0.8712656057 0.5260767923 
-82.3059725668 0.0416753733 0.8712843257 0.5261251834 
-82.3070985734 0.0416727417 0.8713031294 0.5261739027 
-82.3082299228 0.0416700978 0.8713220177 0.5262229420 
-82.3093666713 0.0416674415 0.8713409916 0.5262722935 
-82.3105088750 0.0416647726 0.8713600517 0.5263219499 
-82.3116565897 0.0416620910 0.8713791990 0.5263719035 
-82.3128098712 0.0416593965 0.8713984343 0.5264221474 
-82.3139687754 0.0416566891 0.8714177584 0.5264726744 
-82.3151333583 0.0416539685 0.8714371722 0.5265234777 
-82.3163036759 0.0416512348 0.8714566765 0.5265745507 
-82.3174797849 0.0416484877 0.8714762721 0.5266258868 
-82.3186617421 0.0416457271 0.8714959599 0.5266774798 
-82.3198496049 0.0416429528 0.8715157407 0.5267293233 
-82.3210434314 0.0416401649 0.8715356154 0.5267814114 
-82.3222432804 0.0416373630 0.8715555848 0.5268337381 
-82.3234492113 0.0416345471 0.8715756499 0.5268862977 
-82.3246612845 0.0416317171 0.8715958114 0.5269390845 
-82.3258795614 0.0416288728 0.8716160703 0.5269920929 
-82.3271041045 0.0416260140 0.8716364276 0.5270453177 
-82.3283349773 0.0416231407 0.8716568841 0.5270987534 
-82.3295722447 0.0416202526 0.8716774407 0.5271523950 
-82.3308159729 0.0416173496 0.8716980985 0.5272062374 
-82.3320662293 0.0416144316 0.8717188585 0.5272602755 
-82.3333230831 0.0416114983 0.8717397216 0.5273145046 
-82.3345866049 0.0416085498 0.8717606889 0.5273689198 
-82.3358568672 0.0416055857 0.8717817614 0.5274235165 
-82.3371339440 0.0416026058 0.8718029402 0.5274782901 
-82.3384179114 0.0415996102 0.8718242265 0.5275332361 
-82.3397088472 0.0415965984 0.8718456213 0.5275883501 
-82.3410068316 0.0415935705 0.8718671259 0.5276436276 
-82.3423119466 0.0415905261 0.8718887415 0.5276990645 
-82.3436242766 0.0415874651 0.8719104692 0.5277546566 
-82.3449439083 0.0415843873 0.8719323104 0.5278103996 
-82.3462709306 0.0415812925 0.8719542664 0.5278662896 
-82.3476054353 0.0415781805 0.8719763385 0.5279223225 
-82.3489475165 0.0415750510 0.8719985281 0.5279784943 
-82.3502972710 0.0415719038 0.8720208366 0.5280348013 
-82.3516547985 0.0415687388 0.8720432655 0.5280912394 
-82.3530202016 0.0415655556 0.8720658164 0.5281478050 
-82.3543935857 0.0415623541 0.8720884907 0.5282044943 
-82.3557750595 0.0415591339 0.8721112901 0.5282613036 
-82.3571647348 0.0415558949 0.8721342163 0.5283182293 
-82.3585627265 0.0415526368 0.8721572709 0.5283752676 
-82.3599691533 0.0415493592 0.8721804558 0.5284324152 
-82.3613841370 0.0415460619 0.8722037726 0.5284896683 
-82.3628078032 0.0415427447 0.8722272234 0.5285470235 
-82.3642402812 0.0415394072 0.8722508100 0.5286044774 
-82.3656817041 0.0415360491 0.8722745344 0.5286620265 
-82.3671322088 0.0415326701 0.8722983986 0.5287196673 
-82.3685919364 0.0415292699 0.8723224048 0.5287773966 
-82.3700610323 0.0415258482 0.8723465552 0.5288352109 
-82.3715396458 0.0415224046 0.8723708519 0.5288931068 
-82.3730279309 0.0415189387 0.8723952972 0.5289510811 
-82.3745260461 0.0415154502 0.8724198937 0.5290091305 
-82.3760341545 0.0415119387 0.8724446436 0.5290672516 
-82.3775524239 0.0415084039 0.8724695495 0.5291254412 
-82.3790810270 0.0415048453 0.8724946141 0.5291836961 
-82.3806201418 0.0415012625 0.8725198399 0.5292420129 
-82.3821699513 0.0414976552 0.8725452298 0.5293003884 
-82.3837306437 0.0414940228 0.8725707866 0.5293588195 
-82.3853024128 0.0414903649 0.8725965132 0.5294173029 
-82.3868854581 0.0414866812 0.8726224126 0.5294758353 
-82.3884799845 0.0414829710 0.8726484879 0.5295344136 
-82.3900862033 0.0414792339 0.8726747423 0.5295930345 
-82.3917043314 0.0414754695 0.8727011791 0.5296516948 
-82.3933345921 0.0414716772 0.8727278017 0.5297103914 
-82.3949772151 0.0414678564 0.8727546134 0.5297691209 
-82.3966324366 0.0414640068 0.8727816180 0.5298278802 
-82.3983004995 0.0414601275 0.8728088191 0.5298866660 
-82.3999816535 0.0414562183 0.8728362204 0.5299454751 
-82.4016761556 0.0414522783 0.8728638259 0.5300043043 
-82.4033842697 0.0414483070 0.8728916396 0.5300631503 
-82.4051062673 0.0414443039 0.8729196656 0.5301220098 
-82.4068424275 0.0414402682 0.8729479081 0.5301808796 
-82.4085930371 0.0414361993 0.8729763714 0.5302397564 
-82.4103583911 0.0414320965 0.8730050602 0.5302986368 
-82.4121387923 0.0414279591 0.8730339789 0.5303575175 
-82.4139345524 0.0414237865 0.8730631323 0.5304163952 
-82.4157459914 0.0414195779 0.8730925254 0.5304752666 
-82.4175734380 0.0414153324 0.8731221629 0.5305341282 
-82.4194172303 0.0414110495 0.8731520503 0.5305929767 
-82.4212777154 0.0414067281 0.8731821926 0.5306518085 
-82.4231552501 0.0414023677 0.8732125954 0.5307106203 
-82.4250502007 0.0413979672 0.8732432642 0.5307694085 
-82.4269629436 0.0413935259 0.8732742047 0.5308281697 
-82.4288938657 0.0413890428 0.8733054229 0.5308869004 
-82.4308433638 0.0413845171 0.8733369248 0.5309455968 
-82.4328118460 0.0413799478 0.8733687167 0.5310042555 
-82.4347997312 0.0413753340 0.8734008048 0.5310628727 
-82.4368074494 0.0413706746 0.8734331958 0.5311214449 
-82.4388354425 0.0413659687 0.8734658964 0.5311799683 
-82.4408841641 0.0413612152 0.8734989136 0.5312384391 
-82.4429540798 0.0413564130 0.8735322544 0.5312968535 
-82.4450456680 0.0413515612 0.8735659261 0.5313552078 
-82.4471594195 0.0413466585 0.8735999362 0.5314134980 
-82.4492958383 0.0413417037 0.8736342924 0.5314717201 
-82.4514554419 0.0413366958 0.8736690026 0.5315298704 
-82.4536387613 0.0413316335 0.8737040749 0.5315879446 
-82.4558463419 0.0413265155 0.8737395176 0.5316459388 
-82.4580787432 0.0413213407 0.8737753393 0.5317038488 
-82.4603365396 0.0413161075 0.8738115486 0.5317616704 
-82.4626203206 0.0413108148 0.8738481547 0.5318193994 
-82.4649306913 0.0413054612 0.8738851668 0.5318770315 
-82.4672682726 0.0413000451 0.8739225942 0.5319345624 
-82.4696337016 0.0412945652 0.8739604468 0.5319919876 
-82.4720276322 0.0412890201 0.8739987344 0.5320493027 
-82.4744507355 0.0412834080 0.8740374674 0.5321065031 
-82.4769037000 0.0412777275 0.8740766562 0.5321635843 
-82.4793872320 0.0412719771 0.8741163115 0.5322205414 
-82.4819020565 0.0412661549 0.8741564445 0.5322773699 
-82.4844489172 0.0412602594 0.8741970665 0.5323340648 
-82.4870285771 0.0412542887 0.8742381890 0.5323906212 
-82.4896418189 0.0412482412 0.8742798240 0.5324470342 
-82.4922894459 0.0412421149 0.8743219838 0.5325032988 
-82.4949722819 0.0412359081 0.8743646808 0.5325594096 
-82.4976911720 0.0412296187 0.8744079279 0.5326153616 
-82.5004469834 0.0412232449 0.8744517384 0.5326711494 
-82.5032406053 0.0412167846 0.8744961256 0.5327267676 
-82.5060729500 0.0412102357 0.8745411035 0.5327822107 
-82.5089449534 0.0412035961 0.8745866864 0.5328374731 
-82.5118575753 0.0411968637 0.8746328887 0.5328925490 
-82.5148118002 0.0411900361 0.8746797254 0.5329474327 
-82.5178086378 0.0411831111 0.8747272119 0.5330021182 
-82.5208491240 0.0411760865 0.8747753638 0.5330565996 
-82.5239343207 0.0411689596 0.8748241973 0.5331108707 
-82.5270653176 0.0411617282 0.8748737288 0.5331649253 
-82.5302432319 0.0411543896 0.8749239753 0.5332187569 
-82.5334692095 0.0411469412 0.8749749541 0.5332723592 
-82.5367444254 0.0411393805 0.8750266830 0.5333257255 
-82.5400700849 0.0411317047 0.8750791801 0.5333788490 
-82.5434474237 0.0411239110 0.8751324643 0.5334317229 
-82.5468777094 0.0411159965 0.8751865545 0.5334843401 
-82.5503622415 0.0411079583 0.8752414704 0.5335366936 
-82.5539023529 0.0410997934 0.8752972321 0.5335887760 
-82.5574994102 0.0410914987 0.8753538601 0.5336405799 
-82.5611548149 0.0410830710 0.8754113756 0.5336920978 
-82.5648700040 0.0410745072 0.8754698002 0.5337433217 
-82.5686464513 0.0410658039 0.8755291560 0.5337942439 
-82.5724856676 0.0410569577 0.8755894657 0.5338448563 
-82.5763892025 0.0410479651 0.8756507526 0.5338951507 
-82.5803586446 0.0410388226 0.8757130404 0.5339451185 
-82.5843956229 0.0410295264 0.8757763536 0.5339947513 
-82.5885018077 0.0410200729 0.8758407170 0.5340440402 
-82.5926789117 0.0410104582 0.8759061564 0.5340929763 
-82.5969286910 0.0410006784 0.8759726980 0.5341415504 
-82.6012529460 0.0409907294 0.8760403685 0.5341897532 
-82.6056535230 0.0409806071 0.8761091955 0.5342375751 
-82.6101323147 0.0409703073 0.8761792071 0.5342850063 
-82.6146912622 0.0409598256 0.8762504322 0.5343320368 
-82.6193323551 0.0409491576 0.8763229004 0.5343786565 
-82.6240576339 0.0409382987 0.8763966417 0.5344248549 
-82.6288691904 0.0409272443 0.8764716873 0.5344706214 
-82.6337691695 0.0409159896 0.8765480688 0.5345159450 
-82.6387597702 0.0409045297 0.8766258187 0.5345608146 
-82.6438432472 0.0408928596 0.8767049703 0.5346052188 
-82.6490219123 0.0408809741 0.8767855575 0.5346491460 
-82.6542981356 0.0408688680 0.8768676152 0.5346925843 
-82.6596743473 0.0408565359 0.8769511790 0.5347355214 
-82.6651530390 0.0408439723 0.8770362855 0.5347779450 
-82.6707367652 0.0408311715 0.8771229721 0.5348198423 
-82.6764281453 0.0408181277 0.8772112768 0.5348612003 
-82.6822298646 0.0408048349 0.8773012390 0.5349020056 
-82.6881446766 0.0407912872 0.8773928987 0.5349422447 
-82.6941754044 0.0407774782 0.8774862968 0.5349819037 
-82.7003249424 0.0407634016 0.8775814754 0.5350209683 
-82.7065962584 0.0407490509 0.8776784773 0.5350594240 
-82.7129923954 0.0407344194 0.8777773464 0.5350972558 
-82.7195164732 0.0407195001 0.8778781278 0.5351344486 
-82.7261716908 0.0407042862 0.8779808673 0.5351709869 
-82.7329613282 0.0406887704 0.8780856121 0.5352068546 
-82.7398887484 0.0406729453 0.8781924102 0.5352420356 
-82.7469573998 0.0406568035 0.8783013109 0.5352765133 
-82.7541708181 0.0406403371 0.8784123645 0.5353102706 
-82.7615326288 0.0406235384 0.8785256225 0.5353432903 
-82.7690465493 0.0406063991 0.8786411376 0.5353755544 
-82.7767163913 0.0405889111 0.8787589636 0.5354070450 
-82.7845460634 0.0405710658 0.8788791557 0.5354377435 
-82.7925395736 0.0405528545 0.8790017700 0.5354676310 
-82.8007010315 0.0405342684 0.8791268643 0.5354966880 
-82.8090346514 0.0405152983 0.8792544973 0.5355248949 
-82.8175447547 0.0404959349 0.8793847293 0.5355522314 
-82.8262357729 0.0404761686 0.8795176218 0.5355786770 
-82.8351122504 0.0404559897 0.8796532376 0.5356042107 
-82.8441788474 0.0404353882 0.8797916410 0.5356288108 
-82.8534403427 0.0404143538 0.8799328978 0.5356524554 
-82.8629016374 0.0403928760 0.8800770749 0.5356751222 
-82.8725677575 0.0403709441 0.8802242410 0.5356967883 
-82.8824438575 0.0403485471 0.8803744662 0.5357174303 
-82.8925352238 0.0403256737 0.8805278220 0.5357370245 
-82.9028472779 0.0403023125 0.8806843815 0.5357555464 
-82.9133855802 0.0402784515 0.8808442195 0.5357729714 
-82.9241558337 0.0402540788 0.8810074122 0.5357892741 
-82.9351638875 0.0402291821 0.8811740376 0.5358044288 
-82.9464157410 0.0402037485 0.8813441751 0.5358184090 
-82.9579175478 0.0401777653 0.8815179059 0.5358311881 
-82.9696756195 0.0401512192 0.8816953131 0.5358427385 
-82.9816964304 0.0401240965 0.8818764811 0.5358530324 
-82.9939866215 0.0400963835 0.8820614964 0.5358620413 
-83.0065530053 0.0400680660 0.8822504472 0.5358697362 
-83.0194025699 0.0400391294 0.8824434233 0.5358760875 
-83.0325424841 0.0400095588 0.8826405165 0.5358810650 
-83.0459801024 0.0399793390 0.8828418204 0.5358846379 
-83.0597229695 0.0399484546 0.8830474306 0.5358867749 
-83.0737788259 0.0399168895 0.8832574444 0.5358874438 
-83.0881556132 0.0398846274 0.8834719610 0.5358866120 
-83.1028614792 0.0398516518 0.8836910818 0.5358842461 
-83.1179047840 0.0398179455 0.8839149098 0.5358803120 
-83.1332941056 0.0397834911 0.8841435502 0.5358747748 
-83.1490382456 0.0397482707 0.8843771103 0.5358675990 
-83.1651462360 0.0397122662 0.8846156992 0.5358587482 
-83.1816273450 0.0396754587 0.8848594281 0.5358481849 
-83.1984910838 0.0396378293 0.8851084103 0.5358358709 
-83.2157472131 0.0395993584 0.8853627611 0.5358217671 
-83.2334057506 0.0395600260 0.8856225980 0.5358058330 
-83.2514769776 0.0395198117 0.8858880405 0.5357880271 
-83.2699714466 0.0394786945 0.8861592103 0.5357683067 
-83.2888999890 0.0394366532 0.8864362310 0.5357466275 
-83.3082737230 0.0393936659 0.8867192287 0.5357229437 
-83.3281040616 0.0393497102 0.8870083312 0.5356972078 
-83.3484027212 0.0393047633 0.8873036688 0.5356693701 
-83.3691817302 0.0392588019 0.8876053738 0.5356393790 
-83.3904534377 0.0392118020 0.8879135806 0.5356071801 
-83.4122305233 0.0391637393 0.8882284257 0.5355727162 
-83.4345260061 0.0391145888 0.8885500479 0.5355359269 
-83.4573532551 0.0390643250 0.8888785880 0.5354967477 
-83.4807259992 0.0390129219 0.8892141890 0.5354551100 
-83.5046583380 0.0389603528 0.8895569959 0.5354109399 
-83.5291647525 0.0389065906 0.8899071558 0.5353641574 
-83.5542601168 0.0388516073 0.8902648180 0.5353146758 
-83.5799597099 0.0387953745 0.8906301336 0.5352623998 
-83.6062792278 0.0387378632 0.8910032559 0.5352072245 
-83.6332347964 0.0386790438 0.8913843402 0.5351490336 
-83.6608429848 0.0386188858 0.8917735436 0.5350876970 
-83.6891208191 0.0385573584 0.8921710252 0.5350230683 
-83.7180857967 0.0384944297 0.8925769459 0.5349549818 
-83.7477559013 0.0384300676 0.8929914686 0.5348832481 
-83.7781496190 0.0383642390 0.8934147577 0.5348076503 
-83.8092859541 0.0382969100 0.8938469796 0.5347279374 
-83.8411844468 0.0382280464 0.8942883020 0.5346438176 
-83.8738651914 0.0381576127 0.8947388947 0.5345549499 
-83.9073488552 0.0380855731 0.8951989285 0.5344609330 
-83.9416566986 0.0380118908 0.8956685761 0.5343612927 
-83.9768105971 0.0379365283 0.8961480112 0.5342554655 
-84.0128330633 0.0378594472 0.8966374092 0.5341427788 
-84.0497472721 0.0377806084 0.8971369466 0.5340224265 
-84.0875770865 0.0376999717 0.8976468011 0.5338934390 
-84.1263470859 0.0376174964 0.8981671515 0.5337546460 
-84.1660825969 0.0375331404 0.8986981778 0.5336046311 
-84.2068097266 0.0374468612 0.8992400609 0.5334416768 
-84.2485553996 0.0373586148 0.8997929830 0.5332636974 
-84.2913473984 0.0372683566 0.9003571270 0.5330681595 
-84.3352144087 0.0371760406 0.9009326770 0.5328519896 
-84.3801860699 0.0370816200 0.9015198183 0.5326114707 
-84.4262930318 0.0369850464 0.9021187373 0.5323421370 
-84.4735670184 0.0368862706 0.9027296217 0.5320386876 
-84.5220409008 0.0367852416 0.9033526608 0.5316949607 
-84.5717487777 0.0366819071 0.9039880460 0.5313040290 
-84.6227260645 0.0365762134 0.9046359704 0.5308583938 
-84.6750095963 0.0364681048 0.9052966301 0.5303512491 
-84.7286380008 0.0363575234 0.9059702275 0.5298081902 
-84.7836519778 0.0362444081 0.9066569739 0.5293406558 
-84.8400921011 0.0361287000 0.9073570595 0.5290055839 
-84.8979982157 0.0360103427 0.9080706455 0.5287841725 
-82.2635245835 0.0417746926 0.8705721246 0.5245107065 
-82.2645003083 0.0417724070 0.8705885756 0.5245432659 
-82.2654773027 0.0417701186 0.8706050436 0.5245745706 
-82.2664557213 0.0417678270 0.8706215311 0.5246052562 
-82.2674357232 0.0417655319 0.8706380410 0.5246357650 
-82.2684174689 0.0417632327 0.8706545759 0.5246663987 
-82.2694011179 0.0417609292 0.8706711387 0.5246973583 
-82.2703868268 0.0417586210 0.8706877320 0.5247287742 
-82.2713747483 0.0417563078 0.8707043584 0.5247607287 
-82.2723650310 0.0417539891 0.8707210204 0.5247932716 
-82.2733578190 0.0417516647 0.8707377206 0.5248264313 
-82.2743532515 0.0417493343 0.8707544613 0.5248602217 
-82.2753514631 0.0417469975 0.8707712447 0.5248946476 
-82.2763525835 0.0417446539 0.8707880731 0.5249297076 
-82.2773567379 0.0417423034 0.8708049486 0.5249653964 
-82.2783640471 0.0417399457 0.8708218733 0.5250017056 
-82.2793746274 0.0417375804 0.8708388490 0.5250386255 
-82.2803885909 0.0417352073 0.8708558778 0.5250761448 
-82.2814060458 0.0417328262 0.8708729613 0.5251142518 
-82.2824270963 0.0417304368 0.8708901014 0.5251529342 
-82.2834518430 0.0417280389 0.8709072997 0.5251921793 
-82.2844803828 0.0417256322 0.8709245578 0.5252319745 
-82.2855128094 0.0417232166 0.8709418774 0.5252723070 
-82.2865492131 0.0417207918 0.8709592598 0.5253131643 
-82.2875896815 0.0417183576 0.8709767065 0.5253545338 
-82.2886342988 0.0417159139 0.8709942190 0.5253964033 
-82.2896831470 0.0417134604 0.8710117985 0.5254387605 
-82.2907363053 0.0417109969 0.8710294464 0.5254815938 
-82.2917938504 0.0417085234 0.8710471638 0.5255248913 
-82.2928558569 0.0417060395 0.8710649520 0.5255686418 
-82.2939223971 0.0417035452 0.8710828122 0.5256128340 
-82.2949935415 0.0417010402 0.8711007455 0.5256574571 
-82.2960693588 0.0416985245 0.8711187530 0.5257025006 
-82.2971499157 0.0416959978 0.8711368358 0.5257479541 
-82.2982352776 0.0416934601 0.8711549948 0.5257938074 
-82.2993255084 0.0416909111 0.8711732311 0.5258400508 
-82.3004206706 0.0416883507 0.8711915457 0.5258866747 
-82.3015208256 0.0416857788 0.8712099395 0.5259336698 
-82.3026260338 0.0416831953 0.8712284135 0.5259810269 
-82.3037363545 0.0416805999 0.8712469686 0.5260287373 
-82.3048518462 0.0416779926 0.8712656057 0.5260767923 
-82.3059725668 0.0416753733 0.8712843257 0.5261251834 
-82.3070985734 0.0416727417 0.8713031294 0.5261739027 
-82.3082299228 0.0416700978 0.8713220177 0.5262229420 
-82.3093666713 0.0416674415 0.8713409916 0.5262722935 
-82.3105088750 0.0416647726 0.8713600517 0.5263219499 
-82.3116565897 0.0416620910 0.8713791990 0.5263719035 
-82.3128098712 0.0416593965 0.8713984343 0.5264221474 
-82.3139687754 0.0416566891 0.8714177584 0.5264726744 
-82.3151333583 0.0416539685 0.8714371722 0.5265234777 
-82.3163036759 0.0416512348 0.8714566765 0.5265745507 
-82.3174797849 0.0416484877 0.8714762721 0.5266258868 
-82.3186617421 0.0416457271 0.8714959599 0.5266774798 
-82.3198496049 0.0416429528 0.8715157407 0.5267293233 
-82.3210434314 0.0416401649 0.8715356154 0.5267814114 
-82.3222432804 0.0416373630 0.8715555848 0.5268337381 
-82.3234492113 0.0416345471 0.8715756499 0.5268862977 
-82.3246612845 0.0416317171 0.8715958114 0.5269390845 
-82.3258795614 0.0416288728 0.8716160703 0.5269920929 
-82.3271041045 0.0416260140 0.8716364276 0.5270453177 
-82.3283349773 0.0416231407 0.8716568841 0.5270987534 
-82.3295722447 0.0416202526 0.8716774407 0.5271523950 
-82.3308159729 0.0416173496 0.8716980985 0.5272062374 
-82.3320662293 0.0416144316 0.8717188585 0.5272602755 
-82.3333230831 0.0416114983 0.8717397216 0.5273145046 
-82.3345866049 0.0416085498 0.8717606889 0.5273689198 
-82.3358568672 0.0416055857 0.8717817614 0.5274235165 
-82.3371339440 0.0416026058 0.8718029402 0.5274782901 
-82.3384179114 0.0415996102 0.8718242265 0.5275332361 
-82.3397088472 0.0415965984 0.8718456213 0.5275883501 
-82.3410068316 0.0415935705 0.8718671259 0.5276436276 
-82.3423119466 0.0415905261 0.8718887415 0.5276990645 
-82.3436242766 0.0415874651 0.8719104692 0.5277546566 
-82.3449439083 0.0415843873 0.8719323104 0.5278103996 
-82.3462709306 0.0415812925 0.8719542664 0.5278662896 
-82.3476054353 0.0415781805 0.8719763385 0.5279223225 
-82.3489475165 0.0415750510 0.8719985281 0.5279784943 
-82.3502972710 0.0415719038 0.8720208366 0.5280348013 
-82.3516547985 0.0415687388 0.8720432655 0.5280912394 
-82.3530202016 0.0415655556 0.8720658164 0.5281478050 
-82.3543935857 0.0415623541 0.8720884907 0.5282044943 
-82.3557750595 0.0415591339 0.8721112901 0.5282613036 
-82.3571647348 0.0415558949 0.8721342163 0.5283182293 
-82.3585627265 0.0415526368 0.8721572709 0.5283752676 
-82.3599691533 0.0415493592 0.8721804558 0.5284324152 
-82.3613841370 0.0415460619 0.8722037726 0.5284896683 
-82.3628078032 0.0415427447 0.8722272234 0.5285470235 
-82.3642402812 0.0415394072 0.8722508100 0.5286044774 
-82.3656817041 0.0415360491 0.8722745344 0.5286620265 
-82.3671322088 0.0415326701 0.8722983986 0.5287196673 
-82.3685919364 0.0415292699 0.8723224048 0.5287773966 
-82.3700610323 0.0415258482 0.8723465552 0.5288352109 
-82.3715396458 0.0415224046 0.8723708519 0.5288931068 
-82.3730279309 0.0415189387 0.8723952972 0.5289510811 
-82.3745260461 0.0415154502 0.8724198937 0.5290091305 
-82.3760341545 0.0415119387 0.8724446436 0.5290672516 
-82.3775524239 0.0415084039 0.8724695495 0.5291254412 
-82.3790810270 0.0415048453 0.8724946141 0.5291836961 
-82.3806201418 0.0415012625 0.8725198399 0.5292420129 
-82.3821699513 0.0414976552 0.8725452298 0.5293003884 
-82.3837306437 0.0414940228 0.8725707866 0.5293588195 
-82.3853024128 0.0414903649 0.8725965132 0.5294173029 
-82.3868854581 0.0414866812 0.8726224126 0.5294758353 
-82.3884799845 0.0414829710 0.8726484879 0.5295344136 
-82.3900862033 0.0414792339 0.8726747423 0.5295930345 
-82.3917043314 0.0414754695 0.8727011791 0.5296516948 
-82.3933345921 0.0414716772 0.8727278017 0.5297103914 
-82.3949772151 0.0414678564 0.8727546134 0.5297691209 
-82.3966324366 0.0414640068 0.8727816180 0.5298278802 
-82.3983004995 0.0414601275 0.8728088191 0.5298866660 
-82.3999816535 0.0414562183 0.8728362204 0.5299454751 
-82.4016761556 0.0414522783 0.8728638259 0.5300043043 
-82.4033842697 0.0414483070 0.8728916396 0.5300631503 
-82.4051062673 0.0414443039 0.8729196656 0.5301220098 
-82.4068424275 0.0414402682 0.8729479081 0.5301808796 
-82.4085930371 0.0414361993 0.8729763714 0.5302397564 
-82.4103583911 0.0414320965 0.8730050602 0.5302986368 
-82.4121387923 0.0414279591 0.8730339789 0.5303575175 
-82.4139345524 0.0414237865 0.8730631323 0.5304163952 
-82.4157459914 0.0414195779 0.8730925254 0.5304752666 
-82.4175734380 0.0414153324 0.8731221629 0.5305341282 
-82.4194172303 0.0414110495 0.8731520503 0.5305929767 
-82.4212777154 0.0414067281 0.8731821926 0.5306518085 
-82.4231552501 0.0414023677 0.8732125954 0.5307106203 
-82.4250502007 0.0413979672 0.8732432642 0.5307694085 
-82.4269629436 0.0413935259 0.8732742047 0.5308281697 
-82.4288938657 0.0413890428 0.8733054229 0.5308869004 
-82.4308433638 0.0413845171 0.8733369248 0.5309455968 
-82.4328118460 0.0413799478 0.8733687167 0.5310042555 
-82.4347997312 0.0413753340 0.8734008048 0.5310628727 
-82.4368074494 0.0413706746 0.8734331958 0.5311214449 
-82.4388354425 0.0413659687 0.8734658964 0.5311799683 
-82.4408841641 0.0413612152 0.8734989136 0.5312384391 
-82.4429540798 0.0413564130 0.8735322544 0.5312968535 
-82.4450456680 0.0413515612 0.8735659261 0.5313552078 
-82.4471594195 0.0413466585 0.8735999362 0.5314134980 
-82.4492958383 0.0413417037 0.8736342924 0.5314717201 
-82.4514554419 0.0413366958 0.8736690026 0.5315298704 
-82.4536387613 0.0413316335 0.8737040749 0.5315879446 
-82.4558463419 0.0413265155 0.8737395176 0.5316459388 
-82.4580787432 0.0413213407 0.8737753393 0.5317038488 
-82.4603365396 0.0413161075 0.8738115486 0.5317616704 
-82.4626203206 0.0413108148 0.8738481547 0.5318193994 
-82.4649306913 0.0413054612 0.8738851668 0.5318770315 
-82.4672682726 0.0413000451 0.8739225942 0.5319345624 
-82.4696337016 0.0412945652 0.8739604468 0.5319919876 
-82.4720276322 0.0412890201 0.8739987344 0.5320493027 
-82.4744507355 0.0412834080 0.8740374674 0.5321065031 
-82.4769037000 0.0412777275 0.8740766562 0.5321635843 
-82.4793872320 0.0412719771 0.8741163115 0.5322205414 
-82.4819020565 0.0412661549 0.8741564445 0.5322773699 
-82.4844489172 0.0412602594 0.8741970665 0.5323340648 
-82.4870285771 0.0412542887 0.8742381890 0.5323906212 
-82.4896418189 0.0412482412 0.8742798240 0.5324470342 
-82.4922894459 0.0412421149 0.8743219838 0.5325032988 
-82.4949722819 0.0412359081 0.8743646808 0.5325594096 
-82.4976911720 0.0412296187 0.8744079279 0.5326153616 
-82.5004469834 0.0412232449 0.8744517384 0.5326711494 
-82.5032406053 0.0412167846 0.8744961256 0.5327267676 
-82.5060729500 0.0412102357 0.8745411035 0.5327822107 
-82.5089449534 0.0412035961 0.8745866864 0.5328374731 
-82.5118575753 0.0411968637 0.8746328887 0.5328925490 
-82.5148118002 0.0411900361 0.8746797254 0.5329474327 
-82.5178086378 0.0411831111 0.8747272119 0.5330021182 
-82.5208491240 0.0411760865 0.8747753638 0.5330565996 
-82.5239343207 0.0411689596 0.8748241973 0.5331108707 
-82.5270653176 0.0411617282 0.8748737288 0.5331649253 
-82.5302432319 0.0411543896 0.8749239753 0.5332187569 
-82.5334692095 0.0411469412 0.8749749541 0.5332723592 
-82.5367444254 0.0411393805 0.8750266830 0.5333257255 
-82.5400700849 0.0411317047 0.8750791801 0.5333788490 
-82.5434474237 0.0411239110 0.8751324643 0.5334317229 
-82.5468777094 0.0411159965 0.8751865545 0.5334843401 
-82.5503622415 0.0411079583 0.8752414704 0.5335366936 
-82.5539023529 0.0410997934 0.8752972321 0.5335887760 
-82.5574994102 0.0410914987 0.8753538601 0.5336405799 
-82.5611548149 0.0410830710 0.8754113756 0.5336920978 
-82.5648700040 0.0410745072 0.8754698002 0.5337433217 
-82.5686464513 0.0410658039 0.8755291560 0.5337942439 
-82.5724856676 0.0410569577 0.8755894657 0.5338448563 
-82.5763892025 0.0410479651 0.8756507526 0.5338951507 
-82.5803586446 0.0410388226 0.8757130404 0.5339451185 
-82.5843956229 0.0410295264 0.8757763536 0.5339947513 
-82.5885018077 0.0410200729 0.8758407170 0.5340440402 
-82.5926789117 0.0410104582 0.8759061564 0.5340929763 
-82.5969286910 0.0410006784 0.8759726980 0.5341415504 
-82.6012529460 0.0409907294 0.8760403685 0.5341897532 
-82.6056535230 0.0409806071 0.8761091955 0.5342375751 
-82.6101323147 0.0409703073 0.8761792071 0.5342850063 
-82.6146912622 0.0409598256 0.8762504322 0.5343320368 
-82.6193323551 0.0409491576 0.8763229004 0.5343786565 
-82.6240576339 0.0409382987 0.8763966417 0.5344248549 
-82.6288691904 0.0409272443 0.8764716873 0.5344706214 
-82.6337691695 0.0409159896 0.8765480688 0.5345159450 
-82.6387597702 0.0409045297 0.8766258187 0.5345608146 
-82.6438432472 0.0408928596 0.8767049703 0.5346052188 
-82.6490219123 0.0408809741 0.8767855575 0.5346491460 
-82.6542981356 0.0408688680 0.8768676152 0.5346925843 
-82.6596743473 0.0408565359 0.8769511790 0.5347355214 
-82.6651530390 0.0408439723 0.8770362855 0.5347779450 
-82.6707367652 0.0408311715 0.8771229721 0.5348198423 
-82.6764281453 0.0408181277 0.8772112768 0.5348612003 
-82.6822298646 0.0408048349 0.8773012390 0.5349020056 
-82.6881446766 0.0407912872 0.8773928987 0.5349422447 
-82.6941754044 0.0407774782 0.8774862968 0.5349819037 
-82.7003249424 0.0407634016 0.8775814754 0.5350209683 
-82.7065962584 0.0407490509 0.8776784773 0.5350594240 
-82.7129923954 0.0407344194 0.8777773464 0.5350972558 
-82.7195164732 0.0407195001 0.8778781278 0.5351344486 
-82.7261716908 0.0407042862 0.8779808673 0.5351709869 
-82.7329613282 0.0406887704 0.8780856121 0.5352068546 
-82.7398887484 0.0406729453 0.8781924102 0.5352420356 
-82.7469573998 0.0406568035 0.8783013109 0.5352765133 
-82.7541708181 0.0406403371 0.8784123645 0.5353102706 
-82.7615326288 0.0406235384 0.8785256225 0.5353432903 
-82.7690465493 0.0406063991 0.8786411376 0.5353755544 
-82.7767163913 0.0405889111 0.8787589636 0.5354070450 
-82.7845460634 0.0405710658 0.8788791557 0.5354377435 
-82.7925395736 0.0405528545 0.8790017700 0.5354676310 
-82.8007010315 0.0405342684 0.8791268643 0.5354966880 
-82.8090346514 0.0405152983 0.8792544973 0.5355248949 
-82.8175447547 0.0404959349 0.8793847293 0.5355522314 
-82.8262357729 0.0404761686 0.8795176218 0.5355786770 
-82.8351122504 0.0404559897 0.8796532376 0.5356042107 
-82.8441788474 0.0404353882 0.8797916410 0.5356288108 
-82.8534403427 0.0404143538 0.8799328978 0.5356524554 
-82.8629016374 0.0403928760 0.8800770749 0.5356751222 
-82.8725677575 0.0403709441 0.8802242410 0.5356967883 
-82.8824438575 0.0403485471 0.8803744662 0.5357174303 
-82.8925352238 0.0403256737 0.8805278220 0.5357370245 
-82.9028472779 0.0403023125 0.8806843815 0.5357555464 
-82.9133855802 0.0402784515 0.8808442195 0.5357729714 
-82.9241558337 0.0402540788 0.8810074122 0.5357892741 
-82.9351638875 0.0402291821 0.8811740376 0.5358044288 
-82.9464157410 0.0402037485 0.8813441751 0.5358184090 
-82.9579175478 0.0401777653 0.8815179059 0.5358311881 
-82.9696756195 0.0401512192 0.8816953131 0.5358427385 
-82.9816964304 0.0401240965 0.8818764811 0.5358530324 
-82.9939866215 0.0400963835 0.8820614964 0.5358620413 
-83.0065530053 0.0400680660 0.8822504472 0.5358697362 
-83.0194025699 0.0400391294 0.8824434233 0.5358760875 
-83.0325424841 0.0400095588 0.8826405165 0.5358810650 
-83.0459801024 0.0399793390 0.8828418204 0.5358846379 
-83.0597229695 0.0399484546 0.8830474306 0.5358867749 
-83.0737788259 0.0399168895 0.8832574444 0.5358874438 
-83.0881556132 0.0398846274 0.8834719610 0.5358866120 
-83.1028614792 0.0398516518 0.8836910818 0.5358842461 
-83.1179047840 0.0398179455 0.8839149098 0.5358803120 
-83.1332941056 0.0397834911 0.8841435502 0.5358747748 
-83.1490382456 0.0397482707 0.8843771103 0.5358675990 
-83.1651462360 0.0397122662 0.8846156992 0.5358587482 
-83.1816273450 0.0396754587 0.8848594281 0.5358481849 
-83.1984910838 0.0396378293 0.8851084103 0.5358358709 
-83.2157472131 0.0395993584 0.8853627611 0.5358217671 
-83.2334057506 0.0395600260 0.8856225980 0.5358058330 
-83.2514769776 0.0395198117 0.8858880405 0.5357880271 
-83.2699714466 0.0394786945 0.8861592103 0.5357683067 
-83.2888999890 0.0394366532 0.8864362310 0.5357466275 
-83.3082737230 0.0393936659 0.8867192287 0.5357229437 
-83.3281040616 0.0393497102 0.8870083312 0.5356972078 
-83.3484027212 0.0393047633 0.8873036688 0.5356693701 
-83.3691817302 0.0392588019 0.8876053738 0.5356393790 
-83.3904534377 0.0392118020 0.8879135806 0.5356071801 
-83.4122305233 0.0391637393 0.8882284257 0.5355727162 
-83.4345260061 0.0391145888 0.8885500479 0.5355359269 
-83.4573532551 0.0390643250 0.8888785880 0.5354967477 
-83.4807259992 0.0390129219 0.8892141890 0.5354551100 
-83.5046583380 0.0389603528 0.8895569959 0.5354109399 
-83.5291647525 0.0389065906 0.8899071558 0.5353641574 
-83.5542601168 0.0388516073 0.8902648180 0.5353146758 
-83.5799597099 0.0387953745 0.8906301336 0.5352623998 
-83.6062792278 0.0387378632 0.8910032559 0.5352072245 
-83.6332347964 0.0386790438 0.8913843402 0.5351490336 
-83.6608429848 0.0386188858 0.8917735436 0.5350876970 
-83.6891208191 0.0385573584 0.8921710252 0.5350230683 
-83.7180857967 0.0384944297 0.8925769459 0.5349549818 
-83.7477559013 0.0384300676 0.8929914686 0.5348832481 
-83.7781496190 0.0383642390 0.8934147577 0.5348076503 
-83.8092859540 0.0382969100 0.8938469796 0.5347279374 
-83.8411844468 0.0382280464 0.8942883020 0.5346438176 
-83.8738651914 0.0381576127 0.8947388947 0.5345549499 
-83.9073488552 0.0380855731 0.8951989285 0.5344609330 
-83.9416566986 0.0380118908 0.8956685761 0.5343612927 
-83.9768105971 0.0379365283 0.8961480112 0.5342554655 
-84.0128330633 0.0378594472 0.8966374092 0.5341427788 
-84.0497472721 0.0377806084 0.8971369466 0.5340224265 
-84.0875770865 0.0376999717 0.8976468011 0.5338934390 
-84.1263470859 0.0376174964 0.8981671515 0.5337546460 
-84.1660825969 0.0375331404 0.8986981778 0.5336046311 
-84.2068097266 0.0374468612 0.8992400609 0.5334416768 
-84.2485553996 0.0373586148 0.8997929830 0.5332636974 
-84.2913473984 0.0372683566 0.9003571270 0.5330681595 
-84.3352144087 0.0371760406 0.9009326770 0.5328519896 
-84.3801860699 0.0370816200 0.9015198183 0.5326114707 
-84.4262930318 0.0369850464 0.9021187373 0.5323421370 
-84.4735670184 0.0368862706 0.9027296217 0.5320386876 
-84.5220409008 0.0367852416 0.9033526608 0.5316949607 
-84.5717487776 0.0366819071 0.9039880460 0.5313040290 
-84.6227260644 0.0365762134 0.9046359704 0.5308583938 
-84.6750095963 0.0364681048 0.9052966301 0.5303512491 
-84.7286380007 0.0363575234 0.9059702275 0.5298081902 
-84.7836519778 0.0362444081 0.9066569739 0.5293406558 
-84.8400921011 0.0361287000 0.9073570595 0.5290055839 
-84.8979982157 0.0360103427 0.9080706455 0.5287841725 
-84.9024863141 0.0360011838 0.9081259347 0.5287682334 
-84.9024863141 0.0360011838 0.9081259347 0.5287682334 
