-81.9401282455 0.0425386574 0.8649991902 0.5091926104 
-81.9401301081 0.0425386530 0.8649992078 0.5091795774 
-81.9401339686 0.0425386439 0.8649992453 0.5091534348 
-81.9401400985 0.0425386294 0.8649993077 0.5091140683 
-81.9401489080 0.0425386085 0.8649994023 0.5090613988 
-81.9401609470 0.0425385800 0.8649995391 0.5089954783 
-81.9401767315 0.0425385426 0.8649997272 0.5088982132 
-81.9401978146 0.0425384926 0.8649999947 0.5088264064 
-81.9402247603 0.0425384286 0.8650003516 0.5087600796 
-81.9402582628 0.0425383491 0.8650008104 0.5086984379 
-81.9402989742 0.0425382524 0.8650013829 0.5086408596 
-81.9403475106 0.0425381371 0.8650020799 0.5085868633 
-81.9404044572 0.0425380018 0.8650029120 0.5085360785 
-81.9404703721 0.0425378451 0.8650038891 0.5084882197 
-81.9405457895 0.0425376659 0.8650050208 0.5084430644 
-81.9406312218 0.0425374628 0.8650063162 0.5084004372 
-81.9407271616 0.0425372347 0.8650077839 0.5083601968 
-81.9408340834 0.0425369805 0.8650094325 0.5083222267 
-81.9409524450 0.0425366991 0.8650112701 0.5082864284 
-81.9410826886 0.0425363893 0.8650133044 0.5082527167 
-81.9412252418 0.0425360503 0.8650155430 0.5082210160 
-81.9413805186 0.0425356810 0.8650179933 0.5081912580 
-81.9415489207 0.0425352805 0.8650206622 0.5081633801 
-81.9417308374 0.0425348478 0.8650235565 0.5081373239 
-81.9419266475 0.0425343821 0.8650266830 0.5081130345 
-81.9421367192 0.0425338824 0.8650300480 0.5080904596 
-81.9423614111 0.0425333479 0.8650336579 0.5080695492 
-81.9426010730 0.0425327778 0.8650375186 0.5080502552 
-81.9428560466 0.0425321712 0.8650416360 0.5080325314 
-81.9431266658 0.0425315274 0.8650460161 0.5080163332 
-81.9434132578 0.0425308457 0.8650506643 0.5080016175 
-81.9437161433 0.0425301251 0.8650555862 0.5079883427 
-81.9440356373 0.0425293650 0.8650607873 0.5079764687 
-81.9443720496 0.0425285647 0.8650662728 0.5079659563 
-81.9447256855 0.0425277234 0.8650720478 0.5079567681 
-81.9450968461 0.0425268404 0.8650781176 0.5079488675 
-81.9454858293 0.0425259150 0.8650844872 0.5079422192 
-81.9458929296 0.0425249465 0.8650911616 0.5079367891 
-81.9463184392 0.0425239342 0.8650981456 0.5079325440 
-81.9467626482 0.0425228774 0.8651054442 0.5079294520 
-81.9472258454 0.0425217755 0.8651130622 0.5079274818 
-81.9477083184 0.0425206277 0.8651210044 0.5079266032 
-81.9482103542 0.0425194334 0.8651292756 0.5079267872 
-81.9487322398 0.0425181919 0.8651378806 0.5079280052 
-81.9492742624 0.0425169026 0.8651468240 0.5079302297 
-81.9498367101 0.0425155646 0.8651561108 0.5079334341 
-81.9504198721 0.0425141774 0.8651657457 0.5079375923 
-81.9510240394 0.0425127403 0.8651757334 0.5079426790 
-81.9516495048 0.0425112525 0.8651860788 0.5079486699 
-81.9522965639 0.0425097135 0.8651967867 0.5079555411 
-81.9529655148 0.0425081223 0.8652078620 0.5079632694 
-81.9536566592 0.0425064785 0.8652193097 0.5079718322 
-81.9543703024 0.0425047812 0.8652311347 0.5079812078 
-81.9551067538 0.0425030297 0.8652433420 0.5079913746 
-81.9558663272 0.0425012232 0.8652559368 0.5080023119 
-81.9566493414 0.0424993611 0.8652689243 0.5080139995 
-81.9574561205 0.0424974425 0.8652823096 0.5080264176 
-81.9582869940 0.0424954667 0.8652960982 0.5080395470 
-81.9591422978 0.0424934329 0.8653102954 0.5080533689 
-81.9600223740 0.0424913403 0.8653249069 0.5080678650 
-81.9609275716 0.0424891880 0.8653399382 0.5080830174 
-81.9618582469 0.0424869753 0.8653553952 0.5080988086 
-81.9628147637 0.0424847012 0.8653712836 0.5081152215 
-81.9637974937 0.0424823649 0.8653876094 0.5081322395 
-81.9648068171 0.0424799655 0.8654043789 0.5081498463 
-81.9658431229 0.0424775020 0.8654215982 0.5081680258 
-81.9669068091 0.0424749736 0.8654392738 0.5081867624 
-81.9679982835 0.0424723793 0.8654574122 0.5082060408 
-81.9691179635 0.0424697181 0.8654760202 0.5082258460 
-81.9702662772 0.0424669890 0.8654951046 0.5082461632 
-81.9714436631 0.0424641910 0.8655146725 0.5082669780 
-81.9726505712 0.0424613230 0.8655347311 0.5082882762 
-81.9738874628 0.0424583839 0.8655552878 0.5083100438 
-81.9751548113 0.0424553726 0.8655763503 0.5083322673 
-81.9764531025 0.0424522880 0.8655979263 0.5083549330 
-81.9777828350 0.0424491289 0.8656200239 0.5083780279 
-81.9791445206 0.0424458941 0.8656426512 0.5084015387 
-81.9805386848 0.0424425824 0.8656658168 0.5084254527 
-81.9819658674 0.0424391925 0.8656895293 0.5084497572 
-81.9834266226 0.0424357231 0.8657137975 0.5084744397 
-81.9849215195 0.0424321729 0.8657386307 0.5084994880 
-81.9864511430 0.0424285405 0.8657640383 0.5085248897 
-81.9880160938 0.0424248245 0.8657900298 0.5085506330 
-81.9896169890 0.0424210235 0.8658166151 0.5085767058 
-81.9912544627 0.0424171359 0.8658438046 0.5086030965 
-81.9929291665 0.0424131603 0.8658716086 0.5086297934 
-81.9946417696 0.0424090951 0.8659000378 0.5086567850 
-81.9963929599 0.0424049386 0.8659291034 0.5086840598 
-81.9981834443 0.0424006893 0.8659588166 0.5087116065 
-82.0000139490 0.0423963454 0.8659891892 0.5087394139 
-82.0018852202 0.0423919051 0.8660202331 0.5087674708 
-82.0037980250 0.0423873668 0.8660519605 0.5087957661 
-82.0057531512 0.0423827285 0.8660843843 0.5088242887 
-82.0077514086 0.0423779884 0.8661175172 0.5088530276 
-82.0097936294 0.0423731444 0.8661513728 0.5088819721 
-82.0118806684 0.0423681947 0.8661859646 0.5089111110 
-82.0140134041 0.0423631372 0.8662213069 0.5089404336 
-82.0161927392 0.0423579697 0.8662574140 0.5089699291 
-82.0184196012 0.0423526902 0.8662943008 0.5089995866 
-82.0206949428 0.0423472963 0.8663319827 0.5090293953 
-82.0230197431 0.0423417858 0.8663704752 0.5090593445 
-82.0253950079 0.0423361564 0.8664097945 0.5090894234 
-82.0278217706 0.0423304057 0.8664499572 0.5091196210 
-82.0303010926 0.0423245311 0.8664909802 0.5091499268 
-82.0328340644 0.0423185302 0.8665328809 0.5091803297 
-82.0354218063 0.0423124004 0.8665756774 0.5092108190 
-82.0380654689 0.0423061389 0.8666193879 0.5092413837 
-82.0407662343 0.0422997431 0.8666640314 0.5092720130 
-82.0435253163 0.0422932100 0.8667096273 0.5093026958 
-82.0463439620 0.0422865369 0.8667561955 0.5093334211 
-82.0492234521 0.0422797208 0.8668037564 0.5093641778 
-82.0521651018 0.0422727585 0.8668523309 0.5093949548 
-82.0551702619 0.0422656471 0.8669019407 0.5094257408 
-82.0582403197 0.0422583831 0.8669526078 0.5094565245 
-82.0613766996 0.0422509635 0.8670043549 0.5094872945 
-82.0645808647 0.0422433847 0.8670572053 0.5095180393 
-82.0678543169 0.0422356433 0.8671111829 0.5095487472 
-82.0711985988 0.0422277358 0.8671663121 0.5095794067 
-82.0746152940 0.0422196584 0.8672226181 0.5096100059 
-82.0781060287 0.0422114075 0.8672801267 0.5096405327 
-82.0816724725 0.0422029791 0.8673388644 0.5096709753 
-82.0853163395 0.0421943694 0.8673988582 0.5097013212 
-82.0890393896 0.0421855742 0.8674601362 0.5097315582 
-82.0928434294 0.0421765895 0.8675227267 0.5097616738 
-82.0967303138 0.0421674109 0.8675866592 0.5097916553 
-82.1007019468 0.0421580341 0.8676519636 0.5098214898 
-82.1047602831 0.0421484545 0.8677186708 0.5098511643 
-82.1089073292 0.0421386676 0.8677868123 0.5098806657 
-82.1131451447 0.0421286686 0.8678564205 0.5099099804 
-82.1174758440 0.0421184528 0.8679275287 0.5099390950 
-82.1219015971 0.0421080150 0.8680001709 0.5099679956 
-82.1264246316 0.0420973503 0.8680743819 0.5099966681 
-82.1310472338 0.0420864533 0.8681501976 0.5100250983 
-82.1357717507 0.0420753188 0.8682276547 0.5100532718 
-82.1406005907 0.0420639412 0.8683067907 0.5100811737 
-82.1455362261 0.0420523149 0.8683876442 0.5101087890 
-82.1505811943 0.0420404342 0.8684702546 0.5101361026 
-82.1557380993 0.0420282929 0.8685546624 0.5101630987 
-82.1610096138 0.0420158852 0.8686409091 0.5101897617 
-82.1663984808 0.0420032047 0.8687290371 0.5102160754 
-82.1719075156 0.0419902451 0.8688190900 0.5102420233 
-82.1775396071 0.0419769998 0.8689111123 0.5102675887 
-82.1832977206 0.0419634620 0.8690051497 0.5102927545 
-82.1891848989 0.0419496250 0.8691012491 0.5103175033 
-82.1952042649 0.0419354816 0.8691994583 0.5103418173 
-82.2013590236 0.0419210246 0.8692998265 0.5103656785 
-82.2076524640 0.0419062466 0.8694024038 0.5103890682 
-82.2140879614 0.0418911399 0.8695072419 0.5104119677 
-82.2206689798 0.0418756968 0.8696143933 0.5104343576 
-82.2273990741 0.0418599093 0.8697239122 0.5104562183 
-82.2342818924 0.0418437692 0.8698358537 0.5104775297 
-82.2413211787 0.0418272680 0.8699502744 0.5104982712 
-82.2485207752 0.0418103972 0.8700672323 0.5105184219 
-82.2558846248 0.0417931480 0.8701867867 0.5105379604 
-82.2634167743 0.0417755114 0.8703089982 0.5105568647 
-82.2711213763 0.0417574779 0.8704339290 0.5105751126 
-82.2790026928 0.0417390383 0.8705616426 0.5105926812 
-82.2870650977 0.0417201827 0.8706922042 0.5106095470 
-82.2953130798 0.0417009011 0.8708256802 0.5106256864 
-82.3037512458 0.0416811834 0.8709621387 0.5106410748 
-82.3123843237 0.0416610191 0.8711016496 0.5106556874 
-82.3212171659 0.0416403975 0.8712442839 0.5106694986 
-82.3302547525 0.0416193076 0.8713901147 0.5106824824 
-82.3395021947 0.0415977381 0.8715392165 0.5106946123 
-82.3489647383 0.0415756775 0.8716916657 0.5107058610 
-82.3586477677 0.0415531140 0.8718475401 0.5107162006 
-82.3685568091 0.0415300355 0.8720069195 0.5107256029 
-82.3786975345 0.0415064296 0.8721698855 0.5107340387 
-82.3890757661 0.0414822835 0.8723365215 0.5107414784 
-82.3996974797 0.0414575843 0.8725069126 0.5107478916 
-82.4105688095 0.0414323186 0.8726811460 0.5107532474 
-82.4216960517 0.0414064729 0.8728593107 0.5107575141 
-82.4330856698 0.0413800330 0.8730414976 0.5107606593 
-82.4447442986 0.0413529847 0.8732277998 0.5107626500 
-82.4566787491 0.0413253134 0.8734183121 0.5107634524 
-82.4688960132 0.0412970039 0.8736131315 0.5107630320 
-82.4814032690 0.0412680409 0.8738123572 0.5107613536 
-82.4942078858 0.0412384086 0.8740160904 0.5107583813 
-82.5073174291 0.0412080910 0.8742244343 0.5107540782 
-82.5207396668 0.0411770714 0.8744374946 0.5107484069 
-82.5344825742 0.0411453330 0.8746553789 0.5107413289 
-82.5485543400 0.0411128585 0.8748781971 0.5107328051 
-82.5629633724 0.0410796300 0.8751060616 0.5107227957 
-82.5777183051 0.0410456294 0.8753390867 0.5107112596 
-82.5928280040 0.0410108381 0.8755773893 0.5106981552 
-82.6083015734 0.0409752371 0.8758210887 0.5106834398 
-82.6241483629 0.0409388069 0.8760703063 0.5106670700 
-82.6403779745 0.0409015276 0.8763251661 0.5106490013 
-82.6570002697 0.0408633786 0.8765857945 0.5106291880 
-82.6740253771 0.0408243390 0.8768523204 0.5106075838 
-82.6914636999 0.0407843876 0.8771248751 0.5105841409 
-82.7093259240 0.0407435023 0.8774035924 0.5105588108 
-82.7276230259 0.0407016607 0.8776886086 0.5105315435 
-82.7463662815 0.0406588399 0.8779800626 0.5105022878 
-82.7655672748 0.0406150163 0.8782780958 0.5104709913 
-82.7852379068 0.0405701660 0.8785828522 0.5104376001 
-82.8053904048 0.0405242643 0.8788944783 0.5104020586 
-82.8260373320 0.0404772861 0.8792131234 0.5103643099 
-82.8471915978 0.0404292055 0.8795389392 0.5103242949 
-82.8688664679 0.0403799963 0.8798720799 0.5102819528 
-82.8910755747 0.0403296315 0.8802127026 0.5102372204 
-82.9138329288 0.0402780834 0.8805609668 0.5101900320 
-82.9371529302 0.0402253239 0.8809170346 0.5101403192 
-82.9610503799 0.0401713240 0.8812810707 0.5100880106 
-82.9855404927 0.0401160543 0.8816532425 0.5100330309 
-83.0106389092 0.0400594845 0.8820337198 0.5099753010 
-83.0363617096 0.0400015838 0.8824226751 0.5099147369 
-83.0627254268 0.0399423205 0.8828202831 0.5098512492 
-83.0897470610 0.0398816623 0.8832267214 0.5097847421 
-83.1174440940 0.0398195762 0.8836421697 0.5097151126 
-83.1458345047 0.0397560284 0.8840668104 0.5096422485 
-83.1749367849 0.0396909843 0.8845008280 0.5095660276 
-83.2047699557 0.0396244087 0.8849444095 0.5094863155 
-83.2353535847 0.0395562653 0.8853977441 0.5094029629 
-83.2667078041 0.0394865174 0.8858610232 0.5093158035 
-83.2988533291 0.0394151270 0.8863344403 0.5092246497 
-83.3318114774 0.0393420558 0.8868181910 0.5091292892 
-83.3656041898 0.0392672641 0.8873124727 0.5090294790 
-83.4002540514 0.0391907118 0.8878174851 0.5089249397 
-83.4357843141 0.0391123576 0.8883334291 0.5088153470 
-83.4722189198 0.0390321595 0.8888605078 0.5087003225 
-83.5095825258 0.0389500743 0.8893989256 0.5085794212 
-83.5479005306 0.0388660581 0.8899488885 0.5084521171 
-83.5871991019 0.0387800660 0.8905106037 0.5083177845 
-83.6275052058 0.0386920520 0.8910842797 0.5081756753 
-83.6688466389 0.0386019691 0.8916701262 0.5080248904 
-83.7112520615 0.0385097693 0.8922683537 0.5078643457 
-83.7547510344 0.0384154036 0.8928791738 0.5076927284 
-83.7993740580 0.0383188218 0.8935027986 0.5075084443 
-83.8451526151 0.0382199724 0.8941394411 0.5073095543 
-83.8921192181 0.0381188030 0.8947893147 0.5070936968 
-83.9403074600 0.0380152597 0.8954526332 0.5068579972 
-83.9897520718 0.0379092876 0.8961296111 0.5065989655 
-84.0404889859 0.0378008301 0.8968204632 0.5063123898 
-84.0925554071 0.0376898294 0.8975254048 0.5059932459 
-84.1459898920 0.0375762260 0.8982446518 0.5056356677 
-84.2008324375 0.0374599590 0.8989784207 0.5052330576 
-84.2571245782 0.0373409655 0.8997269292 0.5047784128 
-84.3149094955 0.0372191809 0.9004903958 0.5042657028 
-84.3742323042 0.0370945382 0.9012690429 0.5037144854 
-84.4351403479 0.0369669674 0.9020630992 0.5032245478 
-84.4976814524 0.0368363995 0.9028727742 0.5028594763 
-84.5619031504 0.0367027682 0.9036982466 0.5026071423 
-84.5650228067 0.0366962879 0.9037383717 0.5025949648 
