-81.9712109157 0.0424646797 0.8655379520 0.5102420937 
-81.9712185987 0.0424646614 0.8655380733 0.5102286570 
-81.9712341347 0.0424646245 0.8655383189 0.5102015864 
-81.9712578673 0.0424645681 0.8655386951 0.5101605462 
-81.9712903184 0.0424644911 0.8655392111 0.5101051736 
-81.9713321946 0.0424643916 0.8655398797 0.5100352288 
-81.9713842146 0.0424642680 0.8655407136 0.5099322263 
-81.9714482714 0.0424641159 0.8655417469 0.5098570195 
-81.9715251419 0.0424639333 0.8655429935 0.5097889718 
-81.9716157101 0.0424637181 0.8655444693 0.5097269633 
-81.9717207967 0.0424634684 0.8655461887 0.5096701510 
-81.9718411696 0.0424631824 0.8655481657 0.5096179070 
-81.9719775517 0.0424628583 0.8655504130 0.5095697635 
-81.9721306268 0.0424624946 0.8655529429 0.5095253699 
-81.9723010436 0.0424620896 0.8655557669 0.5094844594 
-81.9724894196 0.0424616420 0.8655588959 0.5094468244 
-81.9726963436 0.0424611503 0.8655623404 0.5094122995 
-81.9729223782 0.0424606131 0.8655661104 0.5093807486 
-81.9731680615 0.0424600293 0.8655702154 0.5093520572 
-81.9734339088 0.0424593975 0.8655746645 0.5093261256 
-81.9737204143 0.0424587166 0.8655794663 0.5093028655 
-81.9740280524 0.0424579855 0.8655846293 0.5092821970 
-81.9743572788 0.0424572031 0.8655901613 0.5092640465 
-81.9747085318 0.0424563684 0.8655960701 0.5092483456 
-81.9750822332 0.0424554803 0.8656023631 0.5092350295 
-81.9754787898 0.0424545379 0.8656090473 0.5092240372 
-81.9758985939 0.0424535402 0.8656161295 0.5092153103 
-81.9763420246 0.0424524865 0.8656236163 0.5092087931 
-81.9768094485 0.0424513757 0.8656315140 0.5092044322 
-81.9773012205 0.0424502071 0.8656398287 0.5092021765 
-81.9778176852 0.0424489798 0.8656485664 0.5092019770 
-81.9783591770 0.0424476930 0.8656577327 0.5092037866 
-81.9789260214 0.0424463461 0.8656673332 0.5092075604 
-81.9795185353 0.0424449382 0.8656773732 0.5092132549 
-81.9801370283 0.0424434686 0.8656878581 0.5092208287 
-81.9807818030 0.0424419365 0.8656987928 0.5092302417 
-81.9814531558 0.0424403414 0.8657101824 0.5092414558 
-81.9821513774 0.0424386825 0.8657220317 0.5092544340 
-81.9828767538 0.0424369591 0.8657343454 0.5092691411 
-81.9836295667 0.0424351706 0.8657471283 0.5092855431 
-81.9844100939 0.0424333163 0.8657603849 0.5093036075 
-81.9852186103 0.0424313956 0.8657741198 0.5093233029 
-81.9860553883 0.0424294079 0.8657883374 0.5093445994 
-81.9869206980 0.0424273524 0.8658030420 0.5093674679 
-81.9878148083 0.0424252286 0.8658182382 0.5093918809 
-81.9887379873 0.0424230359 0.8658339302 0.5094178117 
-81.9896905022 0.0424207736 0.8658501222 0.5094452346 
-81.9906726208 0.0424184411 0.8658668187 0.5094741253 
-81.9916846111 0.0424160378 0.8658840240 0.5095044600 
-81.9927267423 0.0424135630 0.8659017422 0.5095362162 
-81.9937992850 0.0424110161 0.8659199778 0.5095693721 
-81.9949025119 0.0424083965 0.8659387350 0.5096039068 
-81.9960366978 0.0424057036 0.8659580182 0.5096398003 
-81.9972021207 0.0424029366 0.8659778318 0.5096770333 
-81.9983990616 0.0424000950 0.8659981803 0.5097155874 
-81.9996278053 0.0423971780 0.8660190680 0.5097554448 
-82.0008886408 0.0423941851 0.8660404995 0.5097965885 
-82.0021818614 0.0423911155 0.8660624794 0.5098390021 
-82.0035077656 0.0423879685 0.8660850124 0.5098826701 
-82.0048666571 0.0423847435 0.8661081032 0.5099275772 
-82.0062588454 0.0423814397 0.8661317567 0.5099737092 
-82.0076846461 0.0423780563 0.8661559777 0.5100210521 
-82.0091443814 0.0423745927 0.8661807712 0.5100695926 
-82.0106383804 0.0423710480 0.8662061423 0.5101193180 
-82.0121669796 0.0423674216 0.8662320964 0.5101702160 
-82.0137305233 0.0423637125 0.8662586386 0.5102222750 
-82.0153293637 0.0423599200 0.8662857745 0.5102754836 
-82.0169638618 0.0423560433 0.8663135096 0.5103298311 
-82.0186343874 0.0423520815 0.8663418497 0.5103853071 
-82.0203413196 0.0423480336 0.8663708006 0.5104419017 
-82.0220850473 0.0423438989 0.8664003683 0.5104996053 
-82.0238659695 0.0423396764 0.8664305590 0.5105584089 
-82.0256844957 0.0423353651 0.8664613791 0.5106183037 
-82.0275410463 0.0423309641 0.8664928349 0.5106792813 
-82.0294360531 0.0423264724 0.8665249332 0.5107413337 
-82.0313699598 0.0423218889 0.8665576807 0.5108044531 
-82.0333432220 0.0423172127 0.8665910847 0.5108686321 
-82.0353563083 0.0423124425 0.8666251521 0.5109338637 
-82.0374097000 0.0423075774 0.8666598906 0.5110001410 
-82.0395038920 0.0423026162 0.8666953077 0.5110674575 
-82.0416393932 0.0422975576 0.8667314113 0.5111358069 
-82.0438167269 0.0422924005 0.8667682094 0.5112051832 
-82.0460364310 0.0422871437 0.8668057104 0.5112755807 
-82.0482990591 0.0422817859 0.8668439227 0.5113469937 
-82.0506051803 0.0422763257 0.8668828552 0.5114194169 
-82.0529553800 0.0422707618 0.8669225168 0.5114928451 
-82.0553502605 0.0422650929 0.8669629170 0.5115672735 
-82.0577904413 0.0422593175 0.8670040651 0.5116426971 
-82.0602765597 0.0422534341 0.8670459711 0.5117191114 
-82.0628092713 0.0422474412 0.8670886450 0.5117965119 
-82.0653892507 0.0422413373 0.8671320973 0.5118748943 
-82.0680171917 0.0422351208 0.8671763387 0.5119542544 
-82.0706938081 0.0422287900 0.8672213801 0.5120345881 
-82.0734198345 0.0422223433 0.8672672329 0.5121158915 
-82.0761960264 0.0422157789 0.8673139087 0.5121981606 
-82.0790231611 0.0422090950 0.8673614194 0.5122813917 
-82.0819020383 0.0422022898 0.8674097775 0.5123655811 
-82.0848334808 0.0421953613 0.8674589956 0.5124507250 
-82.0878183350 0.0421883078 0.8675090867 0.5125368200 
-82.0908574716 0.0421811271 0.8675600643 0.5126238624 
-82.0939517864 0.0421738172 0.8676119420 0.5127118488 
-82.0971022008 0.0421663760 0.8676647341 0.5128007754 
-82.1003096629 0.0421588014 0.8677184553 0.5128906390 
-82.1035751477 0.0421510910 0.8677731204 0.5129814358 
-82.1068996586 0.0421432425 0.8678287449 0.5130731623 
-82.1102842273 0.0421352538 0.8678853446 0.5131658150 
-82.1137299155 0.0421271222 0.8679429360 0.5132593901 
-82.1172378150 0.0421188452 0.8680015356 0.5133538839 
-82.1208090491 0.0421104205 0.8680611609 0.5134492927 
-82.1244447730 0.0421018452 0.8681218294 0.5135456125 
-82.1281461753 0.0420931166 0.8681835595 0.5136428393 
-82.1319144783 0.0420842321 0.8682463699 0.5137409690 
-82.1357509394 0.0420751886 0.8683102798 0.5138399972 
-82.1396568521 0.0420659833 0.8683753090 0.5139399196 
-82.1436335465 0.0420566131 0.8684414779 0.5140407315 
-82.1476823912 0.0420470749 0.8685088075 0.5141424281 
-82.1518047935 0.0420373655 0.8685773191 0.5142450043 
-82.1560022011 0.0420274815 0.8686470350 0.5143484549 
-82.1602761032 0.0420174197 0.8687179779 0.5144527743 
-82.1646280314 0.0420071765 0.8687901711 0.5145579568 
-82.1690595611 0.0419967483 0.8688636386 0.5146639963 
-82.1735723129 0.0419861315 0.8689384052 0.5147708863 
-82.1781679536 0.0419753222 0.8690144961 0.5148786201 
-82.1828481977 0.0419643166 0.8690919374 0.5149871907 
-82.1876148088 0.0419531107 0.8691707560 0.5150965904 
-82.1924696011 0.0419417003 0.8692509793 0.5152068113 
-82.1974144406 0.0419300813 0.8693326356 0.5153178451 
-82.2024512469 0.0419182492 0.8694157539 0.5154296830 
-82.2075819945 0.0419061997 0.8695003643 0.5155423155 
-82.2128087148 0.0418939280 0.8695864973 0.5156557329 
-82.2181334973 0.0418814296 0.8696741845 0.5157699246 
-82.2235584917 0.0418686995 0.8697634583 0.5158848797 
-82.2290859094 0.0418557328 0.8698543520 0.5160005865 
-82.2347180256 0.0418425243 0.8699468998 0.5161170325 
-82.2404571808 0.0418290687 0.8700411369 0.5162342049 
-82.2463057834 0.0418153607 0.8701370994 0.5163520897 
-82.2522663109 0.0418013946 0.8702348244 0.5164706725 
-82.2583413127 0.0417871648 0.8703343501 0.5165899379 
-82.2645334118 0.0417726653 0.8704357156 0.5167098695 
-82.2708453072 0.0417578901 0.8705389613 0.5168304502 
-82.2772797763 0.0417428330 0.8706441283 0.5169516618 
-82.2838396768 0.0417274875 0.8707512594 0.5170734852 
-82.2905279500 0.0417118471 0.8708603980 0.5171959002 
-82.2973476225 0.0416959050 0.8709715892 0.5173188855 
-82.3043018091 0.0416796543 0.8710848788 0.5174424185 
-82.3113937158 0.0416630878 0.8712003144 0.5175664755 
-82.3186266422 0.0416461982 0.8713179445 0.5176910314 
-82.3260039845 0.0416289779 0.8714378191 0.5178160601 
-82.3335292387 0.0416114191 0.8715599895 0.5179415336 
-82.3412060033 0.0415935138 0.8716845085 0.5180674226 
-82.3490379830 0.0415752539 0.8718114302 0.5181936965 
-82.3570289915 0.0415566309 0.8719408103 0.5183203228 
-82.3651829551 0.0415376360 0.8720727060 0.5184472674 
-82.3735039166 0.0415182604 0.8722071759 0.5185744944 
-82.3819960383 0.0414984949 0.8723442805 0.5187019661 
-82.3906636062 0.0414783300 0.8724840816 0.5188296429 
-82.3995110340 0.0414577560 0.8726266429 0.5189574831 
-82.4085428669 0.0414367629 0.8727720299 0.5190854430 
-82.4177637856 0.0414153404 0.8729203096 0.5192134768 
-82.4271786113 0.0413934781 0.8730715510 0.5193415361 
-82.4367923096 0.0413711649 0.8732258251 0.5194695706 
-82.4466099954 0.0413483897 0.8733832045 0.5195975272 
-82.4566369375 0.0413251411 0.8735437640 0.5197253504 
-82.4668785640 0.0413014071 0.8737075804 0.5198529820 
-82.4773404668 0.0412771757 0.8738747325 0.5199803610 
-82.4880284075 0.0412524343 0.8740453012 0.5201074237 
-82.4989483228 0.0412271700 0.8742193698 0.5202341033 
-82.5101063300 0.0412013697 0.8743970235 0.5203603300 
-82.5215087331 0.0411750197 0.8745783501 0.5204860308 
-82.5331620287 0.0411481059 0.8747634396 0.5206111295 
-82.5450729128 0.0411206140 0.8749523844 0.5207355465 
-82.5572482867 0.0410925292 0.8751452795 0.5208591985 
-82.5696952647 0.0410638361 0.8753422222 0.5209819990 
-82.5824211800 0.0410345192 0.8755433127 0.5211038576 
-82.5954335931 0.0410045622 0.8757486535 0.5212246799 
-82.6087402987 0.0409739486 0.8759583502 0.5213443680 
-82.6223493336 0.0409426613 0.8761725109 0.5214628199 
-82.6362689849 0.0409106826 0.8763912467 0.5215799292 
-82.6505077984 0.0408779946 0.8766146715 0.5216955858 
-82.6650745874 0.0408445786 0.8768429023 0.5218096752 
-82.6799784413 0.0408104154 0.8770760591 0.5219220785 
-82.6952287354 0.0407754855 0.8773142650 0.5220326727 
-82.7108351400 0.0407397684 0.8775576464 0.5221413302 
-82.7268076310 0.0407032434 0.8778063329 0.5222479192 
-82.7431564997 0.0406658890 0.8780604573 0.5223523033 
-82.7598923641 0.0406276831 0.8783201559 0.5224543419 
-82.7770261791 0.0405886031 0.8785855686 0.5225538899 
-82.7945692490 0.0405486256 0.8788568387 0.5226507982 
-82.8125332385 0.0405077265 0.8791341130 0.5227449131 
-82.8309301856 0.0404658811 0.8794175422 0.5228360772 
-82.8497725140 0.0404230640 0.8797072805 0.5229241291 
-82.8690730464 0.0403792491 0.8800034861 0.5230089036 
-82.8888450179 0.0403344094 0.8803063210 0.5230902321 
-82.9091020904 0.0402885172 0.8806159511 0.5231679429 
-82.9298583670 0.0402415440 0.8809325463 0.5232418613 
-82.9511284070 0.0401934606 0.8812562805 0.5233118103 
-82.9729272416 0.0401442368 0.8815873317 0.5233776105 
-82.9952703899 0.0400938416 0.8819258822 0.5234390813 
-83.0181738757 0.0400422432 0.8822721183 0.5234960408 
-83.0416542443 0.0399894088 0.8826262306 0.5235483065 
-83.0657285810 0.0399353047 0.8829884140 0.5235956962 
-83.0904145286 0.0398798963 0.8833588677 0.5236380282 
-83.1157303071 0.0398231479 0.8837377951 0.5236751225 
-83.1416947327 0.0397650229 0.8841254041 0.5237068009 
-83.1683272385 0.0397054837 0.8845219068 0.5237328882 
-83.1956478951 0.0396444917 0.8849275199 0.5237532127 
-83.2236774325 0.0395820070 0.8853424643 0.5237676068 
-83.2524372618 0.0395179889 0.8857669651 0.5237759078 
-83.2819494990 0.0394523954 0.8862012519 0.5237779586 
-83.3122369883 0.0393851834 0.8866455585 0.5237736078 
-83.3433233268 0.0393163087 0.8871001230 0.5237627104 
-83.3752328900 0.0392457257 0.8875651874 0.5237451277 
-83.4079908581 0.0391733880 0.8880409982 0.5237207275 
-83.4416232431 0.0390992475 0.8885278054 0.5236893832 
-83.4761569173 0.0390232552 0.8890258633 0.5236509736 
-83.5116196422 0.0389453605 0.8895354297 0.5236053810 
-83.5480400990 0.0388655118 0.8900567662 0.5235524897 
-83.5854479202 0.0387836560 0.8905901377 0.5234921828 
-83.6238737223 0.0386997386 0.8911358125 0.5234243382 
-83.6633491397 0.0386137039 0.8916940618 0.5233488237 
-83.7039068608 0.0385254946 0.8922651601 0.5232654896 
-83.7455806651 0.0384350521 0.8928493840 0.5231741595 
-83.7884054621 0.0383423163 0.8934470128 0.5230746182 
-83.8324173330 0.0382472257 0.8940583281 0.5229665960 
-83.8776535734 0.0381497173 0.8946836128 0.5228497482 
-83.9241527401 0.0380497264 0.8953231518 0.5227236285 
-83.9719546994 0.0379471869 0.8959772310 0.5225876555 
-84.0211006801 0.0378420311 0.8966461373 0.5224410689 
-84.0716333294 0.0377341898 0.8973301578 0.5222828738 
-84.1235967742 0.0376235918 0.8980295801 0.5221117707 
-84.1770366878 0.0375101646 0.8987446915 0.5219260662 
-84.2320003627 0.0373938337 0.8994757788 0.5217235648 
-84.2885367920 0.0372745229 0.9002231280 0.5215014369 
-84.3466967593 0.0371521541 0.9009870240 0.5212560720 
-84.4065329409 0.0370266472 0.9017677504 0.5209829310 
-84.4681000197 0.0368979201 0.9025655893 0.5206764469 
-84.5314548157 0.0367658884 0.9033808213 0.5203300746 
-84.5966564301 0.0366304655 0.9042137254 0.5199366311 
-84.6637664041 0.0364915623 0.9050645788 0.5194891730 
-84.7328490357 0.0363490867 0.9059336594 0.5190006631 
-84.8039720262 0.0362029424 0.9068212511 0.5185891788 
-84.8772040872 0.0360530344 0.9077276103 0.5183411770 
-84.9526134925 0.0358992715 0.9086529452 0.5182358983 
-84.9555109764 0.0358933752 0.9086885111 0.5182270373 
