-81.9363846613 0.0425475597 0.8649406923 0.5091882494 
-81.9363839965 0.0425475613 0.8649406678 0.5091744774 
-81.9363828356 0.0425475641 0.8649406217 0.5091467359 
-81.9363815190 0.0425475673 0.8649405602 0.5091046889 
-81.9363805641 0.0425475697 0.8649404925 0.5090479733 
-81.9363806716 0.0425475696 0.8649404314 0.5089763488 
-81.9363825532 0.0425475652 0.8649403896 0.5088713180 
-81.9363880895 0.0425475522 0.8649404010 0.5087937721 
-81.9363980487 0.0425475287 0.8649404794 0.5087230613 
-81.9364133044 0.0425474926 0.8649406405 0.5086580644 
-81.9364346662 0.0425474419 0.8649408987 0.5085979376 
-81.9364628905 0.0425473749 0.8649412678 0.5085420515 
-81.9364986878 0.0425472899 0.8649417603 0.5084899377 
-81.9365427284 0.0425471853 0.8649423884 0.5084412442 
-81.9365956473 0.0425470595 0.8649431633 0.5083957032 
-81.9366580470 0.0425469112 0.8649440958 0.5083531059 
-81.9367305009 0.0425467389 0.8649451961 0.5083132857 
-81.9368135550 0.0425465414 0.8649464740 0.5082761053 
-81.9369077302 0.0425463174 0.8649479386 0.5082414485 
-81.9370135239 0.0425460658 0.8649495989 0.5082092144 
-81.9371314115 0.0425457853 0.8649514632 0.5081793131 
-81.9372618475 0.0425454750 0.8649535396 0.5081516630 
-81.9374052672 0.0425451338 0.8649558358 0.5081261888 
-81.9375620877 0.0425447606 0.8649583591 0.5081028203 
-81.9377327088 0.0425443546 0.8649611165 0.5080814908 
-81.9379175142 0.0425439149 0.8649641148 0.5080621374 
-81.9381168728 0.0425434405 0.8649673604 0.5080446994 
-81.9383311389 0.0425429306 0.8649708595 0.5080291192 
-81.9385606542 0.0425423844 0.8649746180 0.5080153410 
-81.9388057475 0.0425418011 0.8649786417 0.5080033114 
-81.9390667366 0.0425411799 0.8649829360 0.5079929791 
-81.9393439284 0.0425405202 0.8649875062 0.5079842944 
-81.9396376201 0.0425398212 0.8649923574 0.5079772098 
-81.9399480998 0.0425390823 0.8649974947 0.5079716791 
-81.9402756473 0.0425383027 0.8650029226 0.5079676581 
-81.9406205349 0.0425374819 0.8650086459 0.5079651040 
-81.9409830278 0.0425366191 0.8650146691 0.5079639755 
-81.9413633851 0.0425357138 0.8650209965 0.5079642329 
-81.9417618605 0.0425347655 0.8650276323 0.5079658376 
-81.9421787024 0.0425337734 0.8650345809 0.5079687526 
-81.9426141551 0.0425327370 0.8650418461 0.5079729420 
-81.9430684593 0.0425316558 0.8650494320 0.5079783711 
-81.9435418524 0.0425305291 0.8650573426 0.5079850063 
-81.9440345693 0.0425293565 0.8650655818 0.5079928153 
-81.9445468428 0.0425281374 0.8650741532 0.5080017667 
-81.9450789044 0.0425268711 0.8650830608 0.5080118301 
-81.9456309846 0.0425255573 0.8650923083 0.5080229762 
-81.9462033135 0.0425241953 0.8651018994 0.5080351765 
-81.9467961213 0.0425227846 0.8651118378 0.5080484034 
-81.9474096386 0.0425213247 0.8651221273 0.5080626302 
-81.9480440974 0.0425198150 0.8651327716 0.5080778310 
-81.9486997311 0.0425182549 0.8651437745 0.5080939807 
-81.9493767752 0.0425166440 0.8651551397 0.5081110550 
-81.9500754675 0.0425149815 0.8651668711 0.5081290300 
-81.9507960490 0.0425132671 0.8651789724 0.5081478829 
-81.9515387641 0.0425115000 0.8651914476 0.5081675913 
-81.9523038608 0.0425096798 0.8652043006 0.5081881336 
-81.9530915918 0.0425078058 0.8652175354 0.5082094885 
-81.9539022141 0.0425058774 0.8652311562 0.5082316357 
-81.9547359904 0.0425038940 0.8652451669 0.5082545550 
-81.9555931886 0.0425018549 0.8652595720 0.5082782270 
-81.9564740827 0.0424997596 0.8652743757 0.5083026328 
-81.9573789536 0.0424976074 0.8652895824 0.5083277539 
-81.9583080885 0.0424953975 0.8653051968 0.5083535723 
-81.9592617825 0.0424931294 0.8653212234 0.5083800703 
-81.9602403381 0.0424908022 0.8653376670 0.5084072309 
-81.9612440663 0.0424884153 0.8653545326 0.5084350371 
-81.9622732864 0.0424859679 0.8653718252 0.5084634727 
-81.9633283272 0.0424834592 0.8653895499 0.5084925216 
-81.9644095268 0.0424808884 0.8654077121 0.5085221680 
-81.9655172331 0.0424782548 0.8654263174 0.5085523967 
-81.9666518047 0.0424755575 0.8654453713 0.5085831927 
-81.9678136108 0.0424727956 0.8654648797 0.5086145410 
-81.9690030322 0.0424699682 0.8654848486 0.5086464274 
-81.9702204611 0.0424670744 0.8655052843 0.5086788376 
-81.9714663022 0.0424641133 0.8655261930 0.5087117576 
-81.9727409727 0.0424610838 0.8655475815 0.5087451737 
-81.9740449030 0.0424579851 0.8655694566 0.5087790726 
-81.9753785372 0.0424548159 0.8655918252 0.5088134408 
-81.9767423335 0.0424515753 0.8656146946 0.5088482655 
-81.9781367647 0.0424482621 0.8656380724 0.5088835337 
-81.9795623186 0.0424448753 0.8656619662 0.5089192328 
-81.9810194988 0.0424414136 0.8656863841 0.5089553502 
-81.9825088249 0.0424378757 0.8657113343 0.5089918737 
-81.9840308333 0.0424342606 0.8657368254 0.5090287910 
-81.9855860774 0.0424305667 0.8657628661 0.5090660901 
-81.9871751287 0.0424267929 0.8657894655 0.5091037591 
-81.9887985767 0.0424229378 0.8658166330 0.5091417862 
-81.9904570299 0.0424189998 0.8658443782 0.5091801598 
-81.9921511162 0.0424149776 0.8658727113 0.5092188681 
-81.9938814837 0.0424108696 0.8659016424 0.5092578998 
-81.9956488011 0.0424066743 0.8659311823 0.5092972435 
-81.9974537583 0.0424023901 0.8659613420 0.5093368878 
-81.9992970673 0.0423980152 0.8659921327 0.5093768215 
-82.0011794625 0.0423935480 0.8660235663 0.5094170335 
-82.0031017017 0.0423889867 0.8660556547 0.5094575125 
-82.0050645665 0.0423843295 0.8660884105 0.5094982475 
-82.0070688632 0.0423795744 0.8661218465 0.5095392274 
-82.0091154233 0.0423747196 0.8661559760 0.5095804413 
-82.0112051045 0.0423697631 0.8661908127 0.5096218780 
-82.0133387912 0.0423647027 0.8662263707 0.5096635268 
-82.0155173955 0.0423595364 0.8662626646 0.5097053765 
-82.0177418578 0.0423542620 0.8662997093 0.5097474162 
-82.0200131475 0.0423488771 0.8663375204 0.5097896349 
-82.0223322643 0.0423433796 0.8663761138 0.5098320217 
-82.0247002385 0.0423377669 0.8664155060 0.5098745655 
-82.0271181323 0.0423320365 0.8664557139 0.5099172552 
-82.0295870403 0.0423261861 0.8664967551 0.5099600799 
-82.0321080907 0.0423202128 0.8665386474 0.5100030283 
-82.0346824463 0.0423141141 0.8665814095 0.5100460894 
-82.0373113051 0.0423078871 0.8666250605 0.5100892518 
-82.0399959017 0.0423015289 0.8666696201 0.5101325043 
-82.0427375080 0.0422950367 0.8667151086 0.5101758356 
-82.0455374345 0.0422884072 0.8667615468 0.5102192341 
-82.0483970311 0.0422816375 0.8668089564 0.5102626883 
-82.0513176884 0.0422747243 0.8668573594 0.5103061867 
-82.0543008390 0.0422676643 0.8669067786 0.5103497175 
-82.0573479581 0.0422604540 0.8669572377 0.5103932688 
-82.0604605653 0.0422530899 0.8670087607 0.5104368287 
-82.0636402255 0.0422455684 0.8670613726 0.5104803852 
-82.0668885501 0.0422378857 0.8671150990 0.5105239259 
-82.0702071986 0.0422300381 0.8671699663 0.5105674385 
-82.0735978798 0.0422220215 0.8672260016 0.5106109105 
-82.0770623530 0.0422138319 0.8672832328 0.5106543293 
-82.0806024295 0.0422054651 0.8673416887 0.5106976819 
-82.0842199742 0.0421969168 0.8674013989 0.5107409554 
-82.0879169071 0.0421881826 0.8674623938 0.5107841364 
-82.0916952044 0.0421792579 0.8675247047 0.5108272117 
-82.0955569007 0.0421701379 0.8675883637 0.5108701676 
-82.0995040900 0.0421608180 0.8676534041 0.5109129903 
-82.1035389280 0.0421512930 0.8677198597 0.5109556656 
-82.1076636332 0.0421415580 0.8677877656 0.5109981792 
-82.1118804892 0.0421316076 0.8678571579 0.5110405166 
-82.1161918460 0.0421214364 0.8679280735 0.5110826630 
-82.1206001223 0.0421110390 0.8680005505 0.5111246033 
-82.1251078073 0.0421004095 0.8680746280 0.5111663221 
-82.1297174624 0.0420895422 0.8681503463 0.5112078036 
-82.1344317237 0.0420784308 0.8682277465 0.5112490319 
-82.1392533036 0.0420670694 0.8683068713 0.5112899907 
-82.1441849934 0.0420554514 0.8683877643 0.5113306634 
-82.1492296652 0.0420435703 0.8684704704 0.5113710329 
-82.1543902744 0.0420314193 0.8685550355 0.5114110818 
-82.1596698618 0.0420189915 0.8686415072 0.5114507924 
-82.1650715563 0.0420062799 0.8687299340 0.5114901467 
-82.1705985771 0.0419932769 0.8688203660 0.5115291259 
-82.1762542365 0.0419799751 0.8689128544 0.5115677112 
-82.1820419424 0.0419663668 0.8690074521 0.5116058832 
-82.1879652011 0.0419524439 0.8691042132 0.5116436220 
-82.1940276201 0.0419381984 0.8692031934 0.5116809073 
-82.2002329108 0.0419236217 0.8693044497 0.5117177182 
-82.2065848917 0.0419087053 0.8694080409 0.5117540335 
-82.2130874914 0.0418934402 0.8695140271 0.5117898312 
-82.2197447516 0.0418778173 0.8696224703 0.5118250891 
-82.2265608306 0.0418618273 0.8697334339 0.5118597843 
-82.2335400063 0.0418454605 0.8698469830 0.5118938931 
-82.2406866800 0.0418287069 0.8699631847 0.5119273914 
-82.2480053798 0.0418115565 0.8700821075 0.5119602547 
-82.2555007641 0.0417939987 0.8702038220 0.5119924575 
-82.2631776257 0.0417760229 0.8703284003 0.5120239739 
-82.2710408955 0.0417576179 0.8704559169 0.5120547771 
-82.2790956462 0.0417387724 0.8705864477 0.5120848398 
-82.2873470972 0.0417194749 0.8707200709 0.5121141341 
-82.2958006181 0.0416997132 0.8708568666 0.5121426310 
-82.3044617335 0.0416794752 0.8709969170 0.5121703010 
-82.3133361274 0.0416587481 0.8711403065 0.5121971138 
-82.3224296478 0.0416375191 0.8712871214 0.5122230383 
-82.3317483116 0.0416157748 0.8714374505 0.5122480427 
-82.3412983098 0.0415935016 0.8715913847 0.5122720940 
-82.3510860122 0.0415706853 0.8717490172 0.5122951588 
-82.3611179728 0.0415473115 0.8719104436 0.5123172025 
-82.3714009355 0.0415233654 0.8720757618 0.5123381898 
-82.3819418396 0.0414988318 0.8722450722 0.5123580844 
-82.3927478253 0.0414736951 0.8724184778 0.5123768489 
-82.4038262401 0.0414479392 0.8725960839 0.5123944453 
-82.4151846451 0.0414215476 0.8727779988 0.5124108342 
-82.4268308207 0.0413945034 0.8729643329 0.5124259756 
-82.4387727739 0.0413667891 0.8731551998 0.5124398282 
-82.4510187448 0.0413383871 0.8733507157 0.5124523496 
-82.4635772138 0.0413092789 0.8735509994 0.5124634967 
-82.4764569084 0.0412794457 0.8737561727 0.5124732248 
-82.4896668113 0.0412488682 0.8739663605 0.5124814885 
-82.5032161679 0.0412175266 0.8741816903 0.5124882410 
-82.5171144942 0.0411854005 0.8744022929 0.5124934345 
-82.5313715852 0.0411524691 0.8746283019 0.5124970199 
-82.5459975235 0.0411187108 0.8748598544 0.5124989468 
-82.5610026880 0.0410841038 0.8750970902 0.5124991639 
-82.5763977630 0.0410486253 0.8753401527 0.5124976182 
-82.5921937479 0.0410122521 0.8755891882 0.5124942556 
-82.6084019668 0.0409749606 0.8758443467 0.5124890206 
-82.6250340787 0.0409367262 0.8761057812 0.5124818565 
-82.6421020876 0.0408975239 0.8763736483 0.5124727049 
-82.6596183540 0.0408573279 0.8766481080 0.5124615062 
-82.6775956052 0.0408161119 0.8769293239 0.5124481989 
-82.6960469478 0.0407738488 0.8772174628 0.5124327204 
-82.7149858791 0.0407305107 0.8775126954 0.5124150061 
-82.7344262995 0.0406860692 0.8778151958 0.5123949898 
-82.7543825259 0.0406404949 0.8781251419 0.5123726035 
-82.7748693041 0.0405937580 0.8784427151 0.5123477771 
-82.7959018237 0.0405458275 0.8787681006 0.5123204387 
-82.8174957315 0.0404966720 0.8791014873 0.5122905141 
-82.8396671467 0.0404462589 0.8794430678 0.5122579265 
-82.8624326762 0.0403945552 0.8797930385 0.5122225967 
-82.8858094308 0.0403415266 0.8801515995 0.5121844428 
-82.9098150410 0.0402871383 0.8805189548 0.5121433794 
-82.9344676752 0.0402313545 0.8808953120 0.5120993177 
-82.9597860566 0.0401741383 0.8812808827 0.5120521651 
-82.9857894822 0.0401154521 0.8816758822 0.5120018243 
-83.0124978419 0.0400552573 0.8820805293 0.5119481930 
-83.0399316384 0.0399935142 0.8824950469 0.5118911627 
-83.0681120082 0.0399301823 0.8829196614 0.5118306184 
-83.0970607430 0.0398652200 0.8833546029 0.5117664368 
-83.1268003123 0.0397985845 0.8838001052 0.5116984854 
-83.1573538868 0.0397302322 0.8842564055 0.5116266204 
-83.1887453630 0.0396601182 0.8847237446 0.5115506849 
-83.2209993886 0.0395881967 0.8852023669 0.5114705059 
-83.2541413892 0.0395144206 0.8856925199 0.5113858918 
-83.2881975960 0.0394387417 0.8861944545 0.5112966278 
-83.3231950752 0.0393611106 0.8867084246 0.5112024715 
-83.3591617584 0.0392814766 0.8872346875 0.5111031465 
-83.3961264746 0.0391997880 0.8877735030 0.5109983354 
-83.4341189842 0.0391159917 0.8883251339 0.5108876700 
-83.4731700142 0.0390300332 0.8888898457 0.5107707199 
-83.5133112957 0.0389418568 0.8894679061 0.5106469777 
-83.5545756040 0.0388514055 0.8900595855 0.5105158409 
-83.5969968002 0.0387586208 0.8906651560 0.5103765887 
-83.6406098765 0.0386634429 0.8912848919 0.5102283529 
-83.6854510041 0.0385658103 0.8919190693 0.5100700813 
-83.7315575846 0.0384656602 0.8925679656 0.5099004919 
-83.7789683059 0.0383629283 0.8932318596 0.5097180147 
-83.8277232027 0.0382575486 0.8939110315 0.5095207186 
-83.8778637222 0.0381494534 0.8946057622 0.5093062206 
-83.9294327967 0.0380385734 0.8953163336 0.5090715733 
-83.9824749244 0.0379248374 0.8960430282 0.5088131287 
-84.0370362582 0.0378081724 0.8967861290 0.5085263815 
-84.0931647066 0.0376885034 0.8975459197 0.5082058040 
-84.1509100469 0.0375657533 0.8983226847 0.5078447137 
-84.2103240530 0.0374398427 0.8991167091 0.5074352641 
-84.2714606396 0.0373106899 0.8999282787 0.5069687039 
-84.3343760198 0.0371782105 0.9007576808 0.5064360859 
-84.3991289643 0.0370423171 0.9016052055 0.5058413193 
-84.4657815041 0.0369029182 0.9024711525 0.5052868403 
-84.5343971630 0.0367599218 0.9033558053 0.5048803045 
-84.6050389974 0.0366132398 0.9042594023 0.5046147333 
-84.6078664400 0.0366073798 0.9042955971 0.5046037442 
