-81.8213636451 0.0428223529 0.8629414311 0.5055235780 
-81.8213006570 0.0428225038 0.8629403029 0.5055087012 
-81.8211750266 0.0428228050 0.8629380527 0.5054770936 
-81.8209875041 0.0428232545 0.8629346943 0.5054252266 
-81.8207393559 0.0428238493 0.8629302505 0.5053483532 
-81.8204325176 0.0428245848 0.8629247568 0.5052413679 
-81.8200695854 0.0428254548 0.8629182603 0.5050811742 
-81.8196557752 0.0428264467 0.8629108561 0.5049609977 
-81.8191938955 0.0428275539 0.8629025955 0.5048545465 
-81.8186864793 0.0428287703 0.8628935245 0.5047578725 
-81.8181357123 0.0428300906 0.8628836828 0.5046685630 
-81.8175435029 0.0428315103 0.8628731051 0.5045851055 
-81.8169115271 0.0428330254 0.8628618219 0.5045065089 
-81.8162412594 0.0428346323 0.8628498598 0.5044320860 
-81.8155339938 0.0428363279 0.8628372425 0.5043613298 
-81.8147908608 0.0428381097 0.8628239902 0.5042938420 
-81.8140128406 0.0428399751 0.8628101207 0.5042292921 
-81.8132007740 0.0428419222 0.8627956493 0.5041673938 
-81.8123553723 0.0428439493 0.8627805886 0.5041078907 
-81.8114772261 0.0428460550 0.8627649494 0.5040505478 
-81.8105668131 0.0428482382 0.8627487402 0.5039951465 
-81.8096245050 0.0428504980 0.8627319677 0.5039414815 
-81.8086505751 0.0428528336 0.8627146366 0.5038893594 
-81.8076452035 0.0428552449 0.8626967500 0.5038385967 
-81.8066084836 0.0428577314 0.8626783096 0.5037890196 
-81.8055404274 0.0428602932 0.8626593154 0.5037404626 
-81.8044409703 0.0428629304 0.8626397661 0.5036927682 
-81.8033099759 0.0428656435 0.8626196590 0.5036457859 
-81.8021472404 0.0428684328 0.8625989902 0.5035993721 
-81.8009524966 0.0428712991 0.8625777547 0.5035533890 
-81.7997254178 0.0428742432 0.8625559464 0.5035077050 
-81.7984656215 0.0428772659 0.8625335581 0.5034621932 
-81.7971726723 0.0428803684 0.8625105818 0.5034167321 
-81.7958460852 0.0428835518 0.8624870083 0.5033712045 
-81.7944853288 0.0428868174 0.8624628278 0.5033254975 
-81.7930898275 0.0428901666 0.8624380297 0.5032795020 
-81.7916589644 0.0428936009 0.8624126024 0.5032331129 
-81.7901920833 0.0428971220 0.8623865338 0.5031862281 
-81.7886884914 0.0429007314 0.8623598110 0.5031387489 
-81.7871474610 0.0429044310 0.8623324205 0.5030905794 
-81.7855682314 0.0429082226 0.8623043481 0.5030416264 
-81.7839500109 0.0429121081 0.8622755792 0.5029917995 
-81.7822919784 0.0429160896 0.8622460985 0.5029410102 
-81.7805932851 0.0429201691 0.8622158902 0.5028891726 
-81.7788530556 0.0429243486 0.8621849380 0.5028362027 
-81.7770703897 0.0429286305 0.8621532252 0.5027820182 
-81.7752443635 0.0429330170 0.8621207345 0.5027265389 
-81.7733740306 0.0429375103 0.8620874483 0.5026696858 
-81.7714584233 0.0429421128 0.8620533485 0.5026113817 
-81.7694965535 0.0429468270 0.8620184167 0.5025515508 
-81.7674874138 0.0429516552 0.8619826340 0.5024901185 
-81.7654299786 0.0429566000 0.8619459812 0.5024270113 
-81.7633232047 0.0429616639 0.8619084387 0.5023621569 
-81.7611660321 0.0429668496 0.8618699867 0.5022954842 
-81.7589573851 0.0429721596 0.8618306049 0.5022269227 
-81.7566961724 0.0429775966 0.8617902727 0.5021564029 
-81.7543812887 0.0429831634 0.8617489694 0.5020838563 
-81.7520116142 0.0429888626 0.8617066737 0.5020092147 
-81.7495860162 0.0429946970 0.8616633643 0.5019324110 
-81.7471033492 0.0430006694 0.8616190194 0.5018533783 
-81.7445624553 0.0430067828 0.8615736170 0.5017720506 
-81.7419621649 0.0430130398 0.8615271350 0.5016883621 
-81.7393012973 0.0430194436 0.8614795507 0.5016022475 
-81.7365786609 0.0430259969 0.8614308414 0.5015136420 
-81.7337930538 0.0430327027 0.8613809842 0.5014224810 
-81.7309432639 0.0430395641 0.8613299557 0.5013287002 
-81.7280280698 0.0430465839 0.8612777326 0.5012322355 
-81.7250462408 0.0430537654 0.8612242909 0.5011330231 
-81.7219965373 0.0430611115 0.8611696068 0.5010309991 
-81.7188777114 0.0430686253 0.8611136562 0.5009260999 
-81.7156885068 0.0430763099 0.8610564146 0.5008182618 
-81.7124276597 0.0430841685 0.8609978573 0.5007074212 
-81.7090938987 0.0430922041 0.8609379595 0.5005935143 
-81.7056859453 0.0431004201 0.8608766963 0.5004764774 
-81.7022025141 0.0431088195 0.8608140422 0.5003562463 
-81.6986423134 0.0431174056 0.8607499718 0.5002327570 
-81.6950040454 0.0431261817 0.8606844595 0.5001059449 
-81.6912864066 0.0431351509 0.8606174793 0.4999757452 
-81.6874880878 0.0431443166 0.8605490052 0.4998420928 
-81.6836077750 0.0431536820 0.8604790108 0.4997049222 
-81.6796441497 0.0431632505 0.8604074697 0.4995641672 
-81.6755958888 0.0431730253 0.8603343552 0.4994197612 
-81.6714616656 0.0431830098 0.8602596405 0.4992716371 
-81.6672401501 0.0431932074 0.8601832985 0.4991197268 
-81.6629300091 0.0432036214 0.8601053020 0.4989639619 
-81.6585299071 0.0432142551 0.8600256235 0.4988042727 
-81.6540385069 0.0432251120 0.8599442357 0.4986405891 
-81.6494544697 0.0432361955 0.8598611106 0.4984728397 
-81.6447764561 0.0432475089 0.8597762204 0.4983009521 
-81.6400031264 0.0432590557 0.8596895372 0.4981248528 
-81.6351331418 0.0432708393 0.8596010326 0.4979444672 
-81.6301651644 0.0432828630 0.8595106786 0.4977597193 
-81.6250978588 0.0432951304 0.8594184465 0.4975705317 
-81.6199298921 0.0433076448 0.8593243079 0.4973768254 
-81.6146599354 0.0433204097 0.8592282341 0.4971785199 
-81.6092866646 0.0433334284 0.8591301964 0.4969755329 
-81.6038087614 0.0433467044 0.8590301660 0.4967677805 
-81.5982249141 0.0433602410 0.8589281141 0.4965551764 
-81.5925338193 0.0433740417 0.8588240117 0.4963376327 
-81.5867341831 0.0433881099 0.8587178300 0.4961150589 
-81.5808247217 0.0434024488 0.8586095400 0.4958873624 
-81.5748041640 0.0434170619 0.8584991127 0.4956544480 
-81.5686712523 0.0434319523 0.8583865193 0.4954162178 
-81.5624247440 0.0434471235 0.8582717311 0.4951725713 
-81.5560634139 0.0434625787 0.8581547193 0.4949234048 
-81.5495860556 0.0434783210 0.8580354553 0.4946686116 
-81.5429914836 0.0434943536 0.8579139106 0.4944080817 
-81.5362785356 0.0435106797 0.8577900571 0.4941417016 
-81.5294460746 0.0435273023 0.8576638668 0.4938693539 
-81.5224929915 0.0435442245 0.8575353118 0.4935909176 
-81.5154182073 0.0435614492 0.8574043648 0.4933062674 
-81.5082206764 0.0435789793 0.8572709987 0.4930152739 
-81.5008993893 0.0435968175 0.8571351868 0.4927178028 
-81.4934533754 0.0436149666 0.8569969029 0.4924137153 
-81.4858817068 0.0436334292 0.8568561214 0.4921028674 
-81.4781835015 0.0436522079 0.8567128171 0.4917851100 
-81.4703579271 0.0436713049 0.8565669656 0.4914602882 
-81.4624042049 0.0436907227 0.8564185432 0.4911282413 
-81.4543216138 0.0437104634 0.8562675270 0.4907888025 
-81.4461094951 0.0437305289 0.8561138948 0.4904417987 
-81.4377672567 0.0437509212 0.8559576257 0.4900870498 
-81.4292943783 0.0437716420 0.8557986996 0.4897243688 
-81.4206904167 0.0437926926 0.8556370975 0.4893535611 
-81.4119550110 0.0438140746 0.8554728020 0.4889744246 
-81.4030878886 0.0438357889 0.8553057966 0.4885867489 
-81.3940888712 0.0438578365 0.8551360668 0.4881903149 
-81.3849578813 0.0438802180 0.8549635991 0.4877848951 
-81.3756949490 0.0439029338 0.8547883824 0.4873702522 
-81.3663002190 0.0439259840 0.8546104070 0.4869461395 
-81.3567739583 0.0439493686 0.8544296653 0.4865122999 
-81.3471165640 0.0439730868 0.8542461522 0.4860684661 
-81.3373285714 0.0439971381 0.8540598646 0.4856143593 
-81.3274106631 0.0440215211 0.8538708020 0.4851496894 
-81.3173636777 0.0440462344 0.8536789668 0.4846741544 
-81.3071886196 0.0440712758 0.8534843641 0.4841874396 
-81.2968866690 0.0440966432 0.8532870021 0.4836892175 
-81.2864591923 0.0441223335 0.8530868926 0.4831791469 
-81.2759077532 0.0441483436 0.8528840507 0.4826568726 
-81.2652341241 0.0441746694 0.8526784953 0.4821220249 
-81.2544402979 0.0442013066 0.8524702495 0.4815742189 
-81.2435285010 0.0442282502 0.8522593406 0.4810130539 
-81.2325012060 0.0442554947 0.8520458005 0.4804381131 
-81.2213611451 0.0442830337 0.8518296662 0.4798489628 
-81.2101113249 0.0443108604 0.8516109795 0.4792451517 
-81.1987550406 0.0443389670 0.8513897880 0.4786262109 
-81.1872958917 0.0443673452 0.8511661451 0.4779916526 
-81.1757377976 0.0443959856 0.8509401104 0.4773409700 
-81.1640850146 0.0444248783 0.8507117499 0.4766736367 
-81.1523421525 0.0444540122 0.8504811366 0.4759891058 
-81.1405141930 0.0444833753 0.8502483511 0.4752868099 
-81.1286065078 0.0445129548 0.8500134814 0.4745661601 
-81.1166248773 0.0445427367 0.8497766238 0.4738265458 
-81.1045755112 0.0445727058 0.8495378832 0.4730673340 
-81.0924650678 0.0446028460 0.8492973737 0.4722878693 
-81.0803006756 0.0446331398 0.8490552187 0.4714874728 
-81.0680899547 0.0446635684 0.8488115519 0.4706654425 
-81.0558410385 0.0446941120 0.8485665174 0.4698210525 
-81.0435625973 0.0447247490 0.8483202704 0.4689535531 
-81.0312638609 0.0447554565 0.8480729777 0.4680621704 
-81.0189546428 0.0447862103 0.8478248182 0.4671461064 
-81.0066453647 0.0448169842 0.8475759839 0.4662045388 
-80.9943470811 0.0448477507 0.8473266795 0.4652366217 
-80.9820715053 0.0448784805 0.8470771241 0.4642414850 
-80.9698310345 0.0449091424 0.8468275511 0.4632182356 
-80.9576387768 0.0449397034 0.8465782091 0.4621659575 
-80.9455085774 0.0449701287 0.8463293623 0.4610837123 
-80.9334550455 0.0450003812 0.8460812915 0.4599705405 
-80.9214935819 0.0450304221 0.8458342941 0.4588254625 
-80.9096404055 0.0450602102 0.8455886856 0.4576474793 
-80.8979125818 0.0450897020 0.8453447995 0.4564355747 
-80.8863280495 0.0451188520 0.8451029883 0.4551887162 
-80.8749056488 0.0451476122 0.8448636239 0.4539058577 
-80.8636651481 0.0451759320 0.8446270985 0.4525859411 
-80.8526272713 0.0452037585 0.8443938250 0.4512278991 
-80.8418137250 0.0452310362 0.8441642376 0.4498306576 
-80.8312472248 0.0452577067 0.8439387926 0.4483931392 
-80.8209515213 0.0452837093 0.8437179686 0.4469142659 
-80.8109514252 0.0453089801 0.8435022674 0.4453929632 
-80.8012728328 0.0453334528 0.8432922141 0.4438281639 
-80.7919427493 0.0453570577 0.8430883580 0.4422188122 
-80.7829893122 0.0453797227 0.8428912727 0.4405638681 
-80.7744418132 0.0454013721 0.8427015566 0.4388623125 
-80.7663307197 0.0454219277 0.8425198333 0.4371131519 
-80.7586876941 0.0454413080 0.8423467516 0.4353154241 
-80.7515456131 0.0454594282 0.8421829861 0.4334682029 
-80.7449385848 0.0454762006 0.8420292373 0.4315706045 
-80.7389019647 0.0454915343 0.8418862312 0.4296217931 
-80.7334723710 0.0455053351 0.8417547201 0.4276209861 
-80.7286876974 0.0455175057 0.8416354818 0.4255674611 
-80.7245871255 0.0455279455 0.8415293201 0.4234605609 
-80.7212111351 0.0455365507 0.8414370640 0.4212996994 
-80.7186015144 0.0455432144 0.8413595679 0.4190843677 
-80.7168013672 0.0455478266 0.8412977109 0.4168141389 
-80.7158551209 0.0455502738 0.8412523965 0.4144886739 
-80.7158085324 0.0455504397 0.8412245517 0.4121077258 
-80.7167086936 0.0455482049 0.8412151267 0.4096711445 
-80.7186040363 0.0455434468 0.8412250941 0.4071788810 
-80.7215443367 0.0455360399 0.8412554478 0.4046309905 
-80.7255807205 0.0455258558 0.8413072023 0.4020276361 
-80.7307656673 0.0455127631 0.8413813914 0.3993690910 
-80.7371530163 0.0454966278 0.8414790675 0.3966557408 
-80.7447979730 0.0454773129 0.8416012998 0.3938880851 
-80.7537571173 0.0454546789 0.8417491738 0.3910667386 
-80.7640884128 0.0454285838 0.8419237890 0.3881924320 
-80.7758512199 0.0453988829 0.8421262584 0.3852660120 
-80.7891063103 0.0453654291 0.8423577063 0.3822884414 
-80.8039158856 0.0453280729 0.8426192670 0.3792607991 
-80.8203435999 0.0452866628 0.8429120833 0.3761842791 
-80.8384545860 0.0452410447 0.8432373046 0.3730601901 
-80.8583154883 0.0451910626 0.8435960853 0.3698899546 
-80.8799944991 0.0451365584 0.8439895830 0.3666751082 
-80.9035614037 0.0450773718 0.8444189566 0.3634172984 
-80.9290876300 0.0450133408 0.8448853649 0.3601182837 
-80.9566463074 0.0449443013 0.8453899639 0.3567799326 
-80.9863123332 0.0448700875 0.8459339058 0.3534042217 
-81.0181624479 0.0447905315 0.8465183365 0.3499932345 
-81.0522753203 0.0447054637 0.8471443939 0.3465491582 
-81.0887316431 0.0446147128 0.8478132056 0.3430742807 
-81.1276142391 0.0445181054 0.8485258875 0.3395709856 
-81.1690081802 0.0444154666 0.8492835410 0.3360417450 
-81.2130009186 0.0443066193 0.8500872516 0.3324891097 
-81.2596824319 0.0441913848 0.8509380865 0.3289156958 
-81.3091453827 0.0440695821 0.8518370924 0.3253241656 
-81.3614852944 0.0439410285 0.8527852935 0.3217172021 
-81.4168007430 0.0438055390 0.8537836889 0.3180974739 
-81.4751935679 0.0436629263 0.8548332508 0.3144675880 
-81.5367691007 0.0435130011 0.8559349218 0.3108300245 
-81.6016364156 0.0433555712 0.8570896123 0.3071870494 
-81.6699086019 0.0431904421 0.8582981982 0.3035405936 
-81.7417030598 0.0430174165 0.8595615180 0.2998920854 
-81.8171418228 0.0428362940 0.8608803700 0.2962422172 
-81.8963519079 0.0426468713 0.8622555095 0.2925906146 
-81.9794656970 0.0424489414 0.8636876451 0.2889353643 
-82.0666213520 0.0422422940 0.8651774361 0.2852723344 
-82.1579632676 0.0420267149 0.8667254885 0.2815941938 
-82.2536425679 0.0418019858 0.8683323513 0.2778890122 
-82.3538176504 0.0415678838 0.8699985130 0.2741383262 
-82.4586547874 0.0413241815 0.8717243971 0.2703147144 
-82.5683287910 0.0410706460 0.8735103583 0.2663795979 
-82.6830237495 0.0408070392 0.8753566782 0.2622834323 
-82.8029338492 0.0405331166 0.8772635606 0.2579888483 
-82.9282647812 0.0402486261 0.8792311354 0.2540599380 
-83.0592313606 0.0399533147 0.8812593977 0.2508930262 
-83.0613662311 0.0399485170 0.8812924938 0.2508797672 
