-76.2898000712 0.0581159249 0.7439617301 0.4723270921 
-76.2898384207 0.0581158037 0.7439626658 0.4723182262 
-76.2899151562 0.0581155611 0.7439645381 0.4723005273 
-76.2900303520 0.0581151969 0.7439673492 0.4722740726 
-76.2901841210 0.0581147107 0.7439711024 0.4722389966 
-76.2903766141 0.0581141021 0.7439758020 0.4721954876 
-76.2905844260 0.0581134453 0.7439807734 0.4719090009 
-76.2908576634 0.0581125814 0.7439874606 0.4718679498 
-76.2911719354 0.0581115878 0.7439951605 0.4718281147 
-76.2915273872 0.0581104640 0.7440038775 0.4717893976 
-76.2919241652 0.0581092096 0.7440136155 0.4717517349 
-76.2923624172 0.0581078240 0.7440243788 0.4717150936 
-76.2928422918 0.0581063069 0.7440361715 0.4716794673 
-76.2933639376 0.0581046578 0.7440489979 0.4716448661 
-76.2939275022 0.0581028761 0.7440628621 0.4716113096 
-76.2945331314 0.0581009615 0.7440777682 0.4715788148 
-76.2951809677 0.0580989136 0.7440937202 0.4715473877 
-76.2958711518 0.0580967318 0.7441107221 0.4715170344 
-76.2966038224 0.0580944158 0.7441287776 0.4714877599 
-76.2973791164 0.0580919651 0.7441478906 0.4714595707 
-76.2981971680 0.0580893794 0.7441680647 0.4714324653 
-76.2990581085 0.0580866582 0.7441893037 0.4714064365 
-76.2999620675 0.0580838011 0.7442116111 0.4713814746 
-76.3009091717 0.0580808078 0.7442349904 0.4713575631 
-76.3018995462 0.0580776778 0.7442594450 0.4713346867 
-76.3029333138 0.0580744109 0.7442849782 0.4713128257 
-76.3040105959 0.0580710066 0.7443115933 0.4712919628 
-76.3051315121 0.0580674646 0.7443392936 0.4712720795 
-76.3062961805 0.0580637845 0.7443680822 0.4712531577 
-76.3075047179 0.0580599661 0.7443979624 0.4712351816 
-76.3087572394 0.0580560089 0.7444289370 0.4712181333 
-76.3100538591 0.0580519126 0.7444610093 0.4712019988 
-76.3113946894 0.0580476768 0.7444941822 0.4711867615 
-76.3127798421 0.0580433014 0.7445284587 0.4711724078 
-76.3142094271 0.0580387859 0.7445638416 0.4711589231 
-76.3156835537 0.0580341300 0.7446003338 0.4711462931 
-76.3172023300 0.0580293334 0.7446379381 0.4711345056 
-76.3187658628 0.0580243958 0.7446766573 0.4711235456 
-76.3203742583 0.0580193170 0.7447164942 0.4711134020 
-76.3220276213 0.0580140965 0.7447574515 0.4711040608 
-76.3237260563 0.0580087341 0.7447995318 0.4710955107 
-76.3254696664 0.0580032296 0.7448427377 0.4710877393 
-76.3272585541 0.0579975826 0.7448870720 0.4710807344 
-76.3290928214 0.0579917928 0.7449325371 0.4710744857 
-76.3309725692 0.0579858600 0.7449791355 0.4710689804 
-76.3328978979 0.0579797839 0.7450268699 0.4710642092 
-76.3348689073 0.0579735642 0.7450757427 0.4710601599 
-76.3368856966 0.0579672007 0.7451257564 0.4710568231 
-76.3389483644 0.0579606930 0.7451769134 0.4710541883 
-76.3410570089 0.0579540409 0.7452292160 0.4710522449 
-76.3432117279 0.0579472442 0.7452826668 0.4710509844 
-76.3454126184 0.0579403025 0.7453372680 0.4710503955 
-76.3476597777 0.0579332157 0.7453930220 0.4710504709 
-76.3499533019 0.0579259834 0.7454499311 0.4710511998 
-76.3522932876 0.0579186054 0.7455079976 0.4710525743 
-76.3546798306 0.0579110815 0.7455672239 0.4710545855 
-76.3571130267 0.0579034114 0.7456276121 0.4710572244 
-76.3595929716 0.0578955949 0.7456891646 0.4710604839 
-76.3621197604 0.0578876316 0.7457518835 0.4710643543 
-76.3646934887 0.0578795215 0.7458157712 0.4710688294 
-76.3673142515 0.0578712641 0.7458808297 0.4710738999 
-76.3699821440 0.0578628593 0.7459470613 0.4710795594 
-76.3726972613 0.0578543069 0.7460144682 0.4710858001 
-76.3754596985 0.0578456065 0.7460830525 0.4710926145 
-76.3782695509 0.0578367580 0.7461528165 0.4710999965 
-76.3811269135 0.0578277612 0.7462237622 0.4711079379 
-76.3840318820 0.0578186156 0.7462958918 0.4711164336 
-76.3869845516 0.0578093213 0.7463692075 0.4711254754 
-76.3899850182 0.0577998778 0.7464437114 0.4711350582 
-76.3930333775 0.0577902850 0.7465194055 0.4711451753 
-76.3961297257 0.0577805426 0.7465962921 0.4711558201 
-76.3992741594 0.0577706505 0.7466743733 0.4711669879 
-76.4024667748 0.0577606083 0.7467536511 0.4711786712 
-76.4057076694 0.0577504158 0.7468341276 0.4711908662 
-76.4089969402 0.0577400728 0.7469158050 0.4712035657 
-76.4123346852 0.0577295791 0.7469986854 0.4712167654 
-76.4157210024 0.0577189344 0.7470827709 0.4712304596 
-76.4191559904 0.0577081384 0.7471680636 0.4712446429 
-76.4226397484 0.0576971911 0.7472545655 0.4712593111 
-76.4261723758 0.0576860920 0.7473422789 0.4712744580 
-76.4297539729 0.0576748411 0.7474312057 0.4712900804 
-76.4333846402 0.0576634380 0.7475213482 0.4713061720 
-76.4370644789 0.0576518825 0.7476127083 0.4713227294 
-76.4407935910 0.0576401743 0.7477052884 0.4713397478 
-76.4445720788 0.0576283134 0.7477990904 0.4713572223 
-76.4484000456 0.0576162993 0.7478941164 0.4713751499 
-76.4522775951 0.0576041319 0.7479903688 0.4713935248 
-76.4562048320 0.0575918109 0.7480878494 0.4714123447 
-76.4601818615 0.0575793361 0.7481865606 0.4714316041 
-76.4642087898 0.0575667072 0.7482865045 0.4714513002 
-76.4682857236 0.0575539240 0.7483876832 0.4714714289 
-76.4724127706 0.0575409863 0.7484900989 0.4714919861 
-76.4765900395 0.0575278937 0.7485937538 0.4715129692 
-76.4808176396 0.0575146462 0.7486986501 0.4715343732 
-76.4850956813 0.0575012433 0.7488047900 0.4715561966 
-76.4894242758 0.0574876849 0.7489121756 0.4715784342 
-76.4938035354 0.0574739707 0.7490208093 0.4716010841 
-76.4982335732 0.0574601005 0.7491306932 0.4716241425 
-76.5027145035 0.0574460740 0.7492418297 0.4716476060 
-76.5072464415 0.0574318909 0.7493542209 0.4716714727 
-76.5118295034 0.0574175510 0.7494678692 0.4716957381 
-76.5164638068 0.0574030540 0.7495827768 0.4717204009 
-76.5211494699 0.0573883997 0.7496989461 0.4717454568 
-76.5258866127 0.0573735878 0.7498163794 0.4717709043 
-76.5306753557 0.0573586181 0.7499350790 0.4717967400 
-76.5355158211 0.0573434902 0.7500550472 0.4718229611 
-76.5404081320 0.0573282039 0.7501762866 0.4718495661 
-76.5453524129 0.0573127589 0.7502987993 0.4718765509 
-76.5503487895 0.0572971549 0.7504225879 0.4719039149 
-76.5553973888 0.0572813918 0.7505476548 0.4719316538 
-76.5604983392 0.0572654691 0.7506740025 0.4719597670 
-76.5656517704 0.0572493866 0.7508016333 0.4719882511 
-76.5708578133 0.0572331440 0.7509305498 0.4720171041 
-76.5761166006 0.0572167411 0.7510607546 0.4720463244 
-76.5814282660 0.0572001775 0.7511922501 0.4720759087 
-76.5867929450 0.0571834530 0.7513250388 0.4721058566 
-76.5922107743 0.0571665672 0.7514591234 0.4721361642 
-76.5976818924 0.0571495199 0.7515945065 0.4721668311 
-76.6032064390 0.0571323107 0.7517311907 0.4721978545 
-76.6087845556 0.0571149393 0.7518691787 0.4722292325 
-76.6144163854 0.0570974055 0.7520084730 0.4722609639 
-76.6201020728 0.0570797089 0.7521490764 0.4722930457 
-76.6258417642 0.0570618492 0.7522909917 0.4723254778 
-76.6316356076 0.0570438260 0.7524342215 0.4723582566 
-76.6374837528 0.0570256392 0.7525787687 0.4723913820 
-76.6433863509 0.0570072882 0.7527246361 0.4724248513 
-76.6493435553 0.0569887729 0.7528718264 0.4724586631 
-76.6553555210 0.0569700928 0.7530203426 0.4724928164 
-76.6614224045 0.0569512477 0.7531701875 0.4725273083 
-76.6675443648 0.0569322371 0.7533213641 0.4725621390 
-76.6737215621 0.0569130608 0.7534738753 0.4725973051 
-76.6799541590 0.0568937184 0.7536277240 0.4726328069 
-76.6862423197 0.0568742095 0.7537829133 0.4726686416 
-76.6925862106 0.0568545338 0.7539394462 0.4727048083 
-76.6989860000 0.0568346909 0.7540973258 0.4727413059 
-76.7054418582 0.0568146805 0.7542565552 0.4727781319 
-76.7119539578 0.0567945022 0.7544171375 0.4728152867 
-76.7185224729 0.0567741556 0.7545790760 0.4728527669 
-76.7251475805 0.0567536403 0.7547423737 0.4728905729 
-76.7318294592 0.0567329559 0.7549070339 0.4729287023 
-76.7385682900 0.0567121021 0.7550730599 0.4729671542 
-76.7453642561 0.0566910785 0.7552404551 0.4730059276 
-76.7522175427 0.0566698846 0.7554092226 0.4730450202 
-76.7591283379 0.0566485201 0.7555793661 0.4730844323 
-76.7660968315 0.0566269845 0.7557508887 0.4731241609 
-76.7731232160 0.0566052775 0.7559237941 0.4731642065 
-76.7802076860 0.0565833986 0.7560980856 0.4732045664 
-76.7873504390 0.0565613474 0.7562737669 0.4732452402 
-76.7945516744 0.0565391235 0.7564508414 0.4732862267 
-76.8018115945 0.0565167264 0.7566293129 0.4733275238 
-76.8091304041 0.0564941556 0.7568091849 0.4733691320 
-76.8165083101 0.0564714109 0.7569904611 0.4734110479 
-76.8239455228 0.0564484916 0.7571731453 0.4734532725 
-76.8314422545 0.0564253974 0.7573572413 0.4734958028 
-76.8389987204 0.0564021278 0.7575427528 0.4735386387 
-76.8466151385 0.0563786823 0.7577296837 0.4735817788 
-76.8542917293 0.0563550604 0.7579180380 0.4736252211 
-76.8620287165 0.0563312616 0.7581078195 0.4736689659 
-76.8698263262 0.0563072856 0.7582990322 0.4737130102 
-76.8776847877 0.0562831317 0.7584916803 0.4737573545 
-76.8856043331 0.0562587995 0.7586857677 0.4738019961 
-76.8935851975 0.0562342885 0.7588812987 0.4738469348 
-76.9016276189 0.0562095981 0.7590782773 0.4738921690 
-76.9097318384 0.0561847279 0.7592767078 0.4739376968 
-76.9178981003 0.0561596772 0.7594765945 0.4739835184 
-76.9261266519 0.0561344457 0.7596779417 0.4740296306 
-76.9344177437 0.0561090327 0.7598807538 0.4740760340 
-76.9427716295 0.0560834378 0.7600850352 0.4741227256 
-76.9511885662 0.0560576602 0.7602907904 0.4741697053 
-76.9596688143 0.0560316996 0.7604980238 0.4742169712 
-76.9682126373 0.0560055553 0.7607067401 0.4742645214 
-76.9768203025 0.0559792267 0.7609169439 0.4743123559 
-76.9854920802 0.0559527133 0.7611286399 0.4743604713 
-76.9942282447 0.0559260144 0.7613418328 0.4744088682 
-77.0030290735 0.0558991295 0.7615565274 0.4744575433 
-77.0118948479 0.0558720580 0.7617727286 0.4745064963 
-77.0208258528 0.0558447993 0.7619904412 0.4745557251 
-77.0298223767 0.0558173527 0.7622096702 0.4746052278 
-77.0388847121 0.0557897176 0.7624304207 0.4746550039 
-77.0480131551 0.0557618933 0.7626526977 0.4747050500 
-77.0572080059 0.0557338793 0.7628765063 0.4747553664 
-77.0664695682 0.0557056748 0.7631018517 0.4748059494 
-77.0757981504 0.0556772792 0.7633287393 0.4748567987 
-77.0851940642 0.0556486919 0.7635571743 0.4749079117 
-77.0946576258 0.0556199121 0.7637871620 0.4749592864 
-77.1041891555 0.0555909391 0.7640187080 0.4750109217 
-77.1137889778 0.0555617724 0.7642518177 0.4750628142 
-77.1234574216 0.0555324110 0.7644864967 0.4751149638 
-77.1331948199 0.0555028544 0.7647227506 0.4751673663 
-77.1430015103 0.0554731018 0.7649605852 0.4752200213 
-77.1528778347 0.0554431524 0.7652000061 0.4752729255 
-77.1628241397 0.0554130056 0.7654410193 0.4753260768 
-77.1728407766 0.0553826605 0.7656836306 0.4753794737 
-77.1829281009 0.0553521165 0.7659278460 0.4754331122 
-77.1930864734 0.0553213726 0.7661736715 0.4754869919 
-77.2033162593 0.0552904282 0.7664211133 0.4755411080 
-77.2136178289 0.0552592824 0.7666701775 0.4755954599 
-77.2239915574 0.0552279344 0.7669208703 0.4756500436 
-77.2344378249 0.0551963834 0.7671731982 0.4757048568 
-77.2449570169 0.0551646286 0.7674271675 0.4757598970 
-77.2555495235 0.0551326691 0.7676827846 0.4758151601 
-77.2662157408 0.0551005041 0.7679400562 0.4758706450 
-77.2769560694 0.0550681327 0.7681989888 0.4759263463 
-77.2877709162 0.0550355541 0.7684595892 0.4759822630 
-77.2986606927 0.0550027673 0.7687218641 0.4760383902 
-77.3096258167 0.0549697714 0.7689858204 0.4760947254 
-77.3206667111 0.0549365656 0.7692514651 0.4761512650 
-77.3317838049 0.0549031489 0.7695188051 0.4762080047 
-77.3429775327 0.0548695204 0.7697878476 0.4762649423 
-77.3542483351 0.0548356791 0.7700585998 0.4763220720 
-77.3655966588 0.0548016241 0.7703310689 0.4763793920 
-77.3770229563 0.0547673544 0.7706052624 0.4764368965 
-77.3885276865 0.0547328690 0.7708811875 0.4764945825 
-77.4001113146 0.0546981669 0.7711588520 0.4765524455 
-77.4117743120 0.0546632471 0.7714382633 0.4766104804 
-77.4235171568 0.0546281086 0.7717194293 0.4766686841 
-77.4353403334 0.0545927503 0.7720023577 0.4767270501 
-77.4472443330 0.0545571711 0.7722870564 0.4767855757 
-77.4592296535 0.0545213701 0.7725735334 0.4768442540 
-77.4712967999 0.0544853461 0.7728617967 0.4769030815 
-77.4834462839 0.0544490979 0.7731518547 0.4769620522 
-77.4956786243 0.0544126246 0.7734437154 0.4770211606 
-77.5079943474 0.0543759250 0.7737373873 0.4770804022 
-77.5203939864 0.0543389979 0.7740328788 0.4771397696 
-77.5328780823 0.0543018422 0.7743301986 0.4771992591 
-77.5454471833 0.0542644567 0.7746293553 0.4772588626 
-77.5581018455 0.0542268401 0.7749303576 0.4773185757 
-77.5708426327 0.0541889914 0.7752332144 0.4773783910 
-77.5836701165 0.0541509093 0.7755379347 0.4774383022 
-77.5965848767 0.0541125924 0.7758445276 0.4774983032 
-77.6095875011 0.0540740397 0.7761530023 0.4775583857 
-77.6226785860 0.0540352497 0.7764633680 0.4776185447 
-77.6358587357 0.0539962213 0.7767756342 0.4776787707 
-77.6491285635 0.0539569530 0.7770898103 0.4777390582 
-77.6624886910 0.0539174437 0.7774059060 0.4777993981 
-77.6759397490 0.0538776918 0.7777239311 0.4778597832 
-77.6894823770 0.0538376961 0.7780438954 0.4779202057 
-77.7031172235 0.0537974552 0.7783658089 0.4779806560 
-77.7168449467 0.0537569677 0.7786896816 0.4780411276 
-77.7306662136 0.0537162321 0.7790155237 0.4781016094 
-77.7445817013 0.0536752470 0.7793433457 0.4781620946 
-77.7585920963 0.0536340110 0.7796731578 0.4782225723 
-77.7726980951 0.0535925226 0.7800049708 0.4782830340 
-77.7869004041 0.0535507802 0.7803387952 0.4783434699 
-77.8011997400 0.0535087824 0.7806746420 0.4784038692 
-77.8155968298 0.0534665276 0.7810125220 0.4784642234 
-77.8300924110 0.0534240142 0.7813524464 0.4785245197 
-77.8446872320 0.0533812407 0.7816944263 0.4785847498 
-77.8593820517 0.0533382054 0.7820384730 0.4786449005 
-77.8741776405 0.0532949068 0.7823845981 0.4787049622 
-77.8890747796 0.0532513431 0.7827328131 0.4787649225 
-77.9040742620 0.0532075128 0.7830831298 0.4788247693 
-77.9191768921 0.0531634140 0.7834355601 0.4788844918 
-77.9343834860 0.0531190451 0.7837901159 0.4789440755 
-77.9496948722 0.0530744043 0.7841468095 0.4790035101 
-77.9651118910 0.0530294899 0.7845056531 0.4790627801 
-77.9806353953 0.0529843001 0.7848666591 0.4791218743 
-77.9962662506 0.0529388330 0.7852298402 0.4791807777 
-78.0120053351 0.0528930868 0.7855952091 0.4792394768 
-78.0278535403 0.0528470597 0.7859627786 0.4792979578 
-78.0438117707 0.0528007496 0.7863325618 0.4793562048 
-78.0598809444 0.0527541548 0.7867045719 0.4794142049 
-78.0760619932 0.0527072733 0.7870788222 0.4794719404 
-78.0923558629 0.0526601030 0.7874553262 0.4795293981 
-78.1087635134 0.0526126420 0.7878340975 0.4795865603 
-78.1252859189 0.0525648882 0.7882151500 0.4796434117 
-78.1419240686 0.0525168397 0.7885984975 0.4796999357 
-78.1586789663 0.0524684942 0.7889841544 0.4797561145 
-78.1755516312 0.0524198497 0.7893721347 0.4798119326 
-78.1925430976 0.0523709041 0.7897624530 0.4798673699 
-78.2096544160 0.0523216550 0.7901551239 0.4799224111 
-78.2268866523 0.0522721005 0.7905501621 0.4799770356 
-78.2442408890 0.0522222381 0.7909475827 0.4800312265 
-78.2617182250 0.0521720656 0.7913474007 0.4800849637 
-78.2793197759 0.0521215808 0.7917496315 0.4801382280 
-78.2970466747 0.0520707812 0.7921542904 0.4801910007 
-78.3149000712 0.0520196646 0.7925613933 0.4802432598 
-78.3328811336 0.0519682284 0.7929709557 0.4802949874 
-78.3509910474 0.0519164704 0.7933829939 0.4803461602 
-78.3692310168 0.0518643879 0.7937975239 0.4803967595 
-78.3876022643 0.0518119785 0.7942145622 0.4804467622 
-78.4061060317 0.0517592397 0.7946341252 0.4804961473 
-78.4247435799 0.0517061689 0.7950562296 0.4805448931 
-78.4435161890 0.0516527634 0.7954808925 0.4805929759 
-78.4624251596 0.0515990207 0.7959081309 0.4806403752 
-78.4814718120 0.0515449380 0.7963379620 0.4806870654 
-78.5006574878 0.0514905125 0.7967704034 0.4807330258 
-78.5199835488 0.0514357417 0.7972054728 0.4807782308 
-78.5394513786 0.0513806225 0.7976431879 0.4808226579 
-78.5590623824 0.0513251523 0.7980835669 0.4808662825 
-78.5788179874 0.0512693281 0.7985266279 0.4809090798 
-78.5987196433 0.0512131469 0.7989723895 0.4809510267 
-78.6187688225 0.0511566059 0.7994208703 0.4809920960 
-78.6389670210 0.0510997021 0.7998720891 0.4810322655 
-78.6593157578 0.0510424323 0.8003260649 0.4810715072 
-78.6798165767 0.0509847935 0.8007828170 0.4811097980 
-78.7004710452 0.0509267826 0.8012423648 0.4811471108 
-78.7212807561 0.0508683963 0.8017047279 0.4811834204 
-78.7422473275 0.0508096315 0.8021699262 0.4812187015 
-78.7633724029 0.0507504849 0.8026379797 0.4812529267 
-78.7846576526 0.0506909532 0.8031089087 0.4812860721 
-78.8061047726 0.0506310330 0.8035827336 0.4813181091 
-78.8277154868 0.0505707210 0.8040594750 0.4813490141 
-78.8494915461 0.0505100136 0.8045391537 0.4813787587 
-78.8714347298 0.0504489074 0.8050217909 0.4814073184 
-78.8935468453 0.0503873989 0.8055074078 0.4814346664 
-78.9158297292 0.0503254843 0.8059960258 0.4814607763 
-78.9382852475 0.0502631602 0.8064876666 0.4814856236 
-78.9609152960 0.0502004227 0.8069823520 0.4815091801 
-78.9837218014 0.0501372682 0.8074801041 0.4815314230 
-79.0067067207 0.0500736928 0.8079809452 0.4815523239 
-79.0298720430 0.0500096928 0.8084848976 0.4815718599 
-79.0532197890 0.0499452641 0.8089919841 0.4815900044 
-79.0767520123 0.0498804029 0.8095022276 0.4816067332 
-79.1004707995 0.0498151051 0.8100156509 0.4816220222 
-79.1243782705 0.0497493667 0.8105322775 0.4816358457 
-79.1484765802 0.0496831835 0.8110521307 0.4816481824 
-79.1727679174 0.0496165514 0.8115752341 0.4816590059 
-79.1972545070 0.0495494661 0.8121016116 0.4816682961 
-79.2219386094 0.0494819235 0.8126312871 0.4816760279 
-79.2468225219 0.0494139190 0.8131642848 0.4816821811 
-79.2719085788 0.0493454483 0.8137006291 0.4816867332 
-79.2971991521 0.0492765070 0.8142403444 0.4816896630 
-79.3226966525 0.0492070906 0.8147834556 0.4816909514 
-79.3484035293 0.0491371944 0.8153299875 0.4816905761 
-79.3743222721 0.0490668138 0.8158799651 0.4816885210 
-79.4004554101 0.0489959442 0.8164334136 0.4816847641 
-79.4268055141 0.0489245807 0.8169903584 0.4816792907 
-79.4533751964 0.0488527186 0.8175508250 0.4816720810 
-79.4801671116 0.0487803530 0.8181148391 0.4816631201 
-79.5071839574 0.0487074789 0.8186824264 0.4816523919 
-79.5344284752 0.0486340913 0.8192536129 0.4816398805 
-79.5619034511 0.0485601852 0.8198284248 0.4816255736 
-79.5896117161 0.0484857554 0.8204068881 0.4816094553 
-79.6175561475 0.0484107966 0.8209890293 0.4815915160 
-79.6457396689 0.0483353038 0.8215748747 0.4815717408 
-79.6741652519 0.0482592715 0.8221644509 0.4815501217 
-79.7028359157 0.0481826942 0.8227577845 0.4815266467 
-79.7317547291 0.0481055667 0.8233549024 0.4815013074 
-79.7609248105 0.0480278833 0.8239558312 0.4814740961 
-79.7903493289 0.0479496384 0.8245605979 0.4814450037 
-79.8200315052 0.0478708264 0.8251692294 0.4814140263 
-79.8499746119 0.0477914415 0.8257817529 0.4813811551 
-79.8801819755 0.0477114780 0.8263981952 0.4813463888 
-79.9106569760 0.0476309300 0.8270185836 0.4813097203 
-79.9414030488 0.0475497915 0.8276429452 0.4812711492 
-79.9724236849 0.0474680565 0.8282713071 0.4812306716 
-80.0037224323 0.0473857189 0.8289036965 0.4811882867 
-80.0353028967 0.0473027726 0.8295401405 0.4811439948 
-80.0671687425 0.0472192115 0.8301806663 0.4810977939 
-80.0993236940 0.0471350291 0.8308253010 0.4810496879 
-80.1317715357 0.0470502191 0.8314740717 0.4809996748 
-80.1645161147 0.0469647751 0.8321270053 0.4809477604 
-80.1975613401 0.0468786905 0.8327841290 0.4808939439 
-80.2309111853 0.0467919589 0.8334454694 0.4808382310 
-80.2645696883 0.0467045735 0.8341110534 0.4807806235 
-80.2985409536 0.0466165276 0.8347809076 0.4807211254 
-80.3328291525 0.0465278144 0.8354550587 0.4806597409 
-80.3674385247 0.0464384271 0.8361335330 0.4805964719 
-80.4023733798 0.0463483586 0.8368163567 0.4805313242 
-80.4376380975 0.0462576021 0.8375035559 0.4804642972 
-80.4732371301 0.0461661502 0.8381951565 0.4803953966 
-80.5091750027 0.0460739960 0.8388911842 0.4803246198 
-80.5454563154 0.0459811321 0.8395916644 0.4802519696 
-80.5820857436 0.0458875513 0.8402966224 0.4801774415 
-80.6190680406 0.0457932460 0.8410060830 0.4801010328 
-80.6564080380 0.0456982090 0.8417200709 0.4800227366 
-80.6941106474 0.0456024325 0.8424386105 0.4799425422 
-80.7321808622 0.0455059090 0.8431617259 0.4798604382 
-80.7706237587 0.0454086307 0.8438894406 0.4797764041 
-80.8094444981 0.0453105899 0.8446217781 0.4796904205 
-80.8486483274 0.0452117788 0.8453587612 0.4796024550 
-80.8882405822 0.0451121893 0.8461004126 0.4795124759 
-80.9282266868 0.0450118135 0.8468467542 0.4794204360 
-80.9686121577 0.0449106433 0.8475978078 0.4793262865 
-81.0094026038 0.0448086704 0.8483535946 0.4792299610 
-81.0506037297 0.0447058868 0.8491141351 0.4791313874 
-81.0922213365 0.0446022839 0.8498794496 0.4790304742 
-81.1342613244 0.0444978534 0.8506495576 0.4789271191 
-81.1767296944 0.0443925869 0.8514244781 0.4788211965 
-81.2196325510 0.0442864757 0.8522042297 0.4787125641 
-81.2629761033 0.0441795112 0.8529888300 0.4786010495 
-81.3067666684 0.0440716847 0.8537782962 0.4784864553 
-81.3510106724 0.0439629873 0.8545726449 0.4783685419 
-81.3957146539 0.0438534102 0.8553718916 0.4782470294 
-81.4408852644 0.0437429443 0.8561760515 0.4781215740 
-81.4865292713 0.0436315807 0.8569851388 0.4779917555 
-81.5326535584 0.0435193101 0.8577991667 0.4778570435 
-81.5792651259 0.0434061234 0.8586181478 0.4777167463 
-81.6263710885 0.0432920114 0.8594420933 0.4775699330 
-81.6739786705 0.0431769646 0.8602710135 0.4774152967 
-81.7220951926 0.0430609739 0.8611049169 0.4772509173 
-81.7707280469 0.0429440299 0.8619438102 0.4770738260 
-81.8198846378 0.0428261237 0.8627876967 0.4768791059 
-81.8695722203 0.0427072467 0.8636365735 0.4766575899 
-81.9197972711 0.0425873927 0.8644904203 0.4763874028 
-81.9705609213 0.0424665682 0.8653491173 0.4759743210 
-82.0218326016 0.0423448551 0.8662119756 0.4749054423 
-82.0737367154 0.0422219680 0.8670810788 0.4746438196 
-82.1262279978 0.0420980249 0.8679554549 0.4744965590 
-82.1793103669 0.0419730271 0.8688350155 0.4744029071 
-82.2000651208 0.0419242344 0.8691835270 0.4742848980 
