-75.9120431590 0.0593215733 0.7345080538 0.4705306824 
-75.9120722477 0.0593214797 0.7345087434 0.4705216866 
-75.9121304616 0.0593212923 0.7345101237 0.4705037232 
-75.9122178751 0.0593210110 0.7345121968 0.4704768599 
-75.9123346010 0.0593206353 0.7345149661 0.4704412183 
-75.9124807906 0.0593201648 0.7345184360 0.4703969730 
-75.9126328664 0.0593196756 0.7345219125 0.4701089164 
-75.9128412935 0.0593190048 0.7345268808 0.4700666930 
-75.9130815155 0.0593182316 0.7345326182 0.4700255239 
-75.9133536810 0.0593173556 0.7345391290 0.4699853097 
-75.9136579401 0.0593163763 0.7345464176 0.4699459803 
-75.9139944443 0.0593152932 0.7345544883 0.4699074971 
-75.9143633467 0.0593141058 0.7345633456 0.4698698485 
-75.9147648007 0.0593128137 0.7345729939 0.4698330423 
-75.9151989595 0.0593114163 0.7345834376 0.4697970953 
-75.9156659751 0.0593099132 0.7345946812 0.4697620264 
-75.9161659965 0.0593083038 0.7346067290 0.4697278430 
-75.9166991713 0.0593065878 0.7346195851 0.4696945489 
-75.9172656451 0.0593047647 0.7346332537 0.4696621472 
-75.9178655621 0.0593028339 0.7346477391 0.4696306416 
-75.9184990648 0.0593007951 0.7346630452 0.4696000323 
-75.9191662931 0.0592986478 0.7346791760 0.4695703113 
-75.9198673853 0.0592963916 0.7346961356 0.4695414700 
-75.9206024776 0.0592940260 0.7347139277 0.4695134932 
-75.9213717048 0.0592915506 0.7347325562 0.4694863654 
-75.9221751998 0.0592889651 0.7347520248 0.4694600686 
-75.9230130945 0.0592862689 0.7347723373 0.4694345843 
-75.9238855193 0.0592834618 0.7347934974 0.4694098954 
-75.9247926033 0.0592805432 0.7348155086 0.4693859828 
-75.9257344750 0.0592775128 0.7348383746 0.4693628309 
-75.9267112614 0.0592743701 0.7348620990 0.4693404218 
-75.9277230888 0.0592711149 0.7348866852 0.4693187404 
-75.9287700825 0.0592677467 0.7349121367 0.4692977711 
-75.9298523669 0.0592642651 0.7349384571 0.4692774983 
-75.9309700657 0.0592606698 0.7349656497 0.4692579089 
-75.9321233017 0.0592569603 0.7349937179 0.4692389869 
-75.9333121971 0.0592531364 0.7350226651 0.4692207202 
-75.9345368733 0.0592491975 0.7350524947 0.4692030939 
-75.9357974512 0.0592451434 0.7350832100 0.4691860956 
-75.9370940511 0.0592409737 0.7351148142 0.4691697122 
-75.9384267927 0.0592366880 0.7351473107 0.4691539304 
-75.9397957952 0.0592322860 0.7351807026 0.4691387390 
-75.9412011774 0.0592277673 0.7352149933 0.4691241244 
-75.9426430579 0.0592231315 0.7352501859 0.4691100762 
-75.9441215544 0.0592183783 0.7352862836 0.4690965814 
-75.9456367849 0.0592135073 0.7353232897 0.4690836295 
-75.9471888668 0.0592085183 0.7353612072 0.4690712091 
-75.9487779172 0.0592034107 0.7354000393 0.4690593087 
-75.9504040533 0.0591981844 0.7354397892 0.4690479188 
-75.9520673918 0.0591928388 0.7354804600 0.4690370273 
-75.9537680497 0.0591873738 0.7355220547 0.4690266257 
-75.9555061435 0.0591817889 0.7355645766 0.4690167024 
-75.9572817899 0.0591760838 0.7356080286 0.4690072484 
-75.9590951057 0.0591702581 0.7356524139 0.4689982541 
-75.9609462073 0.0591643116 0.7356977356 0.4689897092 
-75.9628352116 0.0591582438 0.7357439967 0.4689816058 
-75.9647622355 0.0591520544 0.7357912004 0.4689739332 
-75.9667273960 0.0591457432 0.7358393496 0.4689666842 
-75.9687308102 0.0591393096 0.7358884474 0.4689598487 
-75.9707725955 0.0591327535 0.7359384970 0.4689534189 
-75.9728528696 0.0591260744 0.7359895013 0.4689473865 
-75.9749717502 0.0591192720 0.7360414634 0.4689417425 
-75.9771293558 0.0591123460 0.7360943865 0.4689364802 
-75.9793258047 0.0591052960 0.7361482735 0.4689315902 
-75.9815612159 0.0590981217 0.7362031275 0.4689270663 
-75.9838357087 0.0590908228 0.7362589516 0.4689228997 
-75.9861494028 0.0590833989 0.7363157489 0.4689190836 
-75.9885024185 0.0590758496 0.7363735224 0.4689156108 
-75.9908948763 0.0590681746 0.7364322753 0.4689124735 
-75.9933268976 0.0590603736 0.7364920106 0.4689096660 
-75.9957986040 0.0590524462 0.7365527315 0.4689071798 
-75.9983101180 0.0590443921 0.7366144410 0.4689050097 
-76.0008615623 0.0590362109 0.7366771422 0.4689031480 
-76.0034530606 0.0590279023 0.7367408384 0.4689015888 
-76.0060847372 0.0590194659 0.7368055326 0.4689003258 
-76.0087567168 0.0590109014 0.7368712279 0.4688993520 
-76.0114691253 0.0590022084 0.7369379276 0.4688986627 
-76.0142220888 0.0589933866 0.7370056348 0.4688982502 
-76.0170157346 0.0589844356 0.7370743527 0.4688981103 
-76.0198501906 0.0589753550 0.7371440845 0.4688982359 
-76.0227255855 0.0589661446 0.7372148334 0.4688986219 
-76.0256420489 0.0589568038 0.7372866027 0.4688992629 
-76.0285997113 0.0589473325 0.7373593955 0.4689001527 
-76.0315987041 0.0589377301 0.7374332152 0.4689012871 
-76.0346391594 0.0589279964 0.7375080651 0.4689026594 
-76.0377212107 0.0589181310 0.7375839484 0.4689042658 
-76.0408449920 0.0589081335 0.7376608684 0.4689061001 
-76.0440106386 0.0588980035 0.7377388285 0.4689081578 
-76.0472182866 0.0588877406 0.7378178321 0.4689104343 
-76.0504680734 0.0588773445 0.7378978824 0.4689129237 
-76.0537601373 0.0588668149 0.7379789830 0.4689156227 
-76.0570946176 0.0588561512 0.7380611373 0.4689185251 
-76.0604716551 0.0588453532 0.7381443485 0.4689216277 
-76.0638913912 0.0588344204 0.7382286204 0.4689249249 
-76.0673539689 0.0588233525 0.7383139562 0.4689284128 
-76.0708595323 0.0588121491 0.7384003595 0.4689320871 
-76.0744082265 0.0588008097 0.7384878339 0.4689359427 
-76.0780001981 0.0587893340 0.7385763830 0.4689399768 
-76.0816355947 0.0587777215 0.7386660102 0.4689441834 
-76.0853145655 0.0587659720 0.7387567192 0.4689485602 
-76.0890372607 0.0587540849 0.7388485137 0.4689531018 
-76.0928038320 0.0587420598 0.7389413972 0.4689578048 
-76.0966144324 0.0587298964 0.7390353736 0.4689626654 
-76.1004692163 0.0587175943 0.7391304464 0.4689676789 
-76.1043683395 0.0587051529 0.7392266195 0.4689728430 
-76.1083119592 0.0586925719 0.7393238966 0.4689781521 
-76.1123002340 0.0586798509 0.7394222815 0.4689836042 
-76.1163333240 0.0586669894 0.7395217781 0.4689891943 
-76.1204113909 0.0586539870 0.7396223902 0.4689949196 
-76.1245345977 0.0586408433 0.7397241217 0.4690007764 
-76.1287031090 0.0586275578 0.7398269766 0.4690067606 
-76.1329170913 0.0586141301 0.7399309587 0.4690128700 
-76.1371767120 0.0586005598 0.7400360721 0.4690190995 
-76.1414821408 0.0585868463 0.7401423209 0.4690254473 
-76.1458335485 0.0585729892 0.7402497090 0.4690319090 
-76.1502311079 0.0585589882 0.7403582405 0.4690384817 
-76.1546749934 0.0585448426 0.7404679196 0.4690451624 
-76.1591653808 0.0585305521 0.7405787504 0.4690519470 
-76.1637024482 0.0585161162 0.7406907372 0.4690588337 
-76.1682863748 0.0585015344 0.7408038841 0.4690658177 
-76.1729173421 0.0584868062 0.7409181954 0.4690728975 
-76.1775955330 0.0584719311 0.7410336754 0.4690800688 
-76.1823211325 0.0584569088 0.7411503284 0.4690873291 
-76.1870943273 0.0584417385 0.7412681589 0.4690946756 
-76.1919153059 0.0584264200 0.7413871712 0.4691021044 
-76.1967842589 0.0584109527 0.7415073698 0.4691096139 
-76.2017013786 0.0583953360 0.7416287592 0.4691171996 
-76.2066668594 0.0583795694 0.7417513439 0.4691248602 
-76.2116808975 0.0583636526 0.7418751284 0.4691325916 
-76.2167436912 0.0583475848 0.7420001174 0.4691403914 
-76.2218554408 0.0583313657 0.7421263156 0.4691482571 
-76.2270163486 0.0583149947 0.7422537275 0.4691561850 
-76.2322266189 0.0582984712 0.7423823580 0.4691641737 
-76.2374864582 0.0582817947 0.7425122119 0.4691722187 
-76.2427960751 0.0582649647 0.7426432938 0.4691803189 
-76.2481556803 0.0582479807 0.7427756088 0.4691884705 
-76.2535654866 0.0582308420 0.7429091616 0.4691966712 
-76.2590257092 0.0582135481 0.7430439573 0.4692049185 
-76.2645365651 0.0581960985 0.7431800008 0.4692132090 
-76.2700982741 0.0581784926 0.7433172972 0.4692215414 
-76.2757110577 0.0581607298 0.7434558515 0.4692299113 
-76.2813751402 0.0581428095 0.7435956688 0.4692383178 
-76.2870907479 0.0581247312 0.7437367544 0.4692467570 
-76.2928581094 0.0581064943 0.7438791134 0.4692552269 
-76.2986774561 0.0580880981 0.7440227511 0.4692637252 
-76.3045490212 0.0580695421 0.7441676728 0.4692722483 
-76.3104730409 0.0580508257 0.7443138839 0.4692807952 
-76.3164497534 0.0580319483 0.7444613898 0.4692893616 
-76.3224793998 0.0580129092 0.7446101959 0.4692979465 
-76.3285622234 0.0579937078 0.7447603077 0.4693065463 
-76.3346984701 0.0579743435 0.7449117308 0.4693151590 
-76.3408883886 0.0579548157 0.7450644707 0.4693237822 
-76.3471322298 0.0579351237 0.7452185332 0.4693324127 
-76.3534302478 0.0579152668 0.7453739239 0.4693410492 
-76.3597826988 0.0578952445 0.7455306486 0.4693496876 
-76.3661898420 0.0578750561 0.7456887130 0.4693583271 
-76.3726519393 0.0578547008 0.7458481231 0.4693669639 
-76.3791692554 0.0578341781 0.7460088848 0.4693755961 
-76.3857420576 0.0578134872 0.7461710039 0.4693842215 
-76.3923706161 0.0577926274 0.7463344866 0.4693928367 
-76.3990552043 0.0577715982 0.7464993388 0.4694014406 
-76.4057960978 0.0577503987 0.7466655668 0.4694100290 
-76.4125935758 0.0577290282 0.7468331766 0.4694186013 
-76.4194479201 0.0577074862 0.7470021746 0.4694271535 
-76.4263594155 0.0576857718 0.7471725670 0.4694356839 
-76.4333283500 0.0576638842 0.7473443601 0.4694441901 
-76.4403550144 0.0576418229 0.7475175603 0.4694526688 
-76.4474397030 0.0576195870 0.7476921742 0.4694611189 
-76.4545827126 0.0575971759 0.7478682082 0.4694695363 
-76.4617843439 0.0575745886 0.7480456688 0.4694779202 
-76.4690449002 0.0575518246 0.7482245628 0.4694862666 
-76.4763646884 0.0575288830 0.7484048968 0.4694945740 
-76.4837440185 0.0575057630 0.7485866776 0.4695028397 
-76.4911832039 0.0574824639 0.7487699119 0.4695110606 
-76.4986825615 0.0574589848 0.7489546067 0.4695192354 
-76.5062424111 0.0574353251 0.7491407688 0.4695273600 
-76.5138630766 0.0574114838 0.7493284053 0.4695354336 
-76.5215448848 0.0573874601 0.7495175232 0.4695434522 
-76.5292881664 0.0573632534 0.7497081297 0.4695514142 
-76.5370932554 0.0573388626 0.7499002318 0.4695593168 
-76.5449604895 0.0573142869 0.7500938369 0.4695671569 
-76.5528902102 0.0572895257 0.7502889522 0.4695749333 
-76.5608827623 0.0572645778 0.7504855851 0.4695826415 
-76.5689384948 0.0572394426 0.7506837431 0.4695902809 
-76.5770577600 0.0572141192 0.7508834336 0.4695978473 
-76.5852409144 0.0571886066 0.7510846642 0.4696053391 
-76.5934883180 0.0571629040 0.7512874426 0.4696127534 
-76.6018003351 0.0571370104 0.7514917764 0.4696200871 
-76.6101773337 0.0571109251 0.7516976734 0.4696273386 
-76.6186196858 0.0570846470 0.7519051415 0.4696345038 
-76.6271277676 0.0570581753 0.7521141884 0.4696415817 
-76.6357019591 0.0570315090 0.7523248223 0.4696485680 
-76.6443426448 0.0570046471 0.7525370511 0.4696554611 
-76.6530502132 0.0569775888 0.7527508829 0.4696622580 
-76.6618250571 0.0569503330 0.7529663260 0.4696689554 
-76.6706675736 0.0569228789 0.7531833885 0.4696755517 
-76.6795781639 0.0568952254 0.7534020789 0.4696820426 
-76.6885572342 0.0568673715 0.7536224054 0.4696884271 
-76.6976051945 0.0568393162 0.7538443765 0.4696947006 
-76.7067224596 0.0568110586 0.7540680009 0.4697008616 
-76.7159094491 0.0567825977 0.7542932870 0.4697069067 
-76.7251665866 0.0567539323 0.7545202436 0.4697128328 
-76.7344943011 0.0567250614 0.7547488795 0.4697186380 
-76.7438930258 0.0566959841 0.7549792034 0.4697243177 
-76.7533631990 0.0566666993 0.7552112243 0.4697298710 
-76.7629052636 0.0566372058 0.7554449512 0.4697352931 
-76.7725196677 0.0566075027 0.7556803931 0.4697405823 
-76.7822068641 0.0565775887 0.7559175592 0.4697457351 
-76.7919673107 0.0565474630 0.7561564587 0.4697507482 
-76.8018014709 0.0565171242 0.7563971008 0.4697556195 
-76.8117098125 0.0564865713 0.7566394951 0.4697603444 
-76.8216928092 0.0564558032 0.7568836508 0.4697649216 
-76.8317509397 0.0564248187 0.7571295776 0.4697693463 
-76.8418846882 0.0563936167 0.7573772851 0.4697736167 
-76.8520945440 0.0563621961 0.7576267829 0.4697777288 
-76.8623810024 0.0563305555 0.7578780809 0.4697816794 
-76.8727445639 0.0562986939 0.7581311890 0.4697854662 
-76.8831857347 0.0562666100 0.7583861169 0.4697890843 
-76.8937050270 0.0562343027 0.7586428749 0.4697925323 
-76.9043029582 0.0562017707 0.7589014730 0.4697958051 
-76.9149800521 0.0561690127 0.7591619213 0.4697989008 
-76.9257368383 0.0561360276 0.7594242303 0.4698018151 
-76.9365738523 0.0561028140 0.7596884102 0.4698045447 
-76.9474916358 0.0560693707 0.7599544715 0.4698070869 
-76.9584907365 0.0560356965 0.7602224248 0.4698094368 
-76.9695717086 0.0560017899 0.7604922807 0.4698115928 
-76.9807351124 0.0559676497 0.7607640498 0.4698135492 
-76.9919815150 0.0559332746 0.7610377431 0.4698153044 
-77.0033114894 0.0558986633 0.7613133714 0.4698168534 
-77.0147256156 0.0558638143 0.7615909458 0.4698181930 
-77.0262244804 0.0558287263 0.7618704772 0.4698193201 
-77.0378086769 0.0557933980 0.7621519768 0.4698202295 
-77.0494788056 0.0557578279 0.7624354560 0.4698209195 
-77.0612354733 0.0557220146 0.7627209261 0.4698213841 
-77.0730792945 0.0556859568 0.7630083985 0.4698216214 
-77.0850108904 0.0556496529 0.7632978848 0.4698216260 
-77.0970308896 0.0556131015 0.7635893966 0.4698213949 
-77.1091399279 0.0555763013 0.7638829457 0.4698209241 
-77.1213386487 0.0555392506 0.7641785438 0.4698202087 
-77.1336277029 0.0555019480 0.7644762029 0.4698192463 
-77.1460077488 0.0554643920 0.7647759351 0.4698180308 
-77.1584794528 0.0554265810 0.7650777524 0.4698165600 
-77.1710434887 0.0553885135 0.7653816671 0.4698148282 
-77.1837005387 0.0553501881 0.7656876915 0.4698128322 
-77.1964512927 0.0553116030 0.7659958380 0.4698105674 
-77.2092964490 0.0552727567 0.7663061191 0.4698080290 
-77.2222367142 0.0552336476 0.7666185474 0.4698052140 
-77.2352728029 0.0551942740 0.7669331357 0.4698021160 
-77.2484054388 0.0551546344 0.7672498968 0.4697987327 
-77.2616353538 0.0551147271 0.7675688436 0.4697950578 
-77.2749632886 0.0550745504 0.7678899891 0.4697910879 
-77.2883899930 0.0550341027 0.7682133465 0.4697868181 
-77.3019162256 0.0549933821 0.7685389290 0.4697822432 
-77.3155427543 0.0549523871 0.7688667500 0.4697773598 
-77.3292703558 0.0549111158 0.7691968228 0.4697721614 
-77.3430998170 0.0548695665 0.7695291611 0.4697666451 
-77.3570319335 0.0548277374 0.7698637785 0.4697608042 
-77.3710675110 0.0547856268 0.7702006888 0.4697546353 
-77.3852073649 0.0547432328 0.7705399058 0.4697481327 
-77.3994523205 0.0547005535 0.7708814435 0.4697412911 
-77.4138032134 0.0546575872 0.7712253160 0.4697341066 
-77.4282608889 0.0546143319 0.7715715376 0.4697265724 
-77.4428262032 0.0545707858 0.7719201225 0.4697186852 
-77.4575000228 0.0545269470 0.7722710851 0.4697104378 
-77.4722832249 0.0544828135 0.7726244400 0.4697018266 
-77.4871766974 0.0544383834 0.7729802019 0.4696928451 
-77.5021813394 0.0543936546 0.7733383854 0.4696834882 
-77.5172980610 0.0543486253 0.7736990055 0.4696737511 
-77.5325277836 0.0543032934 0.7740620771 0.4696636266 
-77.5478714404 0.0542576569 0.7744276154 0.4696531114 
-77.5633299756 0.0542117137 0.7747956355 0.4696421973 
-77.5789043458 0.0541654617 0.7751661527 0.4696308809 
-77.5945955193 0.0541188989 0.7755391826 0.4696191546 
-77.6104044767 0.0540720231 0.7759147406 0.4696070134 
-77.6263322109 0.0540248321 0.7762928425 0.4695944516 
-77.6423797273 0.0539773239 0.7766735039 0.4695814620 
-77.6585480441 0.0539294962 0.7770567409 0.4695680404 
-77.6748381922 0.0538813469 0.7774425695 0.4695541785 
-77.6912512161 0.0538328736 0.7778310057 0.4695398722 
-77.7077881730 0.0537840742 0.7782220659 0.4695251134 
-77.7244501340 0.0537349462 0.7786157664 0.4695098969 
-77.7412381838 0.0536854876 0.7790121237 0.4694942160 
-77.7581534210 0.0536356958 0.7794111544 0.4694780636 
-77.7751969584 0.0535855686 0.7798128752 0.4694614346 
-77.7923699229 0.0535351036 0.7802173031 0.4694443202 
-77.8096734565 0.0534842983 0.7806244549 0.4694267161 
-77.8271087153 0.0534331503 0.7810343478 0.4694086132 
-77.8446768711 0.0533816573 0.7814469989 0.4693900064 
-77.8623791104 0.0533298166 0.7818624256 0.4693708878 
-77.8802166355 0.0532776258 0.7822806454 0.4693512503 
-77.8981906643 0.0532250823 0.7827016758 0.4693310878 
-77.9163024307 0.0531721836 0.7831255344 0.4693103913 
-77.9345531849 0.0531189271 0.7835522392 0.4692891558 
-77.9529441933 0.0530653101 0.7839818080 0.4692673716 
-77.9714767395 0.0530113301 0.7844142589 0.4692450332 
-77.9901521236 0.0529569843 0.7848496101 0.4692221317 
-78.0089716632 0.0529022700 0.7852878797 0.4691986600 
-78.0279366936 0.0528471845 0.7857290864 0.4691746108 
-78.0470485674 0.0527917250 0.7861732485 0.4691499750 
-78.0663086559 0.0527358888 0.7866203847 0.4691247467 
-78.0857183483 0.0526796730 0.7870705138 0.4690989155 
-78.1052790529 0.0526230747 0.7875236547 0.4690724757 
-78.1249921964 0.0525660911 0.7879798264 0.4690454172 
-78.1448592253 0.0525087192 0.7884390480 0.4690177328 
-78.1648816056 0.0524509561 0.7889013388 0.4689894140 
-78.1850608228 0.0523927988 0.7893667180 0.4689604515 
-78.2053983832 0.0523342443 0.7898352053 0.4689308383 
-78.2258958131 0.0522752895 0.7903068201 0.4689005636 
-78.2465546601 0.0522159314 0.7907815821 0.4688696210 
-78.2673764928 0.0521561669 0.7912595113 0.4688379992 
-78.2883629015 0.0520959927 0.7917406275 0.4688056912 
-78.3095154982 0.0520354057 0.7922249508 0.4687726866 
-78.3308359175 0.0519744028 0.7927125013 0.4687389764 
-78.3523258163 0.0519129805 0.7932032993 0.4687045522 
-78.3739868747 0.0518511357 0.7936973653 0.4686694025 
-78.3958207964 0.0517888651 0.7941947196 0.4686335203 
-78.4178293082 0.0517261652 0.7946953828 0.4685968931 
-78.4400141620 0.0516630326 0.7951993758 0.4685595136 
-78.4623771335 0.0515994640 0.7957067192 0.4685213698 
-78.4849200239 0.0515354558 0.7962174340 0.4684824527 
-78.5076446596 0.0514710045 0.7967315413 0.4684427519 
-78.5305528926 0.0514061066 0.7972490621 0.4684022560 
-78.5536466018 0.0513407585 0.7977700176 0.4683609564 
-78.5769276920 0.0512749566 0.7982944292 0.4683188397 
-78.6003980960 0.0512086971 0.7988223183 0.4682758978 
-78.6240597736 0.0511419764 0.7993537063 0.4682321171 
-78.6479147129 0.0510747907 0.7998886150 0.4681874883 
-78.6719649306 0.0510071362 0.8004270658 0.4681419988 
-78.6962124724 0.0509390092 0.8009690807 0.4680956371 
-78.7206594138 0.0508704056 0.8015146814 0.4680483924 
-78.7453078598 0.0508013216 0.8020638899 0.4680002505 
-78.7701599467 0.0507317532 0.8026167283 0.4679512020 
-78.7952178412 0.0506616965 0.8031732185 0.4679012313 
-78.8204837423 0.0505911473 0.8037333828 0.4678503284 
-78.8459598808 0.0505201015 0.8042972434 0.4677984782 
-78.8716485203 0.0504485551 0.8048648227 0.4677456685 
-78.8975519579 0.0503765038 0.8054361429 0.4676918856 
-78.9236725243 0.0503039434 0.8060112264 0.4676371146 
-78.9500125853 0.0502308695 0.8065900959 0.4675813432 
-78.9765745411 0.0501572780 0.8071727738 0.4675245540 
-79.0033608282 0.0500831643 0.8077592827 0.4674667349 
-79.0303739191 0.0500085241 0.8083496452 0.4674078677 
-79.0576163237 0.0499333529 0.8089438841 0.4673479387 
-79.0850905892 0.0498576461 0.8095420219 0.4672869301 
-79.1127993014 0.0497813992 0.8101440816 0.4672248251 
-79.1407450853 0.0497046075 0.8107500857 0.4671616072 
-79.1689306051 0.0496272664 0.8113600572 0.4670972561 
-79.1973585661 0.0495493712 0.8119740188 0.4670317558 
-79.2260317143 0.0494709170 0.8125919934 0.4669650833 
-79.2549528382 0.0493918990 0.8132140038 0.4668972213 
-79.2841247684 0.0493123124 0.8138400727 0.4668281458 
-79.3135503796 0.0492321521 0.8144702232 0.4667578362 
-79.3432325905 0.0491514132 0.8151044778 0.4666862682 
-79.3731743649 0.0490700906 0.8157428595 0.4666134165 
-79.4033787127 0.0489881792 0.8163853911 0.4665392568 
-79.4338486906 0.0489056738 0.8170320952 0.4664637588 
-79.4645874031 0.0488225693 0.8176829945 0.4663868966 
-79.4955980030 0.0487388603 0.8183381118 0.4663086356 
-79.5268836931 0.0486545414 0.8189974697 0.4662289459 
-79.5584477262 0.0485696074 0.8196610906 0.4661477896 
-79.5902934070 0.0484840526 0.8203289970 0.4660651304 
-79.6224240922 0.0483978716 0.8210012115 0.4659809272 
-79.6548431921 0.0483110589 0.8216777562 0.4658951354 
-79.6875541717 0.0482236087 0.8223586535 0.4658077097 
-79.7205605511 0.0481355153 0.8230439254 0.4657185960 
-79.7538659075 0.0480467730 0.8237335939 0.4656277420 
-79.7874738754 0.0479573760 0.8244276810 0.4655350841 
-79.8213881488 0.0478673183 0.8251262084 0.4654405595 
-79.8556124810 0.0477765939 0.8258291978 0.4653440935 
-79.8901506875 0.0476851969 0.8265366705 0.4652456093 
-79.9250066457 0.0475931211 0.8272486481 0.4651450194 
-79.9601842971 0.0475003603 0.8279651515 0.4650422286 
-79.9956876486 0.0474069084 0.8286862017 0.4649371329 
-80.0315207732 0.0473127589 0.8294118196 0.4648296150 
-80.0676878123 0.0472179056 0.8301420258 0.4647195489 
-80.1041929765 0.0471223419 0.8308768405 0.4646067899 
-80.1410405475 0.0470260613 0.8316162839 0.4644911831 
-80.1782348791 0.0469290573 0.8323603759 0.4643725497 
-80.2157803999 0.0468313232 0.8331091363 0.4642506966 
-80.2536816134 0.0467328522 0.8338625843 0.4641254010 
-80.2919431013 0.0466336374 0.8346207391 0.4639964193 
-80.3305695238 0.0465336720 0.8353836195 0.4638634706 
-80.3695656226 0.0464329490 0.8361512442 0.4637262423 
-80.4089362217 0.0463314613 0.8369236313 0.4635843727 
-80.4486862297 0.0462292017 0.8377007988 0.4634374500 
-80.4888206412 0.0461261631 0.8384827641 0.4632849927 
-80.5293445384 0.0460223381 0.8392695446 0.4631264337 
-80.5702630920 0.0459177194 0.8400611569 0.4629610930 
-80.6115815615 0.0458122993 0.8408576173 0.4627881313 
-80.6533052939 0.0457060705 0.8416589417 0.4626064870 
-80.6954397206 0.0455990253 0.8424651451 0.4624147653 
-80.7379903486 0.0454911561 0.8432762417 0.4622110546 
-80.7809627441 0.0453824553 0.8440922443 0.4619926067 
-80.8243624978 0.0452729153 0.8449131639 0.4617552490 
-80.8681951518 0.0451625289 0.8457390077 0.4614922113 
-80.9124660185 0.0450512897 0.8465697758 0.4611914137 
-80.9571795972 0.0449391934 0.8474054495 0.4608270829 
-81.0023362634 0.0448262462 0.8482459262 0.4603139797 
-81.0479181527 0.0447124999 0.8490907419 0.4593109776 
-81.0940159066 0.0445977357 0.8499415727 0.4589278391 
-81.1405972301 0.0444820425 0.8507976545 0.4586372746 
-81.1629848303 0.0444265220 0.8512150583 0.4584973424 
