-80.9084915078 0.0450625094 0.8458863170 0.4699059418 
-80.9084204884 0.0450626879 0.8458848789 0.4698885794 
-80.9082785578 0.0450630446 0.8458820047 0.4698538376 
-80.9080659333 0.0450635790 0.8458776987 0.4698017127 
-80.9077829412 0.0450642902 0.8458719674 0.4697322698 
-80.9074300170 0.0450651772 0.8458648194 0.4696457157 
-80.9070075493 0.0450662390 0.8458562621 0.4695228415 
-80.9065167893 0.0450674725 0.8458463205 0.4694219292 
-80.9059581760 0.0450688765 0.8458350031 0.4693219456 
-80.9053322824 0.0450704497 0.8458223210 0.4692222489 
-80.9046396602 0.0450721907 0.8458082848 0.4691223224 
-80.9038808436 0.0450740982 0.8457929049 0.4690217541 
-80.9030563520 0.0450761708 0.8457761911 0.4689202182 
-80.9021666931 0.0450784074 0.8457581531 0.4688174564 
-80.9012123646 0.0450808066 0.8457388002 0.4687132632 
-80.9001938556 0.0450833674 0.8457181417 0.4686074726 
-80.8991116482 0.0450860884 0.8456961864 0.4684999485 
-80.8979662182 0.0450889686 0.8456729433 0.4683905763 
-80.8967580368 0.0450920067 0.8456484209 0.4682792579 
-80.8954875705 0.0450952017 0.8456226279 0.4681659065 
-80.8941552828 0.0450985524 0.8455955727 0.4680504438 
-80.8927616343 0.0451020577 0.8455672635 0.4679327981 
-80.8913070834 0.0451057164 0.8455377087 0.4678129018 
-80.8897920875 0.0451095274 0.8455069165 0.4676906910 
-80.8882171028 0.0451134897 0.8454748949 0.4675661041 
-80.8865825856 0.0451176021 0.8454416521 0.4674390813 
-80.8848889925 0.0451218635 0.8454071961 0.4673095641 
-80.8831367813 0.0451262728 0.8453715350 0.4671774948 
-80.8813264111 0.0451308288 0.8453346769 0.4670428168 
-80.8794583433 0.0451355306 0.8452966296 0.4669054738 
-80.8775330422 0.0451403768 0.8452574014 0.4667654101 
-80.8755509750 0.0451453665 0.8452170003 0.4666225705 
-80.8735126132 0.0451504984 0.8451754344 0.4664769000 
-80.8714184325 0.0451557715 0.8451327120 0.4663283441 
-80.8692689135 0.0451611845 0.8450888413 0.4661768483 
-80.8670645426 0.0451667362 0.8450438306 0.4660223583 
-80.8648058121 0.0451724256 0.8449976883 0.4658648202 
-80.8624932211 0.0451782513 0.8449504230 0.4657041799 
-80.8601272757 0.0451842121 0.8449020434 0.4655403833 
-80.8577084902 0.0451903068 0.8448525581 0.4653733765 
-80.8552373870 0.0451965342 0.8448019761 0.4652031054 
-80.8527144973 0.0452028929 0.8447503064 0.4650295158 
-80.8501403620 0.0452093817 0.8446975583 0.4648525533 
-80.8475155320 0.0452159991 0.8446437411 0.4646721635 
-80.8448405688 0.0452227439 0.8445888645 0.4644882915 
-80.8421160453 0.0452296146 0.8445329382 0.4643008822 
-80.8393425458 0.0452366099 0.8444759721 0.4641098803 
-80.8365206674 0.0452437282 0.8444179766 0.4639152299 
-80.8336510198 0.0452509681 0.8443589619 0.4637168750 
-80.8307342265 0.0452583281 0.8442989390 0.4635147588 
-80.8277709252 0.0452658066 0.8442379186 0.4633088243 
-80.8247617680 0.0452734020 0.8441759121 0.4630990138 
-80.8217074228 0.0452811128 0.8441129309 0.4628852692 
-80.8186085733 0.0452889371 0.8440489869 0.4626675315 
-80.8154659197 0.0452968734 0.8439840923 0.4624457413 
-80.8122801796 0.0453049199 0.8439182595 0.4622198385 
-80.8090520885 0.0453130747 0.8438515013 0.4619897622 
-80.8057824002 0.0453213360 0.8437838309 0.4617554508 
-80.8024718879 0.0453297019 0.8437152618 0.4615168419 
-80.7991213445 0.0453381705 0.8436458081 0.4612738722 
-80.7957315834 0.0453467397 0.8435754839 0.4610264776 
-80.7923034393 0.0453554076 0.8435043042 0.4607745931 
-80.7888377686 0.0453641719 0.8434322840 0.4605181527 
-80.7853354503 0.0453730306 0.8433594390 0.4602570896 
-80.7817973867 0.0453819813 0.8432857854 0.4599913357 
-80.7782245039 0.0453910219 0.8432113396 0.4597208222 
-80.7746177528 0.0454001499 0.8431361187 0.4594454788 
-80.7709781098 0.0454093629 0.8430601404 0.4591652346 
-80.7673065773 0.0454186585 0.8429834227 0.4588800172 
-80.7636041846 0.0454280341 0.8429059843 0.4585897532 
-80.7598719887 0.0454374870 0.8428278444 0.4582943678 
-80.7561110750 0.0454470145 0.8427490229 0.4579937851 
-80.7523225581 0.0454566140 0.8426695400 0.4576879280 
-80.7485075827 0.0454662824 0.8425894169 0.4573767181 
-80.7446673242 0.0454760170 0.8425086751 0.4570600754 
-80.7408029896 0.0454858146 0.8424273369 0.4567379188 
-80.7369158184 0.0454956721 0.8423454254 0.4564101658 
-80.7330070834 0.0455055865 0.8422629641 0.4560767324 
-80.7290780913 0.0455155543 0.8421799775 0.4557375332 
-80.7251301841 0.0455255723 0.8420964906 0.4553924814 
-80.7211647394 0.0455356369 0.8420125292 0.4550414886 
-80.7171831717 0.0455457446 0.8419281200 0.4546844649 
-80.7131869329 0.0455558917 0.8418432904 0.4543213189 
-80.7091775135 0.0455660746 0.8417580685 0.4539519576 
-80.7051564436 0.0455762893 0.8416724834 0.4535762866 
-80.7011252935 0.0455865318 0.8415865650 0.4531942095 
-80.6970856748 0.0455967982 0.8415003440 0.4528056287 
-80.6930392413 0.0456070841 0.8414138521 0.4524104447 
-80.6889876901 0.0456173853 0.8413271218 0.4520085564 
-80.6849327625 0.0456276975 0.8412401867 0.4515998612 
-80.6808762447 0.0456380160 0.8411530813 0.4511842545 
-80.6768199694 0.0456483362 0.8410658408 0.4507616304 
-80.6727658162 0.0456586533 0.8409785019 0.4503318809 
-80.6687157129 0.0456689625 0.8408911020 0.4498948965 
-80.6646716365 0.0456792586 0.8408036797 0.4494505660 
-80.6606356143 0.0456895366 0.8407162744 0.4489987765 
-80.6566097248 0.0456997911 0.8406289271 0.4485394132 
-80.6525960986 0.0457100167 0.8405416794 0.4480723599 
-80.6485969201 0.0457202078 0.8404545744 0.4475974983 
-80.6446144277 0.0457303588 0.8403676562 0.4471147086 
-80.6406509157 0.0457404636 0.8402809702 0.4466238694 
-80.6367087348 0.0457505164 0.8401945629 0.4461248575 
-80.6327902934 0.0457605109 0.8401084822 0.4456175480 
-80.6288980589 0.0457704408 0.8400227771 0.4451018144 
-80.6250345584 0.0457802997 0.8399374980 0.4445775285 
-80.6212023802 0.0457900810 0.8398526966 0.4440445607 
-80.6174041746 0.0457997777 0.8397684260 0.4435027795 
-80.6136426555 0.0458093829 0.8396847405 0.4429520521 
-80.6099206008 0.0458188896 0.8396016960 0.4423922442 
-80.6062408545 0.0458282904 0.8395193496 0.4418232200 
-80.6026063268 0.0458375777 0.8394377601 0.4412448420 
-80.5990199960 0.0458467440 0.8393569875 0.4406569718 
-80.5954849096 0.0458557815 0.8392770934 0.4400594694 
-80.5920041849 0.0458646819 0.8391981410 0.4394521936 
-80.5885810107 0.0458734373 0.8391201951 0.4388350019 
-80.5852186484 0.0458820391 0.8390433216 0.4382077509 
-80.5819204328 0.0458904788 0.8389675886 0.4375702959 
-80.5786897737 0.0458987475 0.8388930655 0.4369224915 
-80.5755301566 0.0459068363 0.8388198232 0.4362641911 
-80.5724451443 0.0459147360 0.8387479345 0.4355952474 
-80.5694383778 0.0459224372 0.8386774738 0.4349155127 
-80.5665135775 0.0459299303 0.8386085172 0.4342248381 
-80.5636745443 0.0459372054 0.8385411425 0.4335230748 
-80.5609251607 0.0459442526 0.8384754292 0.4328100733 
-80.5582693921 0.0459510617 0.8384114586 0.4320856838 
-80.5557112878 0.0459576221 0.8383493139 0.4313497566 
-80.5532549822 0.0459639232 0.8382890799 0.4306021417 
-80.5509046958 0.0459699541 0.8382308432 0.4298426894 
-80.5486647363 0.0459757037 0.8381746925 0.4290712504 
-80.5465394999 0.0459811607 0.8381207182 0.4282876755 
-80.5445334720 0.0459863134 0.8380690124 0.4274918164 
-80.5426512286 0.0459911500 0.8380196692 0.4266835255 
-80.5408974374 0.0459956586 0.8379727848 0.4258626559 
-80.5392768586 0.0459998269 0.8379284571 0.4250290619 
-80.5377943458 0.0460036423 0.8378867858 0.4241825994 
-80.5364548476 0.0460070921 0.8378478728 0.4233231252 
-80.5352634082 0.0460101632 0.8378118217 0.4224504983 
-80.5342251681 0.0460128426 0.8377787383 0.4215645791 
-80.5333453659 0.0460151167 0.8377487301 0.4206652306 
-80.5326293384 0.0460169717 0.8377219067 0.4197523175 
-80.5320825222 0.0460183938 0.8376983796 0.4188257074 
-80.5317104541 0.0460193686 0.8376782624 0.4178852706 
-80.5315187725 0.0460198818 0.8376616704 0.4169308801 
-80.5315132179 0.0460199186 0.8376487212 0.4159624123 
-80.5316996340 0.0460194640 0.8376395341 0.4149797470 
-80.5320839685 0.0460185029 0.8376342304 0.4139827674 
-80.5326722740 0.0460170197 0.8376329335 0.4129713609 
-80.5334707086 0.0460149988 0.8376357687 0.4119454188 
-80.5344855373 0.0460124242 0.8376428631 0.4109048369 
-80.5357231320 0.0460092796 0.8376543458 0.4098495155 
-80.5371899729 0.0460055485 0.8376703480 0.4087793598 
-80.5388926492 0.0460012143 0.8376910026 0.4076942800 
-80.5408378596 0.0459962599 0.8377164444 0.4065941918 
-80.5430324132 0.0459906682 0.8377468101 0.4054790163 
-80.5454832306 0.0459844215 0.8377822384 0.4043486806 
-80.5481973439 0.0459775021 0.8378228695 0.4032031177 
-80.5511818981 0.0459698921 0.8378688458 0.4020422667 
-80.5544441518 0.0459615733 0.8379203111 0.4008660737 
-80.5579914775 0.0459525270 0.8379774113 0.3996744910 
-80.5618313627 0.0459427345 0.8380402938 0.3984674781 
-80.5659714107 0.0459321770 0.8381091078 0.3972450017 
-80.5704193411 0.0459208350 0.8381840040 0.3960070356 
-80.5751829907 0.0459086891 0.8382651350 0.3947535614 
-80.5802703144 0.0458957197 0.8383526547 0.3934845682 
-80.5856893858 0.0458819067 0.8384467187 0.3922000532 
-80.5914483984 0.0458672298 0.8385474841 0.3909000216 
-80.5975556660 0.0458516687 0.8386551094 0.3895844868 
-80.6040196237 0.0458352027 0.8387697546 0.3882534706 
-80.6108488291 0.0458178108 0.8388915810 0.3869070033 
-80.6180519632 0.0457994718 0.8390207513 0.3855451238 
-80.6256378310 0.0457801644 0.8391574292 0.3841678799 
-80.6336153632 0.0457598670 0.8393017800 0.3827753282 
-80.6419936168 0.0457385577 0.8394539699 0.3813675340 
-80.6507817766 0.0457162145 0.8396141663 0.3799445721 
-80.6599891563 0.0456928150 0.8397825375 0.3785065261 
-80.6696251998 0.0456683367 0.8399592531 0.3770534887 
-80.6796994828 0.0456427570 0.8401444832 0.3755855621 
-80.6902217141 0.0456160528 0.8403383991 0.3741028576 
-80.7012017375 0.0455882010 0.8405411727 0.3726054956 
-80.7126495330 0.0455591782 0.8407529766 0.3710936061 
-80.7245752190 0.0455289609 0.8409739843 0.3695673283 
-80.7369890541 0.0454975252 0.8412043696 0.3680268106 
-80.7499014392 0.0454648472 0.8414443069 0.3664722108 
-80.7633229197 0.0454309027 0.8416939711 0.3649036958 
-80.7772641876 0.0453956672 0.8419535374 0.3633214420 
-80.7917360842 0.0453591162 0.8422231814 0.3617256348 
-80.8067496027 0.0453212250 0.8425030786 0.3601164688 
-80.8223158908 0.0452819683 0.8427934050 0.3584941476 
-80.8384462542 0.0452413212 0.8430943365 0.3568588841 
-80.8551521589 0.0451992583 0.8434060490 0.3552108998 
-80.8724452354 0.0451557538 0.8437287181 0.3535504252 
-80.8903372816 0.0451107822 0.8440625195 0.3518776996 
-80.9088402672 0.0450643174 0.8444076285 0.3501929709 
-80.9279663369 0.0450163332 0.8447642198 0.3484964956 
-80.9477278154 0.0449668035 0.8451324682 0.3467885383 
-80.9681372114 0.0449157015 0.8455125473 0.3450693721 
-80.9892072223 0.0448630006 0.8459046306 0.3433392779 
-81.0109507395 0.0448086740 0.8463088906 0.3415985445 
-81.0333808534 0.0447526944 0.8467254990 0.3398474679 
-81.0565108591 0.0446950347 0.8471546268 0.3380863517 
-81.0803542620 0.0446356672 0.8475964438 0.3363155061 
-81.1049247844 0.0445745645 0.8480511187 0.3345352476 
-81.1302363715 0.0445116985 0.8485188191 0.3327458987 
-81.1563031986 0.0444470412 0.8489997112 0.3309477871 
-81.1831396779 0.0443805643 0.8494939600 0.3291412451 
-81.2107604666 0.0443122394 0.8500017289 0.3273266088 
-81.2391804741 0.0442420378 0.8505231796 0.3255042166 
-81.2684148710 0.0441699306 0.8510584722 0.3236744087 
-81.2984790975 0.0440958886 0.8516077650 0.3218375251 
-81.3293888723 0.0440198827 0.8521712143 0.3199939041 
-81.3611602028 0.0439418832 0.8527489745 0.3181438798 
-81.3938093947 0.0438618604 0.8533411977 0.3162877803 
-81.4273530627 0.0437797842 0.8539480338 0.3144259237 
-81.4618081415 0.0436956246 0.8545696304 0.3125586151 
-81.4971918974 0.0436093509 0.8552061325 0.3106861417 
-81.5335219404 0.0435209326 0.8558576824 0.3088087675 
-81.5708162370 0.0434303386 0.8565244198 0.3069267267 
-81.6090931232 0.0433375377 0.8572064814 0.3050402154 
-81.6483713187 0.0432424985 0.8579040009 0.3031493821 
-81.6886699415 0.0431451892 0.8586171088 0.3012543155 
-81.7300085226 0.0430455777 0.8593459324 0.2993550298 
-81.7724070228 0.0429436317 0.8600905953 0.2974514469 
-81.8158858489 0.0428393187 0.8608512179 0.2955433743 
-81.8604658712 0.0427326056 0.8616279164 0.2936304783 
-81.9061684425 0.0426234593 0.8624208033 0.2917122506 
-81.9530154168 0.0425118461 0.8632299871 0.2897879689 
-82.0010291702 0.0423977322 0.8640555718 0.2878566471 
-82.0502326216 0.0422810833 0.8648976571 0.2859169761 
-82.1006492561 0.0421618648 0.8657563382 0.2839672530 
-82.1523031479 0.0420400417 0.8666317054 0.2820052969 
-82.2052189860 0.0419155786 0.8675238441 0.2800283528 
-82.2594221005 0.0417884398 0.8684328345 0.2780329870 
-82.3149384903 0.0416585891 0.8693587515 0.2760149838 
-82.3717948535 0.0415259898 0.8703016646 0.2739692682 
-82.4300186183 0.0413906048 0.8712616373 0.2718899025 
-82.4896379762 0.0412523966 0.8722387275 0.2697702416 
-82.5506819171 0.0411113271 0.8732329869 0.2676033396 
-82.6131802646 0.0409673578 0.8742444607 0.2653827330 
-82.6771637223 0.0408204495 0.8752731880 0.2631118977 
-82.7426639872 0.0406705624 0.8763192021 0.2608793144 
-82.8097136246 0.0405176563 0.8773825279 0.2588278829 
-82.8783457568 0.0403616912 0.8784631759 0.2569967740 
-82.9485941218 0.0402026277 0.8795611417 0.2553471518 
-82.9536026333 0.0401913085 0.8796393755 0.2552702713 
