-75.8709834072 0.0594540077 0.7334492408 0.4699056999 
-75.8711066325 0.0594536102 0.7334521991 0.4698966930 
-75.8713531389 0.0594528152 0.7334581173 0.4698777059 
-75.8717230590 0.0594516221 0.7334669991 0.4698468559 
-75.8722166479 0.0594500301 0.7334788517 0.4698015480 
-75.8728343502 0.0594480380 0.7334936879 0.4697387676 
-75.8735532585 0.0594457197 0.7335108316 0.4694208098 
-75.8744287529 0.0594428962 0.7335319155 0.4693514935 
-75.8754372611 0.0594396438 0.7335562438 0.4692852480 
-75.8765798906 0.0594359590 0.7335838482 0.4692217123 
-75.8778577795 0.0594318381 0.7336147614 0.4691609503 
-75.8792720663 0.0594272777 0.7336490161 0.4691031716 
-75.8808238644 0.0594222741 0.7336866440 0.4690484999 
-75.8825142562 0.0594168239 0.7337276758 0.4689969336 
-75.8843443005 0.0594109239 0.7337721414 0.4689484205 
-75.8863150368 0.0594045708 0.7338200701 0.4689028919 
-75.8884274857 0.0593977615 0.7338714905 0.4688602550 
-75.8906826515 0.0593904928 0.7339264306 0.4688204096 
-75.8930815255 0.0593827617 0.7339849178 0.4687832653 
-75.8956250862 0.0593745652 0.7340469793 0.4687487276 
-75.8983143001 0.0593659003 0.7341126415 0.4687166960 
-75.9011501236 0.0593567642 0.7341819306 0.4686870675 
-75.9041335049 0.0593471539 0.7342548725 0.4686597398 
-75.9072653859 0.0593370667 0.7343314926 0.4686346146 
-75.9105467032 0.0593264997 0.7344118162 0.4686115981 
-75.9139783902 0.0593154501 0.7344958682 0.4685906009 
-75.9175613779 0.0593039153 0.7345836735 0.4685715378 
-75.9212965964 0.0592918924 0.7346752569 0.4685543275 
-75.9251849757 0.0592793787 0.7347706427 0.4685388922 
-75.9292274474 0.0592663715 0.7348698557 0.4685251573 
-75.9334249455 0.0592528680 0.7349729200 0.4685130517 
-75.9377784077 0.0592388657 0.7350798603 0.4685025071 
-75.9422887761 0.0592243616 0.7351907008 0.4684934585 
-75.9469569987 0.0592093532 0.7353054661 0.4684858435 
-75.9517840299 0.0591938377 0.7354241807 0.4684796024 
-75.9567708321 0.0591778123 0.7355468691 0.4684746774 
-75.9619183757 0.0591612743 0.7356735562 0.4684710135 
-75.9672276411 0.0591442210 0.7358042666 0.4684685573 
-75.9726996187 0.0591266495 0.7359390256 0.4684672580 
-75.9783353103 0.0591085571 0.7360778582 0.4684670667 
-75.9841357300 0.0590899408 0.7362207899 0.4684679364 
-75.9901019045 0.0590707980 0.7363678464 0.4684698217 
-75.9962348744 0.0590511256 0.7365190534 0.4684726791 
-76.0025356950 0.0590309208 0.7366744373 0.4684764662 
-76.0090054367 0.0590101806 0.7368340244 0.4684811424 
-76.0156451864 0.0589889021 0.7369978415 0.4684866683 
-76.0224560477 0.0589670822 0.7371659156 0.4684930061 
-76.0294391421 0.0589447179 0.7373382743 0.4685001194 
-76.0365956094 0.0589218061 0.7375149453 0.4685079730 
-76.0439266086 0.0588983437 0.7376959567 0.4685165325 
-76.0514333189 0.0588743274 0.7378813373 0.4685257647 
-76.0591169400 0.0588497541 0.7380711159 0.4685356372 
-76.0669786931 0.0588246205 0.7382653220 0.4685461188 
-76.0750198216 0.0587989232 0.7384639855 0.4685571793 
-76.0832415918 0.0587726589 0.7386671367 0.4685687894 
-76.0916452938 0.0587458241 0.7388748064 0.4685809206 
-76.1002322419 0.0587184154 0.7390870260 0.4685935449 
-76.1090037756 0.0586904291 0.7393038273 0.4686066352 
-76.1179612602 0.0586618618 0.7395252426 0.4686201649 
-76.1271060878 0.0586327097 0.7397513049 0.4686341079 
-76.1364396777 0.0586029690 0.7399820475 0.4686484392 
-76.1459634773 0.0585726361 0.7402175046 0.4686631342 
-76.1556789629 0.0585417070 0.7404577107 0.4686781688 
-76.1655876404 0.0585101777 0.7407027011 0.4686935194 
-76.1756910462 0.0584780444 0.7409525116 0.4687091626 
-76.1859907476 0.0584453029 0.7412071785 0.4687250755 
-76.1964883442 0.0584119490 0.7414667391 0.4687412355 
-76.2071854681 0.0583779785 0.7417312311 0.4687576207 
-76.2180837850 0.0583433872 0.7420006929 0.4687742094 
-76.2291849953 0.0583081706 0.7422751636 0.4687909804 
-76.2404908341 0.0582723243 0.7425546831 0.4688079125 
-76.2520030729 0.0582358437 0.7428392918 0.4688249846 
-76.2637235201 0.0581987242 0.7431290309 0.4688421760 
-76.2756540217 0.0581609610 0.7434239426 0.4688594661 
-76.2877964628 0.0581225494 0.7437240695 0.4688768346 
-76.3001527676 0.0580834844 0.7440294551 0.4688942615 
-76.3127249012 0.0580437610 0.7443401437 0.4689117269 
-76.3255148701 0.0580033742 0.7446561805 0.4689292110 
-76.3385247232 0.0579623187 0.7449776113 0.4689466937 
-76.3517565527 0.0579205893 0.7453044829 0.4689641553 
-76.3652124955 0.0578781806 0.7456368427 0.4689815758 
-76.3788947339 0.0578350870 0.7459747393 0.4689989357 
-76.3928054966 0.0577913030 0.7463182220 0.4690162154 
-76.4069470600 0.0577468228 0.7466673408 0.4690333954 
-76.4213217494 0.0577016407 0.7470221470 0.4690504560 
-76.4359319396 0.0576557506 0.7473826923 0.4690673774 
-76.4507800567 0.0576091466 0.7477490299 0.4690841395 
-76.4658685788 0.0575618225 0.7481212135 0.4691007224 
-76.4812000377 0.0575137720 0.7484992979 0.4691171062 
-76.4967770197 0.0574649886 0.7488833389 0.4691332708 
-76.5126021671 0.0574154659 0.7492733933 0.4691491961 
-76.5286781795 0.0573651972 0.7496695189 0.4691648618 
-76.5450078154 0.0573141757 0.7500717744 0.4691802473 
-76.5615938930 0.0572623945 0.7504802197 0.4691953315 
-76.5784392921 0.0572098465 0.7508949157 0.4692100936 
-76.5955469557 0.0571565245 0.7513159243 0.4692245123 
-76.6129198911 0.0571024211 0.7517433086 0.4692385664 
-76.6305611717 0.0570475290 0.7521771326 0.4692522342 
-76.6484739385 0.0569918404 0.7526174618 0.4692654941 
-76.6666614019 0.0569353475 0.7530643623 0.4692783237 
-76.6851268433 0.0568780426 0.7535179018 0.4692907004 
-76.7038736168 0.0568199173 0.7539781490 0.4693026013 
-76.7229051511 0.0567609636 0.7544451738 0.4693140032 
-76.7422249515 0.0567011729 0.7549190473 0.4693248826 
-76.7618366013 0.0566405368 0.7553998417 0.4693352160 
-76.7817437645 0.0565790464 0.7558876307 0.4693449791 
-76.8019501872 0.0565166928 0.7563824891 0.4693541472 
-76.8224597000 0.0564534669 0.7568844929 0.4693626951 
-76.8432762201 0.0563893595 0.7573937196 0.4693705972 
-76.8644037534 0.0563243610 0.7579102479 0.4693778276 
-76.8858463972 0.0562584617 0.7584341577 0.4693843597 
-76.9076083421 0.0561916520 0.7589655305 0.4693901669 
-76.9296938747 0.0561239216 0.7595044490 0.4693952218 
-76.9521073800 0.0560552603 0.7600509974 0.4693994966 
-76.9748533441 0.0559856577 0.7606052612 0.4694029624 
-76.9979363568 0.0559151031 0.7611673273 0.4694055902 
-77.0213611143 0.0558435855 0.7617372843 0.4694073503 
-77.0451324224 0.0557710939 0.7623152220 0.4694082122 
-77.0692551990 0.0556976170 0.7629012317 0.4694081455 
-77.0937344775 0.0556231432 0.7634954064 0.4694071185 
-77.1185754099 0.0555476606 0.7640978405 0.4694050993 
-77.1437832696 0.0554711572 0.7647086299 0.4694020548 
-77.1693634554 0.0553936207 0.7653278721 0.4693979513 
-77.1953214946 0.0553150386 0.7659556663 0.4693927544 
-77.2216630467 0.0552353981 0.7665921131 0.4693864290 
-77.2483939071 0.0551546860 0.7672373149 0.4693789394 
-77.2755200108 0.0550728891 0.7678913756 0.4693702492 
-77.3030474367 0.0549899937 0.7685544010 0.4693603209 
-77.3309824111 0.0549059859 0.7692264982 0.4693491163 
-77.3593313125 0.0548208516 0.7699077764 0.4693365962 
-77.3881006757 0.0547345762 0.7705983462 0.4693227203 
-77.4172971963 0.0546471449 0.7712983201 0.4693074478 
-77.4469277358 0.0545585427 0.7720078124 0.4692907368 
-77.4769993256 0.0544687541 0.7727269390 0.4692725448 
-77.5075191729 0.0543777634 0.7734558177 0.4692528279 
-77.5384946652 0.0542855545 0.7741945682 0.4692315417 
-77.5699333762 0.0541921109 0.7749433118 0.4692086400 
-77.6018430709 0.0540974160 0.7757021717 0.4691840760 
-77.6342317116 0.0540014525 0.7764712730 0.4691578016 
-77.6671074637 0.0539042030 0.7772507428 0.4691297678 
-77.7004787021 0.0538056496 0.7780407097 0.4690999246 
-77.7343540173 0.0537057741 0.7788413046 0.4690682208 
-77.7687422222 0.0536045578 0.7796526599 0.4690346039 
-77.8036523589 0.0535019816 0.7804749103 0.4689990204 
-77.8390937054 0.0533980262 0.7813081920 0.4689614150 
-77.8750757836 0.0532926717 0.7821526434 0.4689217314 
-77.9116083666 0.0531858976 0.7830084048 0.4688799119 
-77.9487014863 0.0530776834 0.7838756182 0.4688358979 
-77.9863654421 0.0529680077 0.7847544278 0.4687896291 
-78.0246108091 0.0528568490 0.7856449795 0.4687410440 
-78.0634484468 0.0527441851 0.7865474213 0.4686900795 
-78.1028895082 0.0526299933 0.7874619028 0.4686366710 
-78.1429454496 0.0525142505 0.7883885759 0.4685807520 
-78.1836280400 0.0523969332 0.7893275940 0.4685222548 
-78.2249493714 0.0522780171 0.7902791125 0.4684611098 
-78.2669218694 0.0521574777 0.7912432889 0.4683972460 
-78.3095583043 0.0520352896 0.7922202820 0.4683305905 
-78.3528718021 0.0519114271 0.7932102529 0.4682610687 
-78.3968758565 0.0517858638 0.7942133642 0.4681886040 
-78.4415843413 0.0516585728 0.7952297801 0.4681131173 
-78.4870115230 0.0515295266 0.7962596668 0.4680345276 
-78.5331720737 0.0513986969 0.7973031919 0.4679527515 
-78.5800810857 0.0512660551 0.7983605247 0.4678677032 
-78.6277540848 0.0511315717 0.7994318359 0.4677792943 
-78.6762070460 0.0509952166 0.8005172979 0.4676874337 
-78.7254564083 0.0508569591 0.8016170842 0.4675920272 
-78.7755190912 0.0507167678 0.8027313698 0.4674929769 
-78.8264125112 0.0505746104 0.8038603308 0.4673901810 
-78.8781545992 0.0504304542 0.8050041445 0.4672835333 
-78.9307638187 0.0502842656 0.8061629893 0.4671729228 
-78.9842591847 0.0501360102 0.8073370444 0.4670582330 
-79.0386602831 0.0499856528 0.8085264898 0.4669393411 
-79.0939872915 0.0498331577 0.8097315062 0.4668161169 
-79.1502610005 0.0496784881 0.8109522748 0.4666884214 
-79.2075028356 0.0495216064 0.8121889773 0.4665561054 
-79.2657348808 0.0493624743 0.8134417953 0.4664190070 
-79.3249799029 0.0492010526 0.8147109107 0.4662769494 
-79.3852613765 0.0490373012 0.8159965051 0.4661297379 
-79.4466035109 0.0488711789 0.8172987597 0.4659771560 
-79.5090312776 0.0487026440 0.8186178553 0.4658189604 
-79.5725704394 0.0485316535 0.8199539716 0.4656548750 
-79.6372475810 0.0483581637 0.8213072875 0.4654845831 
-79.7030901408 0.0481821297 0.8226779803 0.4653077170 
-79.7701264447 0.0480035056 0.8240662259 0.4651238462 
-79.8383857414 0.0478222447 0.8254721981 0.4649324612 
-79.9078982398 0.0476382991 0.8268960688 0.4647329534 
-79.9786951487 0.0474516197 0.8283380071 0.4645245903 
-80.0508087181 0.0472621565 0.8297981792 0.4643064818 
-80.1242722847 0.0470698583 0.8312767483 0.4640775385 
-80.1991203181 0.0468746726 0.8327738740 0.4638364153 
-80.2753884717 0.0466765459 0.8342897118 0.4635814351 
-80.3531136360 0.0464754234 0.8358244131 0.4633104788 
-80.4323339936 0.0462712490 0.8373781245 0.4630208158 
-80.5130890739 0.0460639652 0.8389509871 0.4627088099 
-80.5954197985 0.0458535133 0.8405431363 0.4623693435 
-80.6793684902 0.0456398335 0.8421546994 0.4619945217 
-80.7649787665 0.0454228652 0.8437857921 0.4615703760 
-80.8522950201 0.0452025482 0.8454365062 0.4610670762 
-80.9413597781 0.0449788299 0.8471068549 0.4603979660 
-81.0321747674 0.0447517623 0.8487960038 0.4588756185 
-81.1249311067 0.0445209273 0.8505068213 0.4582349737 
-81.1473413330 0.0444653061 0.8509253040 0.4580958719 
