-83.0985026572 0.0398624728 0.8831541476 0.4989680833 
-83.0986232132 0.0398622025 0.8831559711 0.4989649580 
-83.0988643406 0.0398616618 0.8831596182 0.4989587311 
-83.0992260704 0.0398608507 0.8831650893 0.4989494488 
-83.0997084490 0.0398597690 0.8831723849 0.4989371788 
-83.1003115381 0.0398584167 0.8831815057 0.4989220077 
-83.1010353091 0.0398567939 0.8831924508 0.4988914805 
-83.1018801003 0.0398548998 0.8832052251 0.4988730329 
-83.1028459069 0.0398527345 0.8832198280 0.4988538679 
-83.1039328434 0.0398502977 0.8832362607 0.4988339892 
-83.1051410368 0.0398475893 0.8832545244 0.4988134030 
-83.1064706261 0.0398446089 0.8832746207 0.4987921187 
-83.1079217622 0.0398413562 0.8832965509 0.4987701475 
-83.1094946084 0.0398378311 0.8833203169 0.4987475031 
-83.1111893399 0.0398340331 0.8833459202 0.4987242002 
-83.1130061442 0.0398299619 0.8833733628 0.4987002552 
-83.1149452208 0.0398256171 0.8834026466 0.4986756850 
-83.1170067814 0.0398209984 0.8834337738 0.4986505073 
-83.1191910496 0.0398161053 0.8834667464 0.4986247400 
-83.1214982613 0.0398109374 0.8835015668 0.4985984010 
-83.1239286645 0.0398054942 0.8835382374 0.4985715079 
-83.1264825193 0.0397997753 0.8835767607 0.4985440780 
-83.1291600978 0.0397937801 0.8836171392 0.4985161279 
-83.1319616843 0.0397875082 0.8836593758 0.4984876732 
-83.1348875754 0.0397809589 0.8837034733 0.4984587288 
-83.1379380797 0.0397741318 0.8837494344 0.4984293083 
-83.1411135178 0.0397670263 0.8837972624 0.4983994242 
-83.1444142230 0.0397596416 0.8838469603 0.4983690876 
-83.1478405403 0.0397519773 0.8838985313 0.4983383084 
-83.1513928272 0.0397440327 0.8839519788 0.4983070949 
-83.1550714535 0.0397358070 0.8840073062 0.4982754538 
-83.1588768014 0.0397272996 0.8840645170 0.4982433904 
-83.1628092651 0.0397185098 0.8841236149 0.4982109084 
-83.1668692516 0.0397094369 0.8841846036 0.4981780098 
-83.1710571802 0.0397000800 0.8842474869 0.4981446949 
-83.1753734827 0.0396904385 0.8843122688 0.4981109623 
-83.1798186035 0.0396805114 0.8843789533 0.4980768090 
-83.1843929996 0.0396702981 0.8844475446 0.4980422300 
-83.1890971407 0.0396597976 0.8845180467 0.4980072186 
-83.1939315093 0.0396490091 0.8845904642 0.4979717661 
-83.1988966005 0.0396379317 0.8846648013 0.4979358621 
-83.2039929228 0.0396265645 0.8847410626 0.4978994939 
-83.2092209971 0.0396149065 0.8848192527 0.4978626469 
-83.2145813578 0.0396029568 0.8848993763 0.4978253044 
-83.2200745524 0.0395907145 0.8849814382 0.4977874471 
-83.2257011414 0.0395781785 0.8850654433 0.4977490537 
-83.2314616990 0.0395653479 0.8851513967 0.4977101003 
-83.2373568127 0.0395522215 0.8852393033 0.4976705603 
-83.2433870836 0.0395387983 0.8853291683 0.4976304044 
-83.2495531264 0.0395250773 0.8854209972 0.4975896004 
-83.2558555699 0.0395110573 0.8855147951 0.4975481133 
-83.2622950565 0.0394967371 0.8856105676 0.4975059048 
-83.2688722430 0.0394821157 0.8857083203 0.4974629334 
-83.2755878001 0.0394671919 0.8858080587 0.4974191544 
-83.2824424131 0.0394519644 0.8859097888 0.4973745199 
-83.2894367817 0.0394364321 0.8860135162 0.4973289787 
-83.2965716204 0.0394205936 0.8861192470 0.4972824765 
-83.3038476585 0.0394044477 0.8862269871 0.4972349564 
-83.3112656403 0.0393879932 0.8863367428 0.4971863589 
-83.3188263252 0.0393712286 0.8864485203 0.4971366231 
-83.3265304883 0.0393541527 0.8865623258 0.4970856872 
-83.3343789200 0.0393367641 0.8866781659 0.4970334903 
-83.3423724266 0.0393190613 0.8867960470 0.4969799739 
-83.3505118304 0.0393010430 0.8869159758 0.4969250847 
-83.3587979699 0.0392827077 0.8870379590 0.4968687779 
-83.3672317000 0.0392640540 0.8871620034 0.4968110215 
-83.3758138922 0.0392450803 0.8872881159 0.4967518026 
-83.3845454349 0.0392257851 0.8874163036 0.4966911345 
-83.3934272332 0.0392061668 0.8875465737 0.4966290658 
-83.4024602096 0.0391862239 0.8876789332 0.4965656905 
-83.4116453037 0.0391659549 0.8878133895 0.4965011585 
-83.4209834722 0.0391453579 0.8879499501 0.4964356820 
-83.4304756889 0.0391244314 0.8880886223 0.4963695361 
-83.4401229442 0.0391031738 0.8882294139 0.4963030478 
-83.4450245937 0.0390923771 0.8883008929 0.4962696145 
-83.4500827944 0.0390812385 0.8883746197 0.4962351763 
-83.4552980732 0.0390697571 0.8884505983 0.4961997944 
-83.4606709730 0.0390579319 0.8885288327 0.4961635221 
-83.4662020532 0.0390457620 0.8886093269 0.4961264047 
-83.4718918893 0.0390332464 0.8886920853 0.4960884806 
-83.4777410734 0.0390203843 0.8887771120 0.4960497819 
-83.4837502137 0.0390071744 0.8888644116 0.4960103348 
-83.4899199352 0.0389936158 0.8889539885 0.4959701604 
-83.4962508791 0.0389797075 0.8890458474 0.4959292748 
-83.5027437034 0.0389654483 0.8891399929 0.4958876897 
-83.5093990825 0.0389508371 0.8892364298 0.4958454129 
-83.5162177079 0.0389358727 0.8893351629 0.4958024482 
-83.5232002877 0.0389205540 0.8894361974 0.4957587962 
-83.5303475470 0.0389048798 0.8895395382 0.4957144540 
-83.5376602280 0.0388888489 0.8896451904 0.4956694160 
-83.5451390899 0.0388724600 0.8897531594 0.4956236735 
-83.5527849095 0.0388557118 0.8898634504 0.4955772150 
-83.5605984807 0.0388386031 0.8899760688 0.4955300265 
-83.5685806152 0.0388211324 0.8900910201 0.4954820914 
-83.5767321421 0.0388032985 0.8902083099 0.4954333903 
-83.5850539085 0.0387851000 0.8903279439 0.4953839012 
-83.5935467795 0.0387665354 0.8904499278 0.4953335997 
-83.6022116383 0.0387476033 0.8905742674 0.4952824584 
-83.6110493862 0.0387283023 0.8907009686 0.4952304472 
-83.6200609433 0.0387086309 0.8908300373 0.4951775327 
-83.6292472481 0.0386885875 0.8909614797 0.4951236788 
-83.6386092578 0.0386681706 0.8910953019 0.4950688456 
-83.6481479490 0.0386473787 0.8912315101 0.4950129897 
-83.6578643171 0.0386262101 0.8913701105 0.4949560639 
-83.6677593770 0.0386046632 0.8915111095 0.4948980167 
-83.6778341634 0.0385827364 0.8916545136 0.4948387919 
-83.6880897305 0.0385604279 0.8918003292 0.4947783284 
-83.6985271529 0.0385377362 0.8919485630 0.4947165598 
-83.7091475251 0.0385146593 0.8920992215 0.4946534134 
-83.7199519625 0.0384911957 0.8922523116 0.4945888104 
-83.7309416010 0.0384673434 0.8924078399 0.4945226644 
-83.7421175979 0.0384431006 0.8925658134 0.4944548815 
-83.7534811315 0.0384184656 0.8927262389 0.4943853592 
-83.7650334019 0.0383934364 0.8928891235 0.4943139855 
-83.7767756312 0.0383680110 0.8930544743 0.4942406381 
-83.7887090637 0.0383421876 0.8932222983 0.4941651832 
-83.8008349663 0.0383159642 0.8933926028 0.4940874749 
-83.8131546290 0.0382893388 0.8935653951 0.4940073532 
-83.8256693651 0.0382623094 0.8937406824 0.4939246436 
-83.8383805116 0.0382348738 0.8939184722 0.4938391549 
-83.8512894297 0.0382070299 0.8940987720 0.4937506782 
-83.8643975054 0.0381787757 0.8942815893 0.4936589849 
-83.8777061495 0.0381501090 0.8944669317 0.4935638254 
-83.8912167987 0.0381210275 0.8946548070 0.4934649267 
-83.9049309156 0.0380915291 0.8948452229 0.4933619912 
-83.9188499897 0.0380616115 0.8950381871 0.4932546943 
-83.9329755378 0.0380312723 0.8952337078 0.4931426826 
-83.9473091044 0.0380005091 0.8954317927 0.4930255722 
-83.9618522630 0.0379693198 0.8956324501 0.4929029467 
-83.9766066162 0.0379377017 0.8958356881 0.4927743559 
-83.9915737968 0.0379056524 0.8960415150 0.4926393140 
-84.0067554685 0.0378731695 0.8962499390 0.4924972983 
-84.0221533269 0.0378402504 0.8964609687 0.4923477477 
-84.0377691001 0.0378068924 0.8966746126 0.4921900626 
-84.0536045502 0.0377730930 0.8968908794 0.4920236129 
-84.0696614741 0.0377388495 0.8971097778 0.4918477819 
-84.0859417062 0.0377041591 0.8973313168 0.4916621363 
-84.1024471229 0.0376690191 0.8975555056 0.4914669495 
-84.1191796504 0.0376334264 0.8977823534 0.4912642769 
-84.1361412687 0.0375973783 0.8980118702 0.4910587658 
-84.1533339958 0.0375608717 0.8982440657 0.4908563535 
-84.1707598633 0.0375239035 0.8984789497 0.4906619074 
-84.1884209053 0.0374864709 0.8987165314 0.4904785029 
-84.2063191584 0.0374485708 0.8989568195 0.4903078018 
-84.2244566621 0.0374102003 0.8991998225 0.4901503422 
-84.2428354602 0.0373713565 0.8994455485 0.4900057262 
-84.2614576037 0.0373320365 0.8996940049 0.4898728743 
-83.4450245937 0.0390923771 0.8883008929 0.4962696145 
-83.4500827944 0.0390812385 0.8883746197 0.4962351763 
-83.4552980732 0.0390697571 0.8884505983 0.4961997944 
-83.4606709730 0.0390579319 0.8885288327 0.4961635221 
-83.4662020532 0.0390457620 0.8886093269 0.4961264047 
-83.4718918893 0.0390332464 0.8886920853 0.4960884806 
-83.4777410734 0.0390203843 0.8887771120 0.4960497819 
-83.4837502138 0.0390071744 0.8888644116 0.4960103348 
-83.4899199352 0.0389936158 0.8889539885 0.4959701604 
-83.4962508791 0.0389797075 0.8890458474 0.4959292748 
-83.5027437034 0.0389654483 0.8891399929 0.4958876897 
-83.5093990825 0.0389508371 0.8892364298 0.4958454129 
-83.5162177079 0.0389358727 0.8893351629 0.4958024482 
-83.5232002877 0.0389205540 0.8894361974 0.4957587962 
-83.5303475470 0.0389048798 0.8895395382 0.4957144540 
-83.5376602280 0.0388888489 0.8896451904 0.4956694160 
-83.5451390900 0.0388724600 0.8897531594 0.4956236735 
-83.5527849096 0.0388557118 0.8898634504 0.4955772150 
-83.5605984808 0.0388386031 0.8899760688 0.4955300265 
-83.5685806152 0.0388211324 0.8900910201 0.4954820914 
-83.5767321421 0.0388032985 0.8902083099 0.4954333903 
-83.5850539085 0.0387851000 0.8903279439 0.4953839012 
-83.5935467795 0.0387665354 0.8904499278 0.4953335997 
-83.6022116383 0.0387476033 0.8905742674 0.4952824584 
-83.6110493863 0.0387283023 0.8907009686 0.4952304472 
-83.6200609433 0.0387086309 0.8908300373 0.4951775327 
-83.6292472481 0.0386885875 0.8909614797 0.4951236788 
-83.6386092579 0.0386681706 0.8910953019 0.4950688456 
-83.6481479490 0.0386473787 0.8912315101 0.4950129897 
-83.6578643171 0.0386262101 0.8913701105 0.4949560639 
-83.6677593771 0.0386046632 0.8915111095 0.4948980167 
-83.6778341635 0.0385827364 0.8916545136 0.4948387919 
-83.6880897306 0.0385604279 0.8918003292 0.4947783284 
-83.6985271529 0.0385377362 0.8919485630 0.4947165598 
-83.7091475252 0.0385146593 0.8920992215 0.4946534134 
-83.7199519625 0.0384911957 0.8922523116 0.4945888104 
-83.7309416011 0.0384673434 0.8924078399 0.4945226644 
-83.7421175979 0.0384431006 0.8925658134 0.4944548815 
-83.7534811315 0.0384184656 0.8927262389 0.4943853592 
-83.7650334019 0.0383934364 0.8928891235 0.4943139855 
-83.7767756312 0.0383680110 0.8930544743 0.4942406381 
-83.7887090637 0.0383421876 0.8932222983 0.4941651832 
-83.8008349664 0.0383159642 0.8933926028 0.4940874749 
-83.8131546291 0.0382893388 0.8935653951 0.4940073532 
-83.8256693652 0.0382623094 0.8937406824 0.4939246436 
-83.8383805117 0.0382348738 0.8939184722 0.4938391549 
-83.8512894298 0.0382070299 0.8940987720 0.4937506782 
-83.8643975055 0.0381787757 0.8942815893 0.4936589849 
-83.8777061496 0.0381501090 0.8944669318 0.4935638254 
-83.8912167988 0.0381210275 0.8946548070 0.4934649267 
-83.9049309157 0.0380915291 0.8948452229 0.4933619912 
-83.9188499898 0.0380616115 0.8950381871 0.4932546943 
-83.9329755379 0.0380312723 0.8952337078 0.4931426826 
-83.9473091045 0.0380005091 0.8954317927 0.4930255722 
-83.9618522631 0.0379693198 0.8956324502 0.4929029467 
-83.9766066163 0.0379377017 0.8958356881 0.4927743559 
-83.9915737969 0.0379056524 0.8960415150 0.4926393140 
-84.0067554686 0.0378731695 0.8962499390 0.4924972983 
-84.0221533270 0.0378402504 0.8964609687 0.4923477477 
-84.0377691002 0.0378068924 0.8966746126 0.4921900626 
-84.0536045503 0.0377730930 0.8968908794 0.4920236129 
-84.0696614742 0.0377388495 0.8971097778 0.4918477819 
-84.0859417063 0.0377041591 0.8973313168 0.4916621363 
-84.1024471230 0.0376690191 0.8975555056 0.4914669495 
-84.1191796505 0.0376334264 0.8977823534 0.4912642769 
-84.1361412688 0.0375973783 0.8980118702 0.4910587658 
-84.1533339960 0.0375608717 0.8982440657 0.4908563535 
-84.1707598634 0.0375239035 0.8984789497 0.4906619074 
-84.1884209055 0.0374864709 0.8987165314 0.4904785029 
-84.2063191586 0.0374485708 0.8989568195 0.4903078018 
-84.2244566623 0.0374102003 0.8991998225 0.4901503422 
-84.2428354604 0.0373713565 0.8994455485 0.4900057262 
-84.2614576038 0.0373320365 0.8996940049 0.4898728743 
-84.2666427831 0.0373210948 0.8997631845 0.4898423423 
-84.2666427832 0.0373210948 0.8997631845 0.4898423423 
