-81.4521326794 0.0437199077 0.8540317709 0.2897953364 
-81.4523030488 0.0437194916 0.8540349073 0.2897871027 
-81.4526438008 0.0437186594 0.8540411800 0.2897706736 
-81.4531549615 0.0437174110 0.8540505893 0.2897461243 
-81.4538365700 0.0437157465 0.8540631354 0.2897135646 
-81.4546886786 0.0437136656 0.8540788186 0.2896731355 
-81.4557113159 0.0437111684 0.8540976386 0.2896046983 
-81.4569046456 0.0437082546 0.8541195975 0.2895526181 
-81.4582687197 0.0437049240 0.8541446950 0.2894962056 
-81.4598036398 0.0437011766 0.8541729318 0.2894354678 
-81.4615095192 0.0436970122 0.8542043085 0.2893704169 
-81.4633864832 0.0436924305 0.8542388257 0.2893010692 
-81.4654346691 0.0436874314 0.8542764842 0.2892274450 
-81.4676542260 0.0436820146 0.8543172846 0.2891495676 
-81.4700453151 0.0436761799 0.8543612279 0.2890674629 
-81.4726081095 0.0436699270 0.8544083150 0.2889811587 
-81.4753427942 0.0436632555 0.8544585466 0.2888906846 
-81.4782495665 0.0436561653 0.8545119239 0.2887960706 
-81.4813286354 0.0436486560 0.8545684479 0.2886973477 
-81.4845802220 0.0436407273 0.8546281196 0.2885945467 
-81.4880045595 0.0436323787 0.8546909401 0.2884876982 
-81.4916018932 0.0436236100 0.8547569107 0.2883768321 
-81.4953724805 0.0436144206 0.8548260325 0.2882619773 
-81.4993165906 0.0436048103 0.8548983069 0.2881431614 
-81.5034345053 0.0435947786 0.8549737351 0.2880204108 
-81.5077265183 0.0435843250 0.8550523185 0.2878937500 
-81.5121929354 0.0435734491 0.8551340585 0.2877632017 
-81.5168340750 0.0435621504 0.8552189565 0.2876287866 
-81.5216502673 0.0435504284 0.8553070141 0.2874905233 
-81.5266418551 0.0435382825 0.8553982328 0.2873484282 
-81.5318091936 0.0435257123 0.8554926142 0.2872025154 
-81.5371526500 0.0435127172 0.8555901598 0.2870527967 
-81.5426726044 0.0434992965 0.8556908713 0.2868992813 
-81.5483694490 0.0434854499 0.8557947504 0.2867419761 
-81.5542435887 0.0434711765 0.8559017989 0.2865808854 
-81.5602954410 0.0434564758 0.8560120186 0.2864160110 
-81.5665254359 0.0434413472 0.8561254111 0.2862473519 
-81.5729340161 0.0434257900 0.8562419785 0.2860749047 
-81.5795216373 0.0434098035 0.8563617225 0.2858986631 
-81.5862887678 0.0433933870 0.8564846450 0.2857186179 
-81.5932358886 0.0433765398 0.8566107481 0.2855347573 
-81.6003634940 0.0433592612 0.8567400337 0.2853470663 
-81.6076720911 0.0433415504 0.8568725037 0.2851555270 
-81.6151622003 0.0433234067 0.8570081603 0.2849601180 
-81.6228343548 0.0433048292 0.8571470055 0.2847608148 
-81.6306891013 0.0432858172 0.8572890414 0.2845575893 
-81.6387269999 0.0432663699 0.8574342701 0.2843504096 
-81.6469486239 0.0432464864 0.8575826939 0.2841392401 
-81.6553545602 0.0432261659 0.8577343147 0.2839240410 
-81.6639454094 0.0432054074 0.8578891349 0.2837047682 
-81.6727217856 0.0431842101 0.8580471568 0.2834813733 
-81.6816843167 0.0431625731 0.8582083824 0.2832538030 
-81.6908336446 0.0431404954 0.8583728141 0.2830219995 
-81.7001704252 0.0431179761 0.8585404542 0.2827858999 
-81.7096953284 0.0430950143 0.8587113051 0.2825454365 
-81.7194090383 0.0430716089 0.8588853689 0.2823005369 
-81.7293122534 0.0430477590 0.8590626481 0.2820511242 
-81.7394056866 0.0430234634 0.8592431451 0.2817971174 
-81.7496900653 0.0429987213 0.8594268621 0.2815384322 
-81.7601661318 0.0429735315 0.8596138017 0.2812749822 
-81.7708346431 0.0429478929 0.8598039661 0.2810066806 
-81.7816963710 0.0429218044 0.8599973579 0.2807334422 
-81.7927521027 0.0428952650 0.8601939794 0.2804551867 
-81.8040026402 0.0428682735 0.8603938331 0.2801718429 
-81.8154488014 0.0428408287 0.8605969214 0.2798833544 
-81.8270914192 0.0428129295 0.8608032467 0.2795896868 
-81.8389313425 0.0427845746 0.8610128116 0.2792908379 
-81.8509694359 0.0427557630 0.8612256185 0.2789868497 
-81.8632065797 0.0427264932 0.8614416698 0.2786778237 
-81.8756436705 0.0426967641 0.8616609681 0.2783639378 
-81.8882816210 0.0426665745 0.8618835157 0.2780454634 
-81.9011213600 0.0426359229 0.8621093151 0.2777227769 
-81.9141638328 0.0426048082 0.8623383687 0.2773963604 
-81.9274100008 0.0425732289 0.8625706791 0.2770667844 
-81.9341354218 0.0425572036 0.8626885058 0.2769002843 
-81.9410660161 0.0425406952 0.8628098421 0.2767288716 
-81.9482022956 0.0425237030 0.8629346890 0.2765526540 
-81.9555447880 0.0425062263 0.8630630478 0.2763717256 
-81.9630940364 0.0424882644 0.8631949196 0.2761861676 
-81.9708505995 0.0424698166 0.8633303055 0.2759960503 
-81.9788150518 0.0424508820 0.8634692067 0.2758014332 
-81.9869879837 0.0424314598 0.8636116244 0.2756023668 
-81.9953700015 0.0424115493 0.8637575599 0.2753988927 
-82.0039617271 0.0423911496 0.8639070143 0.2751910446 
-82.0127637990 0.0423702598 0.8640599888 0.2749788492 
-82.0217768713 0.0423488791 0.8642164846 0.2747623265 
-82.0310016148 0.0423270066 0.8643765030 0.2745414905 
-82.0404387162 0.0423046413 0.8645400452 0.2743163497 
-82.0500888791 0.0422817824 0.8647071125 0.2740869074 
-82.0599528231 0.0422584289 0.8648777059 0.2738531620 
-82.0700312850 0.0422345797 0.8650518268 0.2736151073 
-82.0803250181 0.0422102340 0.8652294763 0.2733727328 
-82.0908347924 0.0421853906 0.8654106556 0.2731260237 
-82.1015613954 0.0421600486 0.8655953660 0.2728749613 
-82.1125056313 0.0421342069 0.8657836086 0.2726195225 
-82.1236683217 0.0421078645 0.8659753846 0.2723596806 
-82.1350503058 0.0420810202 0.8661706952 0.2720954043 
-82.1466524400 0.0420536729 0.8663695414 0.2718266583 
-82.1584755987 0.0420258215 0.8665719244 0.2715534031 
-82.1705206739 0.0419974648 0.8667778453 0.2712755943 
-82.1827885757 0.0419686017 0.8669873052 0.2709931830 
-82.1952802323 0.0419392310 0.8672003052 0.2707061149 
-82.2079965903 0.0419093514 0.8674168462 0.2704143305 
-82.2209386145 0.0418789618 0.8676369293 0.2701177643 
-82.2341072887 0.0418480608 0.8678605555 0.2698163448 
-82.2475036150 0.0418166472 0.8680877256 0.2695099933 
-82.2611286150 0.0417847197 0.8683184406 0.2691986242 
-82.2749833290 0.0417522770 0.8685527015 0.2688821437 
-82.2890688170 0.0417193178 0.8687905089 0.2685604496 
-82.3033861584 0.0416858406 0.8690318637 0.2682334303 
-82.3179364522 0.0416518441 0.8692767667 0.2679009641 
-82.3327208175 0.0416173269 0.8695252186 0.2675629184 
-82.3477403935 0.0415822877 0.8697772200 0.2672191489 
-82.3629963397 0.0415467248 0.8700327715 0.2668694982 
-82.3784898363 0.0415106370 0.8702918738 0.2665137955 
-82.3942220841 0.0414740227 0.8705545272 0.2661518549 
-82.4101943051 0.0414368803 0.8708207323 0.2657834747 
-82.4264077425 0.0413992085 0.8710904895 0.2654084360 
-82.4428636610 0.0413610055 0.8713637991 0.2650265023 
-82.4595633472 0.0413222700 0.8716406613 0.2646374177 
-82.4765081096 0.0412830002 0.8719210763 0.2642409066 
-82.4936992791 0.0412431946 0.8722050444 0.2638366728 
-82.5111382090 0.0412028515 0.8724925655 0.2634243993 
-82.5288262756 0.0411619693 0.8727836397 0.2630037485 
-82.5467648785 0.0411205463 0.8730782668 0.2625743626 
-82.5649554404 0.0410785808 0.8733764467 0.2621358654 
-82.5833994080 0.0410360711 0.8736781792 0.2616878654 
-82.6020982521 0.0409930154 0.8739834639 0.2612299593 
-82.6210534677 0.0409494120 0.8742923004 0.2607617388 
-82.6402665748 0.0409052591 0.8746046882 0.2602827978 
-82.6597391182 0.0408605549 0.8749206268 0.2597927434 
-82.6794726684 0.0408152975 0.8752401153 0.2592912086 
-82.6994688212 0.0407694851 0.8755631532 0.2587778716 
-82.7197291990 0.0407231158 0.8758897394 0.2582525026 
-82.7402554504 0.0406761877 0.8762198730 0.2577151215 
-82.7610492516 0.0406286989 0.8765535529 0.2571665483 
-82.7821123082 0.0405806474 0.8768907779 0.2566099066 
-82.8034463570 0.0405320312 0.8772315469 0.2560527421 
-82.8250531639 0.0404828484 0.8775758586 0.2555061935 
-82.8469345165 0.0404330968 0.8779237113 0.2549802058 
-82.8690922200 0.0403827744 0.8782751033 0.2544810576 
-82.8915280974 0.0403318793 0.8786300324 0.2540121817 
-82.9142439905 0.0402804095 0.8789884962 0.2535749389 
-82.9372417605 0.0402283628 0.8793504918 0.2531686969 
-82.9605232882 0.0401757372 0.8797160162 0.2527909233 
-82.9840904758 0.0401225308 0.8800850660 0.2524376511 
-83.0079452491 0.0400687415 0.8804576376 0.2521041492 
-81.9341354218 0.0425572036 0.8626885058 0.2769002843 
-81.9410660161 0.0425406952 0.8628098421 0.2767288716 
-81.9482022956 0.0425237030 0.8629346890 0.2765526540 
-81.9555447880 0.0425062263 0.8630630478 0.2763717256 
-81.9630940364 0.0424882644 0.8631949196 0.2761861676 
-81.9708505995 0.0424698166 0.8633303055 0.2759960503 
-81.9788150518 0.0424508820 0.8634692067 0.2758014332 
-81.9869879838 0.0424314598 0.8636116244 0.2756023668 
-81.9953700015 0.0424115493 0.8637575599 0.2753988927 
-82.0039617272 0.0423911496 0.8639070143 0.2751910446 
-82.0127637990 0.0423702598 0.8640599888 0.2749788492 
-82.0217768714 0.0423488791 0.8642164846 0.2747623265 
-82.0310016148 0.0423270066 0.8643765030 0.2745414905 
-82.0404387163 0.0423046413 0.8645400452 0.2743163497 
-82.0500888791 0.0422817824 0.8647071125 0.2740869074 
-82.0599528232 0.0422584289 0.8648777059 0.2738531620 
-82.0700312851 0.0422345797 0.8650518268 0.2736151073 
-82.0803250181 0.0422102340 0.8652294763 0.2733727328 
-82.0908347925 0.0421853906 0.8654106556 0.2731260237 
-82.1015613954 0.0421600486 0.8655953660 0.2728749613 
-82.1125056313 0.0421342069 0.8657836086 0.2726195225 
-82.1236683218 0.0421078645 0.8659753846 0.2723596806 
-82.1350503058 0.0420810202 0.8661706952 0.2720954043 
-82.1466524401 0.0420536729 0.8663695414 0.2718266583 
-82.1584755987 0.0420258215 0.8665719244 0.2715534031 
-82.1705206739 0.0419974648 0.8667778453 0.2712755943 
-82.1827885758 0.0419686017 0.8669873052 0.2709931830 
-82.1952802324 0.0419392310 0.8672003052 0.2707061149 
-82.2079965904 0.0419093514 0.8674168462 0.2704143305 
-82.2209386146 0.0418789618 0.8676369293 0.2701177643 
-82.2341072887 0.0418480608 0.8678605555 0.2698163448 
-82.2475036151 0.0418166472 0.8680877256 0.2695099933 
-82.2611286150 0.0417847197 0.8683184406 0.2691986242 
-82.2749833291 0.0417522770 0.8685527015 0.2688821437 
-82.2890688171 0.0417193178 0.8687905089 0.2685604496 
-82.3033861585 0.0416858406 0.8690318637 0.2682334303 
-82.3179364523 0.0416518441 0.8692767667 0.2679009641 
-82.3327208176 0.0416173269 0.8695252186 0.2675629184 
-82.3477403936 0.0415822877 0.8697772200 0.2672191489 
-82.3629963398 0.0415467248 0.8700327715 0.2668694982 
-82.3784898364 0.0415106370 0.8702918738 0.2665137955 
-82.3942220842 0.0414740227 0.8705545272 0.2661518549 
-82.4101943052 0.0414368803 0.8708207323 0.2657834747 
-82.4264077426 0.0413992085 0.8710904895 0.2654084360 
-82.4428636611 0.0413610055 0.8713637991 0.2650265023 
-82.4595633473 0.0413222700 0.8716406613 0.2646374177 
-82.4765081097 0.0412830002 0.8719210763 0.2642409066 
-82.4936992792 0.0412431946 0.8722050444 0.2638366728 
-82.5111382091 0.0412028515 0.8724925655 0.2634243993 
-82.5288262757 0.0411619693 0.8727836397 0.2630037485 
-82.5467648786 0.0411205463 0.8730782668 0.2625743626 
-82.5649554405 0.0410785808 0.8733764467 0.2621358654 
-82.5833994081 0.0410360711 0.8736781792 0.2616878654 
-82.6020982522 0.0409930154 0.8739834639 0.2612299593 
-82.6210534678 0.0409494120 0.8742923004 0.2607617388 
-82.6402665749 0.0409052591 0.8746046882 0.2602827978 
-82.6597391184 0.0408605549 0.8749206268 0.2597927434 
-82.6794726685 0.0408152975 0.8752401153 0.2592912086 
-82.6994688214 0.0407694851 0.8755631532 0.2587778716 
-82.7197291991 0.0407231158 0.8758897394 0.2582525026 
-82.7402554505 0.0406761877 0.8762198730 0.2577151215 
-82.7610492517 0.0406286989 0.8765535529 0.2571665483 
-82.7821123084 0.0405806474 0.8768907779 0.2566099066 
-82.8034463572 0.0405320312 0.8772315469 0.2560527421 
-82.8250531641 0.0404828484 0.8775758586 0.2555061935 
-82.8469345167 0.0404330968 0.8779237113 0.2549802058 
-82.8690922201 0.0403827744 0.8782751033 0.2544810576 
-82.8915280975 0.0403318793 0.8786300324 0.2540121817 
-82.9142439907 0.0402804095 0.8789884962 0.2535749389 
-82.9372417607 0.0402283628 0.8793504918 0.2531686969 
-82.9605232883 0.0401757372 0.8797160162 0.2527909233 
-82.9840904760 0.0401225308 0.8800850660 0.2524376511 
-83.0079452493 0.0400687415 0.8804576376 0.2521041492 
-83.0108534007 0.0400621885 0.8805030199 0.2520827171 
-83.0108534009 0.0400621885 0.8805030199 0.2520827171 
