-82.0132007891 0.0423649487 0.8662619615 0.5118679659 
-82.0132024628 0.0423649447 0.8662619879 0.5118653742 
-82.0132058147 0.0423649368 0.8662620408 0.5118602142 
-82.0132108535 0.0423649248 0.8662621204 0.5118525324 
-82.0132175925 0.0423649088 0.8662622269 0.5118423965 
-82.0132260489 0.0423648888 0.8662623606 0.5118298932 
-82.0132361241 0.0423648649 0.8662625198 0.5118026899 
-82.0132481237 0.0423648365 0.8662627099 0.5117879580 
-82.0132619495 0.0423648037 0.8662629291 0.5117730273 
-82.0132776263 0.0423647666 0.8662631779 0.5117579031 
-82.0132951792 0.0423647250 0.8662634568 0.5117425936 
-82.0133146339 0.0423646789 0.8662637661 0.5117271101 
-82.0133360164 0.0423646282 0.8662641064 0.5117114660 
-82.0133593533 0.0423645729 0.8662644781 0.5116956768 
-82.0133846717 0.0423645129 0.8662648818 0.5116797598 
-82.0134119988 0.0423644481 0.8662653178 0.5116637333 
-82.0134413624 0.0423643785 0.8662657868 0.5116476169 
-82.0134727906 0.0423643040 0.8662662891 0.5116314308 
-82.0135063117 0.0423642246 0.8662668253 0.5116151955 
-82.0135419544 0.0423641401 0.8662673959 0.5115989319 
-82.0135797474 0.0423640505 0.8662680015 0.5115826607 
-82.0136197199 0.0423639558 0.8662686424 0.5115664024 
-82.0136619010 0.0423638558 0.8662693193 0.5115501772 
-82.0137063201 0.0423637505 0.8662700326 0.5115340047 
-82.0137530066 0.0423636399 0.8662707830 0.5115179038 
-82.0138019902 0.0423635237 0.8662715708 0.5115018926 
-82.0138533003 0.0423634021 0.8662723966 0.5114859886 
-82.0139069666 0.0423632749 0.8662732610 0.5114702080 
-82.0139630187 0.0423631421 0.8662741645 0.5114545665 
-82.0140214861 0.0423630035 0.8662751076 0.5114390785 
-82.0140823986 0.0423628591 0.8662760907 0.5114237576 
-82.0141457855 0.0423627088 0.8662771145 0.5114086164 
-82.0142116763 0.0423625526 0.8662781795 0.5113936665 
-82.0142801002 0.0423623905 0.8662792861 0.5113789185 
-82.0143510866 0.0423622222 0.8662804349 0.5113643822 
-82.0144246646 0.0423620478 0.8662816264 0.5113500663 
-82.0145008630 0.0423618671 0.8662828611 0.5113359790 
-82.0145797107 0.0423616802 0.8662841395 0.5113221272 
-82.0146612364 0.0423614870 0.8662854621 0.5113085175 
-82.0147454687 0.0423612873 0.8662868294 0.5112951556 
-82.0148324358 0.0423610812 0.8662882420 0.5112820463 
-82.0149221661 0.0423608685 0.8662897002 0.5112691940 
-82.0150146874 0.0423606491 0.8662912046 0.5112566026 
-82.0151100278 0.0423604231 0.8662927557 0.5112442751 
-82.0152082147 0.0423601904 0.8662943540 0.5112322144 
-82.0153092758 0.0423599508 0.8662959998 0.5112204227 
-82.0154132383 0.0423597044 0.8662976938 0.5112089017 
-82.0155201294 0.0423594510 0.8662994364 0.5111976530 
-82.0156299760 0.0423591906 0.8663012281 0.5111866775 
-82.0157428049 0.0423589231 0.8663030692 0.5111759761 
-82.0158586427 0.0423586485 0.8663049604 0.5111655492 
-82.0159775158 0.0423583667 0.8663069020 0.5111553970 
-82.0160994505 0.0423580777 0.8663088945 0.5111455195 
-82.0162244727 0.0423577813 0.8663109383 0.5111359164 
-82.0163526085 0.0423574775 0.8663130340 0.5111265874 
-82.0164838835 0.0423571664 0.8663151818 0.5111175317 
-82.0166183234 0.0423568477 0.8663173824 0.5111087486 
-82.0167559534 0.0423565214 0.8663196361 0.5111002372 
-82.0168967990 0.0423561875 0.8663219433 0.5110919965 
-82.0170408851 0.0423558460 0.8663243046 0.5110840254 
-82.0171882367 0.0423554967 0.8663267202 0.5110763225 
-82.0173388786 0.0423551396 0.8663291907 0.5110688867 
-82.0174928356 0.0423547746 0.8663317165 0.5110617164 
-82.0176501320 0.0423544017 0.8663342980 0.5110548103 
-82.0178107924 0.0423540209 0.8663369355 0.5110481667 
-82.0179748409 0.0423536320 0.8663396296 0.5110417842 
-82.0181423017 0.0423532351 0.8663423807 0.5110356611 
-82.0183131989 0.0423528300 0.8663451891 0.5110297958 
-82.0184875562 0.0423524166 0.8663480552 0.5110241865 
-82.0186653977 0.0423519951 0.8663509795 0.5110188315 
-82.0188467468 0.0423515652 0.8663539624 0.5110137291 
-82.0190316272 0.0423511270 0.8663570042 0.5110088775 
-82.0192200624 0.0423506803 0.8663601054 0.5110042750 
-82.0194120759 0.0423502251 0.8663632664 0.5109999197 
-82.0196076908 0.0423497615 0.8663664875 0.5109958099 
-82.0198069305 0.0423492892 0.8663697692 0.5109919436 
-82.0200098181 0.0423488083 0.8663731118 0.5109883192 
-82.0202163766 0.0423483187 0.8663765158 0.5109849348 
-82.0204266292 0.0423478203 0.8663799815 0.5109817885 
-82.0206405987 0.0423473131 0.8663835093 0.5109788785 
-82.0208583080 0.0423467971 0.8663870996 0.5109762031 
-82.0210797800 0.0423462721 0.8663907528 0.5109737604 
-82.0213050375 0.0423457382 0.8663944692 0.5109715486 
-82.0215341031 0.0423451953 0.8663982493 0.5109695658 
-82.0217669997 0.0423446433 0.8664020934 0.5109678104 
-82.0220037498 0.0423440821 0.8664060020 0.5109662805 
-82.0222443761 0.0423435118 0.8664099753 0.5109649742 
-82.0224889013 0.0423429323 0.8664140138 0.5109638900 
-82.0227373479 0.0423423434 0.8664181178 0.5109630259 
-82.0229897384 0.0423417452 0.8664222877 0.5109623802 
-82.0232460955 0.0423411376 0.8664265240 0.5109619513 
-82.0235064417 0.0423405206 0.8664308269 0.5109617373 
-82.0237707996 0.0423398941 0.8664351969 0.5109617366 
-82.0240391916 0.0423392580 0.8664396342 0.5109619475 
-82.0243116405 0.0423386123 0.8664441394 0.5109623683 
-82.0245881686 0.0423379569 0.8664487128 0.5109629972 
-82.0248687987 0.0423372919 0.8664533547 0.5109638327 
-82.0251535533 0.0423366170 0.8664580655 0.5109648731 
-82.0254424550 0.0423359324 0.8664628456 0.5109661168 
-82.0257355265 0.0423352378 0.8664676954 0.5109675622 
-82.0260327905 0.0423345334 0.8664726152 0.5109692076 
-82.0263342698 0.0423338189 0.8664776054 0.5109710514 
-82.0266399870 0.0423330945 0.8664826664 0.5109730922 
-82.0269499650 0.0423323599 0.8664877986 0.5109753282 
-82.0272642267 0.0423316152 0.8664930024 0.5109777581 
-82.0275827950 0.0423308603 0.8664982780 0.5109803802 
-82.0279056928 0.0423300952 0.8665036260 0.5109831931 
-82.0282329433 0.0423293198 0.8665090466 0.5109861952 
-82.0285645694 0.0423285340 0.8665145403 0.5109893851 
-82.0289005944 0.0423277378 0.8665201074 0.5109927613 
-82.0292410416 0.0423269311 0.8665257483 0.5109963223 
-82.0295859343 0.0423261139 0.8665314634 0.5110000666 
-82.0299352958 0.0423252861 0.8665372531 0.5110039930 
-82.0302891498 0.0423244477 0.8665431178 0.5110080999 
-82.0306475198 0.0423235986 0.8665490578 0.5110123859 
-82.0310104296 0.0423227388 0.8665550735 0.5110168497 
-82.0313779028 0.0423218682 0.8665611654 0.5110214899 
-82.0317499635 0.0423209867 0.8665673337 0.5110263051 
-82.0321266356 0.0423200943 0.8665735790 0.5110312941 
-82.0325079434 0.0423191910 0.8665799015 0.5110364554 
-82.0328939109 0.0423182766 0.8665863017 0.5110417877 
-82.0332845627 0.0423173511 0.8665927800 0.5110472898 
-82.0336799231 0.0423164145 0.8665993368 0.5110529603 
-82.0340800169 0.0423154667 0.8666059725 0.5110587981 
-82.0344848688 0.0423145077 0.8666126874 0.5110648017 
-82.0348945036 0.0423135373 0.8666194820 0.5110709700 
-82.0353089466 0.0423125556 0.8666263566 0.5110773018 
-82.0357282227 0.0423115625 0.8666333118 0.5110837957 
-82.0361523575 0.0423105578 0.8666403479 0.5110904507 
-82.0365813763 0.0423095416 0.8666474652 0.5110972654 
-82.0370153048 0.0423085138 0.8666546643 0.5111042388 
-82.0374541689 0.0423074744 0.8666619455 0.5111113695 
-82.0378979946 0.0423064232 0.8666693093 0.5111186566 
-82.0383468079 0.0423053602 0.8666767561 0.5111260988 
-82.0388006353 0.0423042854 0.8666842862 0.5111336949 
-82.0392595033 0.0423031986 0.8666919002 0.5111414439 
-82.0397234385 0.0423020999 0.8666995984 0.5111493447 
-82.0401924679 0.0423009891 0.8667073813 0.5111573961 
-82.0406666184 0.0422998663 0.8667152494 0.5111655970 
-82.0411459175 0.0422987312 0.8667232030 0.5111739463 
-82.0416303926 0.0422975840 0.8667312426 0.5111824431 
-82.0421200713 0.0422964244 0.8667393686 0.5111910861 
-82.0426149815 0.0422952525 0.8667475815 0.5111998745 
-82.0431151514 0.0422940682 0.8667558818 0.5112088070 
-82.0436206093 0.0422928713 0.8667642698 0.5112178828 
-82.0441313837 0.0422916620 0.8667727461 0.5112271007 
-82.0446475033 0.0422904399 0.8667813111 0.5112364598 
-82.0451689971 0.0422892052 0.8667899653 0.5112459591 
-82.0456958945 0.0422879578 0.8667987091 0.5112555975 
-82.0462282248 0.0422866975 0.8668075430 0.5112653741 
-82.0467660177 0.0422854243 0.8668164675 0.5112752879 
-82.0473093032 0.0422841381 0.8668254831 0.5112853380 
-82.0478581115 0.0422828389 0.8668345902 0.5112955234 
-82.0484124730 0.0422815266 0.8668437893 0.5113058432 
-82.0489724185 0.0422802011 0.8668530809 0.5113162963 
-82.0495379789 0.0422788624 0.8668624656 0.5113268820 
-82.0501091854 0.0422775103 0.8668719437 0.5113375992 
-82.0506860697 0.0422761448 0.8668815159 0.5113484471 
-82.0512686633 0.0422747659 0.8668911826 0.5113594247 
-82.0518569985 0.0422733734 0.8669009443 0.5113705312 
-82.0524511075 0.0422719673 0.8669108015 0.5113817657 
-82.0530510231 0.0422705475 0.8669207548 0.5113931273 
-82.0536567780 0.0422691139 0.8669308047 0.5114046151 
-82.0542684056 0.0422676664 0.8669409517 0.5114162282 
-82.0548859393 0.0422662051 0.8669511963 0.5114279659 
-82.0555094130 0.0422647297 0.8669615391 0.5114398273 
-82.0561388609 0.0422632402 0.8669719806 0.5114518114 
-82.0567743173 0.0422617366 0.8669825214 0.5114639176 
-82.0574158170 0.0422602187 0.8669931620 0.5114761449 
-82.0580633952 0.0422586864 0.8670039030 0.5114884925 
-82.0587170872 0.0422571398 0.8670147449 0.5115009597 
-82.0593769288 0.0422555786 0.8670256884 0.5115135455 
-82.0600429561 0.0422540029 0.8670367339 0.5115262493 
-82.0607152055 0.0422524125 0.8670478820 0.5115390702 
-82.0613937137 0.0422508074 0.8670591334 0.5115520075 
-82.0620785179 0.0422491874 0.8670704886 0.5115650603 
-82.0627696556 0.0422475525 0.8670819483 0.5115782278 
-82.0634671645 0.0422459026 0.8670935129 0.5115915094 
-82.0641710829 0.0422442376 0.8671051832 0.5116049042 
-82.0648814494 0.0422425574 0.8671169597 0.5116184115 
-82.0655983028 0.0422408619 0.8671288431 0.5116320305 
-82.0663216825 0.0422391510 0.8671408339 0.5116457605 
-82.0670516281 0.0422374247 0.8671529328 0.5116596007 
-82.0677881798 0.0422356828 0.8671651405 0.5116735505 
-82.0685313780 0.0422339253 0.8671774575 0.5116876090 
-82.0692812636 0.0422321520 0.8671898845 0.5117017755 
-82.0700378778 0.0422303628 0.8672024223 0.5117160493 
-82.0708012622 0.0422285578 0.8672150713 0.5117304298 
-82.0715714591 0.0422267367 0.8672278323 0.5117449161 
-82.0723485109 0.0422248994 0.8672407060 0.5117595076 
-82.0731324604 0.0422230460 0.8672536931 0.5117742036 
-82.0739233511 0.0422211762 0.8672667942 0.5117890034 
-82.0747212266 0.0422192899 0.8672800100 0.5118039062 
-82.0755261313 0.0422173871 0.8672933412 0.5118189114 
-82.0763381098 0.0422154677 0.8673067885 0.5118340183 
-82.0771572070 0.0422135315 0.8673203527 0.5118492262 
-82.0779834687 0.0422115785 0.8673340344 0.5118645344 
-82.0788169408 0.0422096085 0.8673478344 0.5118799423 
-82.0796576697 0.0422076215 0.8673617534 0.5118954491 
-82.0805057023 0.0422056173 0.8673757922 0.5119110543 
-82.0813610862 0.0422035958 0.8673899514 0.5119267571 
-82.0822238690 0.0422015569 0.8674042319 0.5119425568 
-82.0830940993 0.0421995004 0.8674186344 0.5119584529 
-82.0839718258 0.0421974264 0.8674331597 0.5119744447 
-82.0848570979 0.0421953346 0.8674478086 0.5119905314 
-82.0857499654 0.0421932250 0.8674625818 0.5120067125 
-82.0866504787 0.0421910974 0.8674774801 0.5120229873 
-82.0875586885 0.0421889518 0.8674925044 0.5120393552 
-82.0884746463 0.0421867879 0.8675076555 0.5120558154 
-82.0893984040 0.0421846057 0.8675229341 0.5120723674 
-82.0903300139 0.0421824051 0.8675383410 0.5120890106 
-82.0912695290 0.0421801859 0.8675538773 0.5121057442 
-82.0922170028 0.0421779480 0.8675695435 0.5121225677 
-82.0931724893 0.0421756913 0.8675853407 0.5121394805 
-82.0941360431 0.0421734156 0.8676012697 0.5121564818 
-82.0951077193 0.0421711209 0.8676173313 0.5121735710 
-82.0960875736 0.0421688070 0.8676335264 0.5121907476 
-82.0970756622 0.0421664737 0.8676498559 0.5122080109 
-82.0980720421 0.0421641210 0.8676663207 0.5122253603 
-82.0990767706 0.0421617487 0.8676829217 0.5122427952 
-82.1000899057 0.0421593567 0.8676996598 0.5122603148 
-82.1011115061 0.0421569448 0.8677165359 0.5122779187 
-82.1021416308 0.0421545130 0.8677335510 0.5122956062 
-82.1031803398 0.0421520610 0.8677507059 0.5123133766 
-82.1042276933 0.0421495887 0.8677680018 0.5123312294 
-82.1052837525 0.0421470960 0.8677854394 0.5123491640 
-82.1063485790 0.0421445827 0.8678030197 0.5123671796 
-82.1074222351 0.0421420488 0.8678207439 0.5123852758 
-82.1085047837 0.0421394940 0.8678386127 0.5124034518 
-82.1095962883 0.0421369182 0.8678566273 0.5124217071 
-82.1106968132 0.0421343213 0.8678747886 0.5124400411 
-82.1118064232 0.0421317031 0.8678930976 0.5124584531 
-82.1129251840 0.0421290634 0.8679115554 0.5124769426 
-82.1140531616 0.0421264022 0.8679301631 0.5124955088 
-82.1151904231 0.0421237192 0.8679489216 0.5125141512 
-82.1163370358 0.0421210143 0.8679678320 0.5125328693 
-82.1174930683 0.0421182873 0.8679868954 0.5125516622 
-82.1186585893 0.0421155381 0.8680061128 0.5125705296 
-82.1198336686 0.0421127666 0.8680254855 0.5125894706 
-82.1210183765 0.0421099725 0.8680450143 0.5126084848 
-82.1222127842 0.0421071557 0.8680647006 0.5126275714 
-82.1234169636 0.0421043160 0.8680845453 0.5126467300 
-82.1246309871 0.0421014533 0.8681045497 0.5126659598 
-82.1258549281 0.0420985674 0.8681247148 0.5126852602 
-82.1270888608 0.0420956582 0.8681450419 0.5127046306 
-82.1283328598 0.0420927253 0.8681655320 0.5127240704 
-82.1295870009 0.0420897688 0.8681861865 0.5127435790 
-82.1308513604 0.0420867884 0.8682070064 0.5127631557 
-82.1321260155 0.0420837839 0.8682279929 0.5127828000 
-82.1334110441 0.0420807551 0.8682491474 0.5128025110 
-82.1347065249 0.0420777019 0.8682704710 0.5128222884 
-82.1360125376 0.0420746241 0.8682919649 0.5128421313 
-82.1373291625 0.0420715215 0.8683136305 0.5128620393 
-82.1386564809 0.0420683939 0.8683354689 0.5128820115 
-82.1399945746 0.0420652411 0.8683574815 0.5129020475 
-82.1413435268 0.0420620630 0.8683796695 0.5129221465 
-82.1427034209 0.0420588593 0.8684020342 0.5129423080 
-82.1440743417 0.0420556299 0.8684245771 0.5129625312 
-82.1454563746 0.0420523745 0.8684472993 0.5129828155 
-82.1468496059 0.0420490930 0.8684702022 0.5130031602 
-82.1482541229 0.0420457851 0.8684932873 0.5130235648 
-82.1496700136 0.0420424507 0.8685165558 0.5130440285 
-82.1510973670 0.0420390896 0.8685400091 0.5130645507 
-82.1525362732 0.0420357014 0.8685636487 0.5130851307 
-82.1539868229 0.0420322862 0.8685874760 0.5131057679 
-82.1554491079 0.0420288435 0.8686114923 0.5131264615 
-82.1569232209 0.0420253733 0.8686356991 0.5131472110 
-82.1584092556 0.0420218753 0.8686600979 0.5131680155 
-82.1599073067 0.0420183492 0.8686846901 0.5131888745 
-82.1614174697 0.0420147950 0.8687094773 0.5132097873 
-82.1629398412 0.0420112123 0.8687344608 0.5132307531 
-82.1644745188 0.0420076009 0.8687596423 0.5132517712 
-82.1660216010 0.0420039606 0.8687850232 0.5132728410 
-82.1675811875 0.0420002911 0.8688106051 0.5132939618 
-82.1691533788 0.0419965923 0.8688363895 0.5133151328 
-82.1707382766 0.0419928640 0.8688623781 0.5133363534 
-82.1723359835 0.0419891058 0.8688885723 0.5133576227 
-82.1739466033 0.0419853175 0.8689149739 0.5133789402 
-82.1755702407 0.0419814990 0.8689415844 0.5134003050 
-82.1772070016 0.0419776499 0.8689684054 0.5134217164 
-82.1788569930 0.0419737700 0.8689954387 0.5134431737 
-82.1805203228 0.0419698591 0.8690226858 0.5134646762 
-82.1821971003 0.0419659169 0.8690501485 0.5134862230 
-82.1838874356 0.0419619432 0.8690778284 0.5135078134 
-82.1855914403 0.0419579376 0.8691057273 0.5135294467 
-82.1873092267 0.0419539001 0.8691338469 0.5135511221 
-82.1890409087 0.0419498303 0.8691621890 0.5135728389 
-82.1907866010 0.0419457279 0.8691907553 0.5135945961 
-82.1925464197 0.0419415926 0.8692195476 0.5136163931 
-82.1943204820 0.0419374243 0.8692485676 0.5136382290 
-82.1961089062 0.0419332226 0.8692778173 0.5136601031 
-82.1979118121 0.0419289873 0.8693072985 0.5136820145 
-82.1997293205 0.0419247181 0.8693370130 0.5137039625 
-82.2015615534 0.0419204147 0.8693669626 0.5137259461 
-82.2034086342 0.0419160769 0.8693971494 0.5137479646 
-82.2052706875 0.0419117043 0.8694275751 0.5137700171 
-82.2071478391 0.0419072967 0.8694582418 0.5137921028 
-82.2090402163 0.0419028537 0.8694891513 0.5138142208 
-82.2109479474 0.0418983752 0.8695203056 0.5138363702 
-82.2128711623 0.0418938607 0.8695517067 0.5138585502 
-82.2148099921 0.0418893101 0.8695833566 0.5138807600 
-82.2167645692 0.0418847229 0.8696152574 0.5139029985 
-82.2187350274 0.0418800990 0.8696474111 0.5139252650 
-82.2207215019 0.0418754379 0.8696798197 0.5139475584 
-82.2227241292 0.0418707394 0.8697124853 0.5139698780 
-82.2247430474 0.0418660032 0.8697454100 0.5139922227 
-82.2267783957 0.0418612289 0.8697785960 0.5140145916 
-82.2288303150 0.0418564163 0.8698120454 0.5140369838 
-82.2308989474 0.0418515650 0.8698457603 0.5140593983 
-82.2329844368 0.0418466747 0.8698797430 0.5140818342 
-82.2350869282 0.0418417451 0.8699139956 0.5141042905 
-82.2372065684 0.0418367758 0.8699485203 0.5141267662 
-82.2393435053 0.0418317664 0.8699833195 0.5141492603 
-82.2414978888 0.0418267168 0.8700183954 0.5141717718 
-82.2436698701 0.0418216265 0.8700537502 0.5141942996 
-82.2458596017 0.0418164951 0.8700893864 0.5142168428 
-82.2480672382 0.0418113224 0.8701253061 0.5142394003 
-82.2502929353 0.0418061079 0.8701615119 0.5142619711 
-82.2525368507 0.0418008514 0.8701980060 0.5142845540 
-82.2547991432 0.0417955524 0.8702347909 0.5143071481 
-82.2570799738 0.0417902107 0.8702718689 0.5143297521 
-82.2593795048 0.0417848258 0.8703092426 0.5143523651 
-82.2616979002 0.0417793973 0.8703469145 0.5143749859 
-82.2640353258 0.0417739250 0.8703848869 0.5143976133 
-82.2663919490 0.0417684084 0.8704231625 0.5144202463 
-82.2687679389 0.0417628471 0.8704617437 0.5144428837 
-82.2711634664 0.0417572408 0.8705006332 0.5144655243 
-82.2735787041 0.0417515890 0.8705398335 0.5144881669 
-82.2760138265 0.0417458915 0.8705793473 0.5145108103 
-82.2784690097 0.0417401477 0.8706191771 0.5145334533 
-82.2809444318 0.0417343573 0.8706593258 0.5145560948 
-82.2834402725 0.0417285199 0.8706997958 0.5145787334 
-82.2859567135 0.0417226351 0.8707405901 0.5146013679 
-82.2884939384 0.0417167024 0.8707817112 0.5146239970 
-82.2910521325 0.0417107215 0.8708231621 0.5146466195 
-82.2936314833 0.0417046920 0.8708649454 0.5146692341 
-82.2962321798 0.0416986133 0.8709070640 0.5146918393 
-82.2988544134 0.0416924852 0.8709495208 0.5147144340 
-82.3014983772 0.0416863071 0.8709923186 0.5147370167 
-82.3041642663 0.0416800786 0.8710354603 0.5147595860 
-82.3068522779 0.0416737993 0.8710789488 0.5147821407 
-82.3095626111 0.0416674687 0.8711227872 0.5148046793 
-82.3122954672 0.0416610864 0.8711669784 0.5148272003 
-82.3150510494 0.0416546520 0.8712115254 0.5148497024 
-82.3178295632 0.0416481649 0.8712564312 0.5148721840 
-82.3206312159 0.0416416248 0.8713016990 0.5148946438 
-82.3234562174 0.0416350311 0.8713473318 0.5149170802 
-82.3263047792 0.0416283834 0.8713933327 0.5149394916 
-82.3291771155 0.0416216812 0.8714397049 0.5149618767 
-82.3320734424 0.0416149240 0.8714864516 0.5149842338 
-82.3349939782 0.0416081114 0.8715335760 0.5150065613 
-82.3379389437 0.0416012428 0.8715810814 0.5150288577 
-82.3409085618 0.0415943178 0.8716289710 0.5150511214 
-82.3439030576 0.0415873358 0.8716772481 0.5150733507 
-82.3469226588 0.0415802964 0.8717259161 0.5150955439 
-82.3499675952 0.0415731990 0.8717749783 0.5151176995 
-82.3530380991 0.0415660432 0.8718244381 0.5151398157 
-82.3561344051 0.0415588284 0.8718742991 0.5151618907 
-82.3592567505 0.0415515541 0.8719245645 0.5151839229 
-82.3624053746 0.0415442197 0.8719752380 0.5152059105 
-82.3655805195 0.0415368248 0.8720263230 0.5152278517 
-82.3687824297 0.0415293688 0.8720778231 0.5152497447 
-82.3720113523 0.0415218511 0.8721297420 0.5152715876 
-82.3752675369 0.0415142712 0.8721820831 0.5152933787 
-82.3785512357 0.0415066285 0.8722348502 0.5153151160 
-82.3818627033 0.0414989226 0.8722880470 0.5153367976 
-82.3852021974 0.0414911527 0.8723416773 0.5153584215 
-82.3885699779 0.0414833184 0.8723957446 0.5153799860 
-82.3919663077 0.0414754190 0.8724502529 0.5154014888 
-82.3953914523 0.0414674541 0.8725052061 0.5154229282 
-82.3988456800 0.0414594229 0.8725606078 0.5154443019 
-82.4023292617 0.0414513249 0.8726164621 0.5154656080 
-82.4058424714 0.0414431596 0.8726727729 0.5154868444 
-82.4093855859 0.0414349262 0.8727295442 0.5155080089 
-82.4129588846 0.0414266242 0.8727867799 0.5155290994 
-82.4165626500 0.0414182530 0.8728444841 0.5155501138 
-82.4201971677 0.0414098119 0.8729026609 0.5155710498 
-82.4238627259 0.0414013003 0.8729613144 0.5155919052 
-82.4275596161 0.0413927176 0.8730204488 0.5156126777 
-82.4312881328 0.0413840631 0.8730800682 0.5156333652 
-82.4350485733 0.0413753363 0.8731401769 0.5156539651 
-82.4388412383 0.0413665363 0.8732007792 0.5156744753 
-82.4426664315 0.0413576626 0.8732618793 0.5156948933 
-82.4465244599 0.0413487146 0.8733234816 0.5157152166 
-82.4504156334 0.0413396914 0.8733855905 0.5157354430 
-82.4543402655 0.0413305925 0.8734482104 0.5157555698 
-82.4582986727 0.0413214172 0.8735113458 0.5157755946 
-82.4622911749 0.0413121647 0.8735750012 0.5157955148 
-82.4663180955 0.0413028344 0.8736391811 0.5158153279 
-82.4703797609 0.0412934256 0.8737038901 0.5158350312 
-82.4744765013 0.0412839375 0.8737691329 0.5158546222 
-82.4786086502 0.0412743695 0.8738349141 0.5158740980 
-82.4827765445 0.0412647207 0.8739012383 0.5158934561 
-82.4869805248 0.0412549905 0.8739681105 0.5159126936 
-82.4912209351 0.0412451781 0.8740355353 0.5159318078 
-82.4954981232 0.0412352828 0.8741035175 0.5159507958 
-82.4998124405 0.0412253038 0.8741720622 0.5159696548 
-82.5041642419 0.0412152404 0.8742411741 0.5159883819 
-82.5085538862 0.0412050917 0.8743108584 0.5160069741 
-82.5129817359 0.0411948571 0.8743811198 0.5160254286 
-82.5174481574 0.0411845356 0.8744519636 0.5160437421 
-82.5219535210 0.0411741266 0.8745233948 0.5160619118 
-82.5264982006 0.0411636292 0.8745954186 0.5160799344 
-82.5310825744 0.0411530426 0.8746680401 0.5160978069 
-82.5357070243 0.0411423660 0.8747412646 0.5161155261 
-82.5403719364 0.0411315985 0.8748150973 0.5161330888 
-82.5450777008 0.0411207394 0.8748895436 0.5161504917 
-82.5498247117 0.0411097878 0.8749646089 0.5161677314 
-82.5546133676 0.0410987428 0.8750402985 0.5161848047 
-82.5594440711 0.0410876037 0.8751166180 0.5162017082 
-82.5643172290 0.0410763694 0.8751935728 0.5162184384 
-82.5692332525 0.0410650392 0.8752711685 0.5162349918 
-82.5741925571 0.0410536121 0.8753494107 0.5162513650 
-82.5791955628 0.0410420873 0.8754283051 0.5162675542 
-82.5842426939 0.0410304639 0.8755078574 0.5162835560 
-82.5893343792 0.0410187410 0.8755880732 0.5162993666 
-82.5944710524 0.0410069175 0.8756689585 0.5163149824 
-82.5996531512 0.0409949928 0.8757505191 0.5163303995 
-82.6048811186 0.0409829657 0.8758327608 0.5163456142 
-82.6101554017 0.0409708353 0.8759156897 0.5163606226 
-82.6154764528 0.0409586007 0.8759993117 0.5163754207 
-82.6208447289 0.0409462610 0.8760836329 0.5163900047 
-82.6262606917 0.0409338151 0.8761686593 0.5164043704 
-82.6317248081 0.0409212621 0.8762543972 0.5164185139 
-82.6372375497 0.0409086009 0.8763408528 0.5164324310 
-82.6427993933 0.0408958307 0.8764280323 0.5164461175 
-82.6484108209 0.0408829503 0.8765159420 0.5164595692 
-82.6540723192 0.0408699588 0.8766045882 0.5164727819 
-82.6597843807 0.0408568551 0.8766939775 0.5164857511 
-82.6655475028 0.0408436382 0.8767841163 0.5164984725 
-82.6713621882 0.0408303070 0.8768750111 0.5165109417 
-82.6772289453 0.0408168605 0.8769666684 0.5165231542 
-82.6831482875 0.0408032976 0.8770590950 0.5165351053 
-82.6891207342 0.0407896172 0.8771522975 0.5165467905 
-82.6951468100 0.0407758183 0.8772462826 0.5165582050 
-82.7012270452 0.0407618997 0.8773410572 0.5165693442 
-82.7073619761 0.0407478604 0.8774366281 0.5165802033 
-82.7135521443 0.0407336991 0.8775330022 0.5165907773 
-82.7197980977 0.0407194149 0.8776301865 0.5166010614 
-82.7261003897 0.0407050064 0.8777281880 0.5166110506 
-82.7324595799 0.0406904727 0.8778270138 0.5166207398 
-82.7388762340 0.0406758124 0.8779266710 0.5166301239 
-82.7453509236 0.0406610245 0.8780271669 0.5166391978 
-82.7518842266 0.0406461078 0.8781285086 0.5166479561 
-82.7584767271 0.0406310610 0.8782307034 0.5166563937 
-82.7651290156 0.0406158829 0.8783337589 0.5166645052 
-82.7718416889 0.0406005723 0.8784376823 0.5166722850 
-82.7786153504 0.0405851281 0.8785424812 0.5166797278 
-82.7854506099 0.0405695489 0.8786481631 0.5166868279 
-82.7923480839 0.0405538334 0.8787547356 0.5166935797 
-82.7993083956 0.0405379805 0.8788622063 0.5166999775 
-82.8063321750 0.0405219888 0.8789705831 0.5167060155 
-82.8134200588 0.0405058571 0.8790798737 0.5167116879 
-82.8205726909 0.0404895840 0.8791900858 0.5167169887 
-82.8277907220 0.0404731682 0.8793012276 0.5167219121 
-82.8350748099 0.0404566084 0.8794133068 0.5167264519 
-82.8424256198 0.0404399032 0.8795263315 0.5167306019 
-82.8498438240 0.0404230514 0.8796403099 0.5167343561 
-82.8573301021 0.0404060514 0.8797552500 0.5167377081 
-82.8648851412 0.0403889020 0.8798711601 0.5167406516 
-82.8725096361 0.0403716017 0.8799880484 0.5167431801 
-82.8802042889 0.0403541492 0.8801059233 0.5167452872 
-82.8879698096 0.0403365430 0.8802247932 0.5167469663 
-82.8958069159 0.0403187816 0.8803446665 0.5167482107 
-82.9037163336 0.0403008637 0.8804655518 0.5167490138 
-82.9116987962 0.0402827878 0.8805874576 0.5167493687 
-82.9197550454 0.0402645523 0.8807103926 0.5167492686 
-82.9278858312 0.0402461559 0.8808343655 0.5167487066 
-82.9360919115 0.0402275969 0.8809593851 0.5167476755 
-82.9443740531 0.0402088739 0.8810854602 0.5167461683 
-82.9527330308 0.0401899854 0.8812125997 0.5167441779 
-82.9611696281 0.0401709298 0.8813408126 0.5167416970 
-82.9696846374 0.0401517055 0.8814701079 0.5167387182 
-82.9782788595 0.0401323110 0.8816004947 0.5167352342 
-82.9869531043 0.0401127447 0.8817319821 0.5167312375 
-82.9957081908 0.0400930049 0.8818645795 0.5167267205 
-83.0045449467 0.0400730901 0.8819982959 0.5167216756 
-83.0134642093 0.0400529986 0.8821331409 0.5167160951 
-83.0224668251 0.0400327287 0.8822691238 0.5167099712 
-83.0315536498 0.0400122789 0.8824062541 0.5167032960 
-83.0407255490 0.0399916474 0.8825445413 0.5166960617 
-83.0499833976 0.0399708324 0.8826839951 0.5166882601 
-83.0593280806 0.0399498324 0.8828246251 0.5166798832 
-83.0687604925 0.0399286456 0.8829664410 0.5166709228 
-83.0782815382 0.0399072702 0.8831094526 0.5166613708 
-83.0878921325 0.0398857044 0.8832536698 0.5166512188 
-83.0975932005 0.0398639466 0.8833991026 0.5166404583 
-83.1073856777 0.0398419948 0.8835457608 0.5166290811 
-83.1172705100 0.0398198473 0.8836936546 0.5166170784 
-83.1272486541 0.0397975023 0.8838427941 0.5166044417 
-83.1373210772 0.0397749578 0.8839931894 0.5165911624 
-83.1474887577 0.0397522121 0.8841448508 0.5165772317 
-83.1577526848 0.0397292633 0.8842977886 0.5165626407 
-83.1681138588 0.0397061095 0.8844520132 0.5165473806 
-83.1785732916 0.0396827487 0.8846075350 0.5165314424 
-83.1891320063 0.0396591790 0.8847643644 0.5165148170 
-83.1997910374 0.0396353986 0.8849225121 0.5164974954 
-83.2105514316 0.0396114053 0.8850819886 0.5164794683 
-83.2214142470 0.0395871972 0.8852428046 0.5164607266 
-83.2323805538 0.0395627724 0.8854049710 0.5164412608 
-83.2434514346 0.0395381288 0.8855684983 0.5164210616 
-83.2546279839 0.0395132643 0.8857333976 0.5164001194 
-83.2659113090 0.0394881770 0.8858996798 0.5163784247 
-83.2773025296 0.0394628646 0.8860673557 0.5163559678 
-83.2888027783 0.0394373252 0.8862364365 0.5163327390 
-83.3004132004 0.0394115566 0.8864069333 0.5163087285 
-83.3121349544 0.0393855567 0.8865788572 0.5162839264 
-83.3239692122 0.0393593233 0.8867522193 0.5162583225 
-83.3359171588 0.0393328543 0.8869270311 0.5162319069 
-83.3479799929 0.0393061475 0.8871033038 0.5162046692 
-83.3601589271 0.0392792005 0.8872810487 0.5161765990 
-83.3724551875 0.0392520114 0.8874602774 0.5161476860 
-83.3848700148 0.0392245776 0.8876410013 0.5161179195 
-83.3974046636 0.0391968971 0.8878232319 0.5160872887 
-83.4100604030 0.0391689675 0.8880069809 0.5160557826 
-83.4228385168 0.0391407864 0.8881922599 0.5160233902 
-83.4357403035 0.0391123517 0.8883790805 0.5159901001 
-83.4487670767 0.0390836608 0.8885674546 0.5159559007 
-83.4619201651 0.0390547115 0.8887573940 0.5159207803 
-83.4752009128 0.0390255012 0.8889489104 0.5158847269 
-83.4886106795 0.0389960278 0.8891420158 0.5158477280 
-83.5021508406 0.0389662885 0.8893367221 0.5158097712 
-83.5158227875 0.0389362811 0.8895330413 0.5157708432 
-83.5296279279 0.0389060031 0.8897309855 0.5157309307 
-83.5435676855 0.0388754519 0.8899305666 0.5156900199 
-83.5576435011 0.0388446250 0.8901317969 0.5156480964 
-83.5718568319 0.0388135198 0.8903346884 0.5156051452 
-83.5862091523 0.0387821339 0.8905392534 0.5155611511 
-83.6007019540 0.0387504645 0.8907455042 0.5155160976 
-83.6153367459 0.0387185092 0.8909534529 0.5154699681 
-83.6301150550 0.0386862652 0.8911631118 0.5154227447 
-83.6450384260 0.0386537299 0.8913744934 0.5153744088 
-83.6601084217 0.0386209006 0.8915876100 0.5153249409 
-83.6753266234 0.0385877746 0.8918024741 0.5152743202 
-83.6906946313 0.0385543492 0.8920190979 0.5152225247 
-83.7062140641 0.0385206217 0.8922374941 0.5151695312 
-83.7218865600 0.0384865892 0.8924576750 0.5151153148 
-83.7377137765 0.0384522489 0.8926796533 0.5150598491 
-83.7536973908 0.0384175981 0.8929034414 0.5150031057 
-83.7698391001 0.0383826338 0.8931290520 0.5149450544 
-83.7861406220 0.0383473533 0.8933564975 0.5148856627 
-83.8026036944 0.0383117536 0.8935857907 0.5148248955 
-83.8192300762 0.0382758318 0.8938169441 0.5147627151 
-83.8360215474 0.0382395849 0.8940499703 0.5146990809 
-83.8529799096 0.0382030100 0.8942848821 0.5146339491 
-83.8701069859 0.0381661041 0.8945216920 0.5145672720 
-83.8874046218 0.0381288642 0.8947604128 0.5144989982 
-83.9048746850 0.0380912872 0.8950010570 0.5144290720 
-83.9225190662 0.0380533701 0.8952436375 0.5143574327 
-83.9403396789 0.0380151096 0.8954881669 0.5142840147 
-83.9583384605 0.0379765029 0.8957346579 0.5142087464 
-83.9765173720 0.0379375465 0.8959831231 0.5141315501 
-83.9948783988 0.0378982375 0.8962335754 0.5140523414 
-84.0134235510 0.0378585726 0.8964860273 0.5139710281 
-84.0321548637 0.0378185485 0.8967404915 0.5138875103 
-84.0510743975 0.0377781620 0.8969969808 0.5138016788 
-84.0701842391 0.0377374099 0.8972555079 0.5137134153 
-84.0894865016 0.0376962887 0.8975160852 0.5136225908 
-84.1089833251 0.0376547951 0.8977787257 0.5135290650 
-84.1286768769 0.0376129259 0.8980434418 0.5134326858 
-84.1485693524 0.0375706774 0.8983102462 0.5133332878 
-84.1686629756 0.0375280464 0.8985791515 0.5132306922 
-84.1889599994 0.0374850294 0.8988501704 0.5131247051 
-84.2094627064 0.0374416228 0.8991233154 0.5130151175 
-84.2301734096 0.0373978232 0.8993985991 0.5129017045 
-84.2510944529 0.0373536269 0.8996760340 0.5127842246 
-84.2722282116 0.0373090304 0.8999556327 0.5126624200 
-84.2935770937 0.0372640301 0.9002374076 0.5125360169 
-84.3151435398 0.0372186222 0.9005213714 0.5124047264 
-84.3369300247 0.0371728031 0.9008075364 0.5122682465 
-84.3589390576 0.0371265691 0.9010959151 0.5121262646 
-84.3811731833 0.0370799163 0.9013865199 0.5119784617 
-84.4036349827 0.0370328410 0.9016793634 0.5118245175 
-84.4263270739 0.0369853394 0.9019744578 0.5116641160 
-84.4492521130 0.0369374074 0.9022718156 0.5114969538 
-84.4724127950 0.0368890413 0.9025714491 0.5113227537 
-84.4958118551 0.0368402370 0.9028733706 0.5111413167 
-84.5194520706 0.0367909905 0.9031775926 0.5109527360 
-84.5433362681 0.0367412978 0.9034841274 0.5107581442 
-84.5674673349 0.0366911546 0.9037929877 0.5105613380 
-84.5918482205 0.0366405568 0.9041041864 0.5103695164 
-84.6164819027 0.0365895002 0.9044177360 0.5101902994 
-84.6413713534 0.0365379804 0.9047336486 0.5100287376 
-84.6665195350 0.0364859934 0.9050519351 0.5098874963 
-84.6919294030 0.0364335352 0.9053726061 0.5097675734 
-84.7176039070 0.0363806017 0.9056956712 0.5096684218 
-84.7435459933 0.0363271890 0.9060211392 0.5095881068 
-84.7697586121 0.0362732932 0.9063490187 0.5095237596 
-84.7962447260 0.0362189105 0.9066793173 0.5094720848 
-84.7996757058 0.0362118709 0.9067222082 0.5094612724 
