-81.9400272814 0.0425389134 0.8649904811 0.5090372921 
-81.9400308017 0.0425389050 0.8649905259 0.5090248741 
-81.9400379564 0.0425388881 0.8649906176 0.5090000225 
-81.9400489740 0.0425388619 0.8649907602 0.5089627337 
-81.9400641979 0.0425388258 0.8649909600 0.5089130685 
-81.9400840869 0.0425387786 0.8649912252 0.5088512189 
-81.9401090403 0.0425387194 0.8649915629 0.5087593491 
-81.9401404144 0.0425386449 0.8649919975 0.5086915734 
-81.9401786521 0.0425385540 0.8649925371 0.5086283572 
-81.9402243393 0.0425384455 0.8649931920 0.5085691025 
-81.9402780319 0.0425383179 0.8649939722 0.5085133284 
-81.9403402598 0.0425381701 0.8649948873 0.5084606523 
-81.9404115305 0.0425380007 0.8649959462 0.5084107721 
-81.9404923319 0.0425378086 0.8649971576 0.5083634496 
-81.9405831347 0.0425375928 0.8649985299 0.5083184960 
-81.9406843936 0.0425373521 0.8650000713 0.5082757604 
-81.9407965496 0.0425370854 0.8650017894 0.5082351200 
-81.9409200305 0.0425367919 0.8650036920 0.5081964731 
-81.9410552522 0.0425364703 0.8650057863 0.5081597335 
-81.9412026199 0.0425361199 0.8650080794 0.5081248266 
-81.9413625283 0.0425357397 0.8650105784 0.5080916866 
-81.9415353631 0.0425353286 0.8650132900 0.5080602540 
-81.9417215011 0.0425348860 0.8650162208 0.5080304742 
-81.9419213109 0.0425344108 0.8650193773 0.5080022968 
-81.9421351538 0.0425339022 0.8650227658 0.5079756740 
-81.9423633843 0.0425333593 0.8650263924 0.5079505605 
-81.9426063505 0.0425327815 0.8650302632 0.5079269132 
-81.9428643947 0.0425321677 0.8650343842 0.5079046902 
-81.9431378541 0.0425315173 0.8650387611 0.5078838515 
-81.9434270609 0.0425308294 0.8650433997 0.5078643580 
-81.9437323434 0.0425301032 0.8650483057 0.5078461723 
-81.9440540259 0.0425293380 0.8650534846 0.5078292577 
-81.9443924295 0.0425285331 0.8650589420 0.5078135790 
-81.9447478726 0.0425276876 0.8650646832 0.5077991018 
-81.9451206711 0.0425268009 0.8650707137 0.5077857929 
-81.9455111389 0.0425258721 0.8650770388 0.5077736200 
-81.9459195888 0.0425249005 0.8650836638 0.5077625518 
-81.9463463321 0.0425238854 0.8650905939 0.5077525577 
-81.9467916798 0.0425228261 0.8650978346 0.5077436082 
-81.9472559425 0.0425217218 0.8651053908 0.5077356747 
-81.9477394310 0.0425205718 0.8651132680 0.5077287291 
-81.9482424568 0.0425193753 0.8651214713 0.5077227444 
-81.9487653322 0.0425181316 0.8651300060 0.5077176941 
-81.9493083709 0.0425168400 0.8651388772 0.5077135526 
-81.9498718884 0.0425154997 0.8651480903 0.5077102949 
-81.9504562023 0.0425141099 0.8651576505 0.5077078967 
-81.9510616327 0.0425126700 0.8651675632 0.5077063343 
-81.9516885023 0.0425111791 0.8651778337 0.5077055848 
-81.9523371374 0.0425096365 0.8651884675 0.5077056257 
-81.9530078676 0.0425080414 0.8651994698 0.5077064351 
-81.9537010265 0.0425063929 0.8652108464 0.5077079918 
-81.9544169520 0.0425046904 0.8652226027 0.5077102749 
-81.9551559866 0.0425029330 0.8652347443 0.5077132641 
-81.9559184778 0.0425011198 0.8652472771 0.5077169398 
-81.9567047783 0.0424992501 0.8652602067 0.5077212827 
-81.9575152468 0.0424973230 0.8652735391 0.5077262738 
-81.9583502477 0.0424953376 0.8652872801 0.5077318948 
-81.9592101520 0.0424932931 0.8653014360 0.5077381278 
-81.9600953372 0.0424911886 0.8653160129 0.5077449550 
-81.9610061880 0.0424890231 0.8653310170 0.5077523595 
-81.9619430964 0.0424867958 0.8653464547 0.5077603242 
-81.9629064625 0.0424845057 0.8653623326 0.5077688328 
-81.9638966939 0.0424821518 0.8653786573 0.5077778692 
-81.9649142073 0.0424797332 0.8653954356 0.5077874175 
-81.9659594276 0.0424772488 0.8654126745 0.5077974624 
-81.9670327894 0.0424746977 0.8654303809 0.5078079885 
-81.9681347364 0.0424720788 0.8654485620 0.5078189811 
-81.9692657223 0.0424693910 0.8654672254 0.5078304256 
-81.9704262111 0.0424666332 0.8654863784 0.5078423075 
-81.9716166774 0.0424638044 0.8655060289 0.5078546129 
-81.9728376065 0.0424609034 0.8655261846 0.5078673278 
-81.9740894954 0.0424579289 0.8655468536 0.5078804386 
-81.9753728524 0.0424548799 0.8655680442 0.5078939321 
-81.9766881983 0.0424517551 0.8655897648 0.5079077948 
-81.9780360660 0.0424485533 0.8656120241 0.5079220140 
-81.9794170013 0.0424452731 0.8656348309 0.5079365767 
-81.9808315634 0.0424419132 0.8656581941 0.5079514704 
-81.9822803251 0.0424384724 0.8656821232 0.5079666826 
-81.9837638730 0.0424349493 0.8657066276 0.5079822011 
-81.9852828084 0.0424313423 0.8657317171 0.5079980136 
-81.9868377473 0.0424276501 0.8657574015 0.5080141083 
-81.9884293210 0.0424238713 0.8657836911 0.5080304732 
-81.9900581765 0.0424200042 0.8658105964 0.5080470967 
-81.9917249771 0.0424160474 0.8658381280 0.5080639671 
-81.9934304023 0.0424119993 0.8658662970 0.5080810730 
-81.9951751490 0.0424078581 0.8658951146 0.5080984029 
-81.9969599313 0.0424036223 0.8659245923 0.5081159456 
-81.9987854814 0.0423992902 0.8659547420 0.5081336899 
-82.0006525498 0.0423948599 0.8659855757 0.5081516246 
-82.0025619060 0.0423903298 0.8660171059 0.5081697388 
-82.0045143388 0.0423856978 0.8660493453 0.5081880215 
-82.0065106569 0.0423809623 0.8660823069 0.5082064617 
-82.0085516894 0.0423761212 0.8661160041 0.5082250486 
-82.0106382862 0.0423711725 0.8661504506 0.5082437715 
-82.0127713189 0.0423661142 0.8661856604 0.5082626195 
-82.0149516807 0.0423609442 0.8662216478 0.5082815820 
-82.0171802877 0.0423556605 0.8662584277 0.5083006482 
-82.0194580789 0.0423502607 0.8662960151 0.5083198076 
-82.0217860169 0.0423447427 0.8663344255 0.5083390494 
-82.0241650886 0.0423391042 0.8663736748 0.5083583630 
-82.0265963057 0.0423333428 0.8664137791 0.5083777379 
-82.0290807056 0.0423274562 0.8664547552 0.5083971633 
-82.0316193514 0.0423214417 0.8664966201 0.5084166287 
-82.0342133332 0.0423152970 0.8665393913 0.5084361235 
-82.0368637683 0.0423090193 0.8665830867 0.5084556369 
-82.0395718020 0.0423026061 0.8666277247 0.5084751584 
-82.0423386085 0.0422960547 0.8666733239 0.5084946771 
-82.0451653912 0.0422893621 0.8667199038 0.5085141825 
-82.0480533838 0.0422825257 0.8667674839 0.5085336637 
-82.0510038506 0.0422755424 0.8668160846 0.5085531099 
-82.0540180877 0.0422684093 0.8668657264 0.5085725102 
-82.0570974234 0.0422611232 0.8669164306 0.5085918538 
-82.0602432192 0.0422536811 0.8669682189 0.5086111296 
-82.0634568705 0.0422460796 0.8670211135 0.5086303267 
-82.0667398073 0.0422383156 0.8670751372 0.5086494338 
-82.0700934953 0.0422303856 0.8671303132 0.5086684398 
-82.0735194367 0.0422222861 0.8671866654 0.5086873335 
-82.0770191706 0.0422140137 0.8672442183 0.5087061034 
-82.0805942747 0.0422055646 0.8673029969 0.5087247381 
-82.0842463656 0.0421969352 0.8673630267 0.5087432261 
-82.0879770998 0.0421881216 0.8674243340 0.5087615557 
-82.0917881751 0.0421791199 0.8674869456 0.5087797150 
-82.0956813308 0.0421699262 0.8675508890 0.5087976923 
-82.0996583497 0.0421605363 0.8676161923 0.5088154754 
-82.1037210582 0.0421509461 0.8676828843 0.5088330523 
-82.1078713278 0.0421411513 0.8677509944 0.5088504106 
-82.1121110762 0.0421311474 0.8678205528 0.5088675380 
-82.1164422683 0.0421209300 0.8678915903 0.5088844219 
-82.1208669174 0.0421104945 0.8679641384 0.5089010494 
-82.1253870863 0.0420998361 0.8680382294 0.5089174078 
-82.1300048884 0.0420889500 0.8681138964 0.5089334840 
-82.1347224892 0.0420778314 0.8681911732 0.5089492648 
-82.1395421071 0.0420664750 0.8682700943 0.5089647367 
-82.1444660152 0.0420548759 0.8683506951 0.5089798862 
-82.1494965423 0.0420430285 0.8684330118 0.5089946995 
-82.1546360742 0.0420309277 0.8685170813 0.5090091625 
-82.1598870552 0.0420185677 0.8686029416 0.5090232612 
-82.1652519896 0.0420059429 0.8686906313 0.5090369811 
-82.1707334429 0.0419930475 0.8687801900 0.5090503076 
-82.1763340434 0.0419798755 0.8688716582 0.5090632259 
-82.1820564839 0.0419664209 0.8689650772 0.5090757208 
-82.1879035228 0.0419526774 0.8690604894 0.5090877772 
-82.1938779863 0.0419386386 0.8691579381 0.5090993793 
-82.1999827696 0.0419242981 0.8692574674 0.5091105115 
-82.2062208386 0.0419096491 0.8693591225 0.5091211575 
-82.2125952319 0.0418946848 0.8694629497 0.5091313012 
-82.2191090622 0.0418793982 0.8695689963 0.5091409259 
-82.2257655186 0.0418637822 0.8696773104 0.5091500147 
-82.2325678679 0.0418478294 0.8697879414 0.5091585504 
-82.2395194569 0.0418315324 0.8699009397 0.5091665155 
-82.2466237143 0.0418148835 0.8700163569 0.5091738924 
-82.2538841526 0.0417978748 0.8701342456 0.5091806628 
-82.2613043701 0.0417804984 0.8702546596 0.5091868085 
-82.2688880534 0.0417627460 0.8703776537 0.5091923107 
-82.2766389790 0.0417446093 0.8705032842 0.5091971503 
-82.2845610161 0.0417260796 0.8706316084 0.5092013080 
-82.2926581284 0.0417071482 0.8707626847 0.5092047640 
-82.3009343769 0.0416878061 0.8708965731 0.5092074984 
-82.3093939219 0.0416680442 0.8710333346 0.5092094906 
-82.3180410259 0.0416478530 0.8711730315 0.5092107198 
-82.3268800555 0.0416272229 0.8713157275 0.5092111650 
-82.3359154850 0.0416061440 0.8714614877 0.5092108045 
-82.3451518980 0.0415846065 0.8716103783 0.5092096165 
-82.3545939910 0.0415625999 0.8717624672 0.5092075787 
-82.3642465756 0.0415401137 0.8719178235 0.5092046682 
-82.3741145820 0.0415171373 0.8720765177 0.5092008621 
-82.3842030616 0.0414936595 0.8722386219 0.5091961369 
-82.3945171901 0.0414696693 0.8724042096 0.5091904684 
-82.4050622706 0.0414451550 0.8725733557 0.5091838326 
-82.4158437374 0.0414201049 0.8727461368 0.5091762044 
-82.4268671585 0.0413945070 0.8729226308 0.5091675587 
-82.4381382394 0.0413683491 0.8731029173 0.5091578698 
-82.4496628270 0.0413416185 0.8732870776 0.5091471117 
-82.4614469126 0.0413143024 0.8734751944 0.5091352576 
-82.4734966359 0.0412863877 0.8736673520 0.5091222806 
-82.4858182888 0.0412578610 0.8738636366 0.5091081532 
-82.4984183195 0.0412287085 0.8740641359 0.5090928472 
-82.5113033364 0.0411989162 0.8742689392 0.5090763343 
-82.5244801120 0.0411684698 0.8744781378 0.5090585854 
-82.5379555877 0.0411373546 0.8746918243 0.5090395709 
-82.5517368780 0.0411055556 0.8749100935 0.5090192607 
-82.5658312749 0.0410730575 0.8751330417 0.5089976244 
-82.5802462526 0.0410398447 0.8753607671 0.5089746307 
-82.5949894726 0.0410059012 0.8755933696 0.5089502479 
-82.6100687882 0.0409712105 0.8758309510 0.5089244436 
-82.6254922499 0.0409357561 0.8760736150 0.5088971849 
-82.6412681108 0.0408995208 0.8763214672 0.5088684381 
-82.6574048315 0.0408624872 0.8765746147 0.5088381691 
-82.6739110860 0.0408246374 0.8768331670 0.5088063428 
-82.6907957675 0.0407859533 0.8770972352 0.5087729235 
-82.7080679942 0.0407464161 0.8773669324 0.5087378746 
-82.7257371153 0.0407060070 0.8776423736 0.5087011589 
-82.7438127174 0.0406647064 0.8779236757 0.5086627379 
-82.7623046310 0.0406224946 0.8782109576 0.5086225725 
-82.7812229370 0.0405793512 0.8785043402 0.5085806223 
-82.8005779740 0.0405352554 0.8788039463 0.5085368459 
-82.8203803448 0.0404901863 0.8791099007 0.5084912004 
-82.8406409243 0.0404441220 0.8794223299 0.5084436416 
-82.8613708667 0.0403970406 0.8797413629 0.5083941239 
-82.8825816134 0.0403489195 0.8800671301 0.5083425995 
-82.9042849012 0.0402997356 0.8803997642 0.5082890191 
-82.9264927706 0.0402494654 0.8807393998 0.5082333307 
-82.9492175743 0.0401980850 0.8810861732 0.5081754800 
-82.9724719861 0.0401455697 0.8814402230 0.5081154096 
-82.9962690104 0.0400918946 0.8818016895 0.5080530587 
-83.0206219914 0.0400370340 0.8821707148 0.5079883626 
-83.0455446229 0.0399809618 0.8825474431 0.5079212520 
-83.0710509591 0.0399236514 0.8829320203 0.5078516524 
-83.0971554244 0.0398650755 0.8833245942 0.5077794826 
-83.1238728250 0.0398052064 0.8837253143 0.5077046546 
-83.1512183601 0.0397440156 0.8841343320 0.5076270713 
-83.1792076333 0.0396814743 0.8845518002 0.5075466255 
-83.2078566655 0.0396175529 0.8849778737 0.5074631976 
-83.2371819075 0.0395522212 0.8854127088 0.5073766535 
-83.2672002531 0.0394854484 0.8858564635 0.5072868416 
-83.2979290529 0.0394172031 0.8863092970 0.5071935894 
-83.3293861292 0.0393474532 0.8867713705 0.5070966990 
-83.3615897907 0.0392761660 0.8872428461 0.5069959419 
-83.3945588485 0.0392033082 0.8877238875 0.5068910529 
-83.4283126328 0.0391288455 0.8882146597 0.5067817216 
-83.4628710102 0.0390527433 0.8887153286 0.5066675828 
-83.4982544023 0.0389749661 0.8892260617 0.5065482046 
-83.5344838049 0.0388954776 0.8897470270 0.5064230730 
-83.5715808092 0.0388142408 0.8902783939 0.5062915735 
-83.6095676233 0.0387312181 0.8908203324 0.5061529677 
-83.6484670961 0.0386463709 0.8913730135 0.5060063653 
-83.6883027428 0.0385596599 0.8919366087 0.5058506882 
-83.7290987717 0.0384710450 0.8925112903 0.5056846274 
-83.7708801148 0.0383804851 0.8930972313 0.5055065897 
-83.8136724596 0.0382879384 0.8936946050 0.5053146338 
-83.8575022856 0.0381933621 0.8943035854 0.5051063942 
-83.9023969037 0.0380967123 0.8949243469 0.5048789946 
-83.9483845006 0.0379979443 0.8955570646 0.5046289533 
-83.9954941881 0.0378970122 0.8962019140 0.5043520931 
-84.0437560592 0.0377938690 0.8968590714 0.5040434772 
-84.0932012500 0.0376884666 0.8975287139 0.5036974145 
-84.1438620097 0.0375807554 0.8982110197 0.5033075934 
-84.1957717763 0.0374706844 0.8989061683 0.5028674002 
-84.2489652710 0.0373582014 0.8996143408 0.5023723264 
-84.3034787900 0.0372432517 0.9003357231 0.5018493014 
-84.3593502386 0.0371257788 0.9010705054 0.5013843409 
-84.4166177267 0.0370057272 0.9018188613 0.5010227727 
-84.4753191820 0.0368830431 0.9025809424 0.5007553476 
-84.4786398087 0.0368761139 0.9026240804 0.5007415751 
