-81.9432555659 0.0425312256 0.8650462611 0.5091383813 
-81.9432596118 0.0425312160 0.8650463150 0.5091259834 
-81.9432678176 0.0425311965 0.8650464248 0.5091011719 
-81.9432804121 0.0425311667 0.8650465946 0.5090639433 
-81.9432977391 0.0425311255 0.8650468307 0.5090143583 
-81.9433202576 0.0425310721 0.8650471412 0.5089526090 
-81.9433483676 0.0425310053 0.8650475333 0.5088608611 
-81.9433834262 0.0425309221 0.8650480315 0.5087932243 
-81.9434258767 0.0425308212 0.8650486436 0.5087301656 
-81.9434763060 0.0425307014 0.8650493802 0.5086710872 
-81.9435352705 0.0425305613 0.8650502512 0.5086155081 
-81.9436033010 0.0425303997 0.8650512662 0.5085630457 
-81.9436809060 0.0425302152 0.8650524341 0.5085133981 
-81.9437685744 0.0425300069 0.8650537637 0.5084663271 
-81.9438667777 0.0425297734 0.8650552634 0.5084216439 
-81.9439759719 0.0425295139 0.8650569413 0.5083791976 
-81.9440965990 0.0425292271 0.8650588051 0.5083388654 
-81.9442290881 0.0425289121 0.8650608626 0.5083005457 
-81.9443738564 0.0425285679 0.8650631210 0.5082641525 
-81.9445313103 0.0425281935 0.8650655875 0.5082296110 
-81.9447018462 0.0425277880 0.8650682692 0.5081968555 
-81.9448858510 0.0425273505 0.8650711727 0.5081658265 
-81.9450837030 0.0425268800 0.8650743048 0.5081364696 
-81.9452957728 0.0425263757 0.8650776718 0.5081087343 
-81.9455224232 0.0425258367 0.8650812802 0.5080825729 
-81.9457640104 0.0425252622 0.8650851361 0.5080579402 
-81.9460208845 0.0425246513 0.8650892456 0.5080347930 
-81.9462933896 0.0425240032 0.8650936147 0.5080130896 
-81.9465818649 0.0425233171 0.8650982492 0.5079927899 
-81.9468866447 0.0425225923 0.8651031549 0.5079738551 
-81.9472080594 0.0425218279 0.8651083375 0.5079562476 
-81.9475464356 0.0425210231 0.8651138026 0.5079399310 
-81.9479020967 0.0425201772 0.8651195557 0.5079248699 
-81.9482753634 0.0425192895 0.8651256023 0.5079110302 
-81.9486665541 0.0425183591 0.8651319478 0.5078983787 
-81.9490759853 0.0425173853 0.8651385977 0.5078868831 
-81.9495039723 0.0425163674 0.8651455572 0.5078765122 
-81.9499508292 0.0425153047 0.8651528316 0.5078672355 
-81.9504168697 0.0425141963 0.8651604263 0.5078590237 
-81.9509024074 0.0425130416 0.8651683466 0.5078518479 
-81.9514077559 0.0425118397 0.8651765976 0.5078456805 
-81.9519332298 0.0425105900 0.8651851847 0.5078404943 
-81.9524791446 0.0425092918 0.8651941132 0.5078362631 
-81.9530458172 0.0425079441 0.8652033883 0.5078329612 
-81.9536335664 0.0425065464 0.8652130153 0.5078305637 
-81.9542427131 0.0425050979 0.8652229997 0.5078290466 
-81.9548735809 0.0425035977 0.8652333467 0.5078283861 
-81.9555264963 0.0425020451 0.8652440617 0.5078285594 
-81.9562017891 0.0425004393 0.8652551503 0.5078295441 
-81.9568997926 0.0424987796 0.8652666179 0.5078313184 
-81.9576208445 0.0424970652 0.8652784700 0.5078338612 
-81.9583652865 0.0424952951 0.8652907124 0.5078371518 
-81.9591334652 0.0424934687 0.8653033507 0.5078411699 
-81.9599257323 0.0424915851 0.8653163906 0.5078458960 
-81.9607424449 0.0424896434 0.8653298381 0.5078513109 
-81.9615839658 0.0424876429 0.8653436990 0.5078573957 
-81.9624506642 0.0424855825 0.8653579795 0.5078641323 
-81.9633429154 0.0424834615 0.8653726856 0.5078715027 
-81.9642611019 0.0424812789 0.8653878236 0.5078794895 
-81.9652056130 0.0424790339 0.8654033998 0.5078880756 
-81.9661768459 0.0424767254 0.8654194207 0.5078972443 
-81.9671752053 0.0424743526 0.8654358929 0.5079069793 
-81.9682011045 0.0424719144 0.8654528231 0.5079172644 
-81.9692549651 0.0424694099 0.8654702182 0.5079280842 
-81.9703372176 0.0424668380 0.8654880852 0.5079394231 
-81.9714483020 0.0424641978 0.8655064312 0.5079512662 
-81.9725886678 0.0424614881 0.8655252635 0.5079635987 
-81.9737587745 0.0424587080 0.8655445896 0.5079764061 
-81.9749590919 0.0424558562 0.8655644170 0.5079896742 
-81.9761901007 0.0424529316 0.8655847536 0.5080033890 
-81.9774522925 0.0424499332 0.8656056073 0.5080175367 
-81.9787461705 0.0424468597 0.8656269863 0.5080321040 
-81.9800722496 0.0424437099 0.8656488990 0.5080470774 
-81.9814310571 0.0424404826 0.8656713537 0.5080624440 
-81.9828231327 0.0424371765 0.8656943594 0.5080781908 
-81.9842490293 0.0424337903 0.8657179248 0.5080943052 
-81.9857093130 0.0424303226 0.8657420592 0.5081107747 
-81.9872045637 0.0424267722 0.8657667720 0.5081275870 
-81.9887353757 0.0424231377 0.8657920727 0.5081447299 
-81.9903023577 0.0424194176 0.8658179711 0.5081621914 
-81.9919061335 0.0424156104 0.8658444773 0.5081799595 
-81.9935473423 0.0424117146 0.8658716018 0.5081980227 
-81.9952266392 0.0424077288 0.8658993549 0.5082163692 
-81.9969446955 0.0424036514 0.8659277475 0.5082349876 
-81.9987021995 0.0423994807 0.8659567908 0.5082538666 
-82.0004998565 0.0423952150 0.8659864961 0.5082729947 
-82.0023383896 0.0423908528 0.8660168751 0.5082923610 
-82.0042185399 0.0423863923 0.8660479397 0.5083119542 
-82.0061410672 0.0423818317 0.8660797020 0.5083317634 
-82.0081067503 0.0423771691 0.8661121748 0.5083517776 
-82.0101163878 0.0423724028 0.8661453708 0.5083719860 
-82.0121707982 0.0423675308 0.8661793031 0.5083923778 
-82.0142708207 0.0423625511 0.8662139854 0.5084129422 
-82.0164173157 0.0423574618 0.8662494313 0.5084336685 
-82.0186111650 0.0423522608 0.8662856552 0.5084545461 
-82.0208532728 0.0423469460 0.8663226714 0.5084755643 
-82.0231445663 0.0423415152 0.8663604949 0.5084967126 
-82.0254859956 0.0423359663 0.8663991410 0.5085179803 
-82.0278785350 0.0423302969 0.8664386252 0.5085393569 
-82.0303231832 0.0423245047 0.8664789636 0.5085608318 
-82.0328209641 0.0423185874 0.8665201726 0.5085823945 
-82.0353729272 0.0423125425 0.8665622690 0.5086040345 
-82.0379801486 0.0423063675 0.8666052700 0.5086257411 
-82.0406437312 0.0423000599 0.8666491932 0.5086475038 
-82.0433648055 0.0422936171 0.8666940568 0.5086693119 
-82.0461445306 0.0422870362 0.8667398792 0.5086911550 
-82.0489840945 0.0422803147 0.8667866795 0.5087130222 
-82.0518847148 0.0422734497 0.8668344770 0.5087349029 
-82.0548476398 0.0422664382 0.8668832917 0.5087567863 
-82.0578741489 0.0422592774 0.8669331440 0.5087786616 
-82.0609655533 0.0422519642 0.8669840547 0.5088005181 
-82.0641231971 0.0422444955 0.8670360452 0.5088223447 
-82.0673484578 0.0422368681 0.8670891374 0.5088441304 
-82.0706427472 0.0422290787 0.8671433538 0.5088658643 
-82.0740075123 0.0422211240 0.8671987173 0.5088875351 
-82.0774442360 0.0422130007 0.8672552514 0.5089091316 
-82.0809544381 0.0422047051 0.8673129803 0.5089306425 
-82.0845396760 0.0421962338 0.8673719285 0.5089520563 
-82.0882015460 0.0421875829 0.8674321214 0.5089733615 
-82.0919416837 0.0421787489 0.8674935846 0.5089945465 
-82.0957617653 0.0421697278 0.8675563448 0.5090155995 
-82.0996635085 0.0421605156 0.8676204290 0.5090365086 
-82.1036486733 0.0421511084 0.8676858649 0.5090572617 
-82.1077190634 0.0421415020 0.8677526808 0.5090778467 
-82.1118765271 0.0421316921 0.8678209059 0.5090982512 
-82.1161229579 0.0421216745 0.8678905697 0.5091184629 
-82.1204602966 0.0421114447 0.8679617028 0.5091384691 
-82.1248905313 0.0421009981 0.8680343362 0.5091582569 
-82.1294156992 0.0420903301 0.8681085017 0.5091778135 
-82.1340378880 0.0420794359 0.8681842320 0.5091971256 
-82.1387592363 0.0420683107 0.8682615604 0.5092161799 
-82.1435819355 0.0420569494 0.8683405209 0.5092349630 
-82.1485082309 0.0420453470 0.8684211485 0.5092534611 
-82.1535404229 0.0420334982 0.8685034789 0.5092716602 
-82.1586808684 0.0420213977 0.8685875485 0.5092895462 
-82.1639319823 0.0420090399 0.8686733946 0.5093071047 
-82.1692962386 0.0419964193 0.8687610555 0.5093243212 
-82.1747761720 0.0419835301 0.8688505702 0.5093411807 
-82.1803743796 0.0419703665 0.8689419786 0.5093576681 
-82.1860935219 0.0419569224 0.8690353216 0.5093737682 
-82.1919363249 0.0419431917 0.8691306409 0.5093894653 
-82.1979055811 0.0419291681 0.8692279792 0.5094047435 
-82.2040041518 0.0419148451 0.8693273802 0.5094195866 
-82.2102349681 0.0419002161 0.8694288885 0.5094339783 
-82.2166010334 0.0418852745 0.8695325496 0.5094479018 
-82.2231054241 0.0418700132 0.8696384103 0.5094613400 
-82.2297512924 0.0418544252 0.8697465182 0.5094742756 
-82.2365418677 0.0418385033 0.8698569220 0.5094866910 
-82.2434804584 0.0418222400 0.8699696714 0.5094985680 
-82.2505704542 0.0418056279 0.8700848174 0.5095098885 
-82.2578153277 0.0417886592 0.8702024119 0.5095206337 
-82.2652186368 0.0417713258 0.8703225081 0.5095307845 
-82.2727840266 0.0417536198 0.8704451602 0.5095403217 
-82.2805152315 0.0417355329 0.8705704236 0.5095492255 
-82.2884160777 0.0417170565 0.8706983551 0.5095574757 
-82.2964904853 0.0416981819 0.8708290124 0.5095650518 
-82.3047424706 0.0416789004 0.8709624547 0.5095719329 
-82.3131761486 0.0416592027 0.8710987422 0.5095780978 
-82.3217957353 0.0416390797 0.8712379368 0.5095835246 
-82.3306055505 0.0416185217 0.8713801011 0.5095881913 
-82.3396100203 0.0415975192 0.8715252996 0.5095920754 
-82.3488136795 0.0415760621 0.8716735979 0.5095951537 
-82.3582211748 0.0415541403 0.8718250629 0.5095974030 
-82.3678372673 0.0415317433 0.8719797630 0.5095987993 
-82.3776668355 0.0415088606 0.8721377681 0.5095993183 
-82.3877148783 0.0414854813 0.8722991493 0.5095989351 
-82.3979865179 0.0414615942 0.8724639793 0.5095976246 
-82.4084870033 0.0414371880 0.8726323323 0.5095953609 
-82.4192217131 0.0414122510 0.8728042841 0.5095921178 
-82.4301961590 0.0413867713 0.8729799118 0.5095878686 
-82.4414159895 0.0413607368 0.8731592942 0.5095825860 
-82.4528869929 0.0413341350 0.8733425117 0.5095762421 
-82.4646151012 0.0413069532 0.8735296461 0.5095688089 
-82.4766063937 0.0412791785 0.8737207811 0.5095602573 
-82.4888671011 0.0412507974 0.8739160020 0.5095505581 
-82.5014036089 0.0412217965 0.8741153954 0.5095396813 
-82.5142224619 0.0411921618 0.8743190501 0.5095275964 
-82.5273303683 0.0411618791 0.8745270563 0.5095142723 
-82.5407342035 0.0411309339 0.8747395061 0.5094996775 
-82.5544410152 0.0410993113 0.8749564930 0.5094837797 
-82.5684580274 0.0410669962 0.8751781127 0.5094665459 
-82.5827926453 0.0410339731 0.8754044626 0.5094479428 
-82.5974524600 0.0410002261 0.8756356416 0.5094279361 
-82.6124452533 0.0409657389 0.8758717508 0.5094064911 
-82.6277790032 0.0409304951 0.8761128929 0.5093835722 
-82.6434618886 0.0408944776 0.8763591727 0.5093591433 
-82.6595022952 0.0408576692 0.8766106966 0.5093331674 
-82.6759088205 0.0408200523 0.8768675731 0.5093056067 
-82.6926902801 0.0407816086 0.8771299125 0.5092764228 
-82.7098557130 0.0407423198 0.8773978271 0.5092455763 
-82.7274143883 0.0407021670 0.8776714311 0.5092130267 
-82.7453758108 0.0406611309 0.8779508406 0.5091787330 
-82.7637497280 0.0406191919 0.8782361736 0.5091426528 
-82.7825461364 0.0405763296 0.8785275504 0.5091047427 
-82.8017752886 0.0405325237 0.8788250928 0.5090649580 
-82.8214477000 0.0404877531 0.8791289249 0.5090232530 
-82.8415741568 0.0404419964 0.8794391726 0.5089795802 
-82.8621657226 0.0403952315 0.8797559640 0.5089338907 
-82.8832337470 0.0403474361 0.8800794288 0.5088861338 
-82.9047898732 0.0402985874 0.8804096991 0.5088362569 
-82.9268460465 0.0402486619 0.8807469086 0.5087842052 
-82.9494145226 0.0401976359 0.8810911933 0.5087299212 
-82.9725078767 0.0401454848 0.8814426909 0.5086733448 
-82.9961390128 0.0400921839 0.8818015410 0.5086144125 
-83.0203211726 0.0400377078 0.8821678853 0.5085530572 
-83.0450679459 0.0399820303 0.8825418675 0.5084892075 
-83.0703932805 0.0399251251 0.8829236327 0.5084227870 
-83.0963114928 0.0398669652 0.8833133284 0.5083537134 
-83.1228372785 0.0398075228 0.8837111036 0.5082818979 
-83.1499857240 0.0397467697 0.8841171091 0.5082072436 
-83.1777723183 0.0396846772 0.8845314976 0.5081296443 
-83.2062129649 0.0396212159 0.8849544235 0.5080489829 
-83.2353239946 0.0395563558 0.8853860426 0.5079651293 
-83.2651221787 0.0394900662 0.8858265128 0.5078779377 
-83.2956247423 0.0394223159 0.8862759931 0.5077872441 
-83.3268493793 0.0393530730 0.8867346442 0.5076928622 
-83.3588142668 0.0392823049 0.8872026283 0.5075945795 
-83.3915380806 0.0392099783 0.8876801089 0.5074921514 
-83.4250400121 0.0391360595 0.8881672508 0.5073852952 
-83.4593397848 0.0390605137 0.8886642202 0.5072736815 
-83.4944576727 0.0389833056 0.8891711842 0.5071569249 
-83.5304145192 0.0389043992 0.8896883111 0.5070345717 
-83.5672317572 0.0388237577 0.8902157703 0.5069060850 
-83.6049314306 0.0387413436 0.8907537319 0.5067708269 
-83.6435362165 0.0386571185 0.8913023670 0.5066280361 
-83.6830694500 0.0385710433 0.8918618474 0.5064768005 
-83.7235551501 0.0384830781 0.8924323456 0.5063160244 
-83.7650180475 0.0383931820 0.8930140345 0.5061443882 
-83.8074836154 0.0383013135 0.8936070876 0.5059602997 
-83.8509781027 0.0382074299 0.8942116790 0.5057618373 
-83.8955285699 0.0381114878 0.8948279831 0.5055466827 
-83.9411629297 0.0380134428 0.8954561747 0.5053120455 
-83.9879099912 0.0379132492 0.8960964288 0.5050545841 
-84.0357995089 0.0378108606 0.8967489212 0.5047703310 
-84.0848622376 0.0377062293 0.8974138279 0.5044546478 
-84.1351299939 0.0375993063 0.8980913256 0.5041022496 
-84.1866357227 0.0374900414 0.8987815916 0.5037073604 
-84.2394135707 0.0373783830 0.8994848043 0.5032640525 
-84.2934989780 0.0372642781 0.9002011431 0.5027688557 
-84.3489289749 0.0371476715 0.9009307920 0.5022516188 
-84.4057421659 0.0370285062 0.9016739379 0.5017994822 
-84.4639773068 0.0369067262 0.9024307500 0.5014553883 
-84.5236729643 0.0367822776 0.9032013747 0.5012074845 
-84.5281682638 0.0367729215 0.9032593761 0.5011901872 
