-81.9919425245 0.0424154165 0.8658962991 0.5111705841 
-81.9919436623 0.0424154138 0.8658963162 0.5111679670 
-81.9919459421 0.0424154084 0.8658963505 0.5111627564 
-81.9919493730 0.0424154002 0.8658964022 0.5111549986 
-81.9919539678 0.0424153893 0.8658964715 0.5111447613 
-81.9919597440 0.0424153756 0.8658965586 0.5111321315 
-81.9919666030 0.0424153594 0.8658966619 0.5111047701 
-81.9919748498 0.0424153398 0.8658967868 0.5110898625 
-81.9919843864 0.0424153172 0.8658969316 0.5110747320 
-81.9919952375 0.0424152915 0.8658970966 0.5110593838 
-81.9920074281 0.0424152626 0.8658972823 0.5110438263 
-81.9920209838 0.0424152304 0.8658974892 0.5110280707 
-81.9920359306 0.0424151950 0.8658977178 0.5110121304 
-81.9920522949 0.0424151562 0.8658979685 0.5109960209 
-81.9920701038 0.0424151140 0.8658982418 0.5109797594 
-81.9920893844 0.0424150682 0.8658985381 0.5109633645 
-81.9921101643 0.0424150190 0.8658988581 0.5109468555 
-81.9921324715 0.0424149661 0.8658992021 0.5109302528 
-81.9921563344 0.0424149095 0.8658995707 0.5109135768 
-81.9921817812 0.0424148491 0.8658999644 0.5108968483 
-81.9922088409 0.0424147849 0.8659003836 0.5108800883 
-81.9922375423 0.0424147169 0.8659008290 0.5108633171 
-81.9922679146 0.0424146448 0.8659013010 0.5108465549 
-81.9922999869 0.0424145688 0.8659018001 0.5108298213 
-81.9923337885 0.0424144886 0.8659023269 0.5108131353 
-81.9923693490 0.0424144042 0.8659028818 0.5107965149 
-81.9924066977 0.0424143157 0.8659034655 0.5107799776 
-81.9924458641 0.0424142228 0.8659040784 0.5107635398 
-81.9924868778 0.0424141255 0.8659047210 0.5107472168 
-81.9925297681 0.0424140237 0.8659053940 0.5107310234 
-81.9925745644 0.0424139175 0.8659060976 0.5107149729 
-81.9926212962 0.0424138066 0.8659068326 0.5106990781 
-81.9926699927 0.0424136911 0.8659075995 0.5106833504 
-81.9927206831 0.0424135709 0.8659083986 0.5106678005 
-81.9927733964 0.0424134458 0.8659092306 0.5106524381 
-81.9928281616 0.0424133159 0.8659100960 0.5106372722 
-81.9928850075 0.0424131811 0.8659109952 0.5106223105 
-81.9929439628 0.0424130412 0.8659119288 0.5106075603 
-81.9930050560 0.0424128963 0.8659128973 0.5105930280 
-81.9930683155 0.0424127462 0.8659139012 0.5105787192 
-81.9931337695 0.0424125909 0.8659149409 0.5105646388 
-81.9932014459 0.0424124304 0.8659160170 0.5105507913 
-81.9932713727 0.0424122645 0.8659171299 0.5105371803 
-81.9933435775 0.0424120932 0.8659182802 0.5105238091 
-81.9934180879 0.0424119164 0.8659194682 0.5105106803 
-81.9934949311 0.0424117341 0.8659206946 0.5104977962 
-81.9935741342 0.0424115462 0.8659219598 0.5104851585 
-81.9936557244 0.0424113526 0.8659232642 0.5104727686 
-81.9937397282 0.0424111533 0.8659246082 0.5104606277 
-81.9938261723 0.0424109482 0.8659259925 0.5104487364 
-81.9939150831 0.0424107373 0.8659274174 0.5104370952 
-81.9940064868 0.0424105204 0.8659288834 0.5104257043 
-81.9941004095 0.0424102976 0.8659303909 0.5104145636 
-81.9941968771 0.0424100687 0.8659319404 0.5104036728 
-81.9942959152 0.0424098337 0.8659335324 0.5103930314 
-81.9943975494 0.0424095926 0.8659351672 0.5103826388 
-81.9945018051 0.0424093452 0.8659368454 0.5103724943 
-81.9946087075 0.0424090916 0.8659385673 0.5103625969 
-81.9947182816 0.0424088316 0.8659403334 0.5103529454 
-81.9948305524 0.0424085653 0.8659421441 0.5103435389 
-81.9949455445 0.0424082924 0.8659439999 0.5103343759 
-81.9950632826 0.0424080131 0.8659459012 0.5103254551 
-81.9951837911 0.0424077271 0.8659478484 0.5103167751 
-81.9953070944 0.0424074346 0.8659498418 0.5103083345 
-81.9954332165 0.0424071353 0.8659518821 0.5103001316 
-81.9955621817 0.0424068294 0.8659539694 0.5102921648 
-81.9956940137 0.0424065166 0.8659561044 0.5102844324 
-81.9958287365 0.0424061969 0.8659582872 0.5102769329 
-81.9959663736 0.0424058703 0.8659605185 0.5102696644 
-81.9961069487 0.0424055368 0.8659627986 0.5102626252 
-81.9962504852 0.0424051962 0.8659651278 0.5102558135 
-81.9963970065 0.0424048486 0.8659675066 0.5102492275 
-81.9965465358 0.0424044938 0.8659699354 0.5102428654 
-81.9966990964 0.0424041318 0.8659724145 0.5102367253 
-81.9968547114 0.0424037626 0.8659749444 0.5102308054 
-81.9970134036 0.0424033861 0.8659775255 0.5102251038 
-81.9971751961 0.0424030022 0.8659801581 0.5102196187 
-81.9973401116 0.0424026109 0.8659828427 0.5102143483 
-81.9975081731 0.0424022122 0.8659855796 0.5102092905 
-81.9976794031 0.0424018059 0.8659883692 0.5102044437 
-81.9978538244 0.0424013921 0.8659912118 0.5101998059 
-81.9980314595 0.0424009706 0.8659941080 0.5101953752 
-81.9982123310 0.0424005415 0.8659970580 0.5101911498 
-81.9983964614 0.0424001046 0.8660000623 0.5101871279 
-81.9985838731 0.0423996600 0.8660031211 0.5101833076 
-81.9987745886 0.0423992075 0.8660062350 0.5101796870 
-81.9989686303 0.0423987471 0.8660094042 0.5101762644 
-81.9991660205 0.0423982788 0.8660126292 0.5101730379 
-81.9993667815 0.0423978025 0.8660159103 0.5101700057 
-81.9995709358 0.0423973181 0.8660192479 0.5101671660 
-81.9997785056 0.0423968257 0.8660226424 0.5101645170 
-81.9999895132 0.0423963251 0.8660260941 0.5101620570 
-82.0002039810 0.0423958162 0.8660296035 0.5101597841 
-82.0004219311 0.0423952992 0.8660331708 0.5101576967 
-82.0006433860 0.0423947738 0.8660367965 0.5101557930 
-82.0008683679 0.0423942400 0.8660404809 0.5101540712 
-82.0010968992 0.0423936979 0.8660442245 0.5101525297 
-82.0013290022 0.0423931472 0.8660480275 0.5101511667 
-82.0015646993 0.0423925881 0.8660518904 0.5101499806 
-82.0018040129 0.0423920203 0.8660558135 0.5101489697 
-82.0020469654 0.0423914440 0.8660597972 0.5101481323 
-82.0022935793 0.0423908589 0.8660638419 0.5101474669 
-82.0025438770 0.0423902651 0.8660679480 0.5101469716 
-82.0027978813 0.0423896626 0.8660721157 0.5101466451 
-82.0030556146 0.0423890512 0.8660763456 0.5101464855 
-82.0033170996 0.0423884309 0.8660806379 0.5101464914 
-82.0035823590 0.0423878016 0.8660849931 0.5101466612 
-82.0038514157 0.0423871634 0.8660894115 0.5101469933 
-82.0041242924 0.0423865161 0.8660938935 0.5101474862 
-82.0044010121 0.0423858597 0.8660984395 0.5101481383 
-82.0046815978 0.0423851941 0.8661030498 0.5101489481 
-82.0049660726 0.0423845193 0.8661077249 0.5101499142 
-82.0052544595 0.0423838352 0.8661124651 0.5101510349 
-82.0055467819 0.0423831418 0.8661172708 0.5101523090 
-82.0058430632 0.0423824391 0.8661221423 0.5101537348 
-82.0061433266 0.0423817269 0.8661270802 0.5101553109 
-82.0064475959 0.0423810052 0.8661320847 0.5101570360 
-82.0067558946 0.0423802739 0.8661371562 0.5101589085 
-82.0070682464 0.0423795331 0.8661422952 0.5101609271 
-82.0073846754 0.0423787826 0.8661475020 0.5101630904 
-82.0077052054 0.0423780223 0.8661527770 0.5101653970 
-82.0080298605 0.0423772523 0.8661581206 0.5101678455 
-82.0083586651 0.0423764725 0.8661635333 0.5101704346 
-82.0086916435 0.0423756828 0.8661690153 0.5101731629 
-82.0090288201 0.0423748831 0.8661745671 0.5101760291 
-82.0093702196 0.0423740735 0.8661801892 0.5101790318 
-82.0097158669 0.0423732537 0.8661858818 0.5101821699 
-82.0100657868 0.0423724239 0.8661916455 0.5101854419 
-82.0104200045 0.0423715839 0.8661974806 0.5101888466 
-82.0107785451 0.0423707336 0.8662033875 0.5101923827 
-82.0111414341 0.0423698730 0.8662093667 0.5101960490 
-82.0115086971 0.0423690021 0.8662154185 0.5101998441 
-82.0118803598 0.0423681208 0.8662215434 0.5102037670 
-82.0122564481 0.0423672290 0.8662277419 0.5102078163 
-82.0126369881 0.0423663266 0.8662340142 0.5102119909 
-82.0130220061 0.0423654136 0.8662403609 0.5102162895 
-82.0134115285 0.0423644900 0.8662467824 0.5102207109 
-82.0138055819 0.0423635557 0.8662532791 0.5102252540 
-82.0142041932 0.0423626105 0.8662598514 0.5102299176 
-82.0146073895 0.0423616545 0.8662664999 0.5102347006 
-82.0150151979 0.0423606876 0.8662732248 0.5102396017 
-82.0154276460 0.0423597097 0.8662800268 0.5102446199 
-82.0158447613 0.0423587208 0.8662869061 0.5102497540 
-82.0162665717 0.0423577208 0.8662938633 0.5102550029 
-82.0166931053 0.0423567095 0.8663008989 0.5102603655 
-82.0171243905 0.0423556871 0.8663080132 0.5102658407 
-82.0175604557 0.0423546533 0.8663152068 0.5102714274 
-82.0180013297 0.0423536081 0.8663224800 0.5102771245 
-82.0184470415 0.0423525515 0.8663298335 0.5102829310 
-82.0188976204 0.0423514834 0.8663372675 0.5102888457 
-82.0193530958 0.0423504037 0.8663447827 0.5102948677 
-82.0198134975 0.0423493123 0.8663523795 0.5103009959 
-82.0202788554 0.0423482093 0.8663600584 0.5103072293 
-82.0207491998 0.0423470944 0.8663678199 0.5103135668 
-82.0212245612 0.0423459677 0.8663756644 0.5103200074 
-82.0217049703 0.0423448290 0.8663835925 0.5103265501 
-82.0221904583 0.0423436783 0.8663916046 0.5103331939 
-82.0226810563 0.0423425155 0.8663997013 0.5103399378 
-82.0231767960 0.0423413406 0.8664078831 0.5103467808 
-82.0236777092 0.0423401534 0.8664161504 0.5103537220 
-82.0241838281 0.0423389540 0.8664245038 0.5103607603 
-82.0246951852 0.0423377421 0.8664329439 0.5103678948 
-82.0252118131 0.0423365178 0.8664414711 0.5103751246 
-82.0257337449 0.0423352809 0.8664500860 0.5103824487 
-82.0262610140 0.0423340315 0.8664587891 0.5103898661 
-82.0267936540 0.0423327693 0.8664675809 0.5103973760 
-82.0273316988 0.0423314944 0.8664764621 0.5104049773 
-82.0278751828 0.0423302066 0.8664854331 0.5104126693 
-82.0284241405 0.0423289059 0.8664944944 0.5104204508 
-82.0289786069 0.0423275921 0.8665036468 0.5104283212 
-82.0295386173 0.0423262653 0.8665128907 0.5104362794 
-82.0301042071 0.0423249253 0.8665222267 0.5104443245 
-82.0306754124 0.0423235720 0.8665316554 0.5104524557 
-82.0312522694 0.0423222054 0.8665411773 0.5104606721 
-82.0318348147 0.0423208253 0.8665507931 0.5104689728 
-82.0324230854 0.0423194317 0.8665605033 0.5104773569 
-82.0330171187 0.0423180245 0.8665703086 0.5104858235 
-82.0336169524 0.0423166036 0.8665802095 0.5104943719 
-82.0342226245 0.0423151689 0.8665902066 0.5105030012 
-82.0348341735 0.0423137203 0.8666003006 0.5105117104 
-82.0354516382 0.0423122578 0.8666104922 0.5105204988 
-82.0360750577 0.0423107812 0.8666207818 0.5105293655 
-82.0367044717 0.0423092905 0.8666311702 0.5105383096 
-82.0373399200 0.0423077855 0.8666416579 0.5105473305 
-82.0379814432 0.0423062662 0.8666522458 0.5105564271 
-82.0386290820 0.0423047324 0.8666629343 0.5105655988 
-82.0392828775 0.0423031841 0.8666737241 0.5105748447 
-82.0399428713 0.0423016212 0.8666846160 0.5105841639 
-82.0406091054 0.0423000436 0.8666956105 0.5105935557 
-82.0412816223 0.0422984511 0.8667067085 0.5106030193 
-82.0419604647 0.0422968437 0.8667179104 0.5106125539 
-82.0426456760 0.0422952213 0.8667292171 0.5106221586 
-82.0433372999 0.0422935838 0.8667406293 0.5106318327 
-82.0440353806 0.0422919310 0.8667521476 0.5106415755 
-82.0447399625 0.0422902629 0.8667637728 0.5106513861 
-82.0454510909 0.0422885794 0.8667755055 0.5106612637 
-82.0461688111 0.0422868803 0.8667873465 0.5106712075 
-82.0468931692 0.0422851656 0.8667992966 0.5106812169 
-82.0476242116 0.0422834351 0.8668113565 0.5106912910 
-82.0483619851 0.0422816887 0.8668235269 0.5107014291 
-82.0491065373 0.0422799264 0.8668358086 0.5107116304 
-82.0498579159 0.0422781480 0.8668482024 0.5107218941 
-82.0506161693 0.0422763533 0.8668607090 0.5107322196 
-82.0513813464 0.0422745424 0.8668733291 0.5107426059 
-82.0521534965 0.0422727150 0.8668860637 0.5107530525 
-82.0529326694 0.0422708711 0.8668989135 0.5107635585 
-82.0537189156 0.0422690105 0.8669118793 0.5107741232 
-82.0545122858 0.0422671331 0.8669249618 0.5107847458 
-82.0553128316 0.0422652388 0.8669381620 0.5107954257 
-82.0561206047 0.0422633275 0.8669514807 0.5108061620 
-82.0569356578 0.0422613991 0.8669649186 0.5108169541 
-82.0577580438 0.0422594534 0.8669784767 0.5108278012 
-82.0585878162 0.0422574903 0.8669921557 0.5108387026 
-82.0594250291 0.0422555097 0.8670059566 0.5108496576 
-82.0602697373 0.0422535114 0.8670198803 0.5108606654 
-82.0611219958 0.0422514953 0.8670339275 0.5108717253 
-82.0619818606 0.0422494614 0.8670480992 0.5108828365 
-82.0628493879 0.0422474094 0.8670623964 0.5108939985 
-82.0637246347 0.0422453393 0.8670768198 0.5109052103 
-82.0646076585 0.0422432508 0.8670913704 0.5109164714 
-82.0654985175 0.0422411439 0.8671060492 0.5109277811 
-82.0663972703 0.0422390185 0.8671208570 0.5109391385 
-82.0673039764 0.0422368743 0.8671357948 0.5109505430 
-82.0682186955 0.0422347113 0.8671508637 0.5109619938 
-82.0691414884 0.0422325293 0.8671660644 0.5109734903 
-82.0700724162 0.0422303281 0.8671813981 0.5109850318 
-82.0710115406 0.0422281077 0.8671968656 0.5109966175 
-82.0719589242 0.0422258679 0.8672124681 0.5110082467 
-82.0729146301 0.0422236085 0.8672282064 0.5110199188 
-82.0738787220 0.0422213294 0.8672440816 0.5110316329 
-82.0748512643 0.0422190304 0.8672600948 0.5110433885 
-82.0758323221 0.0422167114 0.8672762469 0.5110551848 
-82.0768219611 0.0422143723 0.8672925390 0.5110670210 
-82.0778202478 0.0422120128 0.8673089722 0.5110788966 
-82.0788272493 0.0422096329 0.8673255475 0.5110908107 
-82.0798430335 0.0422072323 0.8673422660 0.5111027627 
-82.0808676687 0.0422048109 0.8673591288 0.5111147519 
-82.0819012243 0.0422023686 0.8673761370 0.5111267776 
-82.0829437701 0.0421999052 0.8673932916 0.5111388390 
-82.0839953769 0.0421974205 0.8674105939 0.5111509355 
-82.0850561160 0.0421949143 0.8674280450 0.5111630663 
-82.0861260595 0.0421923865 0.8674456459 0.5111752308 
-82.0872052803 0.0421898370 0.8674633979 0.5111874282 
-82.0882938521 0.0421872655 0.8674813021 0.5111996579 
-82.0893918492 0.0421846719 0.8674993597 0.5112119191 
-82.0904993467 0.0421820560 0.8675175719 0.5112242111 
-82.0916164206 0.0421794176 0.8675359399 0.5112365332 
-82.0927431477 0.0421767566 0.8675544649 0.5112488847 
-82.0938796053 0.0421740728 0.8675731481 0.5112612649 
-82.0950258718 0.0421713659 0.8675919908 0.5112736731 
-82.0961820264 0.0421686359 0.8676109942 0.5112861086 
-82.0973481489 0.0421658825 0.8676301596 0.5112985706 
-82.0985243201 0.0421631055 0.8676494883 0.5113110585 
-82.0997106215 0.0421603048 0.8676689815 0.5113235715 
-82.1009071357 0.0421574802 0.8676886406 0.5113361089 
-82.1021139458 0.0421546314 0.8677084669 0.5113486700 
-82.1033311361 0.0421517583 0.8677284616 0.5113612540 
-82.1045587915 0.0421488606 0.8677486262 0.5113738603 
-82.1057969978 0.0421459383 0.8677689621 0.5113864881 
-82.1070458419 0.0421429910 0.8677894704 0.5113991368 
-82.1083054114 0.0421400186 0.8678101528 0.5114118055 
-82.1095757949 0.0421370209 0.8678310105 0.5114244935 
-82.1108570817 0.0421339977 0.8678520449 0.5114372001 
-82.1121493624 0.0421309487 0.8678732575 0.5114499246 
-82.1134527282 0.0421278738 0.8678946498 0.5114626663 
-82.1147672714 0.0421247727 0.8679162232 0.5114754243 
-82.1160930852 0.0421216452 0.8679379790 0.5114881981 
-82.1174302638 0.0421184912 0.8679599190 0.5115009867 
-82.1187789022 0.0421153103 0.8679820444 0.5115137895 
-82.1201390967 0.0421121024 0.8680043569 0.5115266057 
-82.1215109442 0.0421088672 0.8680268580 0.5115394346 
-82.1228945429 0.0421056046 0.8680495492 0.5115522754 
-82.1242899919 0.0421023142 0.8680724320 0.5115651274 
-82.1256973914 0.0420989959 0.8680955081 0.5115779898 
-82.1271168423 0.0420956495 0.8681187791 0.5115908618 
-82.1285484471 0.0420922746 0.8681422464 0.5116037426 
-82.1299923088 0.0420888711 0.8681659118 0.5116166316 
-82.1314485317 0.0420854387 0.8681897770 0.5116295279 
-82.1329172213 0.0420819772 0.8682138434 0.5116424308 
-82.1343984840 0.0420784863 0.8682381129 0.5116553394 
-82.1358924272 0.0420749658 0.8682625871 0.5116682530 
-82.1373991597 0.0420714154 0.8682872676 0.5116811708 
-82.1389187912 0.0420678349 0.8683121563 0.5116940920 
-82.1404514325 0.0420642241 0.8683372549 0.5117070158 
-82.1419971957 0.0420605826 0.8683625651 0.5117199414 
-82.1435561939 0.0420569102 0.8683880886 0.5117328681 
-82.1451285414 0.0420532067 0.8684138273 0.5117457949 
-82.1467143537 0.0420494718 0.8684397830 0.5117587211 
-82.1483137475 0.0420457052 0.8684659575 0.5117716459 
-82.1499268405 0.0420419066 0.8684923526 0.5117845684 
-82.1515537520 0.0420380758 0.8685189702 0.5117974879 
-82.1531946021 0.0420342125 0.8685458122 0.5118104034 
-82.1548495124 0.0420303165 0.8685728804 0.5118233142 
-82.1565186056 0.0420263874 0.8686001768 0.5118362194 
-82.1582020057 0.0420224250 0.8686277033 0.5118491182 
-82.1598998379 0.0420184289 0.8686554619 0.5118620097 
-82.1616122289 0.0420143989 0.8686834545 0.5118748930 
-82.1633393065 0.0420103347 0.8687116831 0.5118877674 
-82.1650811998 0.0420062360 0.8687401498 0.5119006318 
-82.1668380393 0.0420021026 0.8687688565 0.5119134856 
-82.1686099567 0.0419979340 0.8687978052 0.5119263277 
-82.1703970853 0.0419937300 0.8688269982 0.5119391573 
-82.1721995595 0.0419894903 0.8688564374 0.5119519735 
-82.1740175152 0.0419852146 0.8688861250 0.5119647754 
-82.1758510896 0.0419809026 0.8689160630 0.5119775622 
-82.1777004214 0.0419765539 0.8689462537 0.5119903328 
-82.1795656507 0.0419721683 0.8689766992 0.5120030864 
-82.1814469190 0.0419677453 0.8690074017 0.5120158220 
-82.1833443692 0.0419632848 0.8690383633 0.5120285388 
-82.1852581457 0.0419587863 0.8690695865 0.5120412358 
-82.1871883944 0.0419542496 0.8691010733 0.5120539121 
-82.1891352627 0.0419496742 0.8691328260 0.5120665667 
-82.1910988993 0.0419450599 0.8691648470 0.5120791986 
-82.1930794547 0.0419404063 0.8691971386 0.5120918069 
-82.1950770808 0.0419357131 0.8692297031 0.5121043906 
-82.1970919310 0.0419309799 0.8692625429 0.5121169487 
-82.1991241604 0.0419262064 0.8692956604 0.5121294804 
-82.2011739255 0.0419213922 0.8693290579 0.5121419845 
-82.2032413845 0.0419165369 0.8693627380 0.5121544600 
-82.2053266972 0.0419116403 0.8693967030 0.5121669060 
-82.2074300251 0.0419067018 0.8694309554 0.5121793214 
-82.2095515312 0.0419017213 0.8694654978 0.5121917053 
-82.2116913802 0.0418966982 0.8695003326 0.5122040565 
-82.2138497385 0.0418916322 0.8695354624 0.5122163741 
-82.2160267743 0.0418865229 0.8695708899 0.5122286570 
-82.2182226574 0.0418813700 0.8696066175 0.5122409041 
-82.2204375592 0.0418761731 0.8696426479 0.5122531144 
-82.2226716531 0.0418709317 0.8696789838 0.5122652867 
-82.2249251141 0.0418656455 0.8697156278 0.5122774201 
-82.2271981191 0.0418603141 0.8697525826 0.5122895134 
-82.2294908466 0.0418549371 0.8697898510 0.5123015654 
-82.2318034770 0.0418495140 0.8698274357 0.5123135752 
-82.2341361928 0.0418440444 0.8698653394 0.5123255416 
-82.2364891780 0.0418385280 0.8699035650 0.5123374634 
-82.2388626185 0.0418329644 0.8699421153 0.5123493394 
-82.2412567024 0.0418273530 0.8699809931 0.5123611687 
-82.2436716193 0.0418216935 0.8700202014 0.5123729499 
-82.2461075612 0.0418159854 0.8700597430 0.5123846819 
-82.2485647215 0.0418102283 0.8700996208 0.5123963636 
-82.2510432961 0.0418044218 0.8701398379 0.5124079937 
-82.2535434824 0.0417985654 0.8701803972 0.5124195710 
-82.2560654803 0.0417926587 0.8702213017 0.5124310943 
-82.2586094914 0.0417867012 0.8702625545 0.5124425625 
-82.2611757194 0.0417806925 0.8703041587 0.5124539741 
-82.2637643702 0.0417746320 0.8703461172 0.5124653281 
-82.2663756517 0.0417685194 0.8703884334 0.5124766232 
-82.2690097738 0.0417623542 0.8704311103 0.5124878580 
-82.2716669488 0.0417561359 0.8704741512 0.5124990312 
-82.2743473910 0.0417498639 0.8705175591 0.5125101417 
-82.2770513168 0.0417435379 0.8705613375 0.5125211881 
-82.2797789451 0.0417371573 0.8706054896 0.5125321691 
-82.2825304966 0.0417307217 0.8706500186 0.5125430833 
-82.2853061947 0.0417242305 0.8706949279 0.5125539293 
-82.2881062648 0.0417176833 0.8707402209 0.5125647060 
-82.2909309345 0.0417110795 0.8707859010 0.5125754117 
-82.2937804341 0.0417044186 0.8708319716 0.5125860453 
-82.2966549958 0.0416977001 0.8708784362 0.5125966053 
-82.2995548545 0.0416909235 0.8709252982 0.5126070903 
-82.3024802474 0.0416840883 0.8709725613 0.5126174988 
-82.3054314140 0.0416771939 0.8710202289 0.5126278294 
-82.3084085964 0.0416702397 0.8710683046 0.5126380807 
-82.3114120391 0.0416632254 0.8711167921 0.5126482513 
-82.3144419890 0.0416561501 0.8711656951 0.5126583395 
-82.3174986956 0.0416490136 0.8712150171 0.5126683440 
-82.3205824111 0.0416418151 0.8712647620 0.5126782633 
-82.3236933901 0.0416345541 0.8713149334 0.5126880958 
-82.3268318897 0.0416272301 0.8713655353 0.5126978399 
-82.3299981697 0.0416198424 0.8714165713 0.5127074942 
-82.3331924928 0.0416123906 0.8714680455 0.5127170571 
-82.3364151240 0.0416048739 0.8715199615 0.5127265270 
-82.3396663313 0.0415972918 0.8715723235 0.5127359022 
-82.3429463852 0.0415896438 0.8716251353 0.5127451813 
-82.3462555591 0.0415819291 0.8716784010 0.5127543624 
-82.3495941292 0.0415741473 0.8717321245 0.5127634442 
-82.3529623745 0.0415662977 0.8717863100 0.5127724247 
-82.3563605769 0.0415583796 0.8718409616 0.5127813025 
-82.3597890209 0.0415503924 0.8718960834 0.5127900757 
-82.3632479943 0.0415423356 0.8719516796 0.5127987427 
-82.3667377877 0.0415342084 0.8720077544 0.5128073018 
-82.3702586945 0.0415260102 0.8720643121 0.5128157512 
-82.3738110114 0.0415177404 0.8721213569 0.5128240891 
-82.3773950378 0.0415093984 0.8721788933 0.5128323139 
-82.3810110765 0.0415009833 0.8722369255 0.5128404236 
-82.3846594332 0.0414924947 0.8722954579 0.5128484165 
-82.3883404167 0.0414839317 0.8723544952 0.5128562907 
-82.3920543392 0.0414752938 0.8724140416 0.5128640445 
-82.3958015157 0.0414665802 0.8724741017 0.5128716759 
-82.3995822649 0.0414577903 0.8725346802 0.5128791830 
-82.4033969084 0.0414489232 0.8725957816 0.5128865640 
-82.4072457712 0.0414399784 0.8726574106 0.5128938169 
-82.4111291818 0.0414309551 0.8727195718 0.5129009398 
-82.4150474718 0.0414218526 0.8727822700 0.5129079307 
-82.4190009764 0.0414126702 0.8728455099 0.5129147877 
-82.4229900341 0.0414034070 0.8729092964 0.5129215087 
-82.4270149871 0.0413940625 0.8729736343 0.5129280918 
-82.4310761809 0.0413846357 0.8730385285 0.5129345349 
-82.4351739646 0.0413751261 0.8731039840 0.5129408359 
-82.4393086909 0.0413655327 0.8731700057 0.5129469928 
-82.4434807162 0.0413558548 0.8732365986 0.5129530035 
-82.4476904005 0.0413460918 0.8733037679 0.5129588658 
-82.4519381074 0.0413362426 0.8733715186 0.5129645776 
-82.4562242045 0.0413263067 0.8734398559 0.5129701367 
-82.4605490629 0.0413162831 0.8735087849 0.5129755410 
-82.4649130578 0.0413061711 0.8735783110 0.5129807883 
-82.4693165681 0.0412959698 0.8736484394 0.5129858763 
-82.4737599766 0.0412856784 0.8737191755 0.5129908029 
-82.4782436701 0.0412752961 0.8737905245 0.5129955656 
-82.4827680394 0.0412648221 0.8738624920 0.5130001622 
-82.4873334794 0.0412542555 0.8739350834 0.5130045905 
-82.4919403888 0.0412435954 0.8740083043 0.5130088480 
-82.4965891707 0.0412328409 0.8740821601 0.5130129325 
-82.5012802323 0.0412219913 0.8741566566 0.5130168415 
-82.5060139850 0.0412110456 0.8742317993 0.5130205726 
-82.5107908445 0.0412000030 0.8743075939 0.5130241234 
-82.5156112307 0.0411888624 0.8743840463 0.5130274915 
-82.5204755678 0.0411776231 0.8744611621 0.5130306743 
-82.5253842847 0.0411662841 0.8745389473 0.5130336694 
-82.5303378144 0.0411548446 0.8746174078 0.5130364742 
-82.5353365945 0.0411433034 0.8746965495 0.5130390862 
-82.5403810673 0.0411316598 0.8747763783 0.5130415028 
-82.5454716795 0.0411199128 0.8748569004 0.5130437214 
-82.5506088826 0.0411080614 0.8749381218 0.5130457394 
-82.5557931325 0.0410961046 0.8750200487 0.5130475541 
-82.5610248902 0.0410840415 0.8751026872 0.5130491628 
-82.5663046212 0.0410718711 0.8751860436 0.5130505629 
-82.5716327961 0.0410595924 0.8752701242 0.5130517516 
-82.5770098902 0.0410472044 0.8753549354 0.5130527261 
-82.5824363838 0.0410347060 0.8754404835 0.5130534837 
-82.5879127624 0.0410220963 0.8755267750 0.5130540215 
-82.5934395161 0.0410093743 0.8756138163 0.5130543367 
-82.5990171407 0.0409965388 0.8757016141 0.5130544264 
-82.6046461367 0.0409835888 0.8757901750 0.5130542878 
-82.6103270101 0.0409705233 0.8758795055 0.5130539178 
-82.6160602721 0.0409573412 0.8759696125 0.5130533136 
-82.6218464391 0.0409440414 0.8760605026 0.5130524722 
-82.6276860332 0.0409306228 0.8761521827 0.5130513905 
-82.6335795818 0.0409170844 0.8762446597 0.5130500654 
-82.6395276179 0.0409034250 0.8763379405 0.5130484940 
-82.6455306798 0.0408896434 0.8764320321 0.5130466731 
-82.6515893119 0.0408757386 0.8765269414 0.5130445996 
-82.6577040639 0.0408617095 0.8766226757 0.5130422703 
-82.6638754917 0.0408475548 0.8767192419 0.5130396819 
-82.6701041565 0.0408332733 0.8768166475 0.5130368314 
-82.6763906259 0.0408188641 0.8769148995 0.5130337153 
-82.6827354733 0.0408043257 0.8770140053 0.5130303304 
-82.6891392779 0.0407896571 0.8771139723 0.5130266733 
-82.6956026254 0.0407748570 0.8772148079 0.5130227408 
-82.7021261075 0.0407599242 0.8773165195 0.5130185293 
-82.7087103219 0.0407448576 0.8774191148 0.5130140354 
-82.7153558730 0.0407296557 0.8775226013 0.5130092557 
-82.7220633715 0.0407143175 0.8776269866 0.5130041867 
-82.7288334342 0.0406988415 0.8777322785 0.5129988247 
-82.7356666850 0.0406832267 0.8778384847 0.5129931663 
-82.7425637538 0.0406674715 0.8779456131 0.5129872077 
-82.7495252777 0.0406515749 0.8780536715 0.5129809453 
-82.7565519003 0.0406355354 0.8781626679 0.5129743754 
-82.7636442719 0.0406193517 0.8782726102 0.5129674943 
-82.7708030499 0.0406030225 0.8783835066 0.5129602981 
-82.7780288988 0.0405865465 0.8784953651 0.5129527831 
-82.7853224898 0.0405699222 0.8786081940 0.5129449453 
-82.7926845015 0.0405531484 0.8787220014 0.5129367808 
-82.8001156197 0.0405362235 0.8788367956 0.5129282857 
-82.8076165375 0.0405191463 0.8789525850 0.5129194560 
-82.8151879552 0.0405019153 0.8790693780 0.5129102875 
-82.8228305809 0.0404845291 0.8791871831 0.5129007762 
-82.8305451301 0.0404669863 0.8793060088 0.5128909179 
-82.8383323258 0.0404492853 0.8794258637 0.5128807084 
-82.8461928990 0.0404314248 0.8795467564 0.5128701435 
-82.8541275883 0.0404134033 0.8796686957 0.5128592188 
-82.8621371404 0.0403952193 0.8797916902 0.5128479299 
-82.8702223099 0.0403768712 0.8799157490 0.5128362725 
-82.8783838596 0.0403583575 0.8800408807 0.5128242420 
-82.8866225602 0.0403396768 0.8801670945 0.5128118338 
-82.8949391912 0.0403208275 0.8802943992 0.5127990435 
-82.9033345400 0.0403018080 0.8804228040 0.5127858662 
-82.9118094026 0.0402826168 0.8805523181 0.5127722972 
-82.9203645839 0.0402632522 0.8806829505 0.5127583318 
-82.9290008970 0.0402437127 0.8808147105 0.5127439651 
-82.9377191642 0.0402239966 0.8809476075 0.5127291920 
-82.9465202163 0.0402041023 0.8810816508 0.5127140075 
-82.9554048935 0.0401840283 0.8812168499 0.5126984067 
-82.9643740448 0.0401637727 0.8813532142 0.5126823841 
-82.9734285285 0.0401433339 0.8814907533 0.5126659346 
-82.9825692122 0.0401227104 0.8816294768 0.5126490528 
-82.9917969730 0.0401019002 0.8817693944 0.5126317332 
-83.0011126974 0.0400809018 0.8819105159 0.5126139702 
-83.0105172816 0.0400597134 0.8820528509 0.5125957583 
-83.0200116317 0.0400383332 0.8821964094 0.5125770916 
-83.0295966634 0.0400167594 0.8823412013 0.5125579642 
-83.0392733027 0.0399949904 0.8824872365 0.5125383702 
-83.0490424856 0.0399730243 0.8826345252 0.5125183035 
-83.0589051581 0.0399508592 0.8827830773 0.5124977578 
-83.0688622770 0.0399284934 0.8829329030 0.5124767267 
-83.0789148093 0.0399059249 0.8830840125 0.5124552038 
-83.0890637327 0.0398831520 0.8832364162 0.5124331824 
-83.0993100356 0.0398601728 0.8833901242 0.5124106557 
-83.1096547173 0.0398369853 0.8835451471 0.5123876168 
-83.1200987881 0.0398135877 0.8837014952 0.5123640584 
-83.1306432695 0.0397899780 0.8838591791 0.5123399735 
-83.1412891943 0.0397661543 0.8840182092 0.5123153543 
-83.1520376064 0.0397421145 0.8841785963 0.5122901934 
-83.1628895618 0.0397178568 0.8843403509 0.5122644827 
-83.1738461276 0.0396933791 0.8845034839 0.5122382142 
-83.1849083833 0.0396686794 0.8846680059 0.5122113796 
-83.1960774200 0.0396437557 0.8848339279 0.5121839703 
-83.2073543412 0.0396186060 0.8850012607 0.5121559775 
-83.2187402623 0.0395932280 0.8851700152 0.5121273920 
-83.2302363117 0.0395676199 0.8853402025 0.5120982045 
-83.2418436299 0.0395417793 0.8855118336 0.5120684054 
-83.2535633705 0.0395157044 0.8856849196 0.5120379846 
-83.2653966999 0.0394893928 0.8858594717 0.5120069317 
-83.2773447974 0.0394628424 0.8860355011 0.5119752362 
-83.2894088559 0.0394360511 0.8862130190 0.5119428868 
-83.3015900814 0.0394090166 0.8863920368 0.5119098722 
-83.3138896937 0.0393817367 0.8865725657 0.5118761803 
-83.3263089264 0.0393542093 0.8867546174 0.5118417989 
-83.3388490268 0.0393264319 0.8869382030 0.5118067149 
-83.3515112565 0.0392984024 0.8871233343 0.5117709152 
-83.3642968913 0.0392701185 0.8873100227 0.5117343856 
-83.3772072217 0.0392415777 0.8874982799 0.5116971116 
-83.3902435527 0.0392127779 0.8876881175 0.5116590782 
-83.4034072042 0.0391837167 0.8878795471 0.5116202693 
-83.4166995112 0.0391543915 0.8880725806 0.5115806685 
-83.4301218239 0.0391248002 0.8882672297 0.5115402584 
-83.4436755082 0.0390949402 0.8884635061 0.5114990208 
-83.4573619454 0.0390648091 0.8886614219 0.5114569367 
-83.4711825329 0.0390344044 0.8888609888 0.5114139861 
-83.4851386841 0.0390037237 0.8890622189 0.5113701478 
-83.4992318288 0.0389727644 0.8892651241 0.5113253999 
-83.5134634133 0.0389415241 0.8894697164 0.5112797189 
-83.5278349007 0.0389100002 0.8896760078 0.5112330804 
-83.5423477711 0.0388781900 0.8898840105 0.5111854584 
-83.5570035219 0.0388460911 0.8900937366 0.5111368255 
-83.5718036680 0.0388137008 0.8903051983 0.5110871528 
-83.5867497420 0.0387810165 0.8905184077 0.5110364096 
-83.6018432944 0.0387480355 0.8907333770 0.5109845634 
-83.6170858942 0.0387147552 0.8909501185 0.5109315798 
-83.6324791288 0.0386811728 0.8911686445 0.5108774221 
-83.6480246042 0.0386472855 0.8913889673 0.5108220513 
-83.6637239458 0.0386130908 0.8916110992 0.5107654262 
-83.6795787981 0.0385785857 0.8918350525 0.5107075024 
-83.6955908253 0.0385437675 0.8920608397 0.5106482331 
-83.7117617116 0.0385086333 0.8922884731 0.5105875677 
-83.7280931613 0.0384731804 0.8925179652 0.5105254528 
-83.7445868996 0.0384374058 0.8927493284 0.5104618307 
-83.7612446720 0.0384013067 0.8929825751 0.5103966399 
-83.7780682458 0.0383648801 0.8932177179 0.5103298145 
-83.7950594094 0.0383281231 0.8934547692 0.5102612836 
-83.8122199733 0.0382910327 0.8936937416 0.5101909714 
-83.8295517703 0.0382536059 0.8939346474 0.5101187960 
-83.8470566558 0.0382158397 0.8941774994 0.5100446698 
-83.8647365079 0.0381777310 0.8944223100 0.5099684981 
-83.8825932286 0.0381392768 0.8946690917 0.5098901791 
-83.9006287434 0.0381004740 0.8949178572 0.5098096031 
-83.9188450021 0.0380613193 0.8951686189 0.5097266518 
-83.9372439792 0.0380218098 0.8954213895 0.5096411977 
-83.9558276744 0.0379819421 0.8956761816 0.5095531031 
-83.9745981127 0.0379417131 0.8959330076 0.5094622196 
-83.9935573456 0.0379011196 0.8961918803 0.5093683871 
-84.0127074509 0.0378601581 0.8964528121 0.5092714327 
-84.0320505337 0.0378188256 0.8967158157 0.5091711704 
-84.0515887266 0.0377771185 0.8969809036 0.5090673996 
-84.0713241907 0.0377350336 0.8972480884 0.5089599045 
-84.0912591157 0.0376925674 0.8975173827 0.5088484534 
-84.1113957208 0.0376497165 0.8977887992 0.5087327979 
-84.1317362556 0.0376064774 0.8980623503 0.5086126724 
-84.1522830001 0.0375628468 0.8983380486 0.5084877940 
-84.1730382662 0.0375188209 0.8986159068 0.5083578626 
-84.1940043978 0.0374743963 0.8988959374 0.5082225621 
-84.2151837718 0.0374295693 0.8991781531 0.5080815611 
-84.2365787992 0.0373843364 0.8994625663 0.5079345165 
-84.2581919253 0.0373386937 0.8997491897 0.5077810763 
-84.2800256313 0.0372926377 0.9000380358 0.5076208848 
-84.3020824343 0.0372461646 0.9003291173 0.5074535883 
-84.3243648889 0.0371992705 0.9006224467 0.5072788427 
-84.3468755880 0.0371519516 0.9009180367 0.5070963254 
-84.3696171633 0.0371042041 0.9012158999 0.5069057760 
-84.3925922882 0.0370560240 0.9015160488 0.5067071608 
-84.4158036823 0.0370074073 0.9018184962 0.5065012693 
-84.4392541228 0.0369583500 0.9021232551 0.5062911786 
-84.4629464505 0.0369088479 0.9024303385 0.5060834743 
-84.4868835432 0.0368588968 0.9027397598 0.5058860530 
-84.5110682786 0.0368084926 0.9030515312 0.5057046658 
-84.5355035240 0.0367576313 0.9033656647 0.5055425225 
-84.5601921394 0.0367063087 0.9036821712 0.5054010317 
-84.5851369780 0.0366545210 0.9040010610 0.5052799819 
-84.6103408880 0.0366022644 0.9043223437 0.5051776877 
-84.6358067199 0.0365495348 0.9046460284 0.5050914729 
-84.6615373348 0.0364963286 0.9049721235 0.5050182123 
-84.6654685284 0.0364882055 0.9050220405 0.5050047144 
