-80.9480920768 0.0449631291 0.8466641290 0.4716969978 
-80.9480798216 0.0449631598 0.8466638823 0.4716934838 
-80.9480553154 0.0449632213 0.8466633888 0.4716864810 
-80.9480185665 0.0449633134 0.8466626487 0.4716760394 
-80.9479695868 0.0449634363 0.8466616624 0.4716622320 
-80.9479083927 0.0449635898 0.8466604301 0.4716451522 
-80.9478348967 0.0449637741 0.8466589501 0.4716115153 
-80.9477493727 0.0449639886 0.8466572278 0.4715905907 
-80.9476517342 0.0449642335 0.8466552615 0.4715687300 
-80.9475420044 0.0449645087 0.8466530516 0.4715459392 
-80.9474202072 0.0449648142 0.8466505986 0.4715222272 
-80.9472863671 0.0449651499 0.8466479031 0.4714976061 
-80.9471405090 0.0449655157 0.8466449654 0.4714720905 
-80.9469826587 0.0449659116 0.8466417861 0.4714456970 
-80.9468128420 0.0449663375 0.8466383657 0.4714184441 
-80.9466310857 0.0449667934 0.8466347046 0.4713903518 
-80.9464374167 0.0449672792 0.8466308035 0.4713614409 
-80.9462318626 0.0449677948 0.8466266628 0.4713317331 
-80.9460144513 0.0449683401 0.8466222830 0.4713012506 
-80.9457852111 0.0449689151 0.8466176648 0.4712700158 
-80.9455441706 0.0449695197 0.8466128086 0.4712380507 
-80.9452913588 0.0449701538 0.8466077150 0.4712053776 
-80.9450268049 0.0449708175 0.8466023846 0.4711720178 
-80.9447505385 0.0449715105 0.8465968179 0.4711379924 
-80.9444625894 0.0449722328 0.8465910154 0.4711033216 
-80.9441629875 0.0449729843 0.8465849779 0.4710680248 
-80.9438517630 0.0449737650 0.8465787057 0.4710321205 
-80.9435289462 0.0449745749 0.8465721995 0.4709956261 
-80.9431945677 0.0449754137 0.8465654599 0.4709585581 
-80.9428486581 0.0449762815 0.8465584874 0.4709209320 
-80.9424912480 0.0449771781 0.8465512826 0.4708827620 
-80.9421223683 0.0449781036 0.8465438461 0.4708440614 
-80.9417420500 0.0449790577 0.8465361784 0.4708048425 
-80.9413503238 0.0449800405 0.8465282802 0.4707651164 
-80.9409472209 0.0449810519 0.8465201519 0.4707248932 
-80.9405327724 0.0449820917 0.8465117943 0.4706841822 
-80.9401070091 0.0449831600 0.8465032077 0.4706429915 
-80.9396699623 0.0449842566 0.8464943929 0.4706013284 
-80.9392216631 0.0449853814 0.8464853504 0.4705591995 
-80.9387621425 0.0449865345 0.8464760807 0.4705166104 
-80.9382914317 0.0449877156 0.8464665844 0.4704735660 
-80.9378095617 0.0449889248 0.8464568622 0.4704300706 
-80.9373165637 0.0449901619 0.8464469144 0.4703861277 
-80.9368124688 0.0449914269 0.8464367418 0.4703417402 
-80.9362973079 0.0449927197 0.8464263449 0.4702969105 
-80.9357711123 0.0449940403 0.8464157242 0.4702516406 
-80.9352339129 0.0449953885 0.8464048803 0.4702059316 
-80.9346857408 0.0449967643 0.8463938138 0.4701597847 
-80.9341266270 0.0449981675 0.8463825252 0.4701132003 
-80.9335566026 0.0449995982 0.8463710150 0.4700661786 
-80.9329756985 0.0450010563 0.8463592839 0.4700187194 
-80.9323839457 0.0450025416 0.8463473323 0.4699708222 
-80.9317813754 0.0450040542 0.8463351608 0.4699224863 
-80.9311680184 0.0450055938 0.8463227701 0.4698737107 
-80.9305439058 0.0450071605 0.8463101605 0.4698244942 
-80.9299090685 0.0450087542 0.8462973327 0.4697748352 
-80.9292635377 0.0450103748 0.8462842872 0.4697247321 
-80.9286073444 0.0450120222 0.8462710246 0.4696741832 
-80.9279405196 0.0450136963 0.8462575454 0.4696231864 
-80.9272630944 0.0450153972 0.8462438501 0.4695717397 
-80.9265750999 0.0450171246 0.8462299393 0.4695198407 
-80.9258765673 0.0450188785 0.8462158135 0.4694674873 
-80.9251675278 0.0450206589 0.8462014733 0.4694146767 
-80.9244480125 0.0450224657 0.8461869192 0.4693614066 
-80.9237180528 0.0450242988 0.8461721518 0.4693076743 
-80.9229776800 0.0450261580 0.8461571716 0.4692534770 
-80.9222269255 0.0450280435 0.8461419791 0.4691988119 
-80.9214658207 0.0450299550 0.8461265749 0.4691436762 
-80.9206943971 0.0450318925 0.8461109595 0.4690880668 
-80.9199126864 0.0450338559 0.8460951335 0.4690319809 
-80.9191207203 0.0450358451 0.8460790973 0.4689754154 
-80.9183185305 0.0450378601 0.8460628517 0.4689183672 
-80.9175061488 0.0450399008 0.8460463970 0.4688608331 
-80.9166836073 0.0450419672 0.8460297339 0.4688028100 
-80.9158509379 0.0450440590 0.8460128629 0.4687442946 
-80.9150081730 0.0450461763 0.8459957845 0.4686852838 
-80.9141553447 0.0450483190 0.8459784993 0.4686257743 
-80.9132924855 0.0450504870 0.8459610078 0.4685657626 
-80.9124196279 0.0450526802 0.8459433106 0.4685052456 
-80.9115368047 0.0450548985 0.8459254082 0.4684442198 
-80.9106440486 0.0450571419 0.8459073013 0.4683826819 
-80.9097413927 0.0450594103 0.8458889903 0.4683206284 
-80.9088288700 0.0450617036 0.8458704758 0.4682580559 
-80.9079065138 0.0450640217 0.8458517583 0.4681949610 
-80.9069743577 0.0450663646 0.8458328386 0.4681313401 
-80.9060324352 0.0450687321 0.8458137170 0.4680671899 
-80.9050807801 0.0450711243 0.8457943942 0.4680025067 
-80.9041194265 0.0450735409 0.8457748707 0.4679372871 
-80.9031484086 0.0450759819 0.8457551471 0.4678715275 
-80.9021677606 0.0450784473 0.8457352241 0.4678052244 
-80.9011775173 0.0450809369 0.8457151021 0.4677383741 
-80.9001777134 0.0450834507 0.8456947818 0.4676709731 
-80.8991683840 0.0450859885 0.8456742637 0.4676030179 
-80.8981495643 0.0450885504 0.8456535484 0.4675345046 
-80.8971212898 0.0450911362 0.8456326366 0.4674654298 
-80.8960835962 0.0450937458 0.8456115288 0.4673957898 
-80.8950365196 0.0450963792 0.8455902257 0.4673255809 
-80.8939800960 0.0450990362 0.8455687278 0.4672547994 
-80.8929143621 0.0451017167 0.8455470357 0.4671834416 
-80.8918393546 0.0451044208 0.8455251501 0.4671115039 
-80.8907551104 0.0451071482 0.8455030716 0.4670389825 
-80.8896616669 0.0451098990 0.8454808008 0.4669658736 
-80.8885590617 0.0451126729 0.8454583383 0.4668921735 
-80.8874473327 0.0451154700 0.8454356849 0.4668178785 
-80.8863265180 0.0451182901 0.8454128410 0.4667429847 
-80.8851966561 0.0451211331 0.8453898074 0.4666674884 
-80.8840577859 0.0451239990 0.8453665847 0.4665913857 
-80.8829099464 0.0451268876 0.8453431735 0.4665146729 
-80.8817531772 0.0451297988 0.8453195746 0.4664373460 
-80.8805875179 0.0451327326 0.8452957886 0.4663594012 
-80.8794130088 0.0451356889 0.8452718161 0.4662808347 
-80.8782296903 0.0451386675 0.8452476579 0.4662016424 
-80.8770376032 0.0451416684 0.8452233146 0.4661218206 
-80.8758367888 0.0451446915 0.8451987870 0.4660413653 
-80.8746272886 0.0451477366 0.8451740756 0.4659602726 
-80.8734091446 0.0451508036 0.8451491814 0.4658785384 
-80.8721823991 0.0451538926 0.8451241048 0.4657961589 
-80.8709470948 0.0451570032 0.8450988467 0.4657131299 
-80.8697032749 0.0451601355 0.8450734078 0.4656294475 
-80.8684509828 0.0451632894 0.8450477889 0.4655451077 
-80.8671902626 0.0451664647 0.8450219906 0.4654601064 
-80.8659211585 0.0451696613 0.8449960137 0.4653744395 
-80.8646437155 0.0451728792 0.8449698591 0.4652881029 
-80.8633579787 0.0451761182 0.8449435273 0.4652010925 
-80.8620639938 0.0451793781 0.8449170193 0.4651134042 
-80.8607618069 0.0451826590 0.8448903358 0.4650250338 
-80.8594514647 0.0451859606 0.8448634776 0.4649359771 
-80.8581330142 0.0451892829 0.8448364455 0.4648462300 
-80.8568065028 0.0451926257 0.8448092403 0.4647557881 
-80.8554719788 0.0451959890 0.8447818628 0.4646646473 
-80.8541294904 0.0451993726 0.8447543139 0.4645728033 
-80.8527790868 0.0452027763 0.8447265944 0.4644802518 
-80.8514208175 0.0452062002 0.8446987051 0.4643869885 
-80.8500547324 0.0452096439 0.8446706469 0.4642930090 
-80.8486808821 0.0452131076 0.8446424207 0.4641983090 
-80.8472993177 0.0452165909 0.8446140273 0.4641028841 
-80.8459100908 0.0452200938 0.8445854677 0.4640067299 
-80.8445132535 0.0452236161 0.8445567426 0.4639098419 
-80.8431088586 0.0452271578 0.8445278532 0.4638122156 
-80.8416969593 0.0452307186 0.8444988001 0.4637138466 
-80.8402776095 0.0452342985 0.8444695844 0.4636147304 
-80.8388508636 0.0452378974 0.8444402071 0.4635148624 
-80.8374167765 0.0452415150 0.8444106691 0.4634142381 
-80.8359754039 0.0452451513 0.8443809712 0.4633128527 
-80.8345268020 0.0452488061 0.8443511146 0.4632107018 
-80.8330710275 0.0452524793 0.8443211002 0.4631077806 
-80.8316081380 0.0452561707 0.8442909290 0.4630040845 
-80.8301381915 0.0452598802 0.8442606021 0.4628996087 
-80.8286612466 0.0452636077 0.8442301203 0.4627943485 
-80.8271773627 0.0452673529 0.8441994849 0.4626882991 
-80.8256865998 0.0452711159 0.8441686968 0.4625814557 
-80.8241890185 0.0452748963 0.8441377570 0.4624738135 
-80.8226846802 0.0452786941 0.8441066668 0.4623653676 
-80.8211736469 0.0452825091 0.8440754271 0.4622561131 
-80.8196559813 0.0452863412 0.8440440391 0.4621460450 
-80.8181317467 0.0452901902 0.8440125038 0.4620351585 
-80.8166010073 0.0452940559 0.8439808225 0.4619234484 
-80.8150638278 0.0452979382 0.8439489962 0.4618109098 
-80.8135202738 0.0453018369 0.8439170262 0.4616975376 
-80.8119704116 0.0453057518 0.8438849135 0.4615833267 
-80.8104143081 0.0453096829 0.8438526594 0.4614682719 
-80.8088520312 0.0453136298 0.8438202651 0.4613523681 
-80.8072836493 0.0453175926 0.8437877319 0.4612356101 
-80.8057092318 0.0453215709 0.8437550608 0.4611179927 
-80.8041288486 0.0453255646 0.8437222533 0.4609995105 
-80.8025425708 0.0453295735 0.8436893105 0.4608801583 
-80.8009504698 0.0453335975 0.8436562338 0.4607599306 
-80.7993526183 0.0453376364 0.8436230244 0.4606388222 
-80.7977490894 0.0453416900 0.8435896837 0.4605168275 
-80.7961399573 0.0453457581 0.8435562130 0.4603939412 
-80.7945252968 0.0453498405 0.8435226136 0.4602701577 
-80.7929051839 0.0453539371 0.8434888870 0.4601454714 
-80.7912796951 0.0453580476 0.8434550344 0.4600198769 
-80.7896489080 0.0453621719 0.8434210573 0.4598933685 
-80.7880129009 0.0453663097 0.8433869572 0.4597659404 
-80.7863717531 0.0453704609 0.8433527354 0.4596375871 
-80.7847255447 0.0453746253 0.8433183934 0.4595083028 
-80.7830743569 0.0453788026 0.8432839327 0.4593780818 
-80.7814182716 0.0453829927 0.8432493548 0.4592469181 
-80.7797573716 0.0453871953 0.8432146612 0.4591148059 
-80.7780917410 0.0453914103 0.8431798534 0.4589817394 
-80.7764214644 0.0453956375 0.8431449330 0.4588477125 
-80.7747466275 0.0453998765 0.8431099015 0.4587127194 
-80.7730673172 0.0454041273 0.8430747605 0.4585767539 
-80.7713836210 0.0454083895 0.8430395118 0.4584398100 
-80.7696956277 0.0454126630 0.8430041567 0.4583018816 
-80.7680034269 0.0454169475 0.8429686972 0.4581629625 
-80.7663071093 0.0454212429 0.8429331347 0.4580230466 
-80.7646067666 0.0454255488 0.8428974710 0.4578821275 
-80.7629024915 0.0454298651 0.8428617078 0.4577401990 
-80.7611943779 0.0454341915 0.8428258469 0.4575972547 
-80.7594825204 0.0454385278 0.8427898900 0.4574532883 
-80.7577670151 0.0454428738 0.8427538388 0.4573082934 
-80.7560479587 0.0454472291 0.8427176953 0.4571622634 
-80.7543254495 0.0454515936 0.8426814612 0.4570151918 
-80.7525995865 0.0454559670 0.8426451383 0.4568670721 
-80.7508704699 0.0454603490 0.8426087286 0.4567178977 
-80.7491382012 0.0454647395 0.8425722339 0.4565676619 
-80.7474028827 0.0454691381 0.8425356561 0.4564163581 
-80.7456646182 0.0454735445 0.8424989973 0.4562639793 
-80.7439235124 0.0454779586 0.8424622593 0.4561105190 
-80.7421796712 0.0454823801 0.8424254441 0.4559559701 
-80.7404332017 0.0454868086 0.8423885538 0.4558003259 
-80.7386842123 0.0454912439 0.8423515904 0.4556435793 
-80.7369328125 0.0454956858 0.8423145560 0.4554857234 
-80.7351791129 0.0455001339 0.8422774527 0.4553267512 
-80.7334232254 0.0455045880 0.8422402825 0.4551666555 
-80.7316652633 0.0455090478 0.8422030476 0.4550054293 
-80.7299053409 0.0455135130 0.8421657503 0.4548430653 
-80.7281435739 0.0455179832 0.8421283926 0.4546795562 
-80.7263800793 0.0455224583 0.8420909768 0.4545148949 
-80.7246149751 0.0455269380 0.8420535052 0.4543490740 
-80.7228483809 0.0455314218 0.8420159800 0.4541820861 
-80.7210804176 0.0455359095 0.8419784036 0.4540139237 
-80.7193112072 0.0455404009 0.8419407782 0.4538445794 
-80.7175408732 0.0455448955 0.8419031062 0.4536740457 
-80.7157695403 0.0455493931 0.8418653901 0.4535023150 
-80.7139973348 0.0455538933 0.8418276322 0.4533293795 
-80.7122243840 0.0455583959 0.8417898350 0.4531552317 
-80.7104508170 0.0455629005 0.8417520010 0.4529798639 
-80.7086767639 0.0455674068 0.8417141326 0.4528032681 
-80.7069023564 0.0455719144 0.8416762324 0.4526254367 
-80.7051277277 0.0455764230 0.8416383030 0.4524463616 
-80.7033530122 0.0455809322 0.8416003470 0.4522660350 
-80.7015783460 0.0455854418 0.8415623669 0.4520844490 
-80.6998038664 0.0455899513 0.8415243655 0.4519015953 
-80.6980297122 0.0455944605 0.8414863454 0.4517174660 
-80.6962560239 0.0455989689 0.8414483094 0.4515320529 
-80.6944829434 0.0456034762 0.8414102603 0.4513453479 
-80.6927106139 0.0456079821 0.8413722007 0.4511573426 
-80.6909391803 0.0456124861 0.8413341335 0.4509680288 
-80.6891687891 0.0456169879 0.8412960616 0.4507773981 
-80.6873995882 0.0456214871 0.8412579878 0.4505854422 
-80.6856317270 0.0456259834 0.8412199151 0.4503921527 
-80.6838653568 0.0456304763 0.8411818465 0.4501975209 
-80.6821006300 0.0456349655 0.8411437848 0.4500015384 
-80.6803377011 0.0456394505 0.8411057332 0.4498041966 
-80.6785767258 0.0456439310 0.8410676946 0.4496054868 
-80.6768178616 0.0456484066 0.8410296722 0.4494054004 
-80.6750612677 0.0456528769 0.8409916691 0.4492039286 
-80.6733071049 0.0456573414 0.8409536885 0.4490010625 
-80.6715555355 0.0456617997 0.8409157335 0.4487967935 
-80.6698067237 0.0456662515 0.8408778074 0.4485911125 
-80.6680608353 0.0456706962 0.8408399134 0.4483840106 
-80.6663180378 0.0456751336 0.8408020549 0.4481754789 
-80.6645785005 0.0456795631 0.8407642351 0.4479655083 
-80.6628423943 0.0456839842 0.8407264576 0.4477540897 
-80.6611098919 0.0456883967 0.8406887256 0.4475412140 
-80.6593811677 0.0456927999 0.8406510427 0.4473268720 
-80.6576563981 0.0456971935 0.8406134123 0.4471110545 
-80.6559357610 0.0457015771 0.8405758380 0.4468937521 
-80.6542194362 0.0457059500 0.8405383233 0.4466749557 
-80.6525076055 0.0457103120 0.8405008719 0.4464546558 
-80.6508004522 0.0457146624 0.8404634874 0.4462328430 
-80.6490981617 0.0457190009 0.8404261735 0.4460095079 
-80.6474009211 0.0457233270 0.8403889339 0.4457846409 
-80.6457089195 0.0457276401 0.8403517724 0.4455582325 
-80.6440223478 0.0457319398 0.8403146928 0.4453302732 
-80.6423413988 0.0457362256 0.8402776990 0.4451007532 
-80.6406662672 0.0457404970 0.8402407948 0.4448696630 
-80.6389971497 0.0457447535 0.8402039841 0.4446369927 
-80.6373342448 0.0457489946 0.8401672711 0.4444027327 
-80.6356777532 0.0457532197 0.8401306596 0.4441668731 
-80.6340278773 0.0457574284 0.8400941538 0.4439294041 
-80.6323848216 0.0457616200 0.8400577577 0.4436903159 
-80.6307487926 0.0457657942 0.8400214755 0.4434495984 
-80.6291199989 0.0457699503 0.8399853114 0.4432072418 
-80.6274986509 0.0457740878 0.8399492697 0.4429632361 
-80.6258849612 0.0457782062 0.8399133545 0.4427175712 
-80.6242791444 0.0457823049 0.8398775703 0.4424702370 
-80.6226814172 0.0457863834 0.8398419213 0.4422212235 
-80.6210919984 0.0457904410 0.8398064121 0.4419705205 
-80.6195111088 0.0457944773 0.8397710471 0.4417181179 
-80.6179389714 0.0457984916 0.8397358307 0.4414640055 
-80.6163758113 0.0458024834 0.8397007676 0.4412081729 
-80.6148218557 0.0458064521 0.8396658622 0.4409506101 
-80.6132773340 0.0458103971 0.8396311194 0.4406913065 
-80.6117424777 0.0458143177 0.8395965437 0.4404302521 
-80.6102175206 0.0458182135 0.8395621399 0.4401674363 
-80.6087026986 0.0458220838 0.8395279128 0.4399028489 
-80.6071982498 0.0458259279 0.8394938672 0.4396364793 
-80.6057044146 0.0458297453 0.8394600080 0.4393683173 
-80.6042214355 0.0458335354 0.8394263402 0.4390983523 
-80.6027495573 0.0458372974 0.8393928686 0.4388265738 
-80.6012890273 0.0458410308 0.8393595984 0.4385529714 
-80.5998400947 0.0458447349 0.8393265346 0.4382775346 
-80.5984030112 0.0458484091 0.8392936823 0.4380002528 
-80.5969780309 0.0458520527 0.8392610467 0.4377211155 
-80.5955654099 0.0458556651 0.8392286331 0.4374401120 
-80.5941654070 0.0458592456 0.8391964467 0.4371572319 
-80.5927782831 0.0458627935 0.8391644928 0.4368724646 
-80.5914043015 0.0458663081 0.8391327768 0.4365857993 
-80.5900437279 0.0458697888 0.8391013042 0.4362972256 
-80.5886968306 0.0458732348 0.8390700804 0.4360067327 
-80.5873638799 0.0458766455 0.8390391109 0.4357143101 
-80.5860451488 0.0458800202 0.8390084014 0.4354199470 
-80.5847409127 0.0458833581 0.8389779574 0.4351236329 
-80.5834514493 0.0458866585 0.8389477847 0.4348253572 
-80.5821770390 0.0458899208 0.8389178890 0.4345251091 
-80.5809179644 0.0458931441 0.8388882761 0.4342228779 
-80.5796745107 0.0458963278 0.8388589517 0.4339186532 
-80.5784469658 0.0458994711 0.8388299220 0.4336124241 
-80.5772356197 0.0459025732 0.8388011927 0.4333041802 
-80.5760407652 0.0459056335 0.8387727698 0.4329939106 
-80.5748626977 0.0459086510 0.8387446596 0.4326816049 
-80.5737017150 0.0459116252 0.8387168680 0.4323672523 
-80.5725581175 0.0459145551 0.8386894012 0.4320508424 
-80.5714322081 0.0459174400 0.8386622654 0.4317323645 
-80.5703242924 0.0459202792 0.8386354670 0.4314118080 
-80.5692346787 0.0459230718 0.8386090123 0.4310891624 
-80.5681636777 0.0459258170 0.8385829075 0.4307644171 
-80.5671116028 0.0459285140 0.8385571593 0.4304375617 
-80.5660787701 0.0459311620 0.8385317741 0.4301085856 
-80.5650654984 0.0459337602 0.8385067584 0.4297774784 
-80.5640721090 0.0459363077 0.8384821188 0.4294442297 
-80.5630989260 0.0459388038 0.8384578621 0.4291088291 
-80.5621462761 0.0459412475 0.8384339949 0.4287712661 
-80.5612144889 0.0459436380 0.8384105241 0.4284315305 
-80.5603038965 0.0459459745 0.8383874564 0.4280896119 
-80.5594148339 0.0459482561 0.8383647987 0.4277455002 
-80.5585476387 0.0459504819 0.8383425580 0.4273991850 
-80.5577026513 0.0459526511 0.8383207414 0.4270506562 
-80.5568802149 0.0459547627 0.8382993558 0.4266999038 
-80.5560806756 0.0459568159 0.8382784084 0.4263469175 
-80.5553043819 0.0459588097 0.8382579064 0.4259916874 
-80.5545516856 0.0459607433 0.8382378569 0.4256342035 
-80.5538229410 0.0459626158 0.8382182674 0.4252744559 
-80.5531185052 0.0459644262 0.8381991451 0.4249124348 
-80.5524387384 0.0459661736 0.8381804975 0.4245481303 
-80.5517840033 0.0459678571 0.8381623320 0.4241815326 
-80.5511546659 0.0459694757 0.8381446562 0.4238126322 
-80.5505510945 0.0459710285 0.8381274776 0.4234414195 
-80.5499736609 0.0459725145 0.8381108039 0.4230678848 
-80.5494227393 0.0459739327 0.8380946427 0.4226920187 
-80.5488987072 0.0459752823 0.8380790019 0.4223138120 
-80.5484019446 0.0459765621 0.8380638893 0.4219332551 
-80.5479328347 0.0459777713 0.8380493127 0.4215503391 
-80.5474917637 0.0459789088 0.8380352800 0.4211650546 
-80.5470791205 0.0459799736 0.8380217993 0.4207773927 
-80.5466952972 0.0459809648 0.8380088786 0.4203873443 
-80.5463406886 0.0459818812 0.8379965261 0.4199949008 
-80.5460156928 0.0459827219 0.8379847498 0.4196000531 
-80.5457207107 0.0459834859 0.8379735580 0.4192027928 
-80.5454561462 0.0459841721 0.8379629590 0.4188031112 
-80.5452224062 0.0459847795 0.8379529612 0.4184009998 
-80.5450199007 0.0459853070 0.8379435729 0.4179964503 
-80.5448490427 0.0459857536 0.8379348027 0.4175894544 
-80.5447102482 0.0459861181 0.8379266589 0.4171800040 
-80.5446039364 0.0459863996 0.8379191503 0.4167680911 
-80.5445305292 0.0459865969 0.8379122854 0.4163537078 
-80.5444904520 0.0459867089 0.8379060729 0.4159368462 
-80.5444841331 0.0459867347 0.8379005216 0.4155174987 
-80.5445120037 0.0459866729 0.8378956404 0.4150956578 
-80.5445744984 0.0459865226 0.8378914380 0.4146713160 
-80.5446720547 0.0459862826 0.8378879233 0.4142444661 
-80.5448051134 0.0459859518 0.8378851055 0.4138151010 
-80.5449741182 0.0459855291 0.8378829935 0.4133832136 
-80.5451795161 0.0459850132 0.8378815964 0.4129487970 
-80.5454217572 0.0459844032 0.8378809234 0.4125118446 
-80.5457012948 0.0459836977 0.8378809837 0.4120723498 
-80.5460185851 0.0459828957 0.8378817865 0.4116303061 
-80.5463740878 0.0459819960 0.8378833413 0.4111857073 
-80.5467682657 0.0459809974 0.8378856573 0.4107385473 
-80.5472015846 0.0459798987 0.8378887441 0.4102888200 
-80.5476745137 0.0459786987 0.8378926110 0.4098365198 
-80.5481875254 0.0459773962 0.8378972678 0.4093816409 
-80.5487410950 0.0459759900 0.8379027239 0.4089241779 
-80.5493357015 0.0459744789 0.8379089891 0.4084641256 
-80.5499718267 0.0459728617 0.8379160731 0.4080014786 
-80.5506499559 0.0459711371 0.8379239856 0.4075362322 
-80.5513705775 0.0459693039 0.8379327365 0.4070683815 
-80.5521341833 0.0459673609 0.8379423357 0.4065979220 
-80.5529412681 0.0459653068 0.8379527931 0.4061248491 
-80.5537923304 0.0459631403 0.8379641187 0.4056491588 
-80.5546878714 0.0459608601 0.8379763226 0.4051708468 
-80.5556283962 0.0459584651 0.8379894148 0.4046899095 
-80.5566144126 0.0459559539 0.8380034056 0.4042063431 
-80.5576464321 0.0459533252 0.8380183051 0.4037201442 
-80.5587249695 0.0459505777 0.8380341236 0.4032313095 
-80.5598505426 0.0459477102 0.8380508714 0.4027398359 
-80.5610236728 0.0459447212 0.8380685589 0.4022457206 
-80.5622448848 0.0459416095 0.8380871965 0.4017489609 
-80.5635147066 0.0459383738 0.8381067946 0.4012495544 
-80.5648336695 0.0459350127 0.8381273638 0.4007474988 
-80.5662023081 0.0459315250 0.8381489147 0.4002427920 
-80.5676211607 0.0459279091 0.8381714579 0.3997354324 
-80.5690907685 0.0459241638 0.8381950040 0.3992254183 
-80.5706116764 0.0459202877 0.8382195638 0.3987127483 
-80.5721844326 0.0459162795 0.8382451480 0.3981974213 
-80.5738095886 0.0459121378 0.8382717675 0.3976794363 
-80.5754876995 0.0459078611 0.8382994330 0.3971587926 
-80.5772193237 0.0459034481 0.8383281557 0.3966354897 
-80.5790050230 0.0458988974 0.8383579463 0.3961095275 
-80.5808453626 0.0458942076 0.8383888159 0.3955809058 
-80.5827409113 0.0458893773 0.8384207755 0.3950496250 
-80.5846922412 0.0458844050 0.8384538364 0.3945156854 
-80.5866999278 0.0458792894 0.8384880094 0.3939790877 
-80.5887645502 0.0458740289 0.8385233060 0.3934398329 
-80.5908866910 0.0458686222 0.8385597373 0.3928979221 
-80.5930669361 0.0458630678 0.8385973145 0.3923533568 
-80.5953058752 0.0458573642 0.8386360490 0.3918061385 
-80.5976041011 0.0458515101 0.8386759522 0.3912562693 
-80.5999622104 0.0458455038 0.8387170354 0.3907037511 
-80.6023808032 0.0458393440 0.8387593102 0.3901485865 
-80.6048604830 0.0458330291 0.8388027879 0.3895907781 
-80.6074018569 0.0458265577 0.8388474801 0.3890303288 
-80.6100055357 0.0458199283 0.8388933983 0.3884672416 
-80.6126721334 0.0458131393 0.8389405542 0.3879015201 
-80.6154022681 0.0458061893 0.8389889594 0.3873331678 
-80.6181965609 0.0457990767 0.8390386255 0.3867621887 
-80.6210556370 0.0457918001 0.8390895644 0.3861885869 
-80.6239801249 0.0457843578 0.8391417876 0.3856123669 
-80.6269706569 0.0457767484 0.8391953071 0.3850335333 
-80.6300278688 0.0457689703 0.8392501345 0.3844520912 
-80.6331524001 0.0457610219 0.8393062819 0.3838680456 
-80.6363448939 0.0457529018 0.8393637610 0.3832814021 
-80.6396059972 0.0457446083 0.8394225838 0.3826921663 
-80.6429363605 0.0457361398 0.8394827621 0.3821003444 
-80.6463366379 0.0457274949 0.8395443081 0.3815059424 
-80.6498074874 0.0457186718 0.8396072337 0.3809089671 
-80.6533495706 0.0457096691 0.8396715510 0.3803094250 
-80.6569635531 0.0457004851 0.8397372720 0.3797073234 
-80.6606501040 0.0456911183 0.8398044087 0.3791026694 
-80.6644098962 0.0456815669 0.8398729735 0.3784954707 
-80.6682436064 0.0456718295 0.8399429783 0.3778857352 
-80.6721519153 0.0456619043 0.8400144353 0.3772734709 
-80.6761355073 0.0456517898 0.8400873569 0.3766586862 
-80.6801950705 0.0456414844 0.8401617551 0.3760413899 
-80.6843312970 0.0456309863 0.8402376423 0.3754215907 
-80.6885448829 0.0456202940 0.8403150307 0.3747992980 
-80.6928365281 0.0456094057 0.8403939325 0.3741745210 
-80.6972069363 0.0455983199 0.8404743602 0.3735472697 
-80.7016568153 0.0455870349 0.8405563261 0.3729175540 
-80.7061868768 0.0455755489 0.8406398425 0.3722853841 
-80.7107978365 0.0455638604 0.8407249217 0.3716507705 
-80.7154904141 0.0455519676 0.8408115762 0.3710137242 
-80.7202653334 0.0455398689 0.8408998184 0.3703742560 
-80.7251233222 0.0455275626 0.8409896607 0.3697323775 
-80.7300651124 0.0455150469 0.8410811155 0.3690881002 
-80.7350914399 0.0455023202 0.8411741953 0.3684414359 
-80.7402030448 0.0454893807 0.8412689126 0.3677923969 
-80.7454006714 0.0454762268 0.8413652798 0.3671409955 
-80.7506850682 0.0454628567 0.8414633094 0.3664872444 
-80.7560569878 0.0454492686 0.8415630139 0.3658311565 
-80.7615171872 0.0454354609 0.8416644058 0.3651727451 
-80.7670664274 0.0454214319 0.8417674977 0.3645120237 
-80.7727054740 0.0454071797 0.8418723021 0.3638490059 
-80.7784350967 0.0453927026 0.8419788314 0.3631837059 
-80.7842560698 0.0453779988 0.8420870983 0.3625161379 
-80.7901691717 0.0453630667 0.8421971152 0.3618463164 
-80.7961751854 0.0453479044 0.8423088948 0.3611742562 
-80.8022748984 0.0453325101 0.8424224495 0.3604999725 
-80.8084691026 0.0453168821 0.8425377919 0.3598234805 
-80.8147585945 0.0453010187 0.8426549346 0.3591447958 
-80.8211441751 0.0452849179 0.8427738902 0.3584639344 
-80.8276266500 0.0452685780 0.8428946711 0.3577809122 
-80.8342068295 0.0452519972 0.8430172899 0.3570957458 
-80.8408855286 0.0452351737 0.8431417592 0.3564084517 
-80.8476635669 0.0452181057 0.8432680915 0.3557190468 
-80.8545417691 0.0452007914 0.8433962994 0.3550275484 
-80.8615209642 0.0451832289 0.8435263953 0.3543339737 
-80.8686019865 0.0451654164 0.8436583919 0.3536383405 
-80.8757856750 0.0451473521 0.8437923015 0.3529406667 
-80.8830728736 0.0451290342 0.8439281368 0.3522409705 
-80.8904644314 0.0451104607 0.8440659102 0.3515392702 
-80.8979612022 0.0450916299 0.8442056342 0.3508355846 
-80.9055640454 0.0450725399 0.8443473213 0.3501299327 
-80.9132738250 0.0450531888 0.8444909840 0.3494223334 
-80.9210914105 0.0450335747 0.8446366346 0.3487128064 
-80.9290176766 0.0450136959 0.8447842857 0.3480013711 
-80.9370535033 0.0449935503 0.8449339496 0.3472880477 
-80.9451997760 0.0449731362 0.8450856387 0.3465728561 
-80.9534573853 0.0449524517 0.8452393655 0.3458558167 
-80.9618272277 0.0449314947 0.8453951422 0.3451369503 
-80.9703102047 0.0449102636 0.8455529813 0.3444162776 
-80.9789072238 0.0448887562 0.8457128950 0.3436938197 
-80.9876191981 0.0448669708 0.8458748956 0.3429695979 
-80.9964470461 0.0448449054 0.8460389954 0.3422436337 
-81.0053916926 0.0448225581 0.8462052066 0.3415159490 
-81.0144540678 0.0447999270 0.8463735415 0.3407865656 
-81.0236351081 0.0447770101 0.8465440123 0.3400555058 
-81.0329357558 0.0447538055 0.8467166310 0.3393227919 
-81.0423569592 0.0447303113 0.8468914099 0.3385884465 
-81.0518996729 0.0447065254 0.8470683611 0.3378524925 
-81.0615648575 0.0446824460 0.8472474966 0.3371149528 
-81.0713534800 0.0446580711 0.8474288285 0.3363758506 
-81.0812665138 0.0446333988 0.8476123687 0.3356352093 
-81.0913049388 0.0446084270 0.8477981292 0.3348930524 
-81.1014697412 0.0445831537 0.8479861221 0.3341494036 
-81.1117619140 0.0445575771 0.8481763590 0.3334042869 
-81.1221824568 0.0445316951 0.8483688520 0.3326577262 
-81.1327323761 0.0445055057 0.8485636129 0.3319097458 
-81.1434126850 0.0444790069 0.8487606533 0.3311603699 
-81.1542244040 0.0444521967 0.8489599851 0.3304096230 
-81.1651685602 0.0444250731 0.8491616198 0.3296575297 
-81.1762461880 0.0443976341 0.8493655693 0.3289041147 
-81.1874583293 0.0443698776 0.8495718450 0.3281494027 
-81.1988060329 0.0443418017 0.8497804586 0.3273934187 
-81.2102903554 0.0443134043 0.8499914214 0.3266361874 
-81.2219123607 0.0442846834 0.8502047450 0.3258777340 
-81.2336731204 0.0442556368 0.8504204408 0.3251180833 
-81.2455737140 0.0442262626 0.8506385200 0.3243572606 
-81.2576152286 0.0441965588 0.8508589941 0.3235952907 
-81.2697987596 0.0441665231 0.8510818742 0.3228321988 
-81.2821254101 0.0441361536 0.8513071715 0.3220680097 
-81.2945962917 0.0441054482 0.8515348972 0.3213027485 
-81.3072125242 0.0440744048 0.8517650622 0.3205364399 
-81.3199752357 0.0440430213 0.8519976777 0.3197691087 
-81.3328855631 0.0440112957 0.8522327545 0.3190007794 
-81.3459446518 0.0439792257 0.8524703035 0.3182314765 
-81.3591536560 0.0439468094 0.8527103356 0.3174612240 
-81.3725137390 0.0439140445 0.8529528614 0.3166900460 
-81.3860260730 0.0438809290 0.8531978918 0.3159179661 
-81.3996918394 0.0438474608 0.8534454371 0.3151450076 
-81.4135122291 0.0438136376 0.8536955082 0.3143711935 
-81.4274884422 0.0437794574 0.8539481152 0.3135965463 
-81.4416216886 0.0437449180 0.8542032688 0.3128210880 
-81.4559131880 0.0437100173 0.8544609792 0.3120448401 
-81.4703641699 0.0436747530 0.8547212566 0.3112678236 
-81.4849758738 0.0436391231 0.8549841112 0.3104900587 
-81.4997495496 0.0436031253 0.8552495531 0.3097115649 
-81.5146864574 0.0435667575 0.8555175924 0.3089323609 
-81.5297878678 0.0435300174 0.8557882388 0.3081524644 
-81.5450550623 0.0434929029 0.8560615023 0.3073718923 
-81.5604893331 0.0434554117 0.8563373927 0.3065906603 
-81.5760919833 0.0434175416 0.8566159195 0.3058087828 
-81.5918643274 0.0433792905 0.8568970924 0.3050262729 
-81.6078076913 0.0433406561 0.8571809209 0.3042431424 
-81.6239234121 0.0433016361 0.8574674143 0.3034594014 
-81.6402128390 0.0432622283 0.8577565820 0.3026750583 
-81.6566773329 0.0432224304 0.8580484331 0.3018901195 
-81.6733182668 0.0431822402 0.8583429768 0.3011045893 
-81.6901370262 0.0431416554 0.8586402221 0.3003184699 
-81.7071350088 0.0431006738 0.8589401778 0.2995317609 
-81.7243136252 0.0430592930 0.8592428529 0.2987444591 
-81.7416742987 0.0430175107 0.8595482560 0.2979565586 
-81.7592184658 0.0429753246 0.8598563957 0.2971680498 
-81.7769475764 0.0429327325 0.8601672804 0.2963789202 
-81.7948630938 0.0428897320 0.8604809186 0.2955891528 
-81.8129664950 0.0428463207 0.8607973186 0.2947987270 
-81.8312592711 0.0428024964 0.8611164884 0.2940076171 
-81.8497429273 0.0427582566 0.8614384362 0.2932157928 
-81.8684189833 0.0427135991 0.8617631697 0.2924232183 
-81.8872889733 0.0426685213 0.8620906970 0.2916298517 
-81.9063544467 0.0426230211 0.8624210255 0.2908356448 
-81.9256169678 0.0425770959 0.8627541629 0.2900405425 
-81.9450781165 0.0425307434 0.8630901166 0.2892444818 
-81.9647394882 0.0424839611 0.8634288940 0.2884473918 
-81.9846026943 0.0424367467 0.8637705021 0.2876491920 
-82.0046693625 0.0423890978 0.8641149480 0.2868497927 
-82.0249411369 0.0423410117 0.8644622386 0.2860490932 
-82.0454196783 0.0422924862 0.8648123807 0.2852469811 
-82.0661066646 0.0422435188 0.8651653810 0.2844433318 
-82.0870037911 0.0421941070 0.8655212458 0.2836380069 
-82.1081127707 0.0421442482 0.8658799816 0.2828308531 
-82.1294353343 0.0420939401 0.8662415946 0.2820217016 
-82.1509732310 0.0420431800 0.8666060908 0.2812103661 
-82.1727282284 0.0419919656 0.8669734761 0.2803966418 
-82.1947021133 0.0419402942 0.8673437563 0.2795803044 
-82.2168966914 0.0418881633 0.8677169369 0.2787611082 
-82.2393137883 0.0418355703 0.8680930235 0.2779387849 
-82.2619552495 0.0417825128 0.8684720213 0.2771130425 
-82.2848229405 0.0417289880 0.8688539354 0.2762835639 
-82.3079187480 0.0416749935 0.8692387709 0.2754500062 
-82.3312445793 0.0416205266 0.8696265324 0.2746119994 
-82.3548023635 0.0415655846 0.8700172246 0.2737691467 
-82.3785940513 0.0415101650 0.8704108520 0.2729210249 
-82.4026216158 0.0414542651 0.8708074189 0.2720671853 
-82.4268870528 0.0413978823 0.8712069294 0.2712071566 
-82.4513923810 0.0413410138 0.8716093874 0.2703404485 
-82.4761396429 0.0412836570 0.8720147966 0.2694665578 
-82.5011309047 0.0412258092 0.8724231607 0.2685849762 
-82.5263682572 0.0411674676 0.8728344830 0.2676951998 
-82.5518538159 0.0411086296 0.8732487667 0.2667967405 
-82.5775897218 0.0410492923 0.8736660149 0.2658891403 
-82.6035781415 0.0409894530 0.8740862303 0.2649720039 
-82.6298212679 0.0409291090 0.8745094155 0.2640451321 
-82.6563213214 0.0408682573 0.8749355731 0.2631090719 
-82.6830805522 0.0408068953 0.8753647052 0.2621668858 
-82.7101012432 0.0407450200 0.8757968140 0.2612271486 
-82.7373857083 0.0406826286 0.8762319014 0.2603033727 
-82.7649362812 0.0406197181 0.8766699692 0.2594074771 
-82.7927553103 0.0405562859 0.8771110184 0.2585464496 
-82.8208451598 0.0404923289 0.8775550497 0.2577237074 
-82.8492082112 0.0404278444 0.8780020635 0.2569401650 
-82.8778468645 0.0403628295 0.8784520595 0.2561943398 
-82.9067635388 0.0402972815 0.8789050371 0.2554825689 
-82.9359606755 0.0402311975 0.8793609955 0.2547996946 
-82.9654407402 0.0401645747 0.8798199332 0.2541399210 
-82.9680563036 0.0401586681 0.8798608419 0.2541159146 
