-81.9871344518 0.0424268477 0.8658081677 0.5107878158 
-81.9871375163 0.0424268404 0.8658082150 0.5107811411 
-81.9871436692 0.0424268258 0.8658083101 0.5107678641 
-81.9871529579 0.0424268038 0.8658084538 0.5107481307 
-81.9871654527 0.0424267741 0.8658086474 0.5107221633 
-81.9871812466 0.0424267367 0.8658088926 0.5106902643 
-81.9872003002 0.0424266915 0.8658091885 0.5106368014 
-81.9872231667 0.0424266372 0.8658095452 0.5106002821 
-81.9872498165 0.0424265740 0.8658099621 0.5105643491 
-81.9872803765 0.0424265015 0.8658104415 0.5105290540 
-81.9873149718 0.0424264194 0.8658109856 0.5104944388 
-81.9873537261 0.0424263274 0.8658115966 0.5104605373 
-81.9873967614 0.0424262253 0.8658122766 0.5104273756 
-81.9874441981 0.0424261128 0.8658130280 0.5103949742 
-81.9874961545 0.0424259895 0.8658138526 0.5103633478 
-81.9875527474 0.0424258552 0.8658147527 0.5103325074 
-81.9876140917 0.0424257096 0.8658157302 0.5103024600 
-81.9876803005 0.0424255525 0.8658167872 0.5102732100 
-81.9877514852 0.0424253835 0.8658179257 0.5102447595 
-81.9878277554 0.0424252025 0.8658191475 0.5102171082 
-81.9879092188 0.0424250092 0.8658204546 0.5101902544 
-81.9879959815 0.0424248033 0.8658218490 0.5101641947 
-81.9880881479 0.0424245845 0.8658233323 0.5101389248 
-81.9881858208 0.0424243527 0.8658249065 0.5101144391 
-81.9882891012 0.0424241076 0.8658265733 0.5100907311 
-81.9883980887 0.0424238489 0.8658283345 0.5100677937 
-81.9885128812 0.0424235764 0.8658301917 0.5100456193 
-81.9886335753 0.0424232900 0.8658321468 0.5100241996 
-81.9887602660 0.0424229893 0.8658342014 0.5100035263 
-81.9888930469 0.0424226741 0.8658363570 0.5099835906 
-81.9890320102 0.0424223443 0.8658386154 0.5099643834 
-81.9891772469 0.0424219995 0.8658409782 0.5099458958 
-81.9893288467 0.0424216397 0.8658434468 0.5099281186 
-81.9894868980 0.0424212645 0.8658460228 0.5099110425 
-81.9896514881 0.0424208738 0.8658487078 0.5098946584 
-81.9898227031 0.0424204674 0.8658515033 0.5098789570 
-81.9900006281 0.0424200451 0.8658544107 0.5098639293 
-81.9901853470 0.0424196067 0.8658574315 0.5098495662 
-81.9903769429 0.0424191519 0.8658605672 0.5098358585 
-81.9905754979 0.0424186806 0.8658638191 0.5098227975 
-81.9907810930 0.0424181926 0.8658671886 0.5098103743 
-81.9909938086 0.0424176876 0.8658706772 0.5097985802 
-81.9912137240 0.0424171656 0.8658742863 0.5097874065 
-81.9914409180 0.0424166264 0.8658780171 0.5097768447 
-81.9916754685 0.0424160696 0.8658818710 0.5097668866 
-81.9919174528 0.0424154952 0.8658858493 0.5097575237 
-81.9921669473 0.0424149030 0.8658899534 0.5097487481 
-81.9924240281 0.0424142928 0.8658941846 0.5097405516 
-81.9926887706 0.0424136644 0.8658985441 0.5097329264 
-81.9929612495 0.0424130177 0.8659030332 0.5097258646 
-81.9932415392 0.0424123524 0.8659076532 0.5097193588 
-81.9935297137 0.0424116684 0.8659124053 0.5097134013 
-81.9938258464 0.0424109655 0.8659172908 0.5097079848 
-81.9941300103 0.0424102436 0.8659223109 0.5097031020 
-81.9944422782 0.0424095025 0.8659274669 0.5096987457 
-81.9947627225 0.0424087419 0.8659327600 0.5096949089 
-81.9950914153 0.0424079618 0.8659381913 0.5096915848 
-81.9954284286 0.0424071619 0.8659437622 0.5096887664 
-81.9957738340 0.0424063421 0.8659494737 0.5096864473 
-81.9961277032 0.0424055023 0.8659553272 0.5096846207 
-81.9964901074 0.0424046422 0.8659613238 0.5096832803 
-81.9968611179 0.0424037617 0.8659674646 0.5096824197 
-81.9972408061 0.0424028606 0.8659737510 0.5096820327 
-81.9976292431 0.0424019387 0.8659801840 0.5096821132 
-81.9980265001 0.0424009960 0.8659867649 0.5096826551 
-81.9984326483 0.0424000322 0.8659934948 0.5096836527 
-81.9988477591 0.0423990471 0.8660003749 0.5096851000 
-81.9992719038 0.0423980405 0.8660074065 0.5096869913 
-81.9997051539 0.0423970124 0.8660145906 0.5096893212 
-82.0001475812 0.0423959626 0.8660219285 0.5096920840 
-82.0005992574 0.0423948908 0.8660294214 0.5096952744 
-82.0010602548 0.0423937969 0.8660370704 0.5096988870 
-82.0015306457 0.0423926808 0.8660448768 0.5097029167 
-82.0020105027 0.0423915422 0.8660528417 0.5097073582 
-82.0024998988 0.0423903810 0.8660609663 0.5097122066 
-82.0029989073 0.0423891970 0.8660692519 0.5097174569 
-82.0035076018 0.0423879901 0.8660776996 0.5097231043 
-82.0040260565 0.0423867600 0.8660863106 0.5097291438 
-82.0045543459 0.0423855067 0.8660950862 0.5097355709 
-82.0050925450 0.0423842298 0.8661040277 0.5097423809 
-82.0056407292 0.0423829293 0.8661131361 0.5097495693 
-82.0061989746 0.0423816050 0.8661224128 0.5097571316 
-82.0067673578 0.0423802567 0.8661318589 0.5097650633 
-82.0073459558 0.0423788841 0.8661414759 0.5097733603 
-82.0079348464 0.0423774872 0.8661512648 0.5097820181 
-82.0085341081 0.0423760657 0.8661612270 0.5097910327 
-82.0091438199 0.0423746195 0.8661713638 0.5098003999 
-82.0097640615 0.0423731484 0.8661816765 0.5098101157 
-82.0103949135 0.0423716521 0.8661921663 0.5098201761 
-82.0110364570 0.0423701305 0.8662028346 0.5098305772 
-82.0116887741 0.0423685834 0.8662136826 0.5098413152 
-82.0123519477 0.0423670106 0.8662247118 0.5098523862 
-82.0130260614 0.0423654119 0.8662359234 0.5098637865 
-82.0137111997 0.0423637872 0.8662473189 0.5098755126 
-82.0144074481 0.0423621361 0.8662588996 0.5098875606 
-82.0151148930 0.0423604585 0.8662706669 0.5098999272 
-82.0158336216 0.0423587543 0.8662826222 0.5099126088 
-82.0165637222 0.0423570231 0.8662947669 0.5099256019 
-82.0173052842 0.0423552649 0.8663071024 0.5099389032 
-82.0180583978 0.0423534793 0.8663196302 0.5099525093 
-82.0188231546 0.0423516661 0.8663323518 0.5099664169 
-82.0195996469 0.0423498253 0.8663452686 0.5099806228 
-82.0203879684 0.0423479564 0.8663583822 0.5099951238 
-82.0211882138 0.0423460594 0.8663716940 0.5100099168 
-82.0220004792 0.0423441339 0.8663852056 0.5100249986 
-82.0228248617 0.0423421798 0.8663989185 0.5100403662 
-82.0236614596 0.0423401968 0.8664128343 0.5100560165 
-82.0245103727 0.0423381848 0.8664269547 0.5100719467 
-82.0253717018 0.0423361433 0.8664412811 0.5100881537 
-82.0262455494 0.0423340723 0.8664558153 0.5101046347 
-82.0271320189 0.0423319715 0.8664705588 0.5101213868 
-82.0280312155 0.0423298406 0.8664855134 0.5101384072 
-82.0289432456 0.0423276795 0.8665006808 0.5101556931 
-82.0298682170 0.0423254877 0.8665160627 0.5101732419 
-82.0308062391 0.0423232651 0.8665316608 0.5101910507 
-82.0317574227 0.0423210115 0.8665474768 0.5102091169 
-82.0327218804 0.0423187265 0.8665635126 0.5102274379 
-82.0336997259 0.0423164099 0.8665797700 0.5102460110 
-82.0346910748 0.0423140614 0.8665962509 0.5102648338 
-82.0356960444 0.0423116808 0.8666129569 0.5102839035 
-82.0367147534 0.0423092677 0.8666298902 0.5103032178 
-82.0377473224 0.0423068220 0.8666470525 0.5103227742 
-82.0387938736 0.0423043433 0.8666644459 0.5103425701 
-82.0398545309 0.0423018313 0.8666820722 0.5103626032 
-82.0409294203 0.0422992857 0.8666999335 0.5103828710 
-82.0420186693 0.0422967063 0.8667180318 0.5104033712 
-82.0431224072 0.0422940927 0.8667363692 0.5104241014 
-82.0442407655 0.0422914446 0.8667549477 0.5104450592 
-82.0453738774 0.0422887618 0.8667737694 0.5104662425 
-82.0465218780 0.0422860438 0.8667928366 0.5104876488 
-82.0476849046 0.0422832905 0.8668121513 0.5105092759 
-82.0488630963 0.0422805014 0.8668317157 0.5105311215 
-82.0500565944 0.0422776763 0.8668515322 0.5105531835 
-82.0512655422 0.0422748147 0.8668716029 0.5105754596 
-82.0524900852 0.0422719165 0.8668919302 0.5105979477 
-82.0537303710 0.0422689811 0.8669125164 0.5106206455 
-82.0549865493 0.0422660083 0.8669333639 0.5106435509 
-82.0562587723 0.0422629978 0.8669544751 0.5106666618 
-82.0575471942 0.0422599491 0.8669758524 0.5106899761 
-82.0588519716 0.0422568620 0.8669974982 0.5107134915 
-82.0601732636 0.0422537359 0.8670194152 0.5107372061 
-82.0615112313 0.0422505707 0.8670416058 0.5107611177 
-82.0628660387 0.0422473658 0.8670640726 0.5107852243 
-82.0642378518 0.0422441209 0.8670868184 0.5108095239 
-82.0656268394 0.0422408357 0.8671098456 0.5108340142 
-82.0670331727 0.0422375096 0.8671331570 0.5108586934 
-82.0684570256 0.0422341424 0.8671567554 0.5108835594 
-82.0698985745 0.0422307335 0.8671806436 0.5109086102 
-82.0713579984 0.0422272827 0.8672048243 0.5109338437 
-82.0728354793 0.0422237894 0.8672293005 0.5109592580 
-82.0743312015 0.0422202532 0.8672540749 0.5109848510 
-82.0758453525 0.0422166738 0.8672791507 0.5110106208 
-82.0773781223 0.0422130506 0.8673045308 0.5110365654 
-82.0789297041 0.0422093833 0.8673302182 0.5110626827 
-82.0805002938 0.0422056713 0.8673562159 0.5110889708 
-82.0820900902 0.0422019143 0.8673825273 0.5111154278 
-82.0836992953 0.0421981117 0.8674091553 0.5111420516 
-82.0853281141 0.0421942630 0.8674361032 0.5111688402 
-82.0869767546 0.0421903679 0.8674633744 0.5111957918 
-82.0886454280 0.0421864257 0.8674909721 0.5112229043 
-82.0903343488 0.0421824361 0.8675188996 0.5112501757 
-82.0920437346 0.0421783985 0.8675471605 0.5112776042 
-82.0937738064 0.0421743124 0.8675757581 0.5113051876 
-82.0955247884 0.0421701773 0.8676046960 0.5113329241 
-82.0972969084 0.0421659926 0.8676339778 0.5113608116 
-82.0990903976 0.0421617579 0.8676636070 0.5113888481 
-82.1009054904 0.0421574726 0.8676935874 0.5114170318 
-82.1027424252 0.0421531361 0.8677239227 0.5114453605 
-82.1046014437 0.0421487478 0.8677546167 0.5114738322 
-82.1064827914 0.0421443073 0.8677856731 0.5115024451 
-82.1083867174 0.0421398140 0.8678170960 0.5115311970 
-82.1103134747 0.0421352672 0.8678488893 0.5115600859 
-82.1122633201 0.0421306664 0.8678810569 0.5115891098 
-82.1142365141 0.0421260110 0.8679136030 0.5116182666 
-82.1162333214 0.0421213003 0.8679465317 0.5116475543 
-82.1182540106 0.0421165338 0.8679798471 0.5116769709 
-82.1202988544 0.0421117109 0.8680135536 0.5117065142 
-82.1223681294 0.0421068308 0.8680476555 0.5117361822 
-82.1244621167 0.0421018930 0.8680821570 0.5117659727 
-82.1265811014 0.0420968967 0.8681170628 0.5117958837 
-82.1287253731 0.0420918414 0.8681523772 0.5118259129 
-82.1308952256 0.0420867264 0.8681881049 0.5118560584 
-82.1330909574 0.0420815510 0.8682242504 0.5118863178 
-82.1353128711 0.0420763144 0.8682608186 0.5119166890 
-82.1375612743 0.0420710160 0.8682978142 0.5119471698 
-82.1398364789 0.0420656551 0.8683352419 0.5119777580 
-82.1421388018 0.0420602309 0.8683731068 0.5120084513 
-82.1444685644 0.0420547427 0.8684114139 0.5120392475 
-82.1468260932 0.0420491898 0.8684501681 0.5120701443 
-82.1492117194 0.0420435714 0.8684893747 0.5121011393 
-82.1516257794 0.0420378868 0.8685290388 0.5121322303 
-82.1540686146 0.0420321351 0.8685691657 0.5121634149 
-82.1565405714 0.0420263156 0.8686097608 0.5121946907 
-82.1590420017 0.0420204274 0.8686508295 0.5122260552 
-82.1615732625 0.0420144698 0.8686923773 0.5122575062 
-82.1641347163 0.0420084419 0.8687344098 0.5122890410 
-82.1667267310 0.0420023429 0.8687769327 0.5123206572 
-82.1693496800 0.0419961720 0.8688199518 0.5123523522 
-82.1720039425 0.0419899283 0.8688634729 0.5123841236 
-82.1746899031 0.0419836108 0.8689075019 0.5124159687 
-82.1774079526 0.0419772188 0.8689520448 0.5124478848 
-82.1801584874 0.0419707513 0.8689971077 0.5124798694 
-82.1829419099 0.0419642073 0.8690426968 0.5125119197 
-82.1857586287 0.0419575861 0.8690888183 0.5125440330 
-82.1886090585 0.0419508866 0.8691354787 0.5125762065 
-82.1914936202 0.0419441079 0.8691826844 0.5126084375 
-82.1944127410 0.0419372490 0.8692304418 0.5126407230 
-82.1973668546 0.0419303089 0.8692787577 0.5126730601 
-82.2003564014 0.0419232866 0.8693276388 0.5127054460 
-82.2033818281 0.0419161812 0.8693770918 0.5127378777 
-82.2064435884 0.0419089916 0.8694271238 0.5127703520 
-82.2095421426 0.0419017167 0.8694777417 0.5128028661 
-82.2126779583 0.0418943555 0.8695289526 0.5128354166 
-82.2158515097 0.0418869070 0.8695807638 0.5128680006 
-82.2190632785 0.0418793700 0.8696331826 0.5129006146 
-82.2223137534 0.0418717435 0.8696862164 0.5129332556 
-82.2256034307 0.0418640262 0.8697398727 0.5129659201 
-82.2289328140 0.0418562172 0.8697941592 0.5129986047 
-82.2323024146 0.0418483152 0.8698490836 0.5130313061 
-82.2357127515 0.0418403190 0.8699046537 0.5130640208 
-82.2391643514 0.0418322275 0.8699608776 0.5130967451 
-82.2426577491 0.0418240396 0.8700177632 0.5131294755 
-82.2461934874 0.0418157538 0.8700753188 0.5131622083 
-82.2497721172 0.0418073692 0.8701335527 0.5131949398 
-82.2533941980 0.0417988842 0.8701924732 0.5132276661 
-82.2570602974 0.0417902978 0.8702520890 0.5132603834 
-82.2607709918 0.0417816086 0.8703124086 0.5132930878 
-82.2645268662 0.0417728153 0.8703734408 0.5133257753 
-82.2683285144 0.0417639165 0.8704351945 0.5133584417 
-82.2721765392 0.0417549110 0.8704976788 0.5133910829 
-82.2760715527 0.0417457973 0.8705609027 0.5134236947 
-82.2800141759 0.0417365741 0.8706248755 0.5134562729 
-82.2840050395 0.0417272399 0.8706896067 0.5134888129 
-82.2880447835 0.0417177934 0.8707551057 0.5135213104 
-82.2921340578 0.0417082330 0.8708213823 0.5135537608 
-82.2962735220 0.0416985574 0.8708884461 0.5135861595 
-82.3004638457 0.0416887650 0.8709563071 0.5136185017 
-82.3047057087 0.0416788543 0.8710249754 0.5136507827 
-82.3089998009 0.0416688238 0.8710944611 0.5136829976 
-82.3133468229 0.0416586719 0.8711647747 0.5137151414 
-82.3177474859 0.0416483970 0.8712359265 0.5137472090 
-82.3222025117 0.0416379976 0.8713079273 0.5137791953 
-82.3267126333 0.0416274720 0.8713807876 0.5138110949 
-82.3312785945 0.0416168186 0.8714545186 0.5138429026 
-82.3359011507 0.0416060357 0.8715291312 0.5138746128 
-82.3405810686 0.0415951216 0.8716046366 0.5139062200 
-82.3453191267 0.0415840747 0.8716810462 0.5139377185 
-82.3501161152 0.0415728930 0.8717583716 0.5139691024 
-82.3549728364 0.0415615750 0.8718366243 0.5140003660 
-82.3598901047 0.0415501187 0.8719158163 0.5140315032 
-82.3648687471 0.0415385224 0.8719959594 0.5140625078 
-82.3699096030 0.0415267842 0.8720770659 0.5140933737 
-82.3750135247 0.0415149023 0.8721591481 0.5141240944 
-82.3801813776 0.0415028747 0.8722422184 0.5141546634 
-82.3854140401 0.0414906996 0.8723262895 0.5141850742 
-82.3907124040 0.0414783749 0.8724113742 0.5142153200 
-82.3960773751 0.0414658988 0.8724974855 0.5142453939 
-82.4015098725 0.0414532691 0.8725846366 0.5142752890 
-82.4070108299 0.0414404839 0.8726728407 0.5143049980 
-82.4125811949 0.0414275410 0.8727621114 0.5143345137 
-82.4182219297 0.0414144385 0.8728524624 0.5143638287 
-82.4239340114 0.0414011741 0.8729439076 0.5143929354 
-82.4297184320 0.0413877457 0.8730364609 0.5144218261 
-82.4355761986 0.0413741511 0.8731301367 0.5144504930 
-82.4415083340 0.0413603881 0.8732249493 0.5144789280 
-82.4475158765 0.0413464544 0.8733209134 0.5145071229 
-82.4535998806 0.0413323478 0.8734180439 0.5145350694 
-82.4597614167 0.0413180660 0.8735163556 0.5145627591 
-82.4660015721 0.0413036065 0.8736158637 0.5145901833 
-82.4723214505 0.0412889671 0.8737165838 0.5146173331 
-82.4787221728 0.0412741452 0.8738185313 0.5146441995 
-82.4852048771 0.0412591385 0.8739217222 0.5146707735 
-82.4917707192 0.0412439445 0.8740261722 0.5146970456 
-82.4984208728 0.0412285606 0.8741318978 0.5147230063 
-82.5051565296 0.0412129843 0.8742389152 0.5147486460 
-82.5119788998 0.0411972130 0.8743472412 0.5147739546 
-82.5188892125 0.0411812441 0.8744568925 0.5147989222 
-82.5258887156 0.0411650748 0.8745678863 0.5148235384 
-82.5329786767 0.0411487026 0.8746802397 0.5148477927 
-82.5401603827 0.0411321246 0.8747939704 0.5148716745 
-82.5474351409 0.0411153381 0.8749090959 0.5148951729 
-82.5548042788 0.0410983402 0.8750256342 0.5149182767 
-82.5622691444 0.0410811281 0.8751436036 0.5149409747 
-82.5698311069 0.0410636989 0.8752630223 0.5149632553 
-82.5774915570 0.0410460496 0.8753839091 0.5149851068 
-82.5852519068 0.0410281773 0.8755062827 0.5150065171 
-82.5931135907 0.0410100790 0.8756301623 0.5150274742 
-82.6010780656 0.0409917514 0.8757555673 0.5150479655 
-82.6091468109 0.0409731917 0.8758825170 0.5150679784 
-82.6173213295 0.0409543965 0.8760110315 0.5150874999 
-82.6256031478 0.0409353627 0.8761411307 0.5151065169 
-82.6339938162 0.0409160871 0.8762728349 0.5151250160 
-82.6424949094 0.0408965662 0.8764061647 0.5151429835 
-82.6511080270 0.0408767970 0.8765411409 0.5151604055 
-82.6598347936 0.0408567758 0.8766777845 0.5151772678 
-82.6686768598 0.0408364993 0.8768161169 0.5151935560 
-82.6776359019 0.0408159640 0.8769561596 0.5152092552 
-82.6867136228 0.0407951664 0.8770979344 0.5152243506 
-82.6959117525 0.0407741029 0.8772414634 0.5152388269 
-82.7052320482 0.0407527699 0.8773867690 0.5152526684 
-82.7146762950 0.0407311636 0.8775338738 0.5152658593 
-82.7242463065 0.0407092803 0.8776828006 0.5152783836 
-82.7339439249 0.0406871164 0.8778335726 0.5152902247 
-82.7437710219 0.0406646678 0.8779862132 0.5153013659 
-82.7537294988 0.0406419308 0.8781407461 0.5153117901 
-82.7638212875 0.0406189013 0.8782971953 0.5153214800 
-82.7740483505 0.0405955754 0.8784555849 0.5153304180 
-82.7844126817 0.0405719491 0.8786159396 0.5153385859 
-82.7949163070 0.0405480181 0.8787782841 0.5153459656 
-82.8055612846 0.0405237783 0.8789426436 0.5153525383 
-82.8163497060 0.0404992256 0.8791090432 0.5153582851 
-82.8272836960 0.0404743555 0.8792775088 0.5153631867 
-82.8383654137 0.0404491638 0.8794480662 0.5153672235 
-82.8495970528 0.0404236460 0.8796207417 0.5153703753 
-82.8609808425 0.0403977976 0.8797955617 0.5153726220 
-82.8725190480 0.0403716143 0.8799725531 0.5153739427 
-82.8842139710 0.0403450912 0.8801517429 0.5153743166 
-82.8960679504 0.0403182238 0.8803331586 0.5153737221 
-82.9080833631 0.0402910073 0.8805168277 0.5153721376 
-82.9202626244 0.0402634370 0.8807027784 0.5153695410 
-82.9326081890 0.0402355080 0.8808910387 0.5153659097 
-82.9451225514 0.0402072154 0.8810816373 0.5153612209 
-82.9578082467 0.0401785541 0.8812746031 0.5153554515 
-82.9706678513 0.0401495191 0.8814699651 0.5153485779 
-82.9837039837 0.0401201053 0.8816677529 0.5153405761 
-82.9969193053 0.0400903075 0.8818679961 0.5153314219 
-83.0103165207 0.0400601204 0.8820707249 0.5153210906 
-83.0238983793 0.0400295387 0.8822759695 0.5153095571 
-83.0376676753 0.0399985569 0.8824837607 0.5152967962 
-83.0516272488 0.0399671696 0.8826941292 0.5152827819 
-83.0657799867 0.0399353711 0.8829071065 0.5152674882 
-83.0801288236 0.0399031559 0.8831227239 0.5152508886 
-83.0946767424 0.0398705181 0.8833410134 0.5152329563 
-83.1094267751 0.0398374521 0.8835620069 0.5152136639 
-83.1243820041 0.0398039520 0.8837857371 0.5151929840 
-83.1395455629 0.0397700117 0.8840122365 0.5151708885 
-83.1549206367 0.0397356252 0.8842415382 0.5151473492 
-83.1705104638 0.0397007865 0.8844736754 0.5151223374 
-83.1863183365 0.0396654893 0.8847086817 0.5150958239 
-83.2023476018 0.0396297274 0.8849465910 0.5150677794 
-83.2186016625 0.0395934943 0.8851874375 0.5150381741 
-83.2350839782 0.0395567836 0.8854312555 0.5150069776 
-83.2517980667 0.0395195889 0.8856780797 0.5149741594 
-83.2687475044 0.0394819033 0.8859279452 0.5149396885 
-83.2859359279 0.0394437203 0.8861808871 0.5149035332 
-83.3033670349 0.0394050330 0.8864369410 0.5148656617 
-83.3210445852 0.0393658346 0.8866961428 0.5148260412 
-83.3389724023 0.0393261179 0.8869585283 0.5147846388 
-83.3571543739 0.0392858761 0.8872241339 0.5147414208 
-83.3755944535 0.0392451018 0.8874929962 0.5146963525 
-83.3942966618 0.0392037879 0.8877651520 0.5146493989 
-83.4132650873 0.0391619269 0.8880406382 0.5146005238 
-83.4325038884 0.0391195114 0.8883194922 0.5145496900 
-83.4520172940 0.0390765339 0.8886017515 0.5144968593 
-83.4718096051 0.0390329867 0.8888874537 0.5144419919 
-83.4918851961 0.0389888620 0.8891766369 0.5143850467 
-83.5122485164 0.0389441520 0.8894693391 0.5143259807 
-83.5329040916 0.0388988488 0.8897655986 0.5142647488 
-83.5538565248 0.0388529443 0.8900654542 0.5142013037 
-83.5751104986 0.0388064302 0.8903689443 0.5141355950 
-83.5966707761 0.0387592985 0.8906761080 0.5140675692 
-83.6185422028 0.0387115406 0.8909869843 0.5139971693 
-83.6407297080 0.0386631482 0.8913016125 0.5139243336 
-83.6632383066 0.0386141126 0.8916200318 0.5138489956 
-83.6860731007 0.0385644251 0.8919422818 0.5137710829 
-83.7092392814 0.0385140770 0.8922684022 0.5136905163 
-83.7327421308 0.0384630594 0.8925984326 0.5136072088 
-83.7565870232 0.0384113631 0.8929324129 0.5135210646 
-83.7807794279 0.0383589792 0.8932703831 0.5134319774 
-83.8053249105 0.0383058983 0.8936123833 0.5133398287 
-83.8302291354 0.0382521110 0.8939584534 0.5132444868 
-83.8554978677 0.0381976080 0.8943086337 0.5131458035 
-83.8811369753 0.0381423795 0.8946629643 0.5130436130 
-83.9071524315 0.0380864159 0.8950214855 0.5129377284 
-83.9335503174 0.0380297074 0.8953842375 0.5128279389 
-83.9603368241 0.0379722438 0.8957512607 0.5127140067 
-83.9875182558 0.0379140153 0.8961225952 0.5125956629 
-84.0151010320 0.0378550115 0.8964982813 0.5124726032 
-84.0430916910 0.0377952221 0.8968783593 0.5123444836 
-84.0714968925 0.0377346366 0.8972628693 0.5122109148 
-84.1003234212 0.0376732445 0.8976518514 0.5120714572 
-84.1295781898 0.0376110349 0.8980453457 0.5119256146 
-84.1592682433 0.0375479970 0.8984433923 0.5117728288 
-84.1894007620 0.0374841197 0.8988460310 0.5116124742 
-84.2199830665 0.0374193919 0.8992533017 0.5114438525 
-84.2510226214 0.0373538022 0.8996652442 0.5112661909 
-84.2825270404 0.0372873392 0.9000818982 0.5110786421 
-84.3145040908 0.0372199912 0.9005033031 0.5108802899 
-84.3469616993 0.0371517463 0.9009294986 0.5106701634 
-84.3799079571 0.0370825927 0.9013605240 0.5104472602 
-84.4133511259 0.0370125180 0.9017964185 0.5102105808 
-84.4472996435 0.0369415101 0.9022372215 0.5099591763 
-84.4817621305 0.0368695564 0.9026829720 0.5096923075 
-84.5167474046 0.0367966441 0.9031337091 0.5094105971 
-84.5522645270 0.0367227601 0.9035894725 0.5091216748 
-84.5883228337 0.0366478912 0.9040503027 0.5088464579 
-84.6249317650 0.0365720238 0.9045162387 0.5086053957 
-84.6621007279 0.0364951449 0.9049873160 0.5084079676 
-84.6998390986 0.0364172417 0.9054635667 0.5082556251 
-84.7381562362 0.0363383016 0.9059450195 0.5081432007 
-84.7770615225 0.0362583123 0.9064317004 0.5080613805 
-84.7804980033 0.0362512543 0.9064747625 0.5080504740 
