-84.4339271814 0.0007807731 0.9960130115 0.9998809631 0.0000153974 0.9992166445 0.8232345945 0.9690225982 0.5651313862 0.0010905406 0.0515339079 0.1638232564 0.0001160304 0.9393225279 0.4511928895 0.0003152020 0.0447030019 0.8989610809 0.8028861858 0.8024526998 0.6628751598 0.0001346087 1.4849383382 1.4712143019 1.5347262019 0.0001345918 11.5079331982 11.5076011423 11.5076116457 136.4254185410 0.0000715568 0.0004193974 0.9847875600 0.5365174352 0.1622505930 0.0127006034
-84.4338853375 0.0007807786 0.9960129741 0.9998809619 0.0000153975 0.9992166411 0.8232501300 0.9690218475 0.5651400439 0.0010905439 0.0515279399 0.1637770964 0.0001160309 0.9393288626 0.4512589235 0.0003152039 0.0447032566 0.8989742552 0.8028897720 0.8024739069 0.6628887550 0.0001346111 1.4849175545 1.4711942941 1.5347234951 0.0001345939 11.5078749793 11.5075429475 11.5075534512 136.4254213987 0.0000715624 0.0004193999 0.9847880714 0.5365219843 0.1622594027 0.0127021523
-84.4338017130 0.0007807898 0.9960128993 0.9998809595 0.0000153977 0.9992166343 0.8232809981 0.9690203352 0.5651577795 0.0010905506 0.0515160803 0.1636849747 0.0001160318 0.9393415346 0.4513908051 0.0003152076 0.0447037657 0.8990004651 0.8028970835 0.8025159646 0.6629162091 0.0001346157 1.4848765648 1.4711547249 1.5347182972 0.0001345983 11.5077692181 11.5074372336 11.5074477379 136.4254271232 0.0000715736 0.0004194049 0.9847890943 0.5365311734 0.1622769352 0.0127052392
-84.4336764315 0.0007808064 0.9960127872 0.9998809559 0.0000153979 0.9992166241 0.8233267753 0.9690180285 0.5651856321 0.0010905605 0.0514984673 0.1635471778 0.0001160332 0.9393605494 0.4515883035 0.0003152133 0.0447045285 0.8990394150 0.8029083830 0.8025781819 0.6629580239 0.0001346229 1.4848163081 1.4710962619 1.5347110302 0.0001346050 11.5076367417 11.5073048258 11.5073153309 136.4254357471 0.0000715903 0.0004194124 0.9847906293 0.5365452645 0.1623030415 0.0127098592
-84.4335096725 0.0007808286 0.9960126380 0.9998809510 0.0000153983 0.9992166106 0.8233867909 0.9690148697 0.5652255196 0.0010905737 0.0514752716 0.1633638090 0.0001160351 0.9393859149 0.4518514632 0.0003152207 0.0447055439 0.8990906272 0.8029240189 0.8026595892 0.6630148792 0.0001346328 1.4847379298 1.4710196461 1.5347022971 0.0001346142 11.5075052567 11.5071734283 11.5071839346 136.4254473514 0.0000716125 0.0004194223 0.9847926771 0.5365646908 0.1623375574 0.0127160235
-84.4333001957 0.0007808562 0.9960124518 0.9998809450 0.0000153987 0.9992165937 0.8234601491 0.9690108122 0.5652801699 0.0010905902 0.0514466506 0.1631342945 0.0001160374 0.9394176417 0.4521811518 0.0003152301 0.0447068106 0.8991534330 0.8029443608 0.8027590289 0.6630875191 0.0001346456 1.4846431333 1.4709261394 1.5346928208 0.0001346261 11.5073994616 11.5070677376 11.5070782453 136.4191497500 0.0000716401 0.0004194348 0.9847952386 0.5365896965 0.1623803664 0.0127237144
-84.4330523312 0.0007808892 0.9960122299 0.9998809378 0.0000153992 0.9992165735 0.8235534244 0.9690065583 0.5653234826 0.0010906099 0.0514158580 0.1628819254 0.0001160402 0.9394557458 0.4525480973 0.0003152412 0.0447083207 0.8992232696 0.8029664961 0.8028700531 0.6631652170 0.0001346591 1.4845429213 1.4708276521 1.5346827655 0.0001346388 11.5073446948 11.5070130734 11.5070235825 136.4191653145 0.0000716691 0.0004194496 0.9847983168 0.5366161103 0.1624241052 0.0127316458
-84.4327648633 0.0007809274 0.9960119725 0.9998809295 0.0000153997 0.9992165502 0.8236669603 0.9690022367 0.5653540282 0.0010906328 0.0513830049 0.1626083821 0.0001160434 0.9395002406 0.4529503732 0.0003152542 0.0447100726 0.8993002587 0.8029903548 0.8029928261 0.6632478599 0.0001346729 1.4844391715 1.4707262802 1.5346719688 0.0001346516 11.5073295542 11.5069980323 11.5070085428 136.4191816561 0.0000716988 0.0004194668 0.9848019129 0.5366428063 0.1624688188 0.0127396297
-84.4324380220 0.0007809709 0.9960116797 0.9998809201 0.0000154004 0.9992165236 0.8238010895 0.9689979691 0.5653704876 0.0010906587 0.0513481672 0.1623149769 0.0001160471 0.9395511404 0.4533865535 0.0003152689 0.0447120651 0.8993845676 0.8030158893 0.8031275672 0.6633353961 0.0001346862 1.4843334199 1.4706237225 1.5346602826 0.0001346641 11.5073350056 11.5070035803 11.5070140921 136.4191987332 0.0000717287 0.0004194864 0.9848060279 0.5366687068 0.1625145660 0.0127475120
-84.4320720184 0.0007810196 0.9960113518 0.9998809095 0.0000154011 0.9992164939 0.8239561149 0.9689938380 0.5653717507 0.0010906878 0.0513114008 0.1620027846 0.0001160512 0.9396084593 0.4538555454 0.0003152853 0.0447142967 0.8994763763 0.8030430771 0.8032744958 0.6634278242 0.0001346989 1.4842269151 1.4705212947 1.5346476266 0.0001346759 11.5073540920 11.5070227597 11.5070332726 136.4192165153 0.0000717582 0.0004195083 0.9848106633 0.5366931054 0.1625614091 0.0127551763
-84.4316670416 0.0007810735 0.9960109889 0.9998808977 0.0000154019 0.9992164610 0.8241323034 0.9689899064 0.5653569413 0.0010907200 0.0512727448 0.1616726678 0.0001160558 0.9396722121 0.4543565550 0.0003153036 0.0447167665 0.8995758573 0.8030719171 0.8034338140 0.6635251838 0.0001347105 1.4841206130 1.4704199690 1.5346339512 0.0001346868 11.5073805175 11.5070492741 11.5070597881 136.4192349812 0.0000717870 0.0004195325 0.9848158200 0.5367154610 0.1626094118 0.0127625373
-84.4312232592 0.0007811326 0.9960105911 0.9998808849 0.0000154028 0.9992164249 0.8243298818 0.9689862182 0.5653254216 0.0010907553 0.0512322255 0.1613253245 0.0001160608 0.9397424134 0.4548890208 0.0003153235 0.0447194734 0.8996831655 0.8031024242 0.8036057013 0.6636275464 0.0001347209 1.4840152258 1.4703204315 1.5346192359 0.0001346966 11.5074103068 11.5070791482 11.5070896630 136.4192541190 0.0000718148 0.0004195591 0.9848214994 0.5367353995 0.1626586372 0.0127695369
-84.4307408173 0.0007811968 0.9960101586 0.9998808709 0.0000154037 0.9992163858 0.8245490386 0.9689827963 0.5652767762 0.0010907936 0.0511898598 0.1609613231 0.0001160662 0.9398190784 0.4554525653 0.0003153452 0.0447224166 0.8997984353 0.8031346242 0.8037903158 0.6637350066 0.0001347300 1.4839112578 1.4702231353 1.5346034852 0.0001347052 11.5074444083 11.5071133298 11.5071238453 136.4192739271 0.0000718416 0.0004195880 0.9848277025 0.5367527316 0.1627091461 0.0127761389
-84.4302198374 0.0007812662 0.9960096915 0.9998808558 0.0000154047 0.9992163435 0.8247899359 0.9689796671 0.5652107562 0.0010908351 0.0511456540 0.1605810896 0.0001160721 0.9399022220 0.4560470110 0.0003153687 0.0447255954 0.8999217846 0.8031685490 0.8039878043 0.6638476760 0.0001347376 1.4838090472 1.4701283653 1.5345866936 0.0001347125 11.5074757279 11.5071447252 11.5071552413 136.4192944072 0.0000718672 0.0004196192 0.9848344305 0.5367672111 0.1627609993 0.0127823200
-84.4296604212 0.0007813407 0.9960091899 0.9998808396 0.0000154058 0.9992162980 0.8250527042 0.9689768346 0.5651272895 0.0010908795 0.0510996124 0.1601850048 0.0001160784 0.9399918594 0.4566722498 0.0003153939 0.0447290092 0.9000533154 0.8032042345 0.8041982991 0.6639656763 0.0001347438 1.4837088393 1.4700362776 1.5345688919 0.0001347185 11.5075060555 11.5071751241 11.5071856405 136.4193155663 0.0000718915 0.0004196527 0.9848416845 0.5367787990 0.1628142525 0.0127880714
-84.4290626489 0.0007814204 0.9960086537 0.9998808222 0.0000154070 0.9992162495 0.8253374514 0.9689742955 0.5650264397 0.0010909271 0.0510517351 0.1597733754 0.0001160851 0.9400880058 0.4573282772 0.0003154208 0.0447326576 0.9001931179 0.8032417182 0.8044219236 0.6640891350 0.0001347485 1.4836107688 1.4699469234 1.5345501102 0.0001347231 11.5075383101 11.5072074452 11.5072179618 136.4193374128 0.0000719145 0.0004196885 0.9848494654 0.5367875182 0.1628689587 0.0127933937
-84.4284265767 0.0007815051 0.9960080831 0.9998808038 0.0000154083 0.9992161979 0.8256442769 0.9689720566 0.5649083504 0.0010909777 0.0510020147 0.1593464055 0.0001160923 0.9401906763 0.4580152316 0.0003154495 0.0447365403 0.9003412756 0.8032810375 0.8046588009 0.6642181824 0.0001347517 1.4835149116 1.4698603094 1.5345303615 0.0001347264 11.5075669385 11.5072361361 11.5072466526 136.4193599528 0.0000719363 0.0004197266 0.9848577745 0.5367932744 0.1629251716 0.0127982890
-84.4277522415 0.0007815950 0.9960074781 0.9998807842 0.0000154096 0.9992161432 0.8259732664 0.9689701085 0.5647732714 0.0010910313 0.0509504446 0.1589042795 0.0001160999 0.9402998861 0.4587332841 0.0003154798 0.0447406571 0.9004978654 0.8033222297 0.8049090493 0.6643529485 0.0001347534 1.4834212821 1.4697763690 1.5345096771 0.0001347283 11.5075939376 11.5072631933 11.5072737097 136.4193831928 0.0000719569 0.0004197670 0.9848666126 0.5367961292 0.1629829407 0.0128027681
-84.4270396601 0.0007816899 0.9960068387 0.9998807635 0.0000154110 0.9992160853 0.8263244991 0.9689684372 0.5646215194 0.0010910880 0.0508970152 0.1584471326 0.0001161079 0.9404156501 0.4594826749 0.0003155120 0.0447450079 0.9006629597 0.8033653306 0.8051727851 0.6644935617 0.0001347537 1.4833298773 1.4696950199 1.5344880928 0.0001347290 11.5076233082 11.5072926175 11.5073031335 136.4194071396 0.0000719763 0.0004198097 0.9848759809 0.5367961848 0.1630423142 0.0128068436
-84.4262888258 0.0007817900 0.9960061649 0.9998807417 0.0000154125 0.9992160244 0.8266980612 0.9689670447 0.5644534364 0.0010911477 0.0508417110 0.1579750086 0.0001161164 0.9405379832 0.4602637747 0.0003155458 0.0447495929 0.9008366302 0.8034103746 0.8054501306 0.6646401483 0.0001347526 1.4832406529 1.4696161715 1.5344656130 0.0001347283 11.5076483206 11.5073176797 11.5073281952 136.4194317970 0.0000719946 0.0004198547 0.9848858803 0.5367933703 0.1631033420 0.0128105256
-84.4254997155 0.0007818953 0.9960054565 0.9998807188 0.0000154141 0.9992159604 0.8270940369 0.9689659102 0.5642694300 0.0010912105 0.0507845187 0.1574879589 0.0001161253 0.9406669001 0.4610769521 0.0003155814 0.0447544123 0.9010189460 0.8034573946 0.8057412060 0.6647928313 0.0001347500 1.4831535546 1.4695396996 1.5344422748 0.0001347264 11.5076755904 11.5073449952 11.5073555100 136.4194571725 0.0000720117 0.0004199020 0.9848963118 0.5367878498 0.1631660701 0.0128138305
-84.4246722831 0.0007820056 0.9960047137 0.9998806948 0.0000154157 0.9992158933 0.8275125224 0.9689650325 0.5640699174 0.0010912764 0.0507254195 0.1569859584 0.0001161346 0.9408024151 0.4619226898 0.0003156186 0.0447594664 0.9012099775 0.8035064217 0.8060461392 0.6649517312 0.0001347461 1.4830684849 1.4694654779 1.5344180758 0.0001347232 11.5076988672 11.5073683143 11.5073788281 136.4194832702 0.0000720278 0.0004199516 0.9849072763 0.5367795752 0.1632305469 0.0128167706
-84.4238064668 0.0007821211 0.9960039362 0.9998806696 0.0000154174 0.9992158231 0.8279536159 0.9689643898 0.5638553675 0.0010913453 0.0506643971 0.1564689966 0.0001161444 0.9409445421 0.4628014609 0.0003156577 0.0447647557 0.9014097936 0.8035574857 0.8063650576 0.6651169656 0.0001347409 1.4829853670 1.4693933729 1.5343930482 0.0001347188 11.5077245027 11.5073939882 11.5074045010 136.4195100978 0.0000720429 0.0004200035 0.9849187749 0.5367687115 0.1632968168 0.0128193629
-84.4229021831 0.0007822417 0.9960031240 0.9998806433 0.0000154192 0.9992157498 0.8284174315 0.9689639800 0.5636262522 0.0010914172 0.0506014305 0.1559369963 0.0001161546 0.9410932947 0.4637138436 0.0003156985 0.0447702808 0.9016184660 0.8036106149 0.8066980974 0.6652886498 0.0001347344 1.4829040902 1.4693232568 1.5343671858 0.0001347132 11.5077462609 11.5074157817 11.5074262933 136.4195376603 0.0000720570 0.0004200578 0.9849308084 0.5367552138 0.1633649267 0.0128216193
-84.4219593335 0.0007823675 0.9960022771 0.9998806159 0.0000154210 0.9992156733 0.8289040863 0.9689637797 0.5633830981 0.0010914923 0.0505365017 0.1553899038 0.0001161652 0.9412486861 0.4646603973 0.0003157410 0.0447760423 0.9018360657 0.8036658362 0.8070453953 0.6654668972 0.0001347267 1.4828245408 1.4692549791 1.5343405118 0.0001347065 11.5077706521 11.5074402045 11.5074507147 136.4195659667 0.0000720701 0.0004201143 0.9849433779 0.5367392566 0.1634349200 0.0128235575
-84.4209777984 0.0007824985 0.9960013952 0.9998805874 0.0000154230 0.9992155937 0.8294137153 0.9689637871 0.5631264297 0.0010915704 0.0504695879 0.1548276032 0.0001161763 0.9414107286 0.4656417837 0.0003157852 0.0447820410 0.9020626670 0.8037231757 0.8074070972 0.6656518201 0.0001347177 1.4827466151 1.4691884263 1.5343130175 0.0001346986 11.5077910483 11.5074606297 11.5074711384 136.4195950228 0.0000720824 0.0004201732 0.9849564844 0.5367207860 0.1635068425 0.0128251877
-84.4199574448 0.0007826347 0.9960004782 0.9998805577 0.0000154250 0.9992155110 0.8299464571 0.9689639774 0.5628568300 0.0010916516 0.0504006699 0.1542500103 0.0001161878 0.9415794342 0.4666586367 0.0003158313 0.0447882779 0.9022983440 0.8037826585 0.8077833491 0.6658435298 0.0001347076 1.4826702037 1.4691234650 1.5342847236 0.0001346896 11.5078144582 11.5074840653 11.5074945723 136.4196248386 0.0000720939 0.0004202344 0.9849701287 0.5366999808 0.1635807365 0.0128265259
-84.4188981197 0.0007827761 0.9959995260 0.9998805269 0.0000154271 0.9992154252 0.8305024707 0.9689643446 0.5625748802 0.0010917360 0.0503297238 0.1536569794 0.0001161997 0.9417548137 0.4677116969 0.0003158791 0.0447947540 0.9025431743 0.8038443090 0.8081743066 0.6660421373 0.0001346963 1.4825952085 1.4690599969 1.5342556216 0.0001346796 11.5078367742 11.5075064042 11.5075169094 136.4196554222 0.0000721046 0.0004202980 0.9849843119 0.5366768245 0.1636566471 0.0128275810
-84.4177996542 0.0007829227 0.9959985384 0.9998804949 0.0000154293 0.9992153361 0.8310819274 0.9689648774 0.5622812021 0.0010918234 0.0502567266 0.1530483721 0.0001162121 0.9419368775 0.4688017183 0.0003159286 0.0448014703 0.9027972375 0.8039081511 0.8085801309 0.6662477542 0.0001346839 1.4825215132 1.4689979064 1.5342257076 0.0001346684 11.5078564236 11.5075260740 11.5075365772 136.4196867822 0.0000721145 0.0004203639 0.9849990350 0.5366513515 0.1637346180 0.0128283641
-84.4166618656 0.0007830747 0.9959975152 0.9998804618 0.0000154315 0.9992152439 0.8316850047 0.9689655528 0.5619764780 0.0010919140 0.0501816577 0.1524240756 0.0001162250 0.9421256346 0.4699294403 0.0003159800 0.0448084282 0.9030606142 0.8039742084 0.8090009857 0.6664604927 0.0001346705 1.4824490067 1.4689370707 1.5341949943 0.0001346562 11.5078783835 11.5075480515 11.5075585526 136.4197189287 0.0000721237 0.0004204322 0.9850142989 0.5366237095 0.1638146906 0.0128288889
-84.4154845526 0.0007832319 0.9959964562 0.9998804275 0.0000154338 0.9992151485 0.8323118969 0.9689663647 0.5616614125 0.0010920078 0.0501044934 0.1517839362 0.0001162382 0.9423210933 0.4710956849 0.0003160331 0.0448156290 0.9033333885 0.8040425040 0.8094370441 0.6666804662 0.0001346560 1.4823775703 1.4688773871 1.5341634648 0.0001346430 11.5078970241 11.5075667076 11.5075772065 136.4197518695 0.0000721322 0.0004205029 0.9850301048 0.5365938658 0.1638969084 0.0128291637
-84.4142675018 0.0007833945 0.9959953612 0.9998803920 0.0000154362 0.9992150499 0.8329628031 0.9689672870 0.5613367847 0.0010921047 0.0500252136 0.1511278375 0.0001162520 0.9425232606 0.4723012437 0.0003160881 0.0448230740 0.9036156448 0.8041130615 0.8098884798 0.6669077897 0.0001346406 1.4823070977 1.4688187470 1.5341311319 0.0001346288 11.5079187054 11.5075884020 11.5075988985 136.4197856156 0.0000721401 0.0004205760 0.9850464537 0.5365619896 0.1639813116 0.0128292012
-84.4130104825 0.0007835625 0.9959942300 0.9998803554 0.0000154387 0.9992149481 0.8336379421 0.9689683104 0.5610033937 0.0010922048 0.0499437940 0.1504556146 0.0001162662 0.9427321422 0.4735470069 0.0003161448 0.0448307648 0.9039074714 0.8041859042 0.8103554762 0.6671425807 0.0001346242 1.4822375076 1.4687610843 1.5340979849 0.0001346136 11.5079396299 11.5076093374 11.5076198314 136.4198201761 0.0000721473 0.0004206515 0.9850633467 0.5365280715 0.1640679436 0.0128290069
-84.4117132500 0.0007837359 0.9959930622 0.9998803175 0.0000154413 0.9992148430 0.8343375446 0.9689694202 0.5606621063 0.0010923082 0.0498602117 0.1497671174 0.0001162808 0.9429477425 0.4748338736 0.0003162034 0.0448387031 0.9042089587 0.8042610557 0.8108382228 0.6673849588 0.0001346070 1.4821686822 1.4687043030 1.5340640138 0.0001345974 11.5079580429 11.5076277594 11.5076382507 136.4198555602 0.0000721539 0.0004207294 0.9850807850 0.5364921501 0.1641568464 0.0128285895
-84.4103755472 0.0007839147 0.9959918577 0.9998802785 0.0000154439 0.9992147346 0.8350618458 0.9689705888 0.5603138758 0.0010924148 0.0497744468 0.1490622304 0.0001162959 0.9431700641 0.4761627207 0.0003162639 0.0448468904 0.9045201981 0.8043385403 0.8113369113 0.6676350468 0.0001345889 1.4821005066 1.4686482956 1.5340292264 0.0001345803 11.5079790977 11.5076488212 11.5076593098 136.4198917784 0.0000721600 0.0004208098 0.9850987696 0.5364543847 0.1642480601 0.0128279604
-84.4089971007 0.0007840991 0.9959906162 0.9998802383 0.0000154467 0.9992146229 0.8358110980 0.9689718071 0.5599596990 0.0010925246 0.0496864762 0.1483408024 0.0001163115 0.9433991085 0.4775345082 0.0003163261 0.0448553286 0.9048412847 0.8044183823 0.8118517430 0.6678929706 0.0001345700 1.4820328879 1.4685929966 1.5339936067 0.0001345623 11.5079967081 11.5076664371 11.5076769229 136.4199288386 0.0000721655 0.0004208927 0.9851173019 0.5364147427 0.1643416270 0.0128271246
-84.4075776271 0.0007842889 0.9959893373 0.9998801969 0.0000154495 0.9992145080 0.8365855549 0.9689730424 0.5596006808 0.0010926377 0.0495962812 0.1476027301 0.0001163275 0.9436348750 0.4789501539 0.0003163903 0.0448640196 0.9051723135 0.8045006071 0.8123829196 0.6681588595 0.0001345504 1.4819657103 1.4685383032 1.5339571641 0.0001345434 11.5080178158 11.5076875484 11.5076980312 136.4199667516 0.0000721705 0.0004209780 0.9851363831 0.5363734175 0.1644375863 0.0128260936
-84.4061168272 0.0007844844 0.9959880208 0.9998801542 0.0000154524 0.9992143896 0.8373854898 0.9689742808 0.5592379656 0.0010927541 0.0495038388 0.1468478623 0.0001163440 0.9438773612 0.4804106809 0.0003164563 0.0448729654 0.9055133834 0.8045852405 0.8129306524 0.6684328470 0.0001345301 1.4818989129 1.4684841833 1.5339198902 0.0001345236 11.5080384296 11.5077081644 11.5077186442 136.4200055264 0.0000721750 0.0004210658 0.9851560146 0.5363304088 0.1645359805 0.0128248703
-84.4046143895 0.0007846854 0.9959866664 0.9998801103 0.0000154553 0.9992142679 0.8382111866 0.9689755024 0.5588727939 0.0010928739 0.0494091275 0.1460760669 0.0001163610 0.9441265628 0.4819171205 0.0003165242 0.0448821679 0.9058645954 0.8046723095 0.8134951590 0.6687150706 0.0001345091 1.4818323742 1.4684305522 1.5338817715 0.0001345030 11.5080559606 11.5077256965 11.5077361731 136.4200451714 0.0000721791 0.0004211561 0.9851761977 0.5362857613 0.1646368517 0.0128234614
-84.4030699929 0.0007848922 0.9959852737 0.9998800651 0.0000154584 0.9992141428 0.8390629301 0.9689766720 0.5585065151 0.0010929970 0.0493121297 0.1452872586 0.0001163784 0.9443824733 0.4834704637 0.0003165941 0.0448916293 0.9062260506 0.8047618417 0.8140766581 0.6690056723 0.0001344876 1.4817660027 1.4683773340 1.5338428222 0.0001344816 11.5080768332 11.5077465687 11.5077570421 136.4200856968 0.0000721826 0.0004212490 0.9851969339 0.5362396689 0.1647402389 0.0128218765
-84.4014833018 0.0007851046 0.9959838423 0.9998800187 0.0000154615 0.9992140143 0.8399410233 0.9689777702 0.5581405370 0.0010931235 0.0492128242 0.1444813101 0.0001163964 0.9446450841 0.4850718027 0.0003166658 0.0449013518 0.9065978536 0.8048538662 0.8146753774 0.6693047990 0.0001344657 1.4816997233 1.4683244915 1.5338030328 0.0001344593 11.5080972772 11.5077670114 11.5077774814 136.4201271105 0.0000721858 0.0004213445 0.9852182247 0.5361921540 0.1648461847 0.0128201185
-84.3998539694 0.0007853228 0.9959823721 0.9998799710 0.0000154648 0.9992138823 0.8408457783 0.9689787723 0.5577763689 0.0010932534 0.0491111912 0.1436581148 0.0001164148 0.9449143840 0.4867222363 0.0003167396 0.0449113377 0.9069801107 0.8049484128 0.8152915509 0.6696126027 0.0001344432 1.4816334189 1.4682719523 1.5337623925 0.0001344363 11.5081148690 11.5077846010 11.5077950676 136.4201694202 0.0000721885 0.0004214425 0.9852400718 0.5361432797 0.1649547310 0.0128181936
-84.3981816404 0.0007855468 0.9959808625 0.9998799221 0.0000154681 0.9992137469 0.8417775071 0.9689796390 0.5574156327 0.0010933867 0.0490072148 0.1428176134 0.0001164337 0.9451903595 0.4884228231 0.0003168152 0.0449215893 0.9073729284 0.8050455130 0.8159254135 0.6699292405 0.0001344204 1.4815670050 1.4682196511 1.5337209172 0.0001344126 11.5081357124 11.5078054414 11.5078159045 136.4202126347 0.0000721909 0.0004215432 0.9852624768 0.5360932494 0.1650659173 0.0128161102
-84.3964659464 0.0007857768 0.9959793132 0.9998798718 0.0000154715 0.9992136079 0.8427365387 0.9689803454 0.5570600144 0.0010935235 0.0489008755 0.1419597084 0.0001164531 0.9454729945 0.4901747201 0.0003168929 0.0449321091 0.9077764159 0.8051451995 0.8165772090 0.6702548755 0.0001343974 1.4815003955 1.4681675519 1.5336785971 0.0001343881 11.5081561745 11.5078258998 11.5078363594 136.4202567610 0.0000721928 0.0004216465 0.9852854416 0.5360421092 0.1651797863 0.0128138712
-84.3947065092 0.0007860126 0.9959777238 0.9998798203 0.0000154749 0.9992134653 0.8437232096 0.9689808619 0.5567112982 0.0010936639 0.0487921556 0.1410843251 0.0001164730 0.9457622703 0.4919790884 0.0003169726 0.0449428995 0.9081906842 0.8052475065 0.8172471873 0.6705896769 0.0001343741 1.4814334716 1.4681155889 1.5336354230 0.0001343629 11.5081738900 11.5078436113 11.5078540673 136.4203018054 0.0000721944 0.0004217524 0.9853089680 0.5359899423 0.1652963804 0.0128114822
-84.3929029432 0.0007862544 0.9959760939 0.9998797674 0.0000154785 0.9992133192 0.8447378544 0.9689811444 0.5563713720 0.0010938077 0.0486810410 0.1401914380 0.0001164934 0.9460581650 0.4938370455 0.0003170542 0.0449539632 0.9086158438 0.8053524699 0.8179355990 0.6709338197 0.0001343507 1.4813661509 1.4680637068 1.5335914121 0.0001343371 11.5081948281 11.5078645449 11.5078749973 136.4203477755 0.0000721957 0.0004218611 0.9853330580 0.5359369683 0.1654157394 0.0128089509
-84.3910548511 0.0007865023 0.9959744232 0.9998797132 0.0000154822 0.9992131695 0.8457808229 0.9689811631 0.5560421774 0.0010939552 0.0485675147 0.1392809856 0.0001165143 0.9463606540 0.4957498057 0.0003171379 0.0449653026 0.9090520078 0.8054601274 0.8186427033 0.6712874858 0.0001343272 1.4812983383 1.4680118718 1.5335465543 0.0001343106 11.5082154172 11.5078851295 11.5078955781 136.4203946766 0.0000721966 0.0004219724 0.9853577138 0.5358832563 0.1655379068 0.0128062798
-84.3891618270 0.0007867563 0.9959727111 0.9998796576 0.0000154859 0.9992130161 0.8468524707 0.9689808836 0.5557257345 0.0010941062 0.0484515610 0.1383529321 0.0001165357 0.9466697098 0.4977185829 0.0003172237 0.0449769206 0.9094992904 0.8055705184 0.8193687652 0.6716508641 0.0001343038 1.4812299140 1.4679600251 1.5335008407 0.0001342835 11.5082332621 11.5079029700 11.5079134150 136.4204425135 0.0000721972 0.0004220865 0.9853829375 0.5358289105 0.1656629254 0.0128034738
-84.3872234595 0.0007870164 0.9959709573 0.9998796007 0.0000154898 0.9992128591 0.8479531483 0.9689802575 0.5554241427 0.0010942609 0.0483331681 0.1374072930 0.0001165576 0.9469853013 0.4997445408 0.0003173116 0.0449888197 0.9099578048 0.8056836842 0.8201140500 0.6720241504 0.0001342806 1.4811607799 1.4679081099 1.5334542859 0.0001342559 11.5082543532 11.5079240568 11.5079344980 136.4204912922 0.0000721976 0.0004222033 0.9854087316 0.5357741721 0.1657908359 0.0128005403
-84.3852393266 0.0007872828 0.9959691614 0.9998795423 0.0000154937 0.9992126983 0.8490832196 0.9689792510 0.5551395224 0.0010944193 0.0482123212 0.1364440502 0.0001165801 0.9473073945 0.5018289382 0.0003174015 0.0450010029 0.9104276663 0.8057996684 0.8208788317 0.6724075482 0.0001342577 1.4810908313 1.4678560957 1.5334068772 0.0001342278 11.5082751155 11.5079448151 11.5079552526 136.4205410162 0.0000721976 0.0004223230 0.9854350986 0.5357191326 0.1659216823 0.0127974810
-84.3832089995 0.0007875555 0.9959673228 0.9998794826 0.0000154977 0.9992125338 0.8502430510 0.9689778265 0.5548740320 0.0010945813 0.0480890070 0.1354632134 0.0001166031 0.9476359517 0.5039730272 0.0003174936 0.0450134730 0.9109089908 0.8059185166 0.8216633893 0.6728012690 0.0001342350 1.4810199425 1.4678039318 1.5333586038 0.0001341991 11.5082930525 11.5079627490 11.5079731828 136.4205916884 0.0000721974 0.0004224454 0.9854620411 0.5356639172 0.1660555084 0.0127942998
-84.3811320453 0.0007878345 0.9959654412 0.9998794215 0.0000155019 0.9992123654 0.8514329997 0.9689759330 0.5546298618 0.0010947472 0.0479632163 0.1344648474 0.0001166266 0.9479709321 0.5061779991 0.0003175878 0.0450262328 0.9114018926 0.8060402768 0.8224680020 0.6732055321 0.0001342129 1.4809480060 1.4677515640 1.5333094756 0.0001341701 11.5083142974 11.5079839912 11.5079944212 136.4206433128 0.0000721969 0.0004225707 0.9854895619 0.5356087878 0.1661923557 0.0127910028
-84.3790080223 0.0007881199 0.9959635160 0.9998793590 0.0000155061 0.9992121933 0.8526534334 0.9689735342 0.5544091726 0.0010949168 0.0478349366 0.1334489846 0.0001166506 0.9483122908 0.5084451375 0.0003176842 0.0450392853 0.9119064873 0.8061649993 0.8232929568 0.6736205658 0.0001341914 1.4808748839 1.4676989538 1.5332594703 0.0001341406 11.5083352190 11.5080049110 11.5080153373 136.4206958908 0.0000721962 0.0004226989 0.9855176640 0.5355538615 0.1663322689 0.0127875915
-84.3768364836 0.0007884119 0.9959615469 0.9998792950 0.0000155104 0.9992120172 0.8539047178 0.9689705922 0.5542141004 0.0010950902 0.0477041569 0.1324156877 0.0001166752 0.9486599798 0.5107757110 0.0003177827 0.0450526335 0.9124228904 0.8062927370 0.8241385459 0.6740466072 0.0001341705 1.4808004423 1.4676460582 1.5332085701 0.0001341107 11.5083531664 11.5080228580 11.5080332806 136.4207494230 0.0000721952 0.0004228300 0.9855463505 0.5354992818 0.1664752927 0.0127840676
-84.3746169800 0.0007887104 0.9959595333 0.9998792296 0.0000155148 0.9992118373 0.8551872038 0.9689670549 0.5540467509 0.0010952675 0.0475708706 0.1313650791 0.0001167004 0.9490139470 0.5131709116 0.0003178835 0.0450662803 0.9129512150 0.8064235453 0.8250050605 0.6744839023 0.0001341505 1.4807245435 1.4675928178 1.5331567734 0.0001340805 11.5083745055 11.5080441977 11.5080546167 136.4208039110 0.0000721941 0.0004229640 0.9855756248 0.5354453348 0.1666214694 0.0127804363
-84.3723490554 0.0007890155 0.9959574748 0.9998791627 0.0000155193 0.9992116534 0.8565012479 0.9689628875 0.5539091314 0.0010954486 0.0474350674 0.1302972494 0.0001167261 0.9493741365 0.5156320196 0.0003179865 0.0450802289 0.9134915747 0.8065574827 0.8258927995 0.6749327073 0.0001341314 1.4806470311 1.4675391996 1.5331040461 0.0001340500 11.5083955062 11.5080652006 11.5080756160 136.4208593538 0.0000721927 0.0004231010 0.9856054904 0.5353921591 0.1667708448 0.0127766968
-84.3700322499 0.0007893273 0.9959553708 0.9998790943 0.0000155239 0.9992114655 0.8578471986 0.9689580537 0.5538031587 0.0010956337 0.0472967387 0.1292123225 0.0001167523 0.9497404887 0.5181602882 0.0003180918 0.0450944823 0.9140440823 0.8066946102 0.8268020660 0.6753932883 0.0001341134 1.4805677348 1.4674851565 1.5330503543 0.0001340192 11.5084133267 11.5080830250 11.5080934369 136.4209157494 0.0000721911 0.0004232410 0.9856359509 0.5353399206 0.1669234644 0.0127728489
-84.3676661037 0.0007896459 0.9959532209 0.9998790244 0.0000155286 0.9992112736 0.8592253815 0.9689525040 0.5537306523 0.0010958228 0.0471558802 0.1281104871 0.0001167792 0.9501129399 0.5207568729 0.0003181993 0.0451090437 0.9146088470 0.8068349919 0.8277331613 0.6758659216 0.0001340967 1.4804864771 1.4674306218 1.5329956778 0.0001339882 11.5084346243 11.5081043281 11.5081147366 136.4209730965 0.0000721893 0.0004233841 0.9856670104 0.5352889316 0.1670793712 0.0127688960
-84.3652501517 0.0007899713 0.9959510246 0.9998789529 0.0000155334 0.9992110776 0.8606361208 0.9689462073 0.5536932709 0.0010960159 0.0470124836 0.1269919006 0.0001168066 0.9504914225 0.5234230112 0.0003183091 0.0451239161 0.9151859775 0.8069786952 0.8286863936 0.6763508948 0.0001340813 1.4804030757 1.4673755714 1.5329399659 0.0001339570 11.5084555384 11.5081252496 11.5081356548 136.4210313913 0.0000721873 0.0004235301 0.9856986730 0.5352393550 0.1672386120 0.0127648341
-84.3627839272 0.0007903036 0.9959487814 0.9998788800 0.0000155383 0.9992108774 0.8620797237 0.9689391314 0.5536925323 0.0010962131 0.0468665422 0.1258567557 0.0001168345 0.9508758648 0.5261598967 0.0003184213 0.0451391027 0.9157755805 0.8071257903 0.8296620746 0.6768485066 0.0001340674 1.4803172940 1.4673199413 1.5328831580 0.0001339257 11.5084730058 11.5081427269 11.5081531288 136.4210906287 0.0000721851 0.0004236793 0.9857309430 0.5351913873 0.1674012332 0.0127606611
-84.3602669654 0.0007906429 0.9959464907 0.9998788055 0.0000155433 0.9992106732 0.8635564631 0.9689312322 0.5537298078 0.0010964143 0.0467180535 0.1247053151 0.0001168631 0.9512661911 0.5289686002 0.0003185358 0.0451546067 0.9163777581 0.8072763511 0.8306605124 0.6773590675 0.0001340552 1.4802289354 1.4672636814 1.5328252161 0.0001338943 11.5084940030 11.5081637359 11.5081741348 136.4211508044 0.0000721827 0.0004238316 0.9857638250 0.5351453692 0.1675672785 0.0127563765
-84.3576987985 0.0007909893 0.9959441521 0.9998787294 0.0000155484 0.9992104647 0.8650666014 0.9689224838 0.5538062785 0.0010966197 0.0465670108 0.1235378074 0.0001168922 0.9516623214 0.5318502676 0.0003186527 0.0451704312 0.9169926105 0.8074304549 0.8316820208 0.6778829002 0.0001340448 1.4801377494 1.4672067628 1.5327660589 0.0001338629 11.5085145147 11.5081842618 11.5081946577 136.4212119113 0.0000721801 0.0004239870 0.9857973238 0.5351014985 0.1677367953 0.0127519731
-84.3550789597 0.0007913427 0.9959417650 0.9998786517 0.0000155536 0.9992102519 0.8666103754 0.9689128565 0.5539229596 0.0010968292 0.0464134082 0.1223544982 0.0001169220 0.9520641719 0.5348059843 0.0003187719 0.0451865795 0.9176202343 0.8075881825 0.8327269150 0.6784203402 0.0001340364 1.4800434917 1.4671491570 1.5327056115 0.0001338314 11.5085344495 11.5082042135 11.5082146066 136.4212739419 0.0000721772 0.0004241457 0.9858314446 0.5350600463 0.1679098310 0.0127474437
-84.3524069835 0.0007917034 0.9959393290 0.9998785724 0.0000155590 0.9992100349 0.8681879889 0.9689023237 0.5540807084 0.0010970430 0.0462572412 0.1211556914 0.0001169523 0.9524716543 0.5378367617 0.0003188936 0.0452030547 0.9182607223 0.8077496181 0.8337955114 0.6789717363 0.0001340302 1.4799458572 1.4670908078 1.5326437807 0.0001337999 11.5085517848 11.5082215686 11.5082319591 136.4213368863 0.0000721741 0.0004243075 0.9858661927 0.5350212831 0.1680864324 0.0127427815
-84.3496824081 0.0007920713 0.9959368435 0.9998784915 0.0000155644 0.9992098136 0.8697995970 0.9688908502 0.5542802414 0.0010972610 0.0460985077 0.1199417513 0.0001169832 0.9528846765 0.5409434795 0.0003190178 0.0452198601 0.9189141609 0.8079148501 0.8348881225 0.6795374508 0.0001340263 1.4798445302 1.4670316515 1.5325804781 0.0001337686 11.5085717192 11.5082415254 11.5082519134 136.4214007344 0.0000721708 0.0004244726 0.9859015736 0.5349855883 0.1682666444 0.0127379818
-84.3469047728 0.0007924466 0.9959343079 0.9998784089 0.0000155699 0.9992095878 0.8714453239 0.9688784151 0.5545221182 0.0010974833 0.0459372022 0.1187130257 0.0001170148 0.9533031420 0.5441270367 0.0003191444 0.0452369987 0.9195806328 0.8080839703 0.8360050633 0.6801178602 0.0001340251 1.4797391912 1.4669716745 1.5325155915 0.0001337373 11.5085909704 11.5082608021 11.5082711879 136.4214654733 0.0000721672 0.0004246410 0.9859375931 0.5349532512 0.1684505150 0.0127330319
-84.3440736203 0.0007928293 0.9959317219 0.9998783247 0.0000155756 0.9992093576 0.8731252450 0.9688649952 0.5548067871 0.0010977099 0.0457733199 0.1174699034 0.0001170469 0.9537269504 0.5473882306 0.0003192734 0.0452544738 0.9202602147 0.8082570748 0.8371466481 0.6807133561 0.0001340266 1.4796294455 1.4669108218 1.5324489930 0.0001337063 11.5086071821 11.5082770425 11.5082874264 136.4215310887 0.0000721633 0.0004248127 0.9859742575 0.5349246089 0.1686380916 0.0127279216
-84.3411885011 0.0007932194 0.9959290847 0.9998782388 0.0000155813 0.9992091230 0.8748393683 0.9688505572 0.5551346094 0.0010979409 0.0456068588 0.1162128401 0.0001170797 0.9541559972 0.5507276838 0.0003194050 0.0452722885 0.9209529756 0.8084342635 0.8383131843 0.6813243452 0.0001340312 1.4795149153 1.4668490513 1.5323805668 0.0001336754 11.5086260693 11.5082959617 11.5083063437 136.4215975659 0.0000721591 0.0004249878 0.9860115730 0.5349001167 0.1688294193 0.0127226416
-84.3382489685 0.0007936171 0.9959263961 0.9998781512 0.0000155872 0.9992088839 0.8765876542 0.9688350807 0.5555058579 0.0010981763 0.0454378129 0.1149422725 0.0001171132 0.9545901737 0.5541460201 0.0003195392 0.0452904460 0.9216589785 0.8086156408 0.8395049797 0.6819512501 0.0001340391 1.4793951858 1.4667863574 1.5323101669 0.0001336449 11.5086441180 11.5083140458 11.5083244264 136.4216648873 0.0000721546 0.0004251662 0.9860495462 0.5348801528 0.1690245463 0.0127171756
-84.3352545830 0.0007940225 0.9959236553 0.9998780618 0.0000155932 0.9992086401 0.8783699949 0.9688185421 0.5559207667 0.0010984161 0.0452661762 0.1136586803 0.0001171472 0.9550293675 0.5576437261 0.0003196759 0.0453089492 0.9223782789 0.8088013151 0.8407223383 0.6825945102 0.0001340505 1.4792697673 1.4667227036 1.5322376324 0.0001336148 11.5086586500 11.5083286173 11.5083389967 136.4217330331 0.0000721496 0.0004253480 0.9860881841 0.5348651457 0.1692235202 0.0127115093
-84.3322049159 0.0007944355 0.9959208620 0.9998779708 0.0000155992 0.9992083918 0.8801861922 0.9688009051 0.5563795590 0.0010986604 0.0450919461 0.1123626159 0.0001171819 0.9554734620 0.5612210658 0.0003198152 0.0453278013 0.9231109220 0.8089913991 0.8419655539 0.6832545814 0.0001340658 1.4791381961 1.4666580660 1.5321628183 0.0001335852 11.5086758855 11.5083458958 11.5083562744 136.4218019837 0.0000721443 0.0004255332 0.9861274936 0.5348556558 0.1694263862 0.0127056295
-84.3290995450 0.0007948562 0.9959180155 0.9998778780 0.0000156054 0.9992081388 0.8820359796 0.9687821452 0.5568824477 0.0010989092 0.0449151153 0.1110546094 0.0001172172 0.9559223369 0.5648782805 0.0003199571 0.0453470053 0.9238569451 0.8091860101 0.8432349172 0.6839319380 0.0001340852 1.4789999517 1.4665924625 1.5320855458 0.0001335561 11.5086920794 11.5083621369 11.5083725150 136.4218717156 0.0000721384 0.0004257220 0.9861674823 0.5348521736 0.1696331923 0.0126995162
-84.3259380588 0.0007952848 0.9959151155 0.9998777834 0.0000156118 0.9992078812 0.8839189993 0.9687622328 0.5574296829 0.0010991626 0.0447356769 0.1097352345 0.0001172532 0.9563758683 0.5686154363 0.0003201016 0.0453665641 0.9246163755 0.8093852699 0.8445307111 0.6846270722 0.0001341090 1.4788544376 1.4665258815 1.5320056223 0.0001335276 11.5087042328 11.5083743422 11.5083847202 136.4219422035 0.0000721320 0.0004259142 0.9862081576 0.5348552506 0.1698439862 0.0126931514
-84.3227200616 0.0007957213 0.9959121613 0.9998776871 0.0000156182 0.9992076187 0.8858347766 0.9687411241 0.5580215756 0.0010994206 0.0445536273 0.1084051407 0.0001172898 0.9568339283 0.5724323238 0.0003202487 0.0453864807 0.9253892277 0.8095893047 0.8458532036 0.6853404951 0.0001341377 1.4787010919 1.4664583321 1.5319228732 0.0001335000 11.5087190414 11.5083892071 11.5083995854 136.4220134214 0.0000721250 0.0004261099 0.9862495273 0.5348655690 0.1700588124 0.0126865182
-84.3194451678 0.0007961658 0.9959091526 0.9998775889 0.0000156248 0.9992073515 0.8877827461 0.9687187853 0.5586584893 0.0010996832 0.0443689588 0.1070649491 0.0001173271 0.9572963858 0.5763286902 0.0003203986 0.0454067577 0.9261755058 0.8097982457 0.8472026542 0.6860727378 0.0001341715 1.4785392920 1.4663898799 1.5318370895 0.0001334732 11.5087325264 11.5084027535 11.5084131325 136.4220853397 0.0000721173 0.0004263092 0.9862915994 0.5348837571 0.1702777189 0.0126795918
-84.3161130088 0.0007966182 0.9959060888 0.9998774890 0.0000156314 0.9992070795 0.8897622304 0.9686951733 0.5593408809 0.0010999504 0.0441816645 0.1057153217 0.0001173651 0.9577631060 0.5803040709 0.0003205511 0.0454273979 0.9269752009 0.8100122285 0.8485793091 0.6868243515 0.0001342109 1.4783683617 1.4663205698 1.5317480560 0.0001334475 11.5087445332 11.5084148270 11.5084252072 136.4221579276 0.0000721089 0.0004265121 0.9863343820 0.5349105278 0.1705007527 0.0126723498
-84.3127232330 0.0007970788 0.9959029695 0.9998773872 0.0000156382 0.9992068026 0.8917724272 0.9686702419 0.5600693114 0.0011002223 0.0439917394 0.1043569622 0.0001174037 0.9582339510 0.5843577704 0.0003207063 0.0454484040 0.9277882907 0.8102313939 0.8499833991 0.6875959085 0.0001342561 1.4781875817 1.4662504589 1.5316555470 0.0001334229 11.5087530259 11.5084233926 11.5084337745 136.4222311503 0.0000720996 0.0004267186 0.9863778834 0.5349466281 0.1707279605 0.0126647687
-84.3092755108 0.0007975475 0.9958997942 0.9998772835 0.0000156451 0.9992065207 0.8938123893 0.9686439325 0.5608444643 0.0011004990 0.0437991828 0.1029906362 0.0001174430 0.9587087796 0.5884887891 0.0003208643 0.0454697785 0.9286147365 0.8104558873 0.8514151323 0.6883880028 0.0001343077 1.4779962438 1.4661796219 1.5315593457 0.0001333998 11.5087630229 11.5084334684 11.5084438526 136.4223049718 0.0000720894 0.0004269287 0.9864221119 0.5349928978 0.1709593863 0.0126568261
-84.3057695317 0.0007980243 0.9958965625 0.9998771780 0.0000156521 0.9992062339 0.8958810449 0.9686161903 0.5616671367 0.0011007804 0.0436039928 0.1016170918 0.0001174830 0.9591874476 0.5926960057 0.0003210250 0.0454915237 0.9294544850 0.8106858592 0.8528746993 0.6892012506 0.0001343660 1.4777935538 1.4661081603 1.5314592015 0.0001333782 11.5087712260 11.5084417572 11.5084521443 136.4223793525 0.0000720782 0.0004271425 0.9864670759 0.5350501562 0.1711950769 0.0126484950
-84.3022050097 0.0007985095 0.9958932739 0.9998770706 0.0000156593 0.9992059421 0.8979771763 0.9685869540 0.5625382610 0.0011010665 0.0434061723 0.1002371159 0.0001175237 0.9596698078 0.5969780288 0.0003211885 0.0455136419 0.9303074661 0.8109214652 0.8543622669 0.6900362919 0.0001344315 1.4775786993 1.4660361946 1.5313548628 0.0001333584 11.5087751963 11.5084458210 11.5084562115 136.4224542495 0.0000720659 0.0004273599 0.9865127837 0.5351192655 0.1714350781 0.0126397484
-84.2985816881 0.0007990029 0.9958899281 0.9998769613 0.0000156666 0.9992056452 0.9000993971 0.9685561478 0.5634589166 0.0011013575 0.0432057319 0.0988515600 0.0001175650 0.9601557104 0.6013331086 0.0003213547 0.0455361352 0.9311735901 0.8111628661 0.8558779699 0.6908937898 0.0001345044 1.4773508971 1.4659638569 1.5312460897 0.0001333407 11.5087805710 11.5084512970 11.5084616917 136.4225296190 0.0000720523 0.0004275811 0.9865592438 0.5352011576 0.1716794331 0.0126305612
-84.2948993365 0.0007995046 0.9958865246 0.9998768501 0.0000156739 0.9992053432 0.9022461807 0.9685237002 0.5644303145 0.0011016532 0.0430026853 0.0974612484 0.0001176070 0.9606450028 0.6057593577 0.0003215238 0.0455590055 0.9320527494 0.8114102280 0.8574219158 0.6917744325 0.0001345852 1.4771092945 1.4658913212 1.5311326121 0.0001333252 11.5087837652 11.5084546014 11.5084650009 136.4226054125 0.0000720373 0.0004278060 0.9866064642 0.5352967212 0.1719281879 0.0126209033
-84.2911577571 0.0008000148 0.9958830632 0.9998767370 0.0000156815 0.9992050360 0.9044158394 0.9684895325 0.5654538172 0.0011019538 0.0427970553 0.0960670409 0.0001176498 0.9611375299 0.6102545864 0.0003216956 0.0455822545 0.9329448162 0.8116637221 0.8589941775 0.6926789336 0.0001346742 1.4768530366 1.4658187757 1.5310141597 0.0001333122 11.5087819689 11.5084529254 11.5084633305 136.4226815784 0.0000720209 0.0004280346 0.9866544529 0.5354068460 0.1721813876 0.0126107456
-84.2873567900 0.0008005333 0.9958795435 0.9998766220 0.0000156891 0.9992047237 0.9066065014 0.9684535525 0.5665309480 0.0011022593 0.0425888788 0.0946698618 0.0001176932 0.9616331342 0.6148162007 0.0003218703 0.0456058839 0.9338496393 0.8119235255 0.8605947836 0.6936080325 0.0001347716 1.4765813367 1.4657464135 1.5308904792 0.0001333021 11.5087813962 11.5084524834 11.5084628949 136.4227580636 0.0000720028 0.0004282669 0.9867032176 0.5355324224 0.1724390746 0.0126000622
-84.2834963103 0.0008010603 0.9958759651 0.9998765050 0.0000156969 0.9992044062 0.9088161496 0.9684156726 0.5676633694 0.0011025696 0.0423782013 0.0932705978 0.0001177373 0.9621316556 0.6194414661 0.0003220478 0.0456298947 0.9347670464 0.8121898206 0.8622237221 0.6945624954 0.0001348777 1.4762933914 1.4656744943 1.5307612962 0.0001332952 11.5087781928 11.5084494224 11.5084598410 136.4228348103 0.0000719829 0.0004285031 0.9867527656 0.5356742444 0.1727012942 0.0125888213
-84.2795762343 0.0008015958 0.9958723279 0.9998763861 0.0000157047 0.9992040834 0.9110426021 0.9683758003 0.5688529079 0.0011028847 0.0421650846 0.0918701652 0.0001177821 0.9626329320 0.6241273284 0.0003222281 0.0456542883 0.9356968415 0.8124627958 0.8638809324 0.6955431162 0.0001349926 1.4759884148 1.4656032634 1.5306263343 0.0001332917 11.5087691994 11.5084405847 11.5084510112 136.4229117571 0.0000719611 0.0004287430 0.9868031037 0.5358330078 0.1729680913 0.0125769943
-84.2755965263 0.0008021398 0.9958686316 0.9998762652 0.0000157127 0.9992037553 0.9132834922 0.9683338325 0.5701015577 0.0011032048 0.0419496118 0.0904695417 0.0001178276 0.9631367986 0.6288703020 0.0003224113 0.0456790652 0.9366388017 0.8127426452 0.8655662932 0.6965507167 0.0001351161 1.4756658052 1.4655330004 1.5304853517 0.0001332920 11.5087611550 11.5084327098 11.5084431449 136.4229888410 0.0000719371 0.0004289867 0.9868542378 0.5360092818 0.1732395077 0.0125645557
-84.2715571938 0.0008026923 0.9958648760 0.9998761424 0.0000157209 0.9992034218 0.9155363205 0.9682896749 0.5714114585 0.0011035298 0.0417318818 0.0890696540 0.0001178738 0.9636430883 0.6336667837 0.0003225974 0.0457042260 0.9375926797 0.8130295694 0.8672796252 0.6975861475 0.0001352480 1.4753249871 1.4654640378 1.5303380850 0.0001332965 11.5087499546 11.5084216945 11.5084321390 136.4230659939 0.0000719109 0.0004292342 0.9869061735 0.5362034132 0.1735155887 0.0125514751
-84.2674582958 0.0008032533 0.9958610609 0.9998760176 0.0000157291 0.9992030830 0.9177984441 0.9682432308 0.5727849174 0.0011038596 0.0415120169 0.0876714487 0.0001179207 0.9641516314 0.6385128627 0.0003227863 0.0457297709 0.9385582014 0.8133237752 0.8690206815 0.6986502887 0.0001353880 1.4749655623 1.4653967177 1.5301842939 0.0001333053 11.5087353741 11.5084073159 11.5084177706 136.4231431453 0.0000718823 0.0004294854 0.9869589150 0.5364154856 0.1737963796 0.0125377254
-84.2632999437 0.0008038229 0.9958571864 0.9998758908 0.0000157375 0.9992027388 0.9200670829 0.9681944102 0.5742244130 0.0011041943 0.0412901647 0.0862758912 0.0001179683 0.9646622552 0.6434043213 0.0003229780 0.0457556999 0.9395350654 0.8136254763 0.8707891404 0.6997440504 0.0001355353 1.4745872762 1.4653313712 1.5300237432 0.0001333189 11.5087151682 11.5083873307 11.5083977962 136.4232202194 0.0000718511 0.0004297405 0.9870124656 0.5366452204 0.1740819255 0.0125232834
-84.2590823061 0.0008044009 0.9958532522 0.9998757621 0.0000157460 0.9992023892 0.9223393145 0.9681431269 0.5757326006 0.0011045339 0.0410665018 0.0848839861 0.0001180166 0.9651747841 0.6483365661 0.0003231726 0.0457820123 0.9405229404 0.8139348934 0.8725845930 0.7008683727 0.0001356888 1.4741902066 1.4652683581 1.5298562400 0.0001333374 11.5086945300 11.5083669328 11.5083774096 136.4232971381 0.0000718171 0.0004299994 0.9870668274 0.5368918977 0.1743722698 0.0125081293
-84.2548056054 0.0008049875 0.9958492585 0.9998756314 0.0000157547 0.9992020342 0.9246121296 0.9680893138 0.5773122989 0.0011048783 0.0408412288 0.0834966898 0.0001180657 0.9656890385 0.6533048991 0.0003233700 0.0458087076 0.9415214685 0.8142522550 0.8744065430 0.7020242270 0.0001358471 1.4737746443 1.4652080690 1.5296815913 0.0001333611 11.5086700163 11.5083426811 11.5083531695 136.4233738184 0.0000717802 0.0004302621 0.9871220008 0.5371542564 0.1746674595 0.0124922425
-84.2504701215 0.0008055826 0.9958452053 0.9998754987 0.0000157634 0.9992016736 0.9268824304 0.9680329220 0.5789665075 0.0011052276 0.0406145749 0.0821149689 0.0001181153 0.9662048349 0.6583043614 0.0003235703 0.0458357845 0.9425302631 0.8145777977 0.8762543947 0.7032126157 0.0001360083 1.4733412352 1.4651508856 1.5294996347 0.0001333900 11.5086389964 11.5083119463 11.5083224467 136.4234501734 0.0000717402 0.0004305285 0.9871779847 0.5374303763 0.1749675425 0.0124756072
-84.2460761946 0.0008061861 0.9958410926 0.9998753640 0.0000157723 0.9992013076 0.9291470297 0.9679739245 0.5806984162 0.0011055817 0.0403867997 0.0807398270 0.0001181657 0.9667219844 0.6633296532 0.0003237733 0.0458632416 0.9435489081 0.8149117668 0.8781274396 0.7044345723 0.0001361701 1.4728911216 1.4650971880 1.5293102591 0.0001334241 11.5086073437 11.5082806030 11.5082911153 136.4235261136 0.0000716970 0.0004307987 0.9872347759 0.5377175460 0.1752725653 0.0124582147
-84.2416242171 0.0008067980 0.9958369207 0.9998752274 0.0000157813 0.9992009361 0.9314027192 0.9679123322 0.5825113852 0.0011059406 0.0401581857 0.0793722052 0.0001182168 0.9672402928 0.6683754631 0.0003239792 0.0458910771 0.9445769611 0.8152544175 0.8800248547 0.7056911620 0.0001363295 1.4724258584 1.4650473907 1.5291133710 0.0001334632 11.5085713654 11.5082449598 11.5082554838 136.4236015448 0.0000716505 0.0004310726 0.9872923691 0.5380121808 0.1755825793 0.0124400554
-84.2371146348 0.0008074183 0.9958326897 0.9998750888 0.0000157905 0.9992005591 0.9336462718 0.9678481964 0.5844089674 0.0011063042 0.0399290402 0.0780130463 0.0001182686 0.9677595585 0.6734362972 0.0003241879 0.0459192888 0.9456139536 0.8156060152 0.8819456907 0.7069834813 0.0001364829 1.4719475417 1.4650018847 1.5289089192 0.0001335071 11.5085281110 11.5082020675 11.5082126025 136.4236763688 0.0000716004 0.0004313503 0.9873507564 0.5383096714 0.1758976381 0.0124211262
-84.2325479446 0.0008080470 0.9958284000 0.9998749482 0.0000157997 0.9992001766 0.9358744406 0.9677816157 0.5863949143 0.0011066726 0.0396996957 0.0766633262 0.0001183210 0.9682795719 0.6785063915 0.0003243994 0.0459478744 0.9466593904 0.8159668374 0.8838888566 0.7083126575 0.0001366260 1.4714589648 1.4649610454 1.5286969200 0.0001335550 11.5084841035 11.5081584492 11.5081689942 136.4237504852 0.0000715468 0.0004316317 0.9874099274 0.5386042666 0.1762177947 0.0124014323
-84.2279246810 0.0008086839 0.9958240518 0.9998748058 0.0000158091 0.9991997885 0.9380840411 0.9677127514 0.5884731481 0.0011070457 0.0394704987 0.0753239422 0.0001183741 0.9688001140 0.6835801008 0.0003246136 0.0459768313 0.9477127546 0.8163371739 0.8858531189 0.7096798484 0.0001367540 1.4709634972 1.4649252839 1.5284774166 0.0001336062 11.5084354587 11.5081102212 11.5081207747 136.4238237891 0.0000714895 0.0004319167 0.9874698684 0.5388890277 0.1765431091 0.0123809782
-84.2232454114 0.0008093290 0.9958196454 0.9998746613 0.0000158186 0.9991993950 0.9402719570 0.9676418316 0.5906477770 0.0011074234 0.0392418102 0.0739957838 0.0001184279 0.9693209551 0.6886517150 0.0003248306 0.0460061566 0.9487735084 0.8167173287 0.8878370900 0.7110862416 0.0001368612 1.4704652380 1.4648949842 1.5282505158 0.0001336596 11.5083820818 11.5080572883 11.5080678484 136.4238961731 0.0000714285 0.0004322054 0.9875305627 0.5391557251 0.1768736448 0.0123597751
-84.2185107229 0.0008099823 0.9958151813 0.9998745150 0.0000158282 0.9991989960 0.9424351612 0.9675691615 0.5929230866 0.0011078057 0.0390140014 0.0726797315 0.0001184823 0.9698418530 0.6937154927 0.0003250502 0.0460358474 0.9498410956 0.8171076213 0.8898392194 0.7125330533 0.0001369413 1.4699689541 1.4648704932 1.5280163712 0.0001337137 11.5083221017 11.5079977787 11.5080083426 136.4239675251 0.0000713636 0.0004324977 0.9875919897 0.5393948125 0.1772094697 0.0123378413
-84.2137212099 0.0008106437 0.9958106598 0.9998743667 0.0000158379 0.9991985915 0.9445707228 0.9674951277 0.5953035247 0.0011081925 0.0387874507 0.0713766752 0.0001185374 0.9703625513 0.6987656198 0.0003252726 0.0460659009 0.9509149428 0.8175083877 0.8918577829 0.7140215267 0.0001369874 1.4694801682 1.4648521383 1.5277752092 0.0001337667 11.5082605927 11.5079367643 11.5079473288 136.4240377315 0.0000712949 0.0004327936 0.9876541248 0.5395954676 0.1775506549 0.0123152015
-84.2088774511 0.0008113131 0.9958060812 0.9998742165 0.0000158478 0.9991981815 0.9466758760 0.9674202069 0.5977936449 0.0011085839 0.0385625326 0.0700874311 0.0001185932 0.9708827787 0.7037965336 0.0003254977 0.0460963142 0.9519944640 0.8179199825 0.8938908832 0.7155529304 0.0001369921 1.4690050111 1.4648402720 1.5275272999 0.0001338164 11.5081945245 11.5078712122 11.5078817733 136.4241066747 0.0000712224 0.0004330931 0.9877169395 0.5397456755 0.1778972810 0.0122918802
-84.2039799921 0.0008119906 0.9958014461 0.9998740645 0.0000158577 0.9991977661 0.9487480186 0.9673449670 0.6003980685 0.0011089798 0.0383396174 0.0688127992 0.0001186496 0.9714022478 0.7088027691 0.0003257254 0.0461270847 0.9530790608 0.8183427792 0.8959364429 0.7171285560 0.0001369477 1.4685501806 1.4648352082 1.5272729681 0.0001338602 11.5081217594 11.5077989813 11.5078095342 136.4241742351 0.0000711460 0.0004333961 0.9877804003 0.5398323490 0.1782494353 0.0122679077
-84.1990293240 0.0008126760 0.9957967547 0.9998739105 0.0000158678 0.9991973453 0.9507847078 0.9672700628 0.6031213977 0.0011093802 0.0381190682 0.0675535896 0.0001187066 0.9719206534 0.7137788915 0.0003259557 0.0461582103 0.9541681216 0.8187771716 0.8979921981 0.7187497150 0.0001368465 1.4681228814 1.4648372503 1.5270126140 0.0001338952 11.5080482521 11.5077260204 11.5077365597 136.4242402916 0.0000710659 0.0004337026 0.9878444690 0.5398416211 0.1786072116 0.0122433193
-84.1940258515 0.0008133692 0.9957920072 0.9998737546 0.0000158780 0.9991969191 0.9527837280 0.9671962387 0.6059680529 0.0011097849 0.0379012302 0.0663105261 0.0001187643 0.9724376740 0.7187198698 0.0003261887 0.0461896892 0.9552610229 0.8192235737 0.9000557056 0.7204177355 0.0001366806 1.4677305815 1.4648467417 1.5267466717 0.0001339180 11.5079708631 11.5076491846 11.5076597041 136.4243047210 0.0000709820 0.0004340127 0.9879091021 0.5397590506 0.1789707167 0.0122181471
-84.1889698621 0.0008140704 0.9957872039 0.9998735969 0.0000158883 0.9991964876 0.9547430771 0.9671243106 0.6089420859 0.0011101941 0.0376864317 0.0650843119 0.0001188226 0.9729529719 0.7236208872 0.0003264243 0.0462215206 0.9563571243 0.8196824192 0.9021243442 0.7221339582 0.0001364457 1.4673791590 1.4648640121 1.5264756238 0.0001339251 11.5078872786 11.5075661529 11.5075766459 136.4243673989 0.0000708943 0.0004343262 0.9879742509 0.5395703862 0.1793400681 0.0121924252
-84.1838614558 0.0008147795 0.9957823448 0.9998734373 0.0000158988 0.9991960507 0.9566609462 0.9670549554 0.6120468880 0.0011106077 0.0374749830 0.0638756615 0.0001188815 0.9734661935 0.7284772391 0.0003266626 0.0462537044 0.9574557604 0.8201541597 0.9041953155 0.7238997309 0.0001361617 1.4670596449 1.4648894056 1.5262000152 0.0001339134 11.5078043040 11.5074837224 11.5074941839 136.4244282011 0.0000708030 0.0004346432 0.9880398604 0.5392711101 0.1797153933 0.0121661896
-84.1787005793 0.0008154965 0.9957774300 0.9998732758 0.0000159093 0.9991956086 0.9585357840 0.9669884426 0.6152847467 0.0011110257 0.0372671663 0.0626851934 0.0001189411 0.9739769755 0.7332847468 0.0003269034 0.0462862412 0.9585562334 0.8206392613 0.9062656631 0.7257164026 0.0001358530 1.4667594898 1.4649233541 1.5259204067 0.0001338818 11.5077187393 11.5073986873 11.5074091149 136.4244870025 0.0000707081 0.0004349638 0.9881058703 0.5388753043 0.1800968377 0.0121394686
-84.1734870891 0.0008162215 0.9957724591 0.9998731123 0.0000159200 0.9991951612 0.9603662688 0.9669247382 0.6186563238 0.0011114482 0.0370632393 0.0615135024 0.0001190014 0.9744849477 0.7380395244 0.0003271469 0.0463191325 0.9596577979 0.8211381997 0.9083322834 0.7275853174 0.0001355346 1.4664710631 1.4649663077 1.5256373828 0.0001338304 11.5076281239 11.5073085827 11.5073189757 136.4245436787 0.0000706095 0.0004352878 0.9881722134 0.5384054948 0.1804845626 0.0121122891
-84.1682207757 0.0008169545 0.9957674320 0.9998729470 0.0000159307 0.9991947086 0.9621512712 0.9668636398 0.6221599728 0.0011118751 0.0368634357 0.0603611963 0.0001190622 0.9749897379 0.7427378367 0.0003273931 0.0463523801 0.9607596408 0.8216514524 0.9103919384 0.7295078050 0.0001352154 1.4661901517 1.4650187959 1.5253515766 0.0001337602 11.5075400257 11.5072209726 11.5072313313 136.4245981070 0.0000705073 0.0004356154 0.9882388167 0.5378846700 0.1808787440 0.0120846740
-84.1629013740 0.0008176955 0.9957623483 0.9998727797 0.0000159416 0.9991942507 0.9638899182 0.9668048989 0.6257909143 0.0011123064 0.0366679569 0.0592287780 0.0001191237 0.9754909840 0.7473765491 0.0003276419 0.0463859863 0.9618608636 0.8221794899 0.9124412866 0.7314851722 0.0001349001 1.4659148148 1.4650815036 1.5250636188 0.0001336725 11.5074511570 11.5071325678 11.5071428929 136.4246501661 0.0000704016 0.0004359465 0.9883056006 0.5373322527 0.1812795819 0.0120566322
-84.1575285825 0.0008184446 0.9957572077 0.9998726105 0.0000159526 0.9991937877 0.9655815573 0.9667482794 0.6295404617 0.0011127423 0.0364769768 0.0581167244 0.0001191859 0.9759883424 0.7519528471 0.0003278934 0.0464199534 0.9629604573 0.8227227629 0.9144769064 0.7335186919 0.0001345911 1.4656445756 1.4651551983 1.5247741548 0.0001335690 11.5073621622 11.5070440113 11.5070543037 136.4246997383 0.0000702921 0.0004362812 0.9883724787 0.5367632513 0.1816872979 0.0120281659
-84.1521020744 0.0008192019 0.9957520097 0.9998724392 0.0000159637 0.9991933196 0.9672257370 0.9666936114 0.6333953712 0.0011131827 0.0362906420 0.0570254879 0.0001192487 0.9764815003 0.7564642180 0.0003281477 0.0464542843 0.9640572794 0.8232816889 0.9164953261 0.7356095906 0.0001342894 1.4653799524 1.4652407718 1.5244838356 0.0001334511 11.5072716115 11.5069538731 11.5069641337 136.4247467073 0.0000701789 0.0004366195 0.9884393586 0.5361882883 0.1821021378 0.0119992671
-84.1466215112 0.0008199675 0.9957467539 0.9998722660 0.0000159750 0.9991928462 0.9688221669 0.9666408081 0.6373375914 0.0011136276 0.0361090746 0.0559555234 0.0001193122 0.9769701866 0.7609083217 0.0003284046 0.0464889817 0.9651500312 0.8238566360 0.9184930524 0.7377590334 0.0001339948 1.4651221839 1.4653392731 1.5241933421 0.0001333204 11.5071856617 11.5068683093 11.5068785389 136.4247909614 0.0000700618 0.0004369614 0.9885061409 0.5356144336 0.1825243719 0.0119699187
-84.1410865468 0.0008207414 0.9957414397 0.9998720908 0.0000159863 0.9991923678 0.9703707582 0.9665898922 0.6413446324 0.0011140772 0.0359323668 0.0549071976 0.0001193763 0.9774541929 0.7652833253 0.0003286643 0.0465240484 0.9662372444 0.8244479064 0.9204666128 0.7399681086 0.0001337068 1.4648730091 1.4654519462 1.5239033496 0.0001331783 11.5071016577 11.5067846656 11.5067948648 136.4248323931 0.0000699405 0.0004373070 0.9885727204 0.5350457200 0.1829543026 0.0119400891
-84.1354968384 0.0008215236 0.9957360667 0.9998719136 0.0000159978 0.9991918842 0.9718715756 0.9665409716 0.6453908168 0.0011145314 0.0357605870 0.0538808567 0.0001194411 0.9779333866 0.7695876264 0.0003289268 0.0465594874 0.9673172722 0.8250557194 0.9224125899 0.7422378090 0.0001334245 1.4646345220 1.4655801838 1.5236145531 0.0001330258 11.5070176680 11.5067010110 11.5067111804 136.4248709000 0.0000698149 0.0004376563 0.9886389854 0.5344841080 0.1833922642 0.0119097383
-84.1298520555 0.0008223144 0.9957306344 0.9998717343 0.0000160094 0.9991913956 0.9733247854 0.9664941984 0.6494493398 0.0011149902 0.0355937833 0.0528768600 0.0001195066 0.9784077224 0.7738196780 0.0003291921 0.0465953013 0.9683882918 0.8256801958 0.9243276531 0.7445690104 0.0001331471 1.4644091229 1.4657255419 1.5233276974 0.0001328640 11.5069403640 11.5066240174 11.5066341573 136.4249063865 0.0000696847 0.0004380093 0.9887048187 0.5339302789 0.1838386224 0.0118788210
-84.1241518798 0.0008231136 0.9957251424 0.9998715529 0.0000160211 0.9991909018 0.9747306989 0.9664497520 0.6534948368 0.0011154538 0.0354319786 0.0518954781 0.0001195728 0.9788772665 0.7779783650 0.0003294602 0.0466314931 0.9694483218 0.8263213440 0.9262086037 0.7469624491 0.0001328737 1.4641994397 1.4658897654 1.5230435399 0.0001326939 11.5068665838 11.5065505238 11.5065606344 136.4249387636 0.0000695496 0.0004383661 0.9887700975 0.5333837906 0.1842937841 0.0118472817
-84.1183960112 0.0008239214 0.9957195901 0.9998713694 0.0000160330 0.9991904030 0.9760897163 0.9664077743 0.6575060109 0.0011159220 0.0352751773 0.0509369666 0.0001196396 0.9793422047 0.7820626866 0.0003297312 0.0466680653 0.9704952503 0.8269790495 0.9280524068 0.7494186956 0.0001326045 1.4640074491 1.4660747221 1.5227628795 0.0001325161 11.5067937558 11.5064779600 11.5064880415 136.4249679503 0.0000694092 0.0004387266 0.9888346939 0.5328439725 0.1847581957 0.0118150620
-84.1125841644 0.0008247378 0.9957139771 0.9998711839 0.0000160449 0.9991898990 0.9774022671 0.9663682405 0.6614676652 0.0011163950 0.0351233699 0.0500016044 0.0001197071 0.9798028472 0.7860715515 0.0003300050 0.0467050204 0.9715268732 0.8276530669 0.9298562171 0.7519381257 0.0001323465 1.4638312577 1.4662823777 1.5224865716 0.0001323317 11.5067288401 11.5064132870 11.5064233401 136.4249938748 0.0000692631 0.0004390910 0.9888984759 0.5323138658 0.1852323439 0.0117821052
-84.1067160822 0.0008255630 0.9957083030 0.9998709962 0.0000160570 0.9991893900 0.9786688619 0.9663308668 0.6653716893 0.0011168728 0.0349765275 0.0490895792 0.0001197754 0.9802596466 0.7900042125 0.0003302817 0.0467423606 0.9725409460 0.8283430167 0.9316174167 0.7545208892 0.0001321097 1.4636666810 1.4665148385 1.5222154810 0.0001321425 11.5066680590 11.5063527300 11.5063627564 136.4250164757 0.0000691111 0.0004394591 0.9889613073 0.5318029091 0.1857167651 0.0117483484
-84.1007915669 0.0008263968 0.9957025675 0.9998708064 0.0000160692 0.9991888760 0.9798900393 0.9662950412 0.6692169803 0.0011173554 0.0348346083 0.0482010675 0.0001198443 0.9807131924 0.7938599268 0.0003305612 0.0467800877 0.9735352379 0.8290483844 0.9333336352 0.7571668762 0.0001319060 1.4635077756 1.4667742398 1.5219504940 0.0001319510 11.5066113072 11.5062961883 11.5063061909 136.4250357048 0.0000689526 0.0004398311 0.9890230488 0.5313267340 0.1862120447 0.0117137325
-84.0948105103 0.0008272395 0.9956967701 0.9998706144 0.0000160816 0.9991883568 0.9810663359 0.9662598068 0.6730084276 0.0011178427 0.0346975605 0.0473362353 0.0001199139 0.9811642044 0.7976379145 0.0003308437 0.0468182029 0.9745075877 0.8297685237 0.9350027685 0.7598756800 0.0001317495 1.4633466732 1.4670627042 1.5216924891 0.0001317609 11.5065563902 11.5062414741 11.5062514571 136.4250515257 0.0000687873 0.0004402069 0.9890835585 0.5309065247 0.1867188200 0.0116782027
-84.0887729382 0.0008280909 0.9956909108 0.9998704202 0.0000160940 0.9991878327 0.9821982404 0.9662238348 0.6767553781 0.0011183349 0.0345653251 0.0464952637 0.0001199842 0.9816135136 0.8013372202 0.0003311291 0.0468567064 0.9754559561 0.8305026605 0.9366229873 0.7626465577 0.0001316559 1.4631735577 1.4673822838 1.5214423343 0.0001315772 11.5065081484 11.5061934370 11.5062034061 136.4250639184 0.0000686148 0.0004405866 0.9891426930 0.5305686848 0.1872377814 0.0116417126
-84.0826790570 0.0008289511 0.9956849895 0.9998702239 0.0000161066 0.9991873035 0.9832862346 0.9661854455 0.6804699448 0.0011188318 0.0344378320 0.0456782586 0.0001200552 0.9820620562 0.8049570671 0.0003314173 0.0468955971 0.9763784743 0.8312498994 0.9381927506 0.7654783907 0.0001316421 1.4629768567 1.4677350066 1.5212008504 0.0001314059 11.5064628271 11.5061483356 11.5061582982 136.4250728820 0.0000684349 0.0004409702 0.9892003077 0.5303438837 0.1877696808 0.0116042186
-84.0765293184 0.0008298200 0.9956790064 0.9998700255 0.0000161193 0.9991867693 0.9843307472 0.9661426064 0.6841655094 0.0011193335 0.0343150059 0.0448853140 0.0001201268 0.9825108355 0.8084965877 0.0003317085 0.0469348725 0.9772734814 0.8320092301 0.9397108037 0.7683696415 0.0001317254 1.4627436386 1.4681227589 1.5209688043 0.0001312547 11.5064172940 11.5061030550 11.5061130199 136.4250784374 0.0000682471 0.0004413576 0.9892562576 0.5302660069 0.1883153311 0.0115656881
-84.0703244939 0.0008306976 0.9956729620 0.9998698249 0.0000161322 0.9991862301 0.9853321114 0.9660929675 0.6878555180 0.0011198399 0.0341967695 0.0441165397 0.0001201992 0.9829608753 0.8119546847 0.0003320025 0.0469745278 0.9781395502 0.8327795337 0.9411761676 0.7713183116 0.0001319216 1.4624605393 1.4685472509 1.5207469104 0.0001311325 11.5063766477 11.5060627149 11.5060726927 136.4250806314 0.0000680512 0.0004417487 0.9893103983 0.5303700964 0.1888756065 0.0115261020
-84.0640657500 0.0008315836 0.9956668571 0.9998696222 0.0000161451 0.9991856860 0.9862906273 0.9660339717 0.6915525864 0.0011203508 0.0340830385 0.0433719548 0.0001202722 0.9834131972 0.8153304772 0.0003322992 0.0470145558 0.9789755055 0.8335595890 0.9425881359 0.7743219005 0.0001322435 1.4621151752 1.4690101516 1.5205358042 0.0001310490 11.5063364218 11.5060228755 11.5060328779 136.4250795433 0.0000678470 0.0004421436 0.9893625862 0.5306889319 0.1894514512 0.0114854453
-84.0577547363 0.0008324778 0.9956606931 0.9998694174 0.0000161582 0.9991851370 0.9872065297 0.9659629901 0.6952679365 0.0011208662 0.0339737272 0.0426515525 0.0001203459 0.9838687563 0.8186230392 0.0003325987 0.0470549460 0.9797804290 0.8343480779 0.9439462562 0.7773773662 0.0001326974 1.4616982634 1.4695131193 1.5203360736 0.0001310144 11.5062928273 11.5059797784 11.5059898178 136.4250752891 0.0000676341 0.0004425420 0.9894126787 0.5312485573 0.1900438772 0.0114437073
-84.0513936726 0.0008333799 0.9956544717 0.9998692106 0.0000161714 0.9991845833 0.9880799638 0.9658775532 0.6990110590 0.0011213858 0.0338687526 0.0419553278 0.0001204202 0.9843283683 0.8218312783 0.0003329008 0.0470956847 0.9805536545 0.8351435909 0.9452503033 0.7804810904 0.0001332799 1.4612065713 1.4700579874 1.5201483032 0.0001310385 11.5062514385 11.5059390306 11.5059491190 136.4250680286 0.0000674122 0.0004429440 0.9894605352 0.5320621391 0.1906539630 0.0114008747
-84.0449854135 0.0008342896 0.9956481954 0.9998690019 0.0000161847 0.9991840249 0.9889110909 0.9657756926 0.7027895206 0.0011219095 0.0337680289 0.0412831517 0.0001204951 0.9847926814 0.8249544920 0.0003332053 0.0471367541 0.9812947585 0.8359446322 0.9465002632 0.7836288505 0.0001339734 1.4606465214 1.4706473651 1.5199731482 0.0001311289 11.5062075313 11.5058959422 11.5059060900 136.4250579765 0.0000671809 0.0004433492 0.9895060166 0.5331226998 0.1912828610 0.0113569004
-84.0385335009 0.0008352064 0.9956418670 0.9998687914 0.0000161981 0.9991834620 0.9897001009 0.9656563538 0.7066089420 0.0011224369 0.0336714746 0.0406348382 0.0001205705 0.9852620940 0.8279921323 0.0003335122 0.0471781325 0.9820035423 0.8367496259 0.9476963010 0.7868158005 0.0001347419 1.4600386498 1.4712852286 1.5198114941 0.0001312900 11.5061602303 11.5058496690 11.5058598832 136.4250454115 0.0000669393 0.0004437576 0.9895489862 0.5343948996 0.1919317926 0.0113116814
-84.0320421688 0.0008361297 0.9956354904 0.9998685792 0.0000162115 0.9991828949 0.9904472722 0.9655199305 0.7104730524 0.0011229677 0.0335790158 0.0400101316 0.0001206464 0.9857366908 0.8309439003 0.0003338212 0.0472197940 0.9826800105 0.8375569230 0.9488387292 0.7900364631 0.0001355256 1.4594226593 1.4719778983 1.5196646545 0.0001315198 11.5061068013 11.5057975009 11.5058077829 136.4250306862 0.0000666860 0.0004441687 0.9895893103 0.5358061498 0.1926020459 0.0112650173
-84.0255162942 0.0008370588 0.9956290696 0.9998683654 0.0000162251 0.9991823236 0.9911530412 0.9653689241 0.7143837981 0.0011235016 0.0334905908 0.0394087189 0.0001207228 0.9862161672 0.8338097515 0.0003341321 0.0472617096 0.9833243464 0.8383648110 0.9499279671 0.7932847358 0.0001362359 1.4588636153 1.4727354536 1.5195347246 0.0001318082 11.5060518302 11.5057440334 11.5057543760 136.4250142425 0.0000664187 0.0004445825 0.9896268602 0.5372368354 0.1932949703 0.0112165569
-84.0189612615 0.0008379932 0.9956226095 0.9998681503 0.0000162388 0.9991817487 0.9918181981 0.9652088114 0.7183414326 0.0011240381 0.0334061475 0.0388301304 0.0001207996 0.9866998134 0.8365904217 0.0003344447 0.0473038479 0.9839368893 0.8391715261 0.9509645079 0.7965539132 0.0001367491 1.4584594557 1.4735737171 1.5194250312 0.0001321322 11.5059916841 11.5056856221 11.5056960066 136.4249966300 0.0000661338 0.0004449984 0.9896615148 0.5385085185 0.1940119758 0.0111657209
-84.0123827384 0.0008389320 0.9956161149 0.9998679339 0.0000162525 0.9991811703 0.9924440323 0.9650493547 0.7223445938 0.0011245768 0.0333256501 0.0382738016 0.0001208767 0.9871864523 0.8392872969 0.0003347588 0.0473461768 0.9845181098 0.8399752683 0.9519488737 0.7998367264 0.0001368979 1.4583514397 1.4745162159 1.5193407090 0.0001324514 11.5059233726 11.5056192297 11.5056296213 136.4249785234 0.0000658258 0.0004454163 0.9896931658 0.5393660176 0.1947545205 0.0111116407
-84.0057863116 0.0008398746 0.9956095907 0.9998677164 0.0000162662 0.9991805888 0.9930325233 0.9649066931 0.7263902763 0.0011251174 0.0332490813 0.0377391216 0.0001209541 0.9876743949 0.8419023738 0.0003350740 0.0473886669 0.9850685842 0.8407742212 0.9528815665 0.8031253996 0.0001364673 1.4587350521 1.4755965472 1.5192895099 0.0001326983 11.5058531338 11.5055509885 11.5055613317 136.4249607450 0.0000654874 0.0004458358 0.9897217248 0.5394507367 0.1955240961 0.0110530900
-83.9991760680 0.0008408205 0.9956030408 0.9998674979 0.0000162800 0.9991800047 0.9935867142 0.9648013368 0.7304736828 0.0011256596 0.0331764327 0.0372253701 0.0001210317 0.9881614999 0.8444387894 0.0003353904 0.0474312952 0.9855889704 0.8415665737 0.9537630364 0.8064117227 0.0001355470 1.4596467000 1.4768613835 1.5192828081 0.0001327872 11.5057779033 11.5054776564 11.5054879031 136.4249442938 0.0000651082 0.0004462568 0.9897471354 0.5384830573 0.1963222189 0.0109884110
-83.9925537447 0.0008417694 0.9955964678 0.9998672786 0.0000162939 0.9991794182 0.9941110279 0.9647416473 0.7345880889 0.0011262031 0.0331077049 0.0367319127 0.0001211095 0.9886451871 0.8469003717 0.0003357076 0.0474740476 0.9860799763 0.8423505440 0.9545936552 0.8096871367 0.0001345195 1.4609335875 1.4783740266 1.5193368835 0.0001326828 11.5056992071 11.5054005856 11.5054107292 136.4249303761 0.0000646747 0.0004466789 0.9897693921 0.5367999556 0.1971504061 0.0109154759
-83.9859202581 0.0008427211 0.9955898733 0.9998670584 0.0000163078 0.9991788299 0.9946116289 0.9647265020 0.7387247759 0.0011267479 0.0330429013 0.0362584607 0.0001211875 0.9891225244 0.8492910953 0.0003360258 0.0475169167 0.9865423164 0.8431243993 0.9553737260 0.8129428251 0.0001334989 1.4626025404 1.4802217087 1.5194751382 0.0001323887 11.5056203807 11.5053229674 11.5053330126 136.4249204426 0.0000641687 0.0004471023 0.9897885772 0.5348312535 0.1980101512 0.0108315006
-83.9792758685 0.0008436757 0.9955832577 0.9998668374 0.0000163217 0.9991782398 0.9950966563 0.9647539381 0.7428731979 0.0011272939 0.0329820288 0.0358055846 0.0001212657 0.9895903625 0.8516137470 0.0003363448 0.0475599009 0.9869766556 0.8438864649 0.9561035572 0.8161698017 0.0001324789 1.4647660239 1.4825335542 1.5197321697 0.0001319119 11.5055446833 11.5052479109 11.5052578594 136.4249162347 0.0000635634 0.0004475269 0.9898049275 0.5327671532 0.1989028966 0.0107324945
-83.9726202151 0.0008446331 0.9955766204 0.9998666154 0.0000163356 0.9991776482 0.9955758599 0.9648255757 0.7470217728 0.0011278413 0.0329251222 0.0353756717 0.0001213441 0.9900454694 0.8538669756 0.0003366648 0.0476030039 0.9873835502 0.8446351132 0.9567836390 0.8193589789 0.0001314051 1.4676408869 1.4855239416 1.5201622505 0.0001312432 11.5054875382 11.5051906363 11.5052004817 136.4249198433 0.0000628138 0.0004479526 0.9898189335 0.5305929741 0.1998299975 0.0106119238
-83.9659517608 0.0008455936 0.9955699601 0.9998663926 0.0000163496 0.9991770551 0.9960587323 0.9649459435 0.7511606747 0.0011283901 0.0328723145 0.0349741928 0.0001214228 0.9904847342 0.8560406461 0.0003369857 0.0476462356 0.9877634363 0.8453687226 0.9574150040 0.8225011981 0.0001303894 1.4714873992 1.4895850033 1.5208585294 0.0001303587 11.5054650592 11.5051669451 11.5051766878 136.4249337791 0.0000618365 0.0004483796 0.9898314227 0.5283240836 0.2007926916 0.0104580769
-83.9592626180 0.0008465576 0.9955632740 0.9998661687 0.0000163637 0.9991764605 0.9965486372 0.9650363705 0.7552915092 0.0011289405 0.0328240190 0.0346108911 0.0001215016 0.9909052015 0.8581081236 0.0003373078 0.0476896125 0.9881167444 0.8460856068 0.9579998574 0.8255872025 0.0001309970 1.4757293078 1.4954230903 1.5219889188 0.0001295709 11.5055033999 11.5052031462 11.5052129327 136.4249610368 0.0000604840 0.0004488082 0.9898434712 0.5281955585 0.2017920560 0.0102513360
-83.9525341010 0.0008475251 0.9955565615 0.9998659439 0.0000163778 0.9991758640 0.9970300774 0.9646324521 0.7594573538 0.0011294925 0.0327811469 0.0342985570 0.0001215808 0.9913037882 0.8600188759 0.0003376309 0.0477331321 0.9884442373 0.8467839199 0.9585426574 0.8286075813 0.0001355281 1.4785032453 1.5039945272 1.5238052715 0.0001307880 11.5057019215 11.5054034955 11.5054136913 136.4250051286 0.0000585736 0.0004492381 0.9898559538 0.5363368580 0.2028289578 0.0099708383
-83.9458395112 0.0008484935 0.9955498383 0.9998657185 0.0000163919 0.9991752662 0.9974536291 0.9646918502 0.7638060506 0.0011300448 0.0327432921 0.0340464734 0.0001216599 0.9916764724 0.8617033017 0.0003379543 0.0477766872 0.9887475759 0.8474615487 0.9590519745 0.8315529499 0.0001303230 1.4901938446 1.5151228579 1.5263507615 0.0001301011 11.5063029644 11.5060070654 11.5060167685 136.4250700451 0.0000561999 0.0004496685 0.9898688281 0.5285522893 0.2039040377 0.0096350873
-83.9391105218 0.0008494640 0.9955430995 0.9998654925 0.0000164060 0.9991746677 0.9977490691 0.9644856816 0.7685914555 0.0011305979 0.0327042183 0.0338530984 0.0001217392 0.9920138712 0.8631009790 0.0003382784 0.0478203223 0.9890292469 0.8481158618 0.9595417301 0.8344154537 0.0001352804 1.4950309703 1.5253718827 1.5287924248 0.0001304431 11.5070109354 11.5067131665 11.5067233126 136.4251599633 0.0000540784 0.0004500997 0.9898807533 0.5363801949 0.2050177636 0.0093469993
-83.9324001352 0.0008504348 0.9955363558 0.9998652662 0.0000164201 0.9991740681 0.9979003413 0.9644120597 0.7741972207 0.0011311507 0.0326715916 0.0337099377 0.0001218185 0.9922816328 0.8642075983 0.0003386024 0.0478639555 0.9892930259 0.8487444317 0.9600130799 0.8371943129 0.0001351001 1.5009733469 1.5327848347 1.5305706324 0.0001302510 11.5031066595 11.5028099529 11.5028200768 136.4252782102 0.0000525717 0.0004505309 0.9898896002 0.5361458144 0.2061703863 0.0091455900
-83.9257203216 0.0008514051 0.9955296114 0.9998650398 0.0000164342 0.9991734680 0.9979629776 0.9646694049 0.7790036334 0.0011317030 0.0326508031 0.0336092302 0.0001218977 0.9924286628 0.8651238776 0.0003389263 0.0479075616 0.9895417564 0.8493572670 0.9603981160 0.8398958846 0.0001288833 1.5078039910 1.5339813066 1.5311806636 0.0001288785 11.4990333831 11.4987389420 11.4987484937 136.4254334534 0.0000523798 0.0004509618 0.9898939831 0.5255737443 0.2073611425 0.0090555758
-83.9190212008 0.0008523767 0.9955228572 0.9998648129 0.0000164484 0.9991728678 0.9979934431 0.9647722503 0.7831225308 0.0011322556 0.0326367617 0.0335345930 0.0001219769 0.9925042805 0.8659887803 0.0003392506 0.0479512089 0.9897381392 0.8499499644 0.9606741010 0.8424923464 0.0001303539 1.5074334619 1.5338985700 1.5311219313 0.0001281305 11.4989204879 11.4986237842 11.4986334596 136.4256404580 0.0000523787 0.0004513933 0.9898946963 0.5264438182 0.2085939578 0.0090431044
-83.9123226881 0.0008533490 0.9955160947 0.9998645856 0.0000164625 0.9991722671 0.9980144191 0.9647168515 0.7868518051 0.0011328083 0.0326257897 0.0334735110 0.0001220562 0.9925598550 0.8668526843 0.0003395750 0.0479948808 0.9898961004 0.8505061615 0.9608874890 0.8448943034 0.0001297768 1.5075608903 1.5338139017 1.5310294407 0.0001280830 11.4989518506 11.4986569608 11.4986665759 136.4259269912 0.0000523764 0.0004518250 0.9898922079 0.5256338179 0.2098703911 0.0090395417
-83.9120281773 0.0008533918 0.9955157972 0.9998645756 0.0000164631 0.9991722407 0.9980152357 0.9647142425 0.7870037780 0.0011328326 0.0326253512 0.0334710340 0.0001220597 0.9925621111 0.8668909206 0.0003395893 0.0479968017 0.9899024709 0.8505296566 0.9608959703 0.8449945267 0.0001297589 1.5075619844 1.5338106038 1.5310257411 0.0001280824 11.4989537818 11.4986589714 11.4986685845 136.4259422374 0.0000523763 0.0004518440 0.9898920569 0.5256099801 0.2099270199 0.0090394026
