-81.3561067555 0.0439508361 0.8545056632 0.4886233562 
-81.3560152503 0.0439510608 0.8545039427 0.4886050159 
-81.3558324107 0.0439515097 0.8545005048 0.4885680605 
-81.3555585831 0.0439521819 0.8544953562 0.4885120112 
-81.3551942954 0.0439530763 0.8544885067 0.4884363225 
-81.3547402662 0.0439541911 0.8544799701 0.4883405681 
-81.3541972455 0.0439555244 0.8544697602 0.4882055053 
-81.3535671406 0.0439570715 0.8544579136 0.4880958439 
-81.3528507515 0.0439588305 0.8544444451 0.4879900067 
-81.3520489598 0.0439607994 0.8544293713 0.4878866739 
-81.3511625721 0.0439629760 0.8544127072 0.4877848708 
-81.3501923317 0.0439653587 0.8543944666 0.4876838835 
-81.3491389271 0.0439679457 0.8543746620 0.4875831887 
-81.3480029981 0.0439707355 0.8543533051 0.4874823994 
-81.3467851408 0.0439737268 0.8543304069 0.4873812239 
-81.3454859110 0.0439769181 0.8543059772 0.4872794373 
-81.3441058273 0.0439803082 0.8542800252 0.4871768607 
-81.3426453731 0.0439838961 0.8542525595 0.4870733477 
-81.3411049990 0.0439876805 0.8542235879 0.4869687749 
-81.3394851243 0.0439916606 0.8541931176 0.4868630350 
-81.3377861382 0.0439958355 0.8541611551 0.4867560328 
-81.3360084020 0.0440002042 0.8541277065 0.4866476818 
-81.3341522495 0.0440047661 0.8540927772 0.4865379025 
-81.3322179886 0.0440095203 0.8540563720 0.4864266205 
-81.3302059022 0.0440144664 0.8540184954 0.4863137657 
-81.3281162494 0.0440196037 0.8539791512 0.4861992717 
-81.3259492665 0.0440249317 0.8539383428 0.4860830752 
-81.3237051677 0.0440304499 0.8538960732 0.4859651154 
-81.3213841461 0.0440361579 0.8538523448 0.4858453347 
-81.3189863746 0.0440420554 0.8538071597 0.4857236773 
-81.3165120065 0.0440481421 0.8537605195 0.4856000903 
-81.3139611768 0.0440544176 0.8537124255 0.4854745224 
-81.3113340022 0.0440608819 0.8536628785 0.4853469249 
-81.3086305823 0.0440675346 0.8536118790 0.4852172507 
-81.3058510000 0.0440743757 0.8535594272 0.4850854547 
-81.3029953224 0.0440814052 0.8535055228 0.4849514937 
-81.3000636012 0.0440886229 0.8534501652 0.4848153260 
-81.2970558734 0.0440960289 0.8533933535 0.4846769116 
-81.2939721618 0.0441036231 0.8533350866 0.4845362123 
-81.2908124753 0.0441114057 0.8532753630 0.4843931910 
-81.2875768100 0.0441193768 0.8532141807 0.4842478123 
-81.2842651490 0.0441275365 0.8531515378 0.4841000422 
-81.2808774633 0.0441358849 0.8530874318 0.4839498478 
-81.2774137122 0.0441444222 0.8530218600 0.4837971978 
-81.2738738435 0.0441531488 0.8529548196 0.4836420617 
-81.2702577941 0.0441620648 0.8528863073 0.4834844105 
-81.2665654902 0.0441711706 0.8528163197 0.4833242163 
-81.2627968481 0.0441804664 0.8527448532 0.4831614520 
-81.2589517737 0.0441899526 0.8526719037 0.4829960918 
-81.2550301639 0.0441996295 0.8525974672 0.4828281108 
-81.2510319061 0.0442094976 0.8525215392 0.4826574852 
-81.2469568787 0.0442195573 0.8524441152 0.4824841919 
-81.2428049516 0.0442298090 0.8523651902 0.4823082088 
-81.2385759864 0.0442402532 0.8522847592 0.4821295147 
-81.2342698365 0.0442508903 0.8522028171 0.4819480893 
-81.2298863473 0.0442617210 0.8521193582 0.4817639129 
-81.2254253569 0.0442727456 0.8520343769 0.4815769667 
-81.2208866959 0.0442839648 0.8519478673 0.4813872327 
-81.2162701875 0.0442953791 0.8518598234 0.4811946936 
-81.2115756483 0.0443069891 0.8517702389 0.4809993326 
-81.2068028878 0.0443187955 0.8516791073 0.4808011339 
-81.2019517092 0.0443307988 0.8515864219 0.4806000821 
-81.1970219089 0.0443429998 0.8514921759 0.4803961626 
-81.1920132776 0.0443553990 0.8513963622 0.4801893612 
-81.1869255994 0.0443679973 0.8512989737 0.4799796643 
-81.1817586527 0.0443807952 0.8512000030 0.4797670591 
-81.1765122103 0.0443937935 0.8510994424 0.4795515327 
-81.1711860389 0.0444069929 0.8509972842 0.4793330732 
-81.1657799002 0.0444203942 0.8508935205 0.4791116687 
-81.1602935502 0.0444339982 0.8507881432 0.4788873076 
-81.1547267398 0.0444478057 0.8506811439 0.4786599784 
-81.1490792146 0.0444618174 0.8505725142 0.4784296698 
-81.1433507156 0.0444760342 0.8504622455 0.4781963701 
-81.1375409784 0.0444904569 0.8503503289 0.4779600672 
-81.1316497344 0.0445050864 0.8502367555 0.4777207484 
-81.1256767101 0.0445199235 0.8501215161 0.4774783996 
-81.1196216277 0.0445349691 0.8500046014 0.4772330051 
-81.1134842050 0.0445502242 0.8498860019 0.4769845467 
-81.1072641559 0.0445656895 0.8497657080 0.4767330027 
-81.1009611905 0.0445813661 0.8496437098 0.4764783467 
-81.0945750152 0.0445972549 0.8495199974 0.4762205456 
-81.0881053335 0.0446133568 0.8493945607 0.4759595576 
-81.0815518460 0.0446296727 0.8492673894 0.4756953286 
-81.0749142512 0.0446462037 0.8491384731 0.4754277887 
-81.0681922465 0.0446629507 0.8490078013 0.4751568460 
-81.0613855287 0.0446799147 0.8488753633 0.4748823798 
-81.0544937955 0.0446970966 0.8487411486 0.4746042306 
-81.0475167476 0.0447144975 0.8486051462 0.4743221878 
-81.0404540903 0.0447321183 0.8484673456 0.4740359733 
-81.0333055369 0.0447499600 0.8483277359 0.4737452206 
-81.0260708127 0.0447680234 0.8481863068 0.4734494485 
-81.0187496599 0.0447863096 0.8480430477 0.4731480296 
-81.0113418443 0.0448048192 0.8478979489 0.4728401533 
-81.0038471646 0.0448235531 0.8477510009 0.4725247868 
-80.9962654629 0.0448425119 0.8476021950 0.4722006420 
-80.9885966397 0.0448616962 0.8474515238 0.4718661662 
-80.9808406710 0.0448811062 0.8472989810 0.4715195963 
-80.9729976299 0.0449007420 0.8471445624 0.4711591622 
-80.9650677099 0.0449206034 0.8469882659 0.4707836293 
-80.9570512486 0.0449406899 0.8468300925 0.4703935768 
-80.9489487390 0.0449610004 0.8466700459 0.4699937090 
-80.9448547441 0.0449712661 0.8465891064 0.4697915460 
-80.9406755039 0.0449817478 0.8465064056 0.4695807610 
-80.9364113565 0.0449924448 0.8464219473 0.4693628564 
-80.9320626770 0.0450033564 0.8463357358 0.4691388144 
-80.9276298678 0.0450144817 0.8462477759 0.4689092534 
-80.9231133534 0.0450258197 0.8461580727 0.4686745460 
-80.9185135769 0.0450373695 0.8460666316 0.4684349027 
-80.9138309982 0.0450491300 0.8459734585 0.4681904303 
-80.9090660938 0.0450611004 0.8458785593 0.4679411706 
-80.9042193564 0.0450732794 0.8457819401 0.4676871250 
-80.8992912956 0.0450856659 0.8456836076 0.4674282696 
-80.8942824383 0.0450982587 0.8455835685 0.4671645646 
-80.8891933293 0.0451110568 0.8454818298 0.4668959599 
-80.8840245326 0.0451240587 0.8453783991 0.4666223983 
-80.8787766320 0.0451372632 0.8452732839 0.4663438181 
-80.8734502322 0.0451506689 0.8451664924 0.4660601536 
-80.8680459599 0.0451642745 0.8450580330 0.4657713369 
-80.8625644646 0.0451780784 0.8449479146 0.4654772977 
-80.8570064201 0.0451920791 0.8448361466 0.4651779641 
-80.8513725250 0.0452062751 0.8447227385 0.4648732626 
-80.8456635045 0.0452206646 0.8446077006 0.4645631185 
-80.8398801112 0.0452352460 0.8444910437 0.4642474558 
-80.8340231262 0.0452500174 0.8443727790 0.4639261975 
-80.8280933605 0.0452649769 0.8442529182 0.4635992656 
-80.8220916560 0.0452801227 0.8441314738 0.4632665808 
-80.8160188869 0.0452954526 0.8440084586 0.4629280629 
-80.8098759607 0.0453109647 0.8438838863 0.4625836307 
-80.8036638198 0.0453266565 0.8437577712 0.4622332020 
-80.7973834425 0.0453425259 0.8436301282 0.4618766933 
-80.7910358443 0.0453585705 0.8435009730 0.4615140203 
-80.7846220794 0.0453747877 0.8433703220 0.4611450974 
-80.7781432416 0.0453911750 0.8432381924 0.4607698379 
-80.7716004663 0.0454077296 0.8431046022 0.4603881540 
-80.7649949312 0.0454244488 0.8429695704 0.4599999566 
-80.7583278581 0.0454413296 0.8428331166 0.4596051556 
-80.7516005141 0.0454583690 0.8426952614 0.4592036593 
-80.7448142131 0.0454755638 0.8425560265 0.4587953750 
-80.7379703172 0.0454929107 0.8424154344 0.4583802086 
-80.7310702380 0.0455104063 0.8422735087 0.4579580645 
-80.7241154385 0.0455280471 0.8421302739 0.4575288461 
-80.7171074342 0.0455458293 0.8419857558 0.4570924549 
-80.7100477946 0.0455637491 0.8418399811 0.4566487914 
-80.7029381450 0.0455818026 0.8416929778 0.4561977544 
-80.6957801678 0.0455999855 0.8415447751 0.4557392412 
-80.6885756044 0.0456182938 0.8413954033 0.4552731478 
-80.6813262562 0.0456367228 0.8412448940 0.4547993685 
-80.6740339869 0.0456552680 0.8410932802 0.4543177961 
-80.6667007236 0.0456739246 0.8409405962 0.4538283217 
-80.6593284588 0.0456926877 0.8407868775 0.4533308351 
-80.6519192517 0.0457115521 0.8406321614 0.4528252241 
-80.6444752302 0.0457305126 0.8404764863 0.4523113752 
-80.6369985927 0.0457495636 0.8403198923 0.4517891732 
-80.6294916092 0.0457686995 0.8401624210 0.4512585011 
-80.6219566237 0.0457879143 0.8400041157 0.4507192404 
-80.6143960559 0.0458072021 0.8398450211 0.4501712708 
-80.6068124023 0.0458265565 0.8396851839 0.4496144706 
-80.5992082390 0.0458459710 0.8395246522 0.4490487162 
-80.5915862226 0.0458654390 0.8393634760 0.4484738824 
-80.5839490926 0.0458849534 0.8392017073 0.4478898423 
-80.5762996730 0.0459045071 0.8390393997 0.4472964675 
-80.5686408741 0.0459240927 0.8388766088 0.4466936277 
-80.5609756946 0.0459437026 0.8387133923 0.4460811912 
-80.5533072232 0.0459633289 0.8385498096 0.4454590245 
-80.5456386408 0.0459829635 0.8383859224 0.4448269926 
-80.5379732221 0.0460025979 0.8382217945 0.4441849587 
-80.5303143377 0.0460222237 0.8380574916 0.4435327845 
-80.5226654558 0.0460418318 0.8378930820 0.4428703301 
-80.5150301446 0.0460614131 0.8377286358 0.4421974538 
-80.5074120736 0.0460809582 0.8375642257 0.4415140123 
-80.4998150162 0.0461004574 0.8373999267 0.4408198606 
-80.4922428512 0.0461199005 0.8372358160 0.4401148515 
-80.4846995649 0.0461392774 0.8370719735 0.4393988364 
-80.4771892530 0.0461585774 0.8369084814 0.4386716639 
-80.4697161230 0.0461777897 0.8367454245 0.4379331805 
-80.4622844957 0.0461969029 0.8365828903 0.4371832299 
-80.4548988072 0.0462159057 0.8364209687 0.4364216519 
-80.4475636115 0.0462347862 0.8362597525 0.4356482826 
-80.4402835820 0.0462535321 0.8360993371 0.4348629525 
-80.4330635138 0.0462721311 0.8359398207 0.4340654854 
-80.4259083257 0.0462905703 0.8357813045 0.4332556967 
-80.4188230626 0.0463088364 0.8356238923 0.4324333901 
-80.4118128978 0.0463269161 0.8354676911 0.4315983543 
-80.4048831350 0.0463447953 0.8353128107 0.4307503583 
-80.3980392110 0.0463624600 0.8351593641 0.4298891445 
-80.3912866987 0.0463798955 0.8350074674 0.4290144202 
-80.3846313095 0.0463970867 0.8348572397 0.4281258460 
-80.3780788971 0.0464140185 0.8347088036 0.4272230203 
-80.3716354609 0.0464306749 0.8345622847 0.4263054594 
-80.3653071507 0.0464470399 0.8344178124 0.4253725723 
-80.3591002714 0.0464630969 0.8342755193 0.4244236275 
-80.3530212896 0.0464788288 0.8341355418 0.4234577141 
-80.3470768410 0.0464942182 0.8339980202 0.4224736944 
-80.3412737394 0.0465092473 0.8338630986 0.4214701552 
-80.3356189885 0.0465238975 0.8337309255 0.4204453631 
-80.3301197950 0.0465381499 0.8336016538 0.4193972495 
-80.3247835860 0.0465519849 0.8334754415 0.4183234721 
-80.3196180276 0.0465653823 0.8333524517 0.4172216604 
-80.3146310469 0.0465783213 0.8332328533 0.4160900859 
-80.3098308522 0.0465907802 0.8331168213 0.4149292627 
-80.3052259432 0.0466027368 0.8330045373 0.4137448912 
-80.3030254832 0.0466084520 0.8329503700 0.4131440403 
-80.3010333857 0.0466136285 0.8329002776 0.4125197983 
-80.2992543639 0.0466182537 0.8328543605 0.4118739286 
-80.2976933825 0.0466223148 0.8328127244 0.4112075420 
-80.2963556501 0.0466257980 0.8327754798 0.4105212940 
-80.2952466145 0.0466286890 0.8327427421 0.4098155311 
-80.2943719608 0.0466309732 0.8327146315 0.4090903970 
-80.2937376107 0.0466326350 0.8326912731 0.4083459053 
-80.2933497226 0.0466336584 0.8326727963 0.4075819879 
-80.2932146924 0.0466340268 0.8326593356 0.4067985255 
-80.2933391546 0.0466337230 0.8326510300 0.4059953673 
-80.2937299839 0.0466327292 0.8326480233 0.4051723425 
-80.2943942964 0.0466310270 0.8326504640 0.4043292678 
-80.2953394512 0.0466285973 0.8326585052 0.4034659518 
-80.2965730525 0.0466254207 0.8326723048 0.4025821989 
-80.2981029510 0.0466214767 0.8326920252 0.4016778110 
-80.2999372459 0.0466167448 0.8327178338 0.4007525893 
-80.3020842865 0.0466112034 0.8327499023 0.3998063362 
-80.3045526743 0.0466048305 0.8327884073 0.3988388561 
-80.3073512650 0.0465976035 0.8328335299 0.3978499567 
-80.3104891699 0.0465894992 0.8328854559 0.3968394501 
-80.3139757585 0.0465804937 0.8329443756 0.3958071536 
-80.3178206600 0.0465705626 0.8330104839 0.3947528909 
-80.3220337653 0.0465596808 0.8330839802 0.3936764926 
-80.3266252293 0.0465478226 0.8331650683 0.3925777975 
-80.3316054725 0.0465349619 0.8332539566 0.3914566534 
-80.3369851833 0.0465210717 0.8333508578 0.3903129176 
-80.3427753200 0.0465061244 0.8334559888 0.3891464582 
-80.3489871126 0.0464900921 0.8335695710 0.3879571543 
-80.3556320654 0.0464729461 0.8336918298 0.3867448976 
-80.3627219588 0.0464546569 0.8338229949 0.3855095924 
-80.3702688514 0.0464351949 0.8339633000 0.3842511565 
-80.3782850825 0.0464145293 0.8341129828 0.3829695223 
-80.3867832745 0.0463926293 0.8342722848 0.3816646370 
-80.3957763349 0.0463694631 0.8344414514 0.3803364631 
-80.4052774590 0.0463449984 0.8346207316 0.3789849797 
-80.4153001325 0.0463192024 0.8348103781 0.3776101821 
-80.4258581340 0.0462920417 0.8350106471 0.3762120831 
-80.4369655382 0.0462634823 0.8352217981 0.3747907128 
-80.4486367182 0.0462334896 0.8354440939 0.3733461194 
-80.4608863494 0.0462020285 0.8356778004 0.3718783695 
-80.4737294122 0.0461690633 0.8359231863 0.3703875479 
-80.4871811956 0.0461345577 0.8361805236 0.3688737587 
-80.5012573014 0.0460984750 0.8364500866 0.3673371246 
-80.5159736474 0.0460607777 0.8367321524 0.3657777877 
-80.5313464723 0.0460214279 0.8370270003 0.3641959092 
-80.5473923401 0.0459803873 0.8373349120 0.3625916697 
-80.5641281446 0.0459376168 0.8376561712 0.3609652690 
-80.5815711149 0.0458930770 0.8379910636 0.3593169260 
-80.5997388212 0.0458467277 0.8383398766 0.3576468790 
-80.6186491804 0.0457985285 0.8387028989 0.3559553851 
-80.6383204626 0.0457484382 0.8390804211 0.3542427206 
-80.6587712982 0.0456964153 0.8394727345 0.3525091803 
-80.6800206851 0.0456424176 0.8398801315 0.3507550776 
-80.7020879968 0.0455864026 0.8403029055 0.3489807443 
-80.7249929907 0.0455283270 0.8407413503 0.3471865300 
-80.7487558174 0.0454681474 0.8411957600 0.3453728026 
-80.7733970304 0.0454058195 0.8416664292 0.3435399471 
-80.7989375963 0.0453412987 0.8421536520 0.3416883660 
-80.8253989064 0.0452745399 0.8426577226 0.3398184785 
-80.8528027880 0.0452054975 0.8431789346 0.3379307204 
-80.8811715177 0.0451341252 0.8437175808 0.3360255436 
-80.9105278344 0.0450603764 0.8442739530 0.3341034157 
-80.9408949541 0.0449842040 0.8448483421 0.3321648191 
-80.9722965850 0.0449055603 0.8454410372 0.3302102506 
-81.0047569440 0.0448243971 0.8460523260 0.3282402206 
-81.0383007740 0.0447406657 0.8466824940 0.3262552518 
-81.0729533621 0.0446543169 0.8473318247 0.3242558781 
-81.1087405594 0.0445653008 0.8480005991 0.3222426429 
-81.1456888019 0.0444735673 0.8486890953 0.3202160971 
-81.1838251317 0.0443790654 0.8493975885 0.3181767964 
-81.2231772214 0.0442817437 0.8501263506 0.3161252981 
-81.2637733977 0.0441815503 0.8508756498 0.3140621570 
-81.3056426682 0.0440784326 0.8516457504 0.3119879196 
-81.3488147487 0.0439723375 0.8524369124 0.3099031182 
-81.3933200924 0.0438632113 0.8532493915 0.3078082614 
-81.4391899206 0.0437509995 0.8540834381 0.3057038235 
-81.4864562560 0.0436356472 0.8549392977 0.3035902307 
-81.5351519562 0.0435170988 0.8558172100 0.3014678428 
-81.5853107512 0.0433952980 0.8567174088 0.2993369307 
-81.6369672810 0.0432701877 0.8576401214 0.2971976467 
-81.6901571372 0.0431417104 0.8585855685 0.2950499874 
-81.7449169057 0.0430098076 0.8595539635 0.2928937450 
-81.8012842126 0.0428744202 0.8605455122 0.2907284454 
-81.8592977725 0.0427354882 0.8615604126 0.2885532688 
-81.9189974403 0.0425929511 0.8625988537 0.2863669464 
-81.9804242652 0.0424467471 0.8636610160 0.2841676298 
-82.0436205494 0.0422968141 0.8647470702 0.2819527235 
-82.1086299096 0.0421430887 0.8658571771 0.2797186749 
-82.1754973432 0.0419855067 0.8669914873 0.2774607162 
-82.2442692996 0.0418240032 0.8681501399 0.2751725616 
-82.3149937554 0.0416585118 0.8693332629 0.2728460846 
-82.3877202967 0.0414889656 0.8705409720 0.2704710540 
-82.4625002062 0.0413152962 0.8717733703 0.2680351151 
-82.5393865573 0.0411374343 0.8730305478 0.2655243234 
-82.6184343120 0.0409553093 0.8743125808 0.2629243208 
-82.6997004524 0.0407688493 0.8756195314 0.2602475886 
-82.7832442487 0.0405779807 0.8769514498 0.2577211714 
-82.8691266382 0.0403826298 0.8783083611 0.2555359242 
-82.9574098361 0.0401827239 0.8796902562 0.2536453300 
-80.3030254832 0.0466084520 0.8329503700 0.4131440403 
-80.3010333857 0.0466136285 0.8329002776 0.4125197983 
-80.2992543639 0.0466182537 0.8328543605 0.4118739286 
-80.2976933825 0.0466223148 0.8328127244 0.4112075420 
-80.2963556501 0.0466257980 0.8327754798 0.4105212940 
-80.2952466145 0.0466286890 0.8327427421 0.4098155311 
-80.2943719608 0.0466309732 0.8327146315 0.4090903970 
-80.2937376107 0.0466326350 0.8326912731 0.4083459053 
-80.2933497226 0.0466336584 0.8326727963 0.4075819879 
-80.2932146924 0.0466340268 0.8326593356 0.4067985255 
-80.2933391546 0.0466337230 0.8326510300 0.4059953673 
-80.2937299839 0.0466327292 0.8326480233 0.4051723425 
-80.2943942964 0.0466310270 0.8326504640 0.4043292678 
-80.2953394512 0.0466285973 0.8326585052 0.4034659518 
-80.2965730525 0.0466254207 0.8326723048 0.4025821989 
-80.2981029510 0.0466214767 0.8326920252 0.4016778110 
-80.2999372459 0.0466167448 0.8327178338 0.4007525893 
-80.3020842865 0.0466112034 0.8327499023 0.3998063362 
-80.3045526743 0.0466048305 0.8327884073 0.3988388561 
-80.3073512650 0.0465976035 0.8328335299 0.3978499567 
-80.3104891699 0.0465894992 0.8328854559 0.3968394501 
-80.3139757585 0.0465804937 0.8329443756 0.3958071536 
-80.3178206600 0.0465705626 0.8330104839 0.3947528909 
-80.3220337653 0.0465596808 0.8330839802 0.3936764926 
-80.3266252293 0.0465478226 0.8331650683 0.3925777975 
-80.3316054725 0.0465349619 0.8332539566 0.3914566534 
-80.3369851833 0.0465210717 0.8333508578 0.3903129176 
-80.3427753200 0.0465061244 0.8334559888 0.3891464582 
-80.3489871126 0.0464900921 0.8335695710 0.3879571543 
-80.3556320654 0.0464729461 0.8336918298 0.3867448976 
-80.3627219588 0.0464546569 0.8338229949 0.3855095924 
-80.3702688514 0.0464351949 0.8339633000 0.3842511565 
-80.3782850825 0.0464145293 0.8341129828 0.3829695223 
-80.3867832745 0.0463926293 0.8342722848 0.3816646370 
-80.3957763349 0.0463694631 0.8344414514 0.3803364631 
-80.4052774590 0.0463449984 0.8346207316 0.3789849797 
-80.4153001325 0.0463192024 0.8348103781 0.3776101821 
-80.4258581340 0.0462920417 0.8350106471 0.3762120831 
-80.4369655382 0.0462634823 0.8352217981 0.3747907128 
-80.4486367182 0.0462334896 0.8354440939 0.3733461194 
-80.4608863494 0.0462020285 0.8356778004 0.3718783695 
-80.4737294122 0.0461690633 0.8359231863 0.3703875479 
-80.4871811956 0.0461345577 0.8361805236 0.3688737587 
-80.5012573014 0.0460984750 0.8364500866 0.3673371246 
-80.5159736474 0.0460607777 0.8367321524 0.3657777877 
-80.5313464723 0.0460214279 0.8370270003 0.3641959092 
-80.5473923401 0.0459803873 0.8373349120 0.3625916697 
-80.5641281446 0.0459376168 0.8376561712 0.3609652690 
-80.5815711149 0.0458930770 0.8379910636 0.3593169260 
-80.5997388212 0.0458467277 0.8383398766 0.3576468790 
-80.6186491804 0.0457985285 0.8387028989 0.3559553851 
-80.6383204626 0.0457484382 0.8390804211 0.3542427206 
-80.6587712982 0.0456964153 0.8394727345 0.3525091803 
-80.6800206851 0.0456424176 0.8398801315 0.3507550776 
-80.7020879968 0.0455864026 0.8403029055 0.3489807443 
-80.7249929907 0.0455283270 0.8407413503 0.3471865300 
-80.7487558174 0.0454681474 0.8411957600 0.3453728026 
-80.7733970304 0.0454058195 0.8416664292 0.3435399471 
-80.7989375963 0.0453412987 0.8421536520 0.3416883660 
-80.8253989064 0.0452745399 0.8426577226 0.3398184785 
-80.8528027880 0.0452054975 0.8431789346 0.3379307204 
-80.8811715177 0.0451341252 0.8437175808 0.3360255436 
-80.9105278344 0.0450603764 0.8442739530 0.3341034157 
-80.9408949541 0.0449842040 0.8448483421 0.3321648191 
-80.9722965850 0.0449055603 0.8454410372 0.3302102506 
-81.0047569440 0.0448243971 0.8460523260 0.3282402206 
-81.0383007740 0.0447406657 0.8466824940 0.3262552518 
-81.0729533621 0.0446543169 0.8473318247 0.3242558781 
-81.1087405594 0.0445653008 0.8480005991 0.3222426429 
-81.1456888019 0.0444735673 0.8486890953 0.3202160971 
-81.1838251317 0.0443790654 0.8493975885 0.3181767964 
-81.2231772214 0.0442817437 0.8501263506 0.3161252981 
-81.2637733977 0.0441815503 0.8508756498 0.3140621570 
-81.3056426682 0.0440784326 0.8516457504 0.3119879196 
-81.3488147487 0.0439723375 0.8524369124 0.3099031182 
-81.3933200924 0.0438632113 0.8532493915 0.3078082614 
-81.4391899206 0.0437509995 0.8540834381 0.3057038235 
-81.4864562560 0.0436356472 0.8549392977 0.3035902307 
-81.5351519562 0.0435170988 0.8558172100 0.3014678428 
-81.5853107512 0.0433952980 0.8567174088 0.2993369307 
-81.6369672810 0.0432701877 0.8576401214 0.2971976467 
-81.6901571372 0.0431417104 0.8585855685 0.2950499874 
-81.7449169057 0.0430098076 0.8595539635 0.2928937450 
-81.8012842126 0.0428744202 0.8605455122 0.2907284454 
-81.8592977725 0.0427354882 0.8615604126 0.2885532688 
-81.9189974403 0.0425929511 0.8625988537 0.2863669464 
-81.9804242652 0.0424467471 0.8636610160 0.2841676298 
-82.0436205494 0.0422968141 0.8647470702 0.2819527235 
-82.1086299096 0.0421430887 0.8658571771 0.2797186749 
-82.1754973432 0.0419855067 0.8669914873 0.2774607162 
-82.2442692996 0.0418240032 0.8681501399 0.2751725616 
-82.3149937554 0.0416585118 0.8693332629 0.2728460846 
-82.3877202967 0.0414889656 0.8705409720 0.2704710540 
-82.4625002062 0.0413152962 0.8717733703 0.2680351151 
-82.5393865573 0.0411374343 0.8730305478 0.2655243234 
-82.6184343120 0.0409553093 0.8743125808 0.2629243208 
-82.6997004524 0.0407688493 0.8756195314 0.2602475886 
-82.7832442487 0.0405779807 0.8769514498 0.2577211714 
-82.8691266382 0.0403826298 0.8783083611 0.2555359242 
-82.9574098361 0.0401827239 0.8796902562 0.2536453300 
-80.9448547441 0.0449712661 0.8465891064 0.4697915460 
-80.9406755039 0.0449817478 0.8465064056 0.4695807610 
-80.9364113565 0.0449924448 0.8464219473 0.4693628564 
-80.9320626770 0.0450033564 0.8463357358 0.4691388144 
-80.9276298678 0.0450144817 0.8462477759 0.4689092534 
-80.9231133534 0.0450258197 0.8461580727 0.4686745460 
-80.9185135769 0.0450373695 0.8460666316 0.4684349027 
-80.9138309982 0.0450491300 0.8459734585 0.4681904303 
-80.9090660938 0.0450611004 0.8458785593 0.4679411706 
-80.9042193564 0.0450732794 0.8457819401 0.4676871250 
-80.8992912956 0.0450856659 0.8456836076 0.4674282696 
-80.8942824383 0.0450982587 0.8455835685 0.4671645646 
-80.8891933293 0.0451110568 0.8454818298 0.4668959599 
-80.8840245325 0.0451240587 0.8453783991 0.4666223983 
-80.8787766320 0.0451372632 0.8452732839 0.4663438181 
-80.8734502322 0.0451506689 0.8451664924 0.4660601536 
-80.8680459599 0.0451642745 0.8450580330 0.4657713369 
-80.8625644646 0.0451780784 0.8449479146 0.4654772977 
-80.8570064201 0.0451920791 0.8448361466 0.4651779641 
-80.8513725250 0.0452062751 0.8447227385 0.4648732626 
-80.8456635045 0.0452206646 0.8446077006 0.4645631185 
-80.8398801112 0.0452352460 0.8444910437 0.4642474558 
-80.8340231262 0.0452500174 0.8443727790 0.4639261975 
-80.8280933605 0.0452649769 0.8442529182 0.4635992656 
-80.8220916560 0.0452801227 0.8441314738 0.4632665808 
-80.8160188869 0.0452954526 0.8440084586 0.4629280629 
-80.8098759607 0.0453109647 0.8438838863 0.4625836307 
-80.8036638198 0.0453266565 0.8437577712 0.4622332020 
-80.7973834425 0.0453425259 0.8436301282 0.4618766933 
-80.7910358443 0.0453585705 0.8435009730 0.4615140203 
-80.7846220794 0.0453747877 0.8433703220 0.4611450974 
-80.7781432416 0.0453911750 0.8432381924 0.4607698379 
-80.7716004663 0.0454077296 0.8431046022 0.4603881540 
-80.7649949312 0.0454244488 0.8429695704 0.4599999566 
-80.7583278581 0.0454413296 0.8428331166 0.4596051556 
-80.7516005141 0.0454583690 0.8426952614 0.4592036593 
-80.7448142131 0.0454755638 0.8425560265 0.4587953750 
-80.7379703172 0.0454929107 0.8424154344 0.4583802086 
-80.7310702380 0.0455104063 0.8422735087 0.4579580645 
-80.7241154385 0.0455280471 0.8421302739 0.4575288461 
-80.7171074342 0.0455458293 0.8419857558 0.4570924549 
-80.7100477946 0.0455637491 0.8418399811 0.4566487914 
-80.7029381450 0.0455818026 0.8416929778 0.4561977544 
-80.6957801678 0.0455999855 0.8415447751 0.4557392412 
-80.6885756044 0.0456182938 0.8413954033 0.4552731478 
-80.6813262562 0.0456367228 0.8412448940 0.4547993685 
-80.6740339869 0.0456552680 0.8410932802 0.4543177961 
-80.6667007236 0.0456739246 0.8409405962 0.4538283217 
-80.6593284588 0.0456926877 0.8407868775 0.4533308351 
-80.6519192517 0.0457115521 0.8406321614 0.4528252241 
-80.6444752302 0.0457305126 0.8404764863 0.4523113752 
-80.6369985927 0.0457495636 0.8403198923 0.4517891732 
-80.6294916092 0.0457686995 0.8401624210 0.4512585011 
-80.6219566237 0.0457879143 0.8400041157 0.4507192404 
-80.6143960559 0.0458072021 0.8398450211 0.4501712708 
-80.6068124023 0.0458265565 0.8396851839 0.4496144706 
-80.5992082390 0.0458459710 0.8395246522 0.4490487162 
-80.5915862226 0.0458654390 0.8393634760 0.4484738824 
-80.5839490926 0.0458849534 0.8392017073 0.4478898423 
-80.5762996730 0.0459045071 0.8390393997 0.4472964675 
-80.5686408741 0.0459240927 0.8388766088 0.4466936277 
-80.5609756946 0.0459437026 0.8387133923 0.4460811912 
-80.5533072232 0.0459633289 0.8385498096 0.4454590245 
-80.5456386408 0.0459829635 0.8383859224 0.4448269926 
-80.5379732221 0.0460025979 0.8382217945 0.4441849587 
-80.5303143377 0.0460222237 0.8380574916 0.4435327845 
-80.5226654558 0.0460418318 0.8378930820 0.4428703301 
-80.5150301446 0.0460614131 0.8377286358 0.4421974538 
-80.5074120736 0.0460809582 0.8375642257 0.4415140123 
-80.4998150162 0.0461004574 0.8373999267 0.4408198606 
-80.4922428512 0.0461199005 0.8372358160 0.4401148515 
-80.4846995649 0.0461392774 0.8370719735 0.4393988364 
-80.4771892530 0.0461585774 0.8369084814 0.4386716639 
-80.4697161230 0.0461777897 0.8367454245 0.4379331805 
-80.4622844957 0.0461969029 0.8365828903 0.4371832299 
-80.4548988072 0.0462159057 0.8364209687 0.4364216519 
-80.4475636115 0.0462347862 0.8362597525 0.4356482826 
-80.4402835820 0.0462535321 0.8360993371 0.4348629525 
-80.4330635138 0.0462721311 0.8359398207 0.4340654854 
-80.4259083257 0.0462905703 0.8357813045 0.4332556967 
-80.4188230626 0.0463088364 0.8356238923 0.4324333901 
-80.4118128978 0.0463269161 0.8354676911 0.4315983543 
-80.4048831350 0.0463447953 0.8353128107 0.4307503583 
-80.3980392110 0.0463624600 0.8351593641 0.4298891445 
-80.3912866987 0.0463798955 0.8350074674 0.4290144202 
-80.3846313095 0.0463970867 0.8348572397 0.4281258460 
-80.3780788971 0.0464140185 0.8347088036 0.4272230203 
-80.3716354609 0.0464306749 0.8345622847 0.4263054594 
-80.3653071507 0.0464470399 0.8344178124 0.4253725723 
-80.3591002714 0.0464630969 0.8342755193 0.4244236275 
-80.3530212896 0.0464788288 0.8341355418 0.4234577141 
-80.3470768410 0.0464942182 0.8339980202 0.4224736944 
-80.3412737394 0.0465092473 0.8338630986 0.4214701552 
-80.3356189885 0.0465238975 0.8337309255 0.4204453631 
-80.3301197950 0.0465381499 0.8336016538 0.4193972495 
-80.3247835860 0.0465519849 0.8334754415 0.4183234721 
-80.3196180276 0.0465653823 0.8333524517 0.4172216604 
-80.3146310469 0.0465783213 0.8332328533 0.4160900859 
-80.3098308522 0.0465907802 0.8331168213 0.4149292627 
-80.3052259432 0.0466027368 0.8330045373 0.4137448912 
-80.3030254832 0.0466084520 0.8329503700 0.4131440403 
-80.3010333857 0.0466136285 0.8329002776 0.4125197983 
-80.2992543639 0.0466182537 0.8328543605 0.4118739286 
-80.2976933825 0.0466223148 0.8328127244 0.4112075420 
-80.2963556501 0.0466257980 0.8327754798 0.4105212940 
-80.2952466145 0.0466286890 0.8327427421 0.4098155311 
-80.2943719608 0.0466309732 0.8327146315 0.4090903970 
-80.2937376107 0.0466326350 0.8326912731 0.4083459053 
-80.2933497226 0.0466336584 0.8326727963 0.4075819879 
-80.2932146924 0.0466340268 0.8326593356 0.4067985255 
-80.2933391546 0.0466337230 0.8326510300 0.4059953673 
-80.2937299839 0.0466327292 0.8326480233 0.4051723425 
-80.2943942964 0.0466310270 0.8326504640 0.4043292678 
-80.2953394512 0.0466285973 0.8326585052 0.4034659518 
-80.2965730525 0.0466254207 0.8326723048 0.4025821989 
-80.2981029510 0.0466214767 0.8326920252 0.4016778110 
-80.2999372459 0.0466167448 0.8327178338 0.4007525893 
-80.3020842865 0.0466112034 0.8327499023 0.3998063362 
-80.3045526743 0.0466048305 0.8327884073 0.3988388561 
-80.3073512650 0.0465976035 0.8328335299 0.3978499567 
-80.3104891699 0.0465894992 0.8328854559 0.3968394501 
-80.3139757585 0.0465804937 0.8329443756 0.3958071536 
-80.3178206600 0.0465705626 0.8330104839 0.3947528909 
-80.3220337653 0.0465596808 0.8330839802 0.3936764926 
-80.3266252293 0.0465478226 0.8331650683 0.3925777975 
-80.3316054725 0.0465349619 0.8332539566 0.3914566534 
-80.3369851833 0.0465210717 0.8333508578 0.3903129176 
-80.3427753200 0.0465061244 0.8334559888 0.3891464582 
-80.3489871126 0.0464900921 0.8335695710 0.3879571543 
-80.3556320654 0.0464729461 0.8336918298 0.3867448976 
-80.3627219588 0.0464546569 0.8338229949 0.3855095924 
-80.3702688514 0.0464351949 0.8339633000 0.3842511565 
-80.3782850825 0.0464145293 0.8341129828 0.3829695223 
-80.3867832745 0.0463926293 0.8342722848 0.3816646370 
-80.3957763349 0.0463694631 0.8344414514 0.3803364631 
-80.4052774590 0.0463449984 0.8346207316 0.3789849797 
-80.4153001325 0.0463192024 0.8348103781 0.3776101821 
-80.4258581340 0.0462920417 0.8350106471 0.3762120831 
-80.4369655382 0.0462634823 0.8352217981 0.3747907128 
-80.4486367182 0.0462334896 0.8354440939 0.3733461194 
-80.4608863494 0.0462020285 0.8356778004 0.3718783695 
-80.4737294122 0.0461690633 0.8359231863 0.3703875479 
-80.4871811956 0.0461345577 0.8361805236 0.3688737587 
-80.5012573014 0.0460984750 0.8364500866 0.3673371246 
-80.5159736474 0.0460607777 0.8367321524 0.3657777877 
-80.5313464723 0.0460214279 0.8370270003 0.3641959092 
-80.5473923401 0.0459803873 0.8373349120 0.3625916697 
-80.5641281446 0.0459376168 0.8376561712 0.3609652690 
-80.5815711149 0.0458930770 0.8379910636 0.3593169260 
-80.5997388212 0.0458467277 0.8383398766 0.3576468790 
-80.6186491804 0.0457985285 0.8387028989 0.3559553851 
-80.6383204626 0.0457484382 0.8390804211 0.3542427206 
-80.6587712982 0.0456964153 0.8394727345 0.3525091803 
-80.6800206851 0.0456424176 0.8398801315 0.3507550776 
-80.7020879968 0.0455864026 0.8403029055 0.3489807443 
-80.7249929907 0.0455283270 0.8407413503 0.3471865300 
-80.7487558174 0.0454681474 0.8411957600 0.3453728026 
-80.7733970304 0.0454058195 0.8416664292 0.3435399471 
-80.7989375963 0.0453412987 0.8421536520 0.3416883660 
-80.8253989064 0.0452745399 0.8426577226 0.3398184785 
-80.8528027880 0.0452054975 0.8431789346 0.3379307204 
-80.8811715177 0.0451341252 0.8437175808 0.3360255436 
-80.9105278344 0.0450603764 0.8442739530 0.3341034157 
-80.9408949541 0.0449842040 0.8448483421 0.3321648191 
-80.9722965850 0.0449055603 0.8454410372 0.3302102506 
-81.0047569440 0.0448243971 0.8460523260 0.3282402206 
-81.0383007740 0.0447406657 0.8466824940 0.3262552518 
-81.0729533621 0.0446543169 0.8473318247 0.3242558781 
-81.1087405594 0.0445653008 0.8480005991 0.3222426429 
-81.1456888019 0.0444735673 0.8486890953 0.3202160971 
-81.1838251317 0.0443790654 0.8493975885 0.3181767964 
-81.2231772214 0.0442817437 0.8501263506 0.3161252981 
-81.2637733977 0.0441815503 0.8508756498 0.3140621570 
-81.3056426682 0.0440784326 0.8516457504 0.3119879196 
-81.3488147487 0.0439723375 0.8524369124 0.3099031182 
-81.3933200924 0.0438632113 0.8532493915 0.3078082614 
-81.4391899206 0.0437509995 0.8540834381 0.3057038235 
-81.4864562560 0.0436356472 0.8549392977 0.3035902307 
-81.5351519562 0.0435170988 0.8558172100 0.3014678428 
-81.5853107512 0.0433952980 0.8567174088 0.2993369307 
-81.6369672810 0.0432701877 0.8576401214 0.2971976467 
-81.6901571372 0.0431417104 0.8585855685 0.2950499874 
-81.7449169057 0.0430098076 0.8595539635 0.2928937450 
-81.8012842126 0.0428744202 0.8605455122 0.2907284454 
-81.8592977725 0.0427354882 0.8615604126 0.2885532688 
-81.9189974403 0.0425929511 0.8625988537 0.2863669464 
-81.9804242652 0.0424467471 0.8636610160 0.2841676298 
-82.0436205494 0.0422968141 0.8647470702 0.2819527235 
-82.1086299096 0.0421430887 0.8658571771 0.2797186749 
-82.1754973432 0.0419855067 0.8669914873 0.2774607162 
-82.2442692996 0.0418240032 0.8681501399 0.2751725616 
-82.3149937554 0.0416585118 0.8693332629 0.2728460846 
-82.3877202967 0.0414889656 0.8705409720 0.2704710540 
-82.4625002062 0.0413152962 0.8717733703 0.2680351151 
-82.5393865573 0.0411374343 0.8730305478 0.2655243234 
-82.6184343120 0.0409553093 0.8743125808 0.2629243208 
-82.6997004524 0.0407688493 0.8756195314 0.2602475886 
-82.7832442487 0.0405779807 0.8769514498 0.2577211714 
-82.8691266382 0.0403826298 0.8783083611 0.2555359242 
-82.9574098361 0.0401827239 0.8796902562 0.2536453300 
-80.3030254832 0.0466084520 0.8329503700 0.4131440403 
-80.3010333857 0.0466136285 0.8329002776 0.4125197983 
-80.2992543639 0.0466182537 0.8328543605 0.4118739286 
-80.2976933825 0.0466223148 0.8328127244 0.4112075420 
-80.2963556501 0.0466257980 0.8327754798 0.4105212940 
-80.2952466145 0.0466286890 0.8327427421 0.4098155311 
-80.2943719608 0.0466309732 0.8327146315 0.4090903970 
-80.2937376107 0.0466326350 0.8326912731 0.4083459053 
-80.2933497226 0.0466336584 0.8326727963 0.4075819879 
-80.2932146924 0.0466340268 0.8326593356 0.4067985255 
-80.2933391546 0.0466337230 0.8326510300 0.4059953673 
-80.2937299839 0.0466327292 0.8326480233 0.4051723425 
-80.2943942964 0.0466310270 0.8326504640 0.4043292678 
-80.2953394512 0.0466285973 0.8326585052 0.4034659518 
-80.2965730525 0.0466254207 0.8326723048 0.4025821989 
-80.2981029510 0.0466214767 0.8326920252 0.4016778110 
-80.2999372459 0.0466167448 0.8327178338 0.4007525893 
-80.3020842865 0.0466112034 0.8327499023 0.3998063362 
-80.3045526743 0.0466048305 0.8327884073 0.3988388561 
-80.3073512650 0.0465976035 0.8328335299 0.3978499567 
-80.3104891699 0.0465894992 0.8328854559 0.3968394501 
-80.3139757585 0.0465804937 0.8329443756 0.3958071536 
-80.3178206599 0.0465705626 0.8330104839 0.3947528909 
-80.3220337653 0.0465596808 0.8330839802 0.3936764926 
-80.3266252293 0.0465478226 0.8331650683 0.3925777975 
-80.3316054725 0.0465349619 0.8332539566 0.3914566534 
-80.3369851833 0.0465210717 0.8333508578 0.3903129176 
-80.3427753200 0.0465061244 0.8334559888 0.3891464582 
-80.3489871126 0.0464900921 0.8335695710 0.3879571543 
-80.3556320654 0.0464729461 0.8336918298 0.3867448976 
-80.3627219588 0.0464546569 0.8338229949 0.3855095924 
-80.3702688513 0.0464351949 0.8339633000 0.3842511565 
-80.3782850825 0.0464145293 0.8341129828 0.3829695223 
-80.3867832745 0.0463926293 0.8342722848 0.3816646370 
-80.3957763349 0.0463694631 0.8344414514 0.3803364631 
-80.4052774590 0.0463449984 0.8346207316 0.3789849797 
-80.4153001325 0.0463192024 0.8348103781 0.3776101821 
-80.4258581340 0.0462920417 0.8350106471 0.3762120831 
-80.4369655382 0.0462634823 0.8352217981 0.3747907128 
-80.4486367182 0.0462334896 0.8354440939 0.3733461194 
-80.4608863494 0.0462020285 0.8356778004 0.3718783695 
-80.4737294122 0.0461690633 0.8359231863 0.3703875479 
-80.4871811956 0.0461345577 0.8361805236 0.3688737587 
-80.5012573014 0.0460984750 0.8364500866 0.3673371246 
-80.5159736474 0.0460607777 0.8367321524 0.3657777877 
-80.5313464723 0.0460214279 0.8370270003 0.3641959092 
-80.5473923401 0.0459803873 0.8373349120 0.3625916697 
-80.5641281446 0.0459376168 0.8376561712 0.3609652690 
-80.5815711149 0.0458930770 0.8379910636 0.3593169260 
-80.5997388212 0.0458467277 0.8383398766 0.3576468790 
-80.6186491804 0.0457985285 0.8387028989 0.3559553851 
-80.6383204626 0.0457484382 0.8390804211 0.3542427206 
-80.6587712982 0.0456964153 0.8394727345 0.3525091803 
-80.6800206851 0.0456424176 0.8398801315 0.3507550776 
-80.7020879968 0.0455864026 0.8403029055 0.3489807443 
-80.7249929907 0.0455283270 0.8407413503 0.3471865300 
-80.7487558174 0.0454681474 0.8411957600 0.3453728026 
-80.7733970304 0.0454058195 0.8416664292 0.3435399471 
-80.7989375963 0.0453412987 0.8421536520 0.3416883660 
-80.8253989064 0.0452745399 0.8426577226 0.3398184785 
-80.8528027880 0.0452054975 0.8431789346 0.3379307204 
-80.8811715177 0.0451341252 0.8437175808 0.3360255436 
-80.9105278344 0.0450603764 0.8442739530 0.3341034157 
-80.9408949540 0.0449842040 0.8448483421 0.3321648191 
-80.9722965850 0.0449055603 0.8454410372 0.3302102506 
-81.0047569440 0.0448243971 0.8460523260 0.3282402206 
-81.0383007740 0.0447406657 0.8466824940 0.3262552518 
-81.0729533621 0.0446543169 0.8473318247 0.3242558781 
-81.1087405594 0.0445653008 0.8480005991 0.3222426429 
-81.1456888018 0.0444735673 0.8486890953 0.3202160971 
-81.1838251317 0.0443790654 0.8493975885 0.3181767964 
-81.2231772214 0.0442817437 0.8501263506 0.3161252981 
-81.2637733977 0.0441815503 0.8508756498 0.3140621570 
-81.3056426682 0.0440784326 0.8516457504 0.3119879196 
-81.3488147487 0.0439723375 0.8524369124 0.3099031182 
-81.3933200923 0.0438632113 0.8532493915 0.3078082614 
-81.4391899206 0.0437509995 0.8540834381 0.3057038235 
-81.4864562560 0.0436356472 0.8549392977 0.3035902307 
-81.5351519562 0.0435170988 0.8558172100 0.3014678428 
-81.5853107512 0.0433952980 0.8567174088 0.2993369307 
-81.6369672810 0.0432701877 0.8576401214 0.2971976467 
-81.6901571372 0.0431417104 0.8585855685 0.2950499874 
-81.7449169057 0.0430098076 0.8595539635 0.2928937450 
-81.8012842125 0.0428744202 0.8605455122 0.2907284454 
-81.8592977725 0.0427354882 0.8615604126 0.2885532688 
-81.9189974403 0.0425929511 0.8625988537 0.2863669464 
-81.9804242652 0.0424467471 0.8636610160 0.2841676298 
-82.0436205494 0.0422968141 0.8647470702 0.2819527235 
-82.1086299095 0.0421430887 0.8658571771 0.2797186749 
-82.1754973432 0.0419855067 0.8669914873 0.2774607162 
-82.2442692996 0.0418240032 0.8681501399 0.2751725616 
-82.3149937554 0.0416585118 0.8693332629 0.2728460846 
-82.3877202967 0.0414889656 0.8705409720 0.2704710540 
-82.4625002062 0.0413152962 0.8717733703 0.2680351151 
-82.5393865572 0.0411374343 0.8730305478 0.2655243234 
-82.6184343120 0.0409553093 0.8743125808 0.2629243208 
-82.6997004524 0.0407688493 0.8756195314 0.2602475886 
-82.7832442487 0.0405779807 0.8769514498 0.2577211714 
-82.8691266382 0.0403826298 0.8783083611 0.2555359242 
-82.9574098361 0.0401827239 0.8796902562 0.2536453300 
-82.9600534622 0.0401767514 0.8797316570 0.2536223807 
-82.9600534622 0.0401767514 0.8797316570 0.2536223807 
-82.9600534622 0.0401767514 0.8797316570 0.2536223807 
-82.9600534622 0.0401767514 0.8797316570 0.2536223807 
