-81.9329525107 0.0425557220 0.8648857634 0.5092054666 
-81.9329485646 0.0425557314 0.8648856873 0.5091914740 
-81.9329408551 0.0425557498 0.8648855385 0.5091632212 
-81.9329297517 0.0425557763 0.8648853236 0.5091202418 
-81.9329158184 0.0425558096 0.8648850528 0.5090620042 
-81.9328998229 0.0425558478 0.8648847399 0.5089880924 
-81.9328825669 0.0425558889 0.8648843994 0.5088798001 
-81.9328660873 0.0425559283 0.8648840680 0.5088000205 
-81.9328512415 0.0425559637 0.8648837612 0.5087277728 
-81.9328389752 0.0425559931 0.8648834960 0.5086617682 
-81.9328301556 0.0425560142 0.8648832880 0.5086010537 
-81.9328255841 0.0425560252 0.8648831518 0.5085449303 
-81.9328260055 0.0425560243 0.8648831006 0.5084928847 
-81.9328321145 0.0425560098 0.8648831470 0.5084445361 
-81.9328445612 0.0425559803 0.8648833028 0.5083995966 
-81.9328639552 0.0425559342 0.8648835788 0.5083578434 
-81.9328908682 0.0425558702 0.8648839854 0.5083190987 
-81.9329258372 0.0425557870 0.8648845322 0.5082832162 
-81.9329693662 0.0425556833 0.8648852283 0.5082500720 
-81.9330219286 0.0425555582 0.8648860821 0.5082195583 
-81.9330839684 0.0425554105 0.8648871018 0.5081915788 
-81.9331559023 0.0425552392 0.8648882946 0.5081660460 
-81.9332381204 0.0425550434 0.8648896677 0.5081428791 
-81.9333309881 0.0425548222 0.8648912275 0.5081220025 
-81.9334348472 0.0425545749 0.8648929803 0.5081033449 
-81.9335500168 0.0425543006 0.8648949317 0.5080868384 
-81.9336767946 0.0425539986 0.8648970871 0.5080724183 
-81.9338154580 0.0425536683 0.8648994514 0.5080600227 
-81.9339662649 0.0425533091 0.8649020292 0.5080495925 
-81.9341294547 0.0425529203 0.8649048248 0.5080410707 
-81.9343052494 0.0425525016 0.8649078422 0.5080344027 
-81.9344938543 0.0425520523 0.8649110850 0.5080295364 
-81.9346954586 0.0425515720 0.8649145566 0.5080264214 
-81.9349102367 0.0425510604 0.8649182601 0.5080250093 
-81.9351383484 0.0425505170 0.8649221984 0.5080252539 
-81.9353799402 0.0425499415 0.8649263739 0.5080271103 
-81.9356351452 0.0425493335 0.8649307891 0.5080305358 
-81.9359040847 0.0425486928 0.8649354461 0.5080354891 
-81.9361868681 0.0425480192 0.8649403469 0.5080419305 
-81.9364835935 0.0425473123 0.8649454931 0.5080498217 
-81.9367943489 0.0425465721 0.8649508864 0.5080591260 
-81.9371192120 0.0425457982 0.8649565279 0.5080698080 
-81.9374582512 0.0425449905 0.8649624190 0.5080818336 
-81.9378115260 0.0425441490 0.8649685607 0.5080951701 
-81.9381790872 0.0425432734 0.8649749537 0.5081097858 
-81.9385609778 0.0425423638 0.8649815989 0.5081256502 
-81.9389572329 0.0425414199 0.8649884968 0.5081427341 
-81.9393678807 0.0425404417 0.8649956479 0.5081610091 
-81.9397929424 0.0425394292 0.8650030525 0.5081804480 
-81.9402324329 0.0425383824 0.8650107108 0.5082010245 
-81.9406863608 0.0425373012 0.8650186230 0.5082227133 
-81.9411547292 0.0425361857 0.8650267889 0.5082454900 
-81.9416375357 0.0425350357 0.8650352086 0.5082693309 
-81.9421347727 0.0425338515 0.8650438818 0.5082942134 
-81.9426464280 0.0425326329 0.8650528083 0.5083201154 
-81.9431724847 0.0425313800 0.8650619877 0.5083470159 
-81.9437129217 0.0425300930 0.8650714195 0.5083748942 
-81.9442677139 0.0425287717 0.8650811033 0.5084037308 
-81.9448368326 0.0425274164 0.8650910385 0.5084335064 
-81.9454202454 0.0425260271 0.8651012244 0.5084642028 
-81.9460179167 0.0425246039 0.8651116603 0.5084958021 
-81.9466298078 0.0425231468 0.8651223456 0.5085282870 
-81.9472558771 0.0425216561 0.8651332793 0.5085616410 
-81.9478960805 0.0425201317 0.8651444607 0.5085958480 
-81.9485503712 0.0425185739 0.8651558888 0.5086308925 
-81.9492187002 0.0425169826 0.8651675626 0.5086667594 
-81.9499010164 0.0425153581 0.8651794813 0.5087034342 
-81.9505972666 0.0425137005 0.8651916438 0.5087409029 
-81.9513073959 0.0425120100 0.8652040490 0.5087791519 
-81.9520313477 0.0425102865 0.8652166959 0.5088181679 
-81.9527690638 0.0425085304 0.8652295834 0.5088579383 
-81.9535204848 0.0425067417 0.8652427103 0.5088984507 
-81.9542855497 0.0425049206 0.8652560755 0.5089396932 
-81.9550641965 0.0425030673 0.8652696777 0.5089816543 
-81.9558563624 0.0425011818 0.8652835159 0.5090243227 
-81.9566619834 0.0424992644 0.8652975888 0.5090676876 
-81.9574809947 0.0424973152 0.8653118952 0.5091117385 
-81.9583133309 0.0424953344 0.8653264338 0.5091564653 
-81.9591589258 0.0424933221 0.8653412034 0.5092018580 
-81.9600177129 0.0424912785 0.8653562027 0.5092479071 
-81.9608896252 0.0424892038 0.8653714304 0.5092946034 
-81.9617745951 0.0424870980 0.8653868854 0.5093419379 
-81.9626725550 0.0424849615 0.8654025663 0.5093899019 
-81.9635834370 0.0424827943 0.8654184718 0.5094384869 
-81.9645071731 0.0424805967 0.8654346006 0.5094876848 
-81.9654436951 0.0424783687 0.8654509515 0.5095374877 
-81.9663929349 0.0424761106 0.8654675231 0.5095878878 
-81.9673548244 0.0424738225 0.8654843143 0.5096388777 
-81.9683292957 0.0424715046 0.8655013236 0.5096904502 
-81.9693162810 0.0424691571 0.8655185499 0.5097425983 
-81.9703157127 0.0424667800 0.8655359918 0.5097953152 
-81.9713275236 0.0424643737 0.8655536480 0.5098485942 
-81.9723516466 0.0424619382 0.8655715174 0.5099024291 
-81.9733880152 0.0424594737 0.8655895986 0.5099568135 
-81.9744365632 0.0424569804 0.8656078904 0.5100117415 
-81.9754972247 0.0424544584 0.8656263915 0.5100672072 
-81.9765699345 0.0424519079 0.8656451008 0.5101232051 
-81.9776546279 0.0424493290 0.8656640169 0.5101797296 
-81.9787512406 0.0424467220 0.8656831387 0.5102367753 
-81.9798597089 0.0424440869 0.8657024649 0.5102943373 
-81.9809799700 0.0424414240 0.8657219945 0.5103524104 
-81.9821119614 0.0424387333 0.8657417260 0.5104109898 
-81.9832556214 0.0424360150 0.8657616585 0.5104700709 
-81.9844108890 0.0424332693 0.8657817908 0.5105296492 
-81.9855777038 0.0424304964 0.8658021216 0.5105897201 
-81.9867560065 0.0424276963 0.8658226499 0.5106502796 
-81.9879457381 0.0424248692 0.8658433746 0.5107113234 
-81.9891468406 0.0424220153 0.8658642945 0.5107728477 
-81.9903592569 0.0424191346 0.8658854085 0.5108348484 
-81.9915829305 0.0424162275 0.8659067156 0.5108973221 
-81.9928178058 0.0424132938 0.8659282148 0.5109602649 
-81.9940638281 0.0424103339 0.8659499048 0.5110236736 
-81.9953209436 0.0424073479 0.8659717848 0.5110875447 
-81.9965890991 0.0424043358 0.8659938537 0.5111518750 
-81.9978682427 0.0424012978 0.8660161105 0.5112166614 
-81.9991583230 0.0423982340 0.8660385542 0.5112819009 
-82.0004592897 0.0423951446 0.8660611839 0.5113475907 
-82.0017710934 0.0423920297 0.8660839986 0.5114137279 
-82.0030936855 0.0423888893 0.8661069973 0.5114803099 
-82.0044270184 0.0423857237 0.8661301791 0.5115473342 
-82.0057710454 0.0423825329 0.8661535432 0.5116147982 
-82.0071257208 0.0423793171 0.8661770886 0.5116826998 
-82.0084909997 0.0423760763 0.8662008145 0.5117510365 
-82.0098668383 0.0423728107 0.8662247200 0.5118198064 
-82.0112531935 0.0423695203 0.8662488043 0.5118890073 
-82.0126500234 0.0423662053 0.8662730665 0.5119586373 
-82.0140572868 0.0423628658 0.8662975059 0.5120286947 
-82.0154749435 0.0423595019 0.8663221217 0.5120991776 
-82.0169029545 0.0423561137 0.8663469130 0.5121700844 
-82.0183412813 0.0423527013 0.8663718791 0.5122414137 
-82.0197898866 0.0423492647 0.8663970193 0.5123131638 
-82.0212487340 0.0423458041 0.8664223329 0.5123853336 
-82.0227177880 0.0423423195 0.8664478191 0.5124579217 
-82.0241970138 0.0423388111 0.8664734773 0.5125309270 
-82.0256863779 0.0423352789 0.8664993068 0.5126043484 
-82.0271858475 0.0423317230 0.8665253069 0.5126781850 
-82.0286953906 0.0423281435 0.8665514770 0.5127524358 
-82.0302149762 0.0423245405 0.8665778165 0.5128271002 
-82.0317445742 0.0423209140 0.8666043247 0.5129021773 
-82.0332841554 0.0423172641 0.8666310010 0.5129776667 
-82.0348336913 0.0423135909 0.8666578449 0.5130535678 
-82.0363931544 0.0423098945 0.8666848558 0.5131298802 
-82.0379625180 0.0423061750 0.8667120331 0.5132066036 
-82.0395417561 0.0423024323 0.8667393763 0.5132837378 
-82.0411308436 0.0422986666 0.8667668850 0.5133612827 
-82.0427297564 0.0422948779 0.8667945584 0.5134392382 
-82.0443384707 0.0422910663 0.8668223963 0.5135176045 
-82.0459569640 0.0422872319 0.8668503980 0.5135963816 
-82.0475852142 0.0422833747 0.8668785631 0.5136755699 
-82.0492232000 0.0422794947 0.8669068912 0.5137551698 
-82.0508709008 0.0422755921 0.8669353819 0.5138351816 
-82.0525282968 0.0422716668 0.8669640345 0.5139156059 
-82.0541953688 0.0422677190 0.8669928489 0.5139964436 
-82.0558720982 0.0422637486 0.8670218245 0.5140776952 
-82.0575584671 0.0422597558 0.8670509609 0.5141593617 
-82.0592544581 0.0422557405 0.8670802578 0.5142414440 
-82.0609600546 0.0422517028 0.8671097148 0.5143239434 
-82.0626752402 0.0422476428 0.8671393314 0.5144068609 
-82.0643999993 0.0422435605 0.8671691075 0.5144901979 
-82.0661343168 0.0422394560 0.8671990425 0.5145739558 
-82.0678781779 0.0422353292 0.8672291361 0.5146581361 
-82.0696315684 0.0422311803 0.8672593881 0.5147427406 
-82.0713944743 0.0422270092 0.8672897980 0.5148277710 
-82.0731668821 0.0422228160 0.8673203657 0.5149132292 
-82.0749487787 0.0422186008 0.8673510906 0.5149991173 
-82.0767401511 0.0422143635 0.8673819726 0.5150854374 
-82.0785409868 0.0422101042 0.8674130113 0.5151721917 
-82.0803512732 0.0422058230 0.8674442064 0.5152593829 
-82.0821709983 0.0422015199 0.8674755576 0.5153470133 
-82.0840001497 0.0421971949 0.8675070646 0.5154350858 
-82.0858387156 0.0421928480 0.8675387271 0.5155236031 
-82.0876866838 0.0421884794 0.8675705448 0.5156125683 
-82.0895440424 0.0421840889 0.8676025174 0.5157019846 
-82.0914107793 0.0421796767 0.8676346447 0.5157918552 
-82.0932868823 0.0421752428 0.8676669262 0.5158821837 
-82.0951723389 0.0421707873 0.8676993617 0.5159729737 
-82.0970671365 0.0421663100 0.8677319510 0.5160642290 
-82.0989712623 0.0421618112 0.8677646935 0.5161559537 
-82.1008847028 0.0421572909 0.8677975892 0.5162481519 
-82.1028074444 0.0421527490 0.8678306375 0.5163408280 
-82.1047394727 0.0421481856 0.8678638382 0.5164339866 
-82.1066807730 0.0421436008 0.8678971909 0.5165276325 
-82.1086313297 0.0421389946 0.8679306953 0.5166217707 
-82.1105911265 0.0421343670 0.8679643510 0.5167164064 
-82.1125601465 0.0421297181 0.8679981575 0.5168115449 
-82.1145383716 0.0421250480 0.8680321145 0.5169071921 
-82.1165257828 0.0421203567 0.8680662216 0.5170033537 
-82.1185223600 0.0421156442 0.8681004783 0.5171000360 
-82.1205280820 0.0421109106 0.8681348841 0.5171972454 
-82.1225429260 0.0421061560 0.8681694386 0.5172949885 
-82.1245668681 0.0421013804 0.8682041413 0.5173932723 
-82.1265998826 0.0420965839 0.8682389915 0.5174921041 
-82.1286419423 0.0420917666 0.8682739888 0.5175914915 
-82.1306930183 0.0420869285 0.8683091325 0.5176914422 
-82.1327530794 0.0420820698 0.8683444219 0.5177919644 
-82.1348220929 0.0420771904 0.8683798565 0.5178930667 
-82.1369000233 0.0420722906 0.8684154356 0.5179947579 
-82.1389868334 0.0420673703 0.8684511582 0.5180970472 
-82.1410824829 0.0420624297 0.8684870238 0.5181999442 
-82.1431869291 0.0420574690 0.8685230313 0.5183034588 
-82.1453001266 0.0420524881 0.8685591800 0.5184076014 
-82.1474220267 0.0420474873 0.8685954689 0.5185123828 
-82.1495525777 0.0420424667 0.8686318970 0.5186178140 
-82.1516917245 0.0420374263 0.8686684633 0.5187239068 
-82.1538394081 0.0420323664 0.8687051665 0.5188306733 
-82.1559955661 0.0420272871 0.8687420056 0.5189381258 
-82.1581601319 0.0420221885 0.8687789792 0.5190462776 
-82.1603330345 0.0420170709 0.8688160861 0.5191551420 
-82.1625141984 0.0420119344 0.8688533248 0.5192647331 
-82.1647035437 0.0420067793 0.8688906938 0.5193750654 
-82.1669009850 0.0420016056 0.8689281916 0.5194861540 
-82.1691064319 0.0419964137 0.8689658165 0.5195980146 
-82.1713197882 0.0419912038 0.8690035667 0.5197106632 
-82.1735409521 0.0419859761 0.8690414404 0.5198241166 
-82.1757698153 0.0419807309 0.8690794355 0.5199383921 
-82.1780062632 0.0419754684 0.8691175500 0.5200535075 
-82.1802501743 0.0419701890 0.8691557816 0.5201694812 
-82.1825014197 0.0419648929 0.8691941281 0.5202863320 
-82.1847598634 0.0419595806 0.8692325870 0.5204040794 
-82.1870253609 0.0419542522 0.8692711557 0.5205227431 
-82.1892977598 0.0419489083 0.8693098313 0.5206423433 
-82.1915768988 0.0419435492 0.8693486112 0.5207629004 
-82.1938626076 0.0419381752 0.8693874920 0.5208844348 
-82.1961547062 0.0419327868 0.8694264708 0.5210069671 
-82.1984530048 0.0419273846 0.8694655440 0.5211305172 
-82.2007573030 0.0419219688 0.8695047082 0.5212551044 
-82.2030673899 0.0419165401 0.8695439595 0.5213807468 
-82.2053830432 0.0419110990 0.8695832940 0.5215074604 
-82.2077040289 0.0419056460 0.8696227075 0.5216352584 
-82.2100301012 0.0419001817 0.8696621958 0.5217641501 
-82.2123610018 0.0418947067 0.8697017542 0.5218941388 
-82.2146964599 0.0418892217 0.8697413780 0.5220252202 
-82.2170361920 0.0418837274 0.8697810621 0.5221573787 
-82.2193799018 0.0418782243 0.8698208014 0.5222905843 
-82.2217272805 0.0418727133 0.8698605904 0.5224247866 
-82.2240780069 0.0418671951 0.8699004235 0.5225599084 
-82.2264317487 0.0418616706 0.8699402948 0.5226958360 
-82.2287881632 0.0418561404 0.8699801984 0.5228324078 
-82.2311468996 0.0418506054 0.8700201280 0.5229693981 
-82.2335076016 0.0418450666 0.8700600775 0.5231064973 
-82.2358699115 0.0418395246 0.8701000406 0.5232432870 
-82.2382334751 0.0418339804 0.8701400111 0.5233792090 
-82.2405979500 0.0418284347 0.8701799830 0.5235135300 
-82.2429630144 0.0418228883 0.8702199507 0.5236453037 
-82.2453283811 0.0418173419 0.8702599093 0.5237733381 
-82.2476938137 0.0418117961 0.8702998545 0.5238961861 
-82.2500591480 0.0418062511 0.8703397836 0.5240121963 
-82.2524243174 0.0418007072 0.8703796954 0.5241197084 
-82.2547893828 0.0417951643 0.8704195909 0.5242175786 
-82.2571545611 0.0417896217 0.8704594739 0.5243064309 
-82.2595202409 0.0417840787 0.8704993513 0.5243909515 
-82.2607035609 0.0417813063 0.8705192924 0.5244337407 
-82.2618879953 0.0417785315 0.8705392462 0.5244735914 
-82.2630737972 0.0417757537 0.8705592172 0.5245119939 
-82.2642612368 0.0417729722 0.8705792101 0.5245499230 
-82.2654505888 0.0417701864 0.8705992296 0.5245879966 
-82.2666421249 0.0417673956 0.8706192803 0.5246265938 
-82.2678361097 0.0417645993 0.8706393670 0.5246659387 
-82.2690327981 0.0417617968 0.8706594940 0.5247061580 
-82.2702324336 0.0417589877 0.8706796654 0.5247473186 
-82.2714352486 0.0417561712 0.8706998854 0.5247894515 
-82.2726414633 0.0417533470 0.8707201577 0.5248325658 
-82.2738512866 0.0417505145 0.8707404859 0.5248766579 
-82.2750649159 0.0417476732 0.8707608734 0.5249217162 
-82.2762825373 0.0417448228 0.8707813234 0.5249677243 
-82.2775043264 0.0417419629 0.8708018389 0.5250146633 
-82.2787304482 0.0417390929 0.8708224228 0.5250625121 
-82.2799610581 0.0417362127 0.8708430777 0.5251112492 
-82.2811963018 0.0417333218 0.8708638060 0.5251608524 
-82.2824363157 0.0417304199 0.8708846101 0.5252112994 
-82.2836812277 0.0417275067 0.8709054922 0.5252625683 
-82.2849311574 0.0417245820 0.8709264543 0.5253146374 
-82.2861862164 0.0417216455 0.8709474984 0.5253674854 
-82.2874465086 0.0417186969 0.8709686260 0.5254210915 
-82.2887121310 0.0417157361 0.8709898390 0.5254754356 
-82.2899831735 0.0417127628 0.8710111387 0.5255304980 
-82.2912597196 0.0417097768 0.8710325266 0.5255862596 
-82.2925418465 0.0417067779 0.8710540040 0.5256427022 
-82.2938296256 0.0417037660 0.8710755720 0.5256998079 
-82.2951231228 0.0417007410 0.8710972318 0.5257575594 
-82.2964223985 0.0416977026 0.8711189843 0.5258159403 
-82.2977275082 0.0416946508 0.8711408305 0.5258749344 
-82.2990385026 0.0416915855 0.8711627711 0.5259345263 
-82.3003554279 0.0416885064 0.8711848070 0.5259947012 
-82.3016783262 0.0416854137 0.8712069387 0.5260554446 
-82.3030072352 0.0416823071 0.8712291670 0.5261167428 
-82.3043421891 0.0416791866 0.8712514922 0.5261785824 
-82.3056832185 0.0416760521 0.8712739149 0.5262409507 
-82.3070303503 0.0416729035 0.8712964356 0.5263038351 
-82.3083836084 0.0416697409 0.8713190545 0.5263672240 
-82.3097430138 0.0416665641 0.8713417719 0.5264311057 
-82.3111085845 0.0416633731 0.8713645882 0.5264954694 
-82.3124803357 0.0416601680 0.8713875035 0.5265603043 
-82.3138582804 0.0416569485 0.8714105180 0.5266256003 
-82.3152424290 0.0416537149 0.8714336318 0.5266913475 
-82.3166327897 0.0416504669 0.8714568450 0.5267575364 
-82.3180293687 0.0416472046 0.8714801577 0.5268241580 
-82.3194321704 0.0416439281 0.8715035698 0.5268912034 
-82.3208411970 0.0416406372 0.8715270814 0.5269586643 
-82.3222564495 0.0416373321 0.8715506923 0.5270265325 
-82.3236779268 0.0416340127 0.8715744026 0.5270948002 
-82.3251056269 0.0416306789 0.8715982122 0.5271634598 
-82.3265395459 0.0416273309 0.8716221208 0.5272325042 
-82.3279796792 0.0416239687 0.8716461285 0.5273019263 
-82.3294260205 0.0416205922 0.8716702349 0.5273717194 
-82.3308785629 0.0416172015 0.8716944400 0.5274418771 
-82.3323372983 0.0416137965 0.8717187435 0.5275123931 
-82.3338022177 0.0416103774 0.8717431452 0.5275832615 
-82.3352733113 0.0416069442 0.8717676449 0.5276544766 
-82.3367505688 0.0416034968 0.8717922424 0.5277260327 
-82.3382339788 0.0416000354 0.8718169374 0.5277979246 
-82.3397235298 0.0415965599 0.8718417297 0.5278701471 
-82.3412192093 0.0415930703 0.8718666189 0.5279426953 
-82.3427210049 0.0415895668 0.8718916049 0.5280155645 
-82.3442289032 0.0415860493 0.8719166872 0.5280887500 
-82.3457428909 0.0415825178 0.8719418657 0.5281622476 
-82.3472629542 0.0415789725 0.8719671401 0.5282360530 
-82.3487890792 0.0415754133 0.8719925100 0.5283101622 
-82.3503212517 0.0415718403 0.8720179751 0.5283845712 
-82.3518594575 0.0415682535 0.8720435352 0.5284592763 
-82.3534036821 0.0415646530 0.8720691899 0.5285342739 
-82.3549539112 0.0415610388 0.8720949390 0.5286095606 
-82.3565101303 0.0415574108 0.8721207821 0.5286851331 
-82.3580723250 0.0415537693 0.8721467189 0.5287609882 
-82.3596404810 0.0415501141 0.8721727492 0.5288371229 
-82.3612145840 0.0415464454 0.8721988726 0.5289135341 
-82.3627946201 0.0415427632 0.8722250888 0.5289902192 
-82.3643805752 0.0415390675 0.8722513976 0.5290671755 
-82.3659724357 0.0415353583 0.8722777986 0.5291444003 
-82.3675701880 0.0415316357 0.8723042915 0.5292218913 
-82.3691738190 0.0415278997 0.8723308762 0.5292996460 
-82.3707833157 0.0415241503 0.8723575522 0.5293776623 
-82.3723986654 0.0415203877 0.8723843194 0.5294559380 
-82.3740198558 0.0415166117 0.8724111774 0.5295344711 
-82.3756468750 0.0415128225 0.8724381260 0.5296132596 
-82.3772797114 0.0415090201 0.8724651650 0.5296923018 
-82.3789183538 0.0415052045 0.8724922940 0.5297715957 
-82.3805627914 0.0415013757 0.8725195129 0.5298511398 
-82.3822130138 0.0414975338 0.8725468215 0.5299309325 
-82.3838690110 0.0414936787 0.8725742194 0.5300109723 
-82.3855307738 0.0414898106 0.8726017066 0.5300912579 
-82.3871982930 0.0414859294 0.8726292827 0.5301717877 
-82.3888715602 0.0414820351 0.8726569476 0.5302525607 
-82.3905505674 0.0414781279 0.8726847010 0.5303335757 
-82.3922353071 0.0414742076 0.8727125429 0.5304148315 
-82.3939257723 0.0414702744 0.8727404730 0.5304963272 
-82.3956219566 0.0414663282 0.8727684912 0.5305780618 
-82.3973238543 0.0414623691 0.8727965972 0.5306600344 
-82.3990314598 0.0414583970 0.8728247910 0.5307422442 
-82.4007447686 0.0414544120 0.8728530725 0.5308246906 
-82.4024637763 0.0414504142 0.8728814414 0.5309073728 
-82.4041884795 0.0414464034 0.8729098978 0.5309902902 
-82.4059188750 0.0414423798 0.8729384414 0.5310734424 
-82.4076549605 0.0414383433 0.8729670722 0.5311568288 
-82.4093967342 0.0414342939 0.8729957901 0.5312404491 
-82.4111441947 0.0414302317 0.8730245950 0.5313243028 
-82.4128973415 0.0414261566 0.8730534868 0.5314083899 
-82.4146561746 0.0414220687 0.8730824655 0.5314927100 
-82.4164206946 0.0414179680 0.8731115311 0.5315772630 
-82.4181909026 0.0414138544 0.8731406835 0.5316620488 
-82.4199668006 0.0414097280 0.8731699228 0.5317470673 
-82.4217483910 0.0414055887 0.8731992487 0.5318323187 
-82.4235356769 0.0414014366 0.8732286615 0.5319178030 
-82.4253286620 0.0413972716 0.8732581610 0.5320035203 
-82.4271273506 0.0413930938 0.8732877474 0.5320894708 
-82.4289317477 0.0413889030 0.8733174205 0.5321756549 
-82.4307418588 0.0413846995 0.8733471806 0.5322620729 
-82.4325576902 0.0413804830 0.8733770275 0.5323487250 
-82.4343792487 0.0413762536 0.8734069615 0.5324356119 
-82.4362065417 0.0413720114 0.8734369825 0.5325227339 
-82.4380395773 0.0413677562 0.8734670906 0.5326100915 
-82.4398783642 0.0413634880 0.8734972859 0.5326976855 
-82.4417229116 0.0413592069 0.8735275686 0.5327855165 
-82.4435732295 0.0413549128 0.8735579387 0.5328735852 
-82.4454293283 0.0413506057 0.8735883963 0.5329618923 
-82.4472912193 0.0413462856 0.8736189417 0.5330504388 
-82.4491589139 0.0413419525 0.8736495748 0.5331392254 
-82.4510324247 0.0413376062 0.8736802960 0.5332282532 
-82.4529117644 0.0413332469 0.8737111053 0.5333175231 
-82.4547969464 0.0413288744 0.8737420029 0.5334070363 
-82.4566879849 0.0413244888 0.8737729889 0.5334967937 
-82.4585848944 0.0413200900 0.8738040637 0.5335867967 
-82.4604876900 0.0413156780 0.8738352274 0.5336770464 
-82.4623963874 0.0413112528 0.8738664801 0.5337675441 
-82.4643110029 0.0413068142 0.8738978221 0.5338582912 
-82.4662315533 0.0413023624 0.8739292537 0.5339492890 
-82.4681580558 0.0412978972 0.8739607751 0.5340405392 
-82.4700905282 0.0412934186 0.8739923864 0.5341320431 
-82.4720289888 0.0412889266 0.8740240880 0.5342238024 
-82.4739734564 0.0412844211 0.8740558801 0.5343158188 
-82.4759239503 0.0412799021 0.8740877630 0.5344080939 
-82.4778804902 0.0412753696 0.8741197370 0.5345006295 
-82.4798430962 0.0412708235 0.8741518023 0.5345934276 
-82.4818117889 0.0412662637 0.8741839592 0.5346864899 
-82.4837865894 0.0412616903 0.8742162081 0.5347798185 
-82.4857675191 0.0412571031 0.8742485491 0.5348734154 
-82.4877545998 0.0412525022 0.8742809827 0.5349672828 
-82.4897478537 0.0412478874 0.8743135092 0.5350614228 
-82.4917473034 0.0412432588 0.8743461288 0.5351558376 
-82.4937529716 0.0412386163 0.8743788419 0.5352505297 
-82.4957648816 0.0412339598 0.8744116488 0.5353455013 
-82.4977830568 0.0412292893 0.8744445499 0.5354407551 
-82.4998075210 0.0412246047 0.8744775455 0.5355362935 
-82.5018382982 0.0412199061 0.8745106359 0.5356321191 
-82.5038754125 0.0412151932 0.8745438215 0.5357282348 
-82.5059188885 0.0412104662 0.8745771026 0.5358246432 
-82.5079687506 0.0412057248 0.8746104796 0.5359213473 
-82.5100250235 0.0412009692 0.8746439528 0.5360183500 
-82.5120877322 0.0411961992 0.8746775226 0.5361156545 
-82.5141569015 0.0411914147 0.8747111894 0.5362132638 
-82.5162325564 0.0411866158 0.8747449535 0.5363111812 
-82.5183147219 0.0411818023 0.8747788152 0.5364094100 
-82.5204034230 0.0411769742 0.8748127750 0.5365079537 
-82.5224986846 0.0411721315 0.8748468331 0.5366068159 
-82.5246005315 0.0411672742 0.8748809900 0.5367060001 
-82.5267089884 0.0411624020 0.8749152459 0.5368055102 
-82.5288240799 0.0411575151 0.8749496013 0.5369053499 
-82.5309458303 0.0411526133 0.8749840564 0.5370055234 
-82.5330742637 0.0411476967 0.8750186116 0.5371060347 
-82.5352094038 0.0411427650 0.8750532673 0.5372068880 
-82.5373512740 0.0411378184 0.8750880238 0.5373080877 
-82.5394998973 0.0411328568 0.8751228813 0.5374096383 
-82.5416552963 0.0411278800 0.8751578402 0.5375115443 
-82.5438174930 0.0411228881 0.8751929009 0.5376138107 
-82.5459865087 0.0411178810 0.8752280635 0.5377164423 
-82.5481623644 0.0411128587 0.8752633284 0.5378194442 
-82.5503450801 0.0411078212 0.8752986959 0.5379228215 
-82.5525346751 0.0411027683 0.8753341662 0.5380265797 
-82.5547311678 0.0410977001 0.8753697395 0.5381307244 
-82.5569345760 0.0410926165 0.8754054161 0.5382352612 
-82.5591449160 0.0410875175 0.8754411962 0.5383401961 
-82.5613622034 0.0410824031 0.8754770800 0.5384455352 
-82.5635864525 0.0410772732 0.8755130676 0.5385512848 
-82.5658176764 0.0410721278 0.8755491592 0.5386574514 
-82.5680558868 0.0410669669 0.8755853550 0.5387640417 
-82.5703010939 0.0410617904 0.8756216550 0.5388710626 
-82.5725533065 0.0410565984 0.8756580593 0.5389785213 
-82.5748125317 0.0410513909 0.8756945679 0.5390864252 
-82.5770787747 0.0410461678 0.8757311810 0.5391947820 
-82.5793520390 0.0410409291 0.8757678984 0.5393035994 
-82.5816323260 0.0410356749 0.8758047201 0.5394128858 
-82.5839196349 0.0410304051 0.8758416461 0.5395226496 
-82.5862139628 0.0410251197 0.8758786762 0.5396328994 
-82.5885153044 0.0410198189 0.8759158103 0.5397436443 
-82.5908236515 0.0410145025 0.8759530482 0.5398548936 
-82.5931389936 0.0410091707 0.8759903896 0.5399666571 
-82.5954613172 0.0410038234 0.8760278342 0.5400789446 
-82.5977906056 0.0409984607 0.8760653817 0.5401917665 
-82.6001268390 0.0409930827 0.8761030317 0.5403051336 
-82.6024699944 0.0409876894 0.8761407837 0.5404190568 
-82.6048200448 0.0409822809 0.8761786372 0.5405335477 
-82.6071769596 0.0409768573 0.8762165917 0.5406486181 
-82.6095407044 0.0409714186 0.8762546465 0.5407642803 
-82.6119112402 0.0409659649 0.8762928008 0.5408805470 
-82.6142885239 0.0409604964 0.8763310540 0.5409974314 
-82.6166725073 0.0409550132 0.8763694051 0.5411149470 
-82.6190631376 0.0409495154 0.8764078531 0.5412331081 
-82.6214603567 0.0409440031 0.8764463972 0.5413519291 
-82.6238641009 0.0409384764 0.8764850360 0.5414714252 
-82.6262743008 0.0409329357 0.8765237685 0.5415916120 
-82.6286908809 0.0409273809 0.8765625932 0.5417125056 
-82.6311137593 0.0409218124 0.8766015089 0.5418341228 
-82.6335428474 0.0409162303 0.8766405138 0.5419564808 
-82.6359780497 0.0409106348 0.8766796064 0.5420795975 
-82.6384192629 0.0409050263 0.8767187850 0.5422034912 
-82.6408663763 0.0408994049 0.8767580475 0.5423281809 
-82.6433192709 0.0408937709 0.8767973920 0.5424536860 
-82.6457778190 0.0408881247 0.8768368163 0.5425800267 
-82.6482418841 0.0408824666 0.8768763181 0.5427072235 
-82.6507113202 0.0408767968 0.8769158948 0.5428352974 
-82.6531859715 0.0408711158 0.8769555440 0.5429642698 
-82.6556656717 0.0408654239 0.8769952626 0.5430941624 
-82.6581502439 0.0408597216 0.8770350478 0.5432249969 
-82.6606395000 0.0408540092 0.8770748964 0.5433567952 
-82.6631332398 0.0408482873 0.8771148050 0.5434895788 
-82.6656312511 0.0408425564 0.8771547700 0.5436233683 
-82.6681333088 0.0408368169 0.8771947877 0.5437581834 
-82.6706391747 0.0408310694 0.8772348541 0.5438940418 
-82.6731485967 0.0408253146 0.8772749650 0.5440309584 
-82.6756613086 0.0408195529 0.8773151159 0.5441689442 
-82.6781770295 0.0408137851 0.8773553021 0.5443080043 
-82.6806954637 0.0408080118 0.8773955188 0.5444481361 
-82.6832163003 0.0408022338 0.8774357606 0.5445893259 
-82.6857392132 0.0407964518 0.8774760223 0.5447315449 
-82.6882638614 0.0407906665 0.8775162981 0.5448747441 
-82.6907898888 0.0407848789 0.8775565821 0.5450188466 
-82.6933169260 0.0407790897 0.8775968682 0.5451637380 
-82.6958445906 0.0407732998 0.8776371501 0.5453092542 
-82.6983724904 0.0407675102 0.8776774213 0.5454551641 
-82.7009002254 0.0407617217 0.8777176751 0.5456011487 
-82.7034273932 0.0407559353 0.8777579049 0.5457467737 
-82.7059535945 0.0407501518 0.8777981041 0.5458914561 
-82.7084784418 0.0407443723 0.8778382663 0.5460344244 
-82.7110015711 0.0407385974 0.8778783855 0.5461746762 
-82.7135226565 0.0407328279 0.8779184564 0.5463109393 
-82.7160414305 0.0407270645 0.8779584744 0.5464416550 
-82.7185577089 0.0407213076 0.8779984368 0.5465650255 
-82.7210714212 0.0407155573 0.8780383422 0.5466792132 
-82.7235826466 0.0407098135 0.8780781920 0.5467828996 
-82.7260916504 0.0407040755 0.8781179907 0.5468766547 
-82.7285989048 0.0406983422 0.8781577460 0.5469655472 
-82.7298519372 0.0406954772 0.8781776081 0.5470105764 
-82.7311039672 0.0406926147 0.8781974474 0.5470524213 
-82.7323552996 0.0406897540 0.8782172690 0.5470927012 
-82.7336062575 0.0406868943 0.8782370783 0.5471324562 
-82.7348571678 0.0406840350 0.8782568807 0.5471723323 
-82.7361083532 0.0406811752 0.8782766814 0.5472127162 
-82.7373601269 0.0406783142 0.8782964856 0.5472538298 
-82.7386127905 0.0406754514 0.8783162982 0.5472957936 
-82.7398666322 0.0406725861 0.8783361241 0.5473386681 
-82.7411219268 0.0406697177 0.8783559676 0.5473824778 
-82.7423789354 0.0406668455 0.8783758331 0.5474272267 
-82.7436379059 0.0406639691 0.8783957246 0.5474729065 
-82.7448990728 0.0406610878 0.8784156459 0.5475195017 
-82.7461626584 0.0406582012 0.8784356007 0.5475669925 
-82.7474288726 0.0406553088 0.8784555924 0.5476153567 
-82.7486979137 0.0406524101 0.8784756241 0.5476645706 
-82.7499699691 0.0406495048 0.8784956990 0.5477146097 
-82.7512452156 0.0406465923 0.8785158198 0.5477654495 
-82.7525238199 0.0406436724 0.8785359893 0.5478170651 
-82.7538059391 0.0406407446 0.8785562100 0.5478694323 
-82.7550917214 0.0406378087 0.8785764843 0.5479225269 
-82.7563813065 0.0406348643 0.8785968143 0.5479763253 
-82.7576748258 0.0406319111 0.8786172022 0.5480308047 
-82.7589724033 0.0406289489 0.8786376500 0.5480859424 
-82.7602741559 0.0406259773 0.8786581595 0.5481417166 
-82.7615801936 0.0406229961 0.8786787324 0.5481981060 
-82.7628906201 0.0406200051 0.8786993703 0.5482550901 
-82.7642055333 0.0406170041 0.8787200749 0.5483126487 
-82.7655250255 0.0406139929 0.8787408475 0.5483707623 
-82.7668491841 0.0406109712 0.8787616894 0.5484294122 
-82.7681780913 0.0406079389 0.8787826019 0.5484885800 
-82.7695118253 0.0406048958 0.8788035863 0.5485482480 
-82.7708504600 0.0406018417 0.8788246436 0.5486083990 
-82.7721940656 0.0405987765 0.8788457749 0.5486690163 
-82.7735427091 0.0405957000 0.8788669811 0.5487300837 
-82.7748964541 0.0405926121 0.8788882633 0.5487915855 
-82.7762553615 0.0405895127 0.8789096223 0.5488535065 
-82.7776194897 0.0405864016 0.8789310589 0.5489158319 
-82.7789888950 0.0405832786 0.8789525740 0.5489785474 
-82.7803636317 0.0405801438 0.8789741684 0.5490416391 
-82.7817437522 0.0405769968 0.8789958427 0.5491050933 
-82.7831293079 0.0405738378 0.8790175978 0.5491688970 
-82.7845203488 0.0405706664 0.8790394342 0.5492330373 
-82.7859169239 0.0405674827 0.8790613527 0.5492975018 
-82.7873190818 0.0405642864 0.8790833539 0.5493622783 
-82.7887268706 0.0405610776 0.8791054385 0.5494273551 
-82.7901403381 0.0405578561 0.8791276071 0.5494927207 
-82.7915595324 0.0405546217 0.8791498604 0.5495583638 
-82.7929845016 0.0405513745 0.8791721990 0.5496242735 
-82.7944152946 0.0405481142 0.8791946235 0.5496904391 
-82.7958519608 0.0405448408 0.8792171347 0.5497568502 
-82.7972945506 0.0405415542 0.8792397331 0.5498234965 
-82.7987431157 0.0405382541 0.8792624194 0.5498903682 
-82.8001977090 0.0405349406 0.8792851944 0.5499574554 
-82.8016583851 0.0405316136 0.8793080587 0.5500247487 
-82.8031252003 0.0405282727 0.8793310132 0.5500922385 
-82.8045982130 0.0405249181 0.8793540585 0.5501599158 
-82.8060774839 0.0405215494 0.8793771954 0.5502277716 
-82.8075630759 0.0405181667 0.8794004249 0.5502957969 
-82.8090550548 0.0405147696 0.8794237477 0.5503639832 
-82.8105534889 0.0405113581 0.8794471648 0.5504323218 
-82.8120584500 0.0405079321 0.8794706772 0.5505008044 
-82.8135700128 0.0405044913 0.8794942858 0.5505694226 
-82.8150882557 0.0405010355 0.8795179917 0.5506381683 
-82.8166132606 0.0404975647 0.8795417960 0.5507070335 
-82.8181451135 0.0404940786 0.8795656999 0.5507760102 
-82.8196839045 0.0404905769 0.8795897046 0.5508450905 
-82.8212297278 0.0404870596 0.8796138113 0.5509142668 
-82.8227826825 0.0404835263 0.8796380215 0.5509835313 
-82.8243428724 0.0404799768 0.8796623365 0.5510528765 
-82.8259104060 0.0404764110 0.8796867579 0.5511222949 
-82.8274853975 0.0404728285 0.8797112872 0.5511917790 
-82.8290679664 0.0404692290 0.8797359261 0.5512613214 
-82.8306582378 0.0404656124 0.8797606764 0.5513309148 
-82.8322563430 0.0404619782 0.8797855398 0.5514005519 
-82.8338624193 0.0404583262 0.8798105182 0.5514702256 
-82.8354766107 0.0404546562 0.8798356138 0.5515399285 
-82.8370990676 0.0404509676 0.8798608286 0.5516096537 
-82.8387299478 0.0404472602 0.8798861647 0.5516793938 
-82.8403694160 0.0404435336 0.8799116247 0.5517491420 
-82.8420176446 0.0404397875 0.8799372108 0.5518188910 
-82.8436748138 0.0404360213 0.8799629257 0.5518886338 
-82.8453411120 0.0404322348 0.8799887719 0.5519583634 
-82.8470167359 0.0404284274 0.8800147524 0.5520280727 
-82.8487018909 0.0404245987 0.8800408700 0.5520977548 
-82.8503967915 0.0404207482 0.8800671278 0.5521674026 
-82.8521016614 0.0404168754 0.8800935290 0.5522370091 
-82.8538167341 0.0404129798 0.8801200770 0.5523065672 
-82.8555422532 0.0404090609 0.8801467751 0.5523760700 
-82.8572784723 0.0404051180 0.8801736271 0.5524455103 
-82.8590256561 0.0404011506 0.8802006368 0.5525148810 
-82.8607840800 0.0403971581 0.8802278081 0.5525841752 
-82.8625540313 0.0403931398 0.8802551452 0.5526533857 
-82.8643358087 0.0403890950 0.8802826523 0.5527225053 
-82.8661297233 0.0403850231 0.8803103340 0.5527915269 
-82.8679360990 0.0403809233 0.8803381950 0.5528604433 
-82.8697552724 0.0403767948 0.8803662400 0.5529292472 
-82.8715875938 0.0403726369 0.8803944743 0.5529979314 
-82.8734334276 0.0403684488 0.8804229030 0.5530664885 
-82.8752931522 0.0403642296 0.8804515316 0.5531349112 
-82.8771671612 0.0403599785 0.8804803659 0.5532031920 
-82.8790558633 0.0403556944 0.8805094118 0.5532713236 
-82.8809596832 0.0403513765 0.8805386754 0.5533392983 
-82.8828790620 0.0403470238 0.8805681632 0.5534071087 
-82.8848144575 0.0403426352 0.8805978819 0.5534747470 
-82.8867663451 0.0403382097 0.8806278383 0.5535422056 
-82.8887352181 0.0403337461 0.8806580396 0.5536094767 
-82.8907215884 0.0403292434 0.8806884934 0.5536765524 
-82.8927259871 0.0403247003 0.8807192073 0.5537434250 
-82.8947489650 0.0403201156 0.8807501893 0.5538100863 
-82.8967910934 0.0403154880 0.8807814479 0.5538765284 
-82.8988529647 0.0403108162 0.8808129916 0.5539427430 
-82.9009351930 0.0403060988 0.8808448295 0.5540087220 
-82.9030384147 0.0403013344 0.8808769708 0.5540744571 
-82.9051632895 0.0402965215 0.8809094251 0.5541399399 
-82.9073105010 0.0402916586 0.8809422026 0.5542051618 
-82.9094807573 0.0402867441 0.8809753134 0.5542701144 
-82.9116747920 0.0402817763 0.8810087683 0.5543347888 
-82.9138933651 0.0402767536 0.8810425785 0.5543991764 
-82.9161372632 0.0402716741 0.8810767555 0.5544632682 
-82.9184073013 0.0402665361 0.8811113111 0.5545270553 
-82.9207043228 0.0402613377 0.8811462578 0.5545905286 
-82.9230292012 0.0402560769 0.8811816082 0.5546536787 
-82.9253828401 0.0402507517 0.8812173757 0.5547164965 
-82.9277661752 0.0402453600 0.8812535740 0.5547789725 
-82.9301801746 0.0402398997 0.8812902171 0.5548410970 
-82.9326258399 0.0402343684 0.8813273198 0.5549028603 
-82.9351042074 0.0402287639 0.8813648972 0.5549642527 
-82.9376163495 0.0402230839 0.8814029650 0.5550252642 
-82.9401633750 0.0402173257 0.8814415395 0.5550858847 
-82.9427464310 0.0402114869 0.8814806374 0.5551461039 
-82.9453667039 0.0402055648 0.8815202761 0.5552059114 
-82.9480254203 0.0401995567 0.8815604735 0.5552652967 
-82.9507238489 0.0401934597 0.8816012483 0.5553242492 
-82.9534633010 0.0401872709 0.8816426195 0.5553827579 
-82.9562451326 0.0401809873 0.8816846071 0.5554408119 
-82.9590707455 0.0401746058 0.8817272315 0.5554984001 
-82.9619415884 0.0401681231 0.8817705138 0.5555555110 
-82.9648591590 0.0401615360 0.8818144760 0.5556121333 
-82.9678250051 0.0401548409 0.8818591407 0.5556682551 
-82.9708407261 0.0401480343 0.8819045312 0.5557238647 
-82.9739079751 0.0401411125 0.8819506716 0.5557789500 
-82.9770284600 0.0401340717 0.8819975870 0.5558334989 
-82.9802039456 0.0401269080 0.8820453030 0.5558874987 
-82.9834362552 0.0401196174 0.8820938461 0.5559409371 
-82.9867272725 0.0401121957 0.8821432439 0.5559938010 
-82.9900789434 0.0401046385 0.8821935247 0.5560460775 
-82.9934932781 0.0400969414 0.8822447178 0.5560977534 
-82.9969723529 0.0400890998 0.8822968533 0.5561488152 
-83.0005183125 0.0400811089 0.8823499625 0.5561992491 
-83.0041333718 0.0400729638 0.8824040774 0.5562490413 
-83.0078198185 0.0400646595 0.8824592314 0.5562981776 
-83.0115800151 0.0400561907 0.8825154587 0.5563466436 
-83.0154164011 0.0400475521 0.8825727947 0.5563944247 
-83.0193314959 0.0400387380 0.8826312759 0.5564415060 
-83.0233279008 0.0400297427 0.8826909399 0.5564878722 
-83.0274083017 0.0400205604 0.8827518256 0.5565335081 
-83.0315754721 0.0400111847 0.8828139730 0.5565783978 
-83.0358322750 0.0400016096 0.8828774235 0.5566225255 
-83.0401816667 0.0399918283 0.8829422197 0.5566658748 
-83.0446266990 0.0399818343 0.8830084055 0.5567084291 
-83.0491705224 0.0399716206 0.8830760264 0.5567501717 
-83.0538163891 0.0399611800 0.8831451290 0.5567910854 
-83.0585676564 0.0399505051 0.8832157615 0.5568311525 
-83.0634277900 0.0399395884 0.8832879736 0.5568703555 
-83.0684003669 0.0399284220 0.8833618166 0.5569086760 
-83.0734890793 0.0399169978 0.8834373432 0.5569460956 
-83.0786977384 0.0399053074 0.8835146079 0.5569825954 
-83.0840302775 0.0398933423 0.8835936666 0.5570181562 
-83.0894907564 0.0398810936 0.8836745773 0.5570527585 
-83.0950833650 0.0398685520 0.8837573995 0.5570863823 
-83.1008124275 0.0398557083 0.8838421945 0.5571190072 
-83.1066824069 0.0398425525 0.8839290255 0.5571506124 
-83.1126979087 0.0398290748 0.8840179577 0.5571811768 
-83.1188636860 0.0398152648 0.8841090581 0.5572106788 
-83.1251846439 0.0398011118 0.8842023958 0.5572390963 
-83.1316658443 0.0397866048 0.8842980420 0.5572664069 
-83.1383125106 0.0397717325 0.8843960699 0.5572925876 
-83.1451300332 0.0397564832 0.8844965549 0.5573176149 
-83.1521239747 0.0397408449 0.8845995748 0.5573414650 
-83.1593000751 0.0397248052 0.8847052095 0.5573641135 
-83.1666642574 0.0397083513 0.8848135412 0.5573855354 
-83.1742226337 0.0396914701 0.8849246548 0.5574057052 
-83.1819815110 0.0396741479 0.8850386373 0.5574245969 
-83.1899473973 0.0396563707 0.8851555785 0.5574421839 
-83.1981270082 0.0396381243 0.8852755707 0.5574584391 
-83.2065272733 0.0396193936 0.8853987089 0.5574733347 
-83.2151553432 0.0396001635 0.8855250907 0.5574868422 
-83.2240185963 0.0395804182 0.8856548167 0.5574989327 
-83.2331246462 0.0395601414 0.8857879902 0.5575095764 
-83.2424813495 0.0395393164 0.8859247173 0.5575187430 
-83.2520968131 0.0395179260 0.8860651075 0.5575264013 
-83.2619794025 0.0394959524 0.8862092731 0.5575325196 
-83.2721377502 0.0394733774 0.8863573294 0.5575370651 
-83.2825807639 0.0394501822 0.8865093952 0.5575400046 
-83.2933176359 0.0394263474 0.8866655924 0.5575413039 
-83.3043578521 0.0394018530 0.8868260463 0.5575409278 
-83.3157112012 0.0393766784 0.8869908857 0.5575388406 
-83.3273877849 0.0393508026 0.8871602428 0.5575350053 
-83.3393980282 0.0393242037 0.8873342533 0.5575293841 
-83.3517526893 0.0392968592 0.8875130568 0.5575219383 
-83.3644628712 0.0392687462 0.8876967964 0.5575126280 
-83.3775400326 0.0392398408 0.8878856191 0.5575014123 
-83.3909959998 0.0392101185 0.8880796757 0.5574882492 
-83.4048429785 0.0391795542 0.8882791210 0.5574730954 
-83.4190935665 0.0391481219 0.8884841137 0.5574559063 
-83.4337607669 0.0391157949 0.8886948168 0.5574366362 
-83.4488580013 0.0390825458 0.8889113973 0.5574152377 
-83.4643991235 0.0390483464 0.8891340264 0.5573916620 
-83.4803984345 0.0390131674 0.8893628797 0.5573658588 
-83.4968706972 0.0389769790 0.8895981372 0.5573377760 
-83.5138311518 0.0389397505 0.8898399832 0.5573073595 
-83.5312955321 0.0389014500 0.8900886065 0.5572745535 
-83.5492800821 0.0388620451 0.8903442006 0.5572392995 
-83.5678015736 0.0388215022 0.8906069635 0.5572015371 
-83.5868773238 0.0387797868 0.8908770978 0.5571612029 
-83.6065252142 0.0387368635 0.8911548109 0.5571182304 
-83.6267637101 0.0386926957 0.8914403152 0.5570725499 
-83.6476118807 0.0386472459 0.8917338274 0.5570240876 
-83.6690894200 0.0386004756 0.8920355694 0.5569727653 
-83.6912166688 0.0385523452 0.8923457680 0.5569184995 
-83.7140146372 0.0385028137 0.8926646548 0.5568612003 
-83.7375050284 0.0384518393 0.8929924663 0.5568007705 
-83.7617102632 0.0383993788 0.8933294440 0.5567371038 
-83.7866535059 0.0383453880 0.8936758344 0.5566700828 
-83.8123586909 0.0382898213 0.8940318890 0.5565995764 
-83.8388505509 0.0382326319 0.8943978640 0.5565254361 
-83.8661546461 0.0381737716 0.8947740209 0.5564474921 
-83.8942973950 0.0381131911 0.8951606258 0.5563655466 
-83.9233061070 0.0380508394 0.8955579499 0.5562793661 
-83.9532090157 0.0379866645 0.8959662692 0.5561886710 
-83.9840353160 0.0379206125 0.8963858645 0.5560931210 
-84.0158152012 0.0378526285 0.8968170214 0.5559922964 
-84.0485799043 0.0377826558 0.8972600301 0.5558856720 
-84.0823617415 0.0377106361 0.8977151857 0.5557725829 
-84.1171941594 0.0376365097 0.8981827876 0.5556521770 
-84.1531117862 0.0375602150 0.8986631402 0.5555233521 
-84.1901504884 0.0374816888 0.8991565520 0.5553846692 
-84.2283474336 0.0374008663 0.8996633364 0.5552342368 
-84.2677411617 0.0373176803 0.9001838115 0.5550695542 
-84.3083716660 0.0372320622 0.9007183000 0.5548873029 
-84.3502804882 0.0371439410 0.9012671298 0.5546830723 
-84.3935108296 0.0370532434 0.9018306342 0.5544510118 
-84.4381076855 0.0369598938 0.9024091526 0.5541834139 
-84.4841180075 0.0368638139 0.9030030313 0.5538702787 
-84.5315909018 0.0367649225 0.9036126249 0.5534989699 
-84.5805778705 0.0366631348 0.9042382977 0.5530543178 
-84.6311332227 0.0365583622 0.9048804275 0.5525315880 
-84.6833149685 0.0364505101 0.9055394157 0.5520117579 
-84.7371829471 0.0363394823 0.9062156599 0.5515903425 
-82.7298519372 0.0406954772 0.8781776081 0.5470105764 
-82.7311039672 0.0406926147 0.8781974474 0.5470524213 
-82.7323552996 0.0406897540 0.8782172690 0.5470927012 
-82.7336062575 0.0406868943 0.8782370783 0.5471324562 
-82.7348571678 0.0406840350 0.8782568807 0.5471723323 
-82.7361083532 0.0406811752 0.8782766814 0.5472127162 
-82.7373601269 0.0406783142 0.8782964856 0.5472538298 
-82.7386127905 0.0406754514 0.8783162982 0.5472957936 
-82.7398666322 0.0406725861 0.8783361241 0.5473386681 
-82.7411219268 0.0406697177 0.8783559676 0.5473824778 
-82.7423789354 0.0406668455 0.8783758331 0.5474272267 
-82.7436379059 0.0406639691 0.8783957246 0.5474729065 
-82.7448990728 0.0406610878 0.8784156459 0.5475195017 
-82.7461626584 0.0406582012 0.8784356007 0.5475669925 
-82.7474288726 0.0406553088 0.8784555924 0.5476153567 
-82.7486979137 0.0406524101 0.8784756241 0.5476645706 
-82.7499699691 0.0406495048 0.8784956990 0.5477146097 
-82.7512452156 0.0406465923 0.8785158198 0.5477654495 
-82.7525238199 0.0406436724 0.8785359893 0.5478170651 
-82.7538059391 0.0406407446 0.8785562100 0.5478694323 
-82.7550917214 0.0406378087 0.8785764843 0.5479225269 
-82.7563813065 0.0406348643 0.8785968143 0.5479763253 
-82.7576748258 0.0406319111 0.8786172022 0.5480308047 
-82.7589724033 0.0406289489 0.8786376500 0.5480859424 
-82.7602741559 0.0406259773 0.8786581595 0.5481417166 
-82.7615801936 0.0406229961 0.8786787324 0.5481981060 
-82.7628906201 0.0406200051 0.8786993703 0.5482550901 
-82.7642055333 0.0406170041 0.8787200749 0.5483126487 
-82.7655250255 0.0406139929 0.8787408475 0.5483707623 
-82.7668491841 0.0406109712 0.8787616894 0.5484294122 
-82.7681780913 0.0406079389 0.8787826019 0.5484885800 
-82.7695118253 0.0406048958 0.8788035863 0.5485482480 
-82.7708504600 0.0406018417 0.8788246436 0.5486083990 
-82.7721940656 0.0405987765 0.8788457749 0.5486690163 
-82.7735427091 0.0405957000 0.8788669811 0.5487300837 
-82.7748964541 0.0405926121 0.8788882633 0.5487915855 
-82.7762553615 0.0405895127 0.8789096223 0.5488535065 
-82.7776194897 0.0405864016 0.8789310589 0.5489158319 
-82.7789888950 0.0405832786 0.8789525740 0.5489785474 
-82.7803636317 0.0405801438 0.8789741684 0.5490416391 
-82.7817437522 0.0405769968 0.8789958427 0.5491050933 
-82.7831293079 0.0405738378 0.8790175978 0.5491688970 
-82.7845203488 0.0405706664 0.8790394342 0.5492330373 
-82.7859169239 0.0405674827 0.8790613527 0.5492975018 
-82.7873190818 0.0405642864 0.8790833539 0.5493622783 
-82.7887268706 0.0405610776 0.8791054385 0.5494273551 
-82.7901403381 0.0405578561 0.8791276071 0.5494927207 
-82.7915595324 0.0405546217 0.8791498604 0.5495583638 
-82.7929845016 0.0405513745 0.8791721990 0.5496242735 
-82.7944152946 0.0405481142 0.8791946235 0.5496904391 
-82.7958519608 0.0405448408 0.8792171347 0.5497568502 
-82.7972945506 0.0405415542 0.8792397331 0.5498234965 
-82.7987431157 0.0405382541 0.8792624194 0.5498903682 
-82.8001977090 0.0405349406 0.8792851944 0.5499574554 
-82.8016583851 0.0405316136 0.8793080587 0.5500247487 
-82.8031252003 0.0405282727 0.8793310132 0.5500922385 
-82.8045982130 0.0405249181 0.8793540585 0.5501599158 
-82.8060774839 0.0405215494 0.8793771954 0.5502277716 
-82.8075630759 0.0405181667 0.8794004249 0.5502957969 
-82.8090550548 0.0405147696 0.8794237477 0.5503639832 
-82.8105534889 0.0405113581 0.8794471648 0.5504323218 
-82.8120584500 0.0405079321 0.8794706772 0.5505008044 
-82.8135700128 0.0405044913 0.8794942858 0.5505694226 
-82.8150882557 0.0405010355 0.8795179917 0.5506381683 
-82.8166132606 0.0404975647 0.8795417960 0.5507070335 
-82.8181451135 0.0404940786 0.8795656999 0.5507760102 
-82.8196839045 0.0404905769 0.8795897046 0.5508450905 
-82.8212297278 0.0404870596 0.8796138113 0.5509142668 
-82.8227826825 0.0404835263 0.8796380215 0.5509835313 
-82.8243428724 0.0404799768 0.8796623365 0.5510528765 
-82.8259104060 0.0404764110 0.8796867579 0.5511222949 
-82.8274853975 0.0404728285 0.8797112872 0.5511917790 
-82.8290679664 0.0404692290 0.8797359261 0.5512613214 
-82.8306582378 0.0404656124 0.8797606764 0.5513309148 
-82.8322563430 0.0404619782 0.8797855398 0.5514005519 
-82.8338624193 0.0404583262 0.8798105182 0.5514702256 
-82.8354766107 0.0404546562 0.8798356138 0.5515399285 
-82.8370990676 0.0404509676 0.8798608286 0.5516096537 
-82.8387299478 0.0404472602 0.8798861647 0.5516793938 
-82.8403694160 0.0404435336 0.8799116247 0.5517491420 
-82.8420176446 0.0404397875 0.8799372108 0.5518188910 
-82.8436748138 0.0404360213 0.8799629257 0.5518886338 
-82.8453411120 0.0404322348 0.8799887719 0.5519583634 
-82.8470167359 0.0404284274 0.8800147524 0.5520280727 
-82.8487018909 0.0404245987 0.8800408700 0.5520977548 
-82.8503967915 0.0404207482 0.8800671278 0.5521674026 
-82.8521016614 0.0404168754 0.8800935290 0.5522370091 
-82.8538167341 0.0404129798 0.8801200770 0.5523065672 
-82.8555422532 0.0404090609 0.8801467751 0.5523760700 
-82.8572784723 0.0404051180 0.8801736271 0.5524455103 
-82.8590256561 0.0404011506 0.8802006368 0.5525148810 
-82.8607840800 0.0403971581 0.8802278081 0.5525841752 
-82.8625540313 0.0403931398 0.8802551452 0.5526533857 
-82.8643358087 0.0403890950 0.8802826523 0.5527225053 
-82.8661297233 0.0403850231 0.8803103340 0.5527915269 
-82.8679360990 0.0403809233 0.8803381950 0.5528604433 
-82.8697552724 0.0403767948 0.8803662400 0.5529292472 
-82.8715875938 0.0403726369 0.8803944743 0.5529979314 
-82.8734334276 0.0403684488 0.8804229030 0.5530664885 
-82.8752931522 0.0403642296 0.8804515316 0.5531349112 
-82.8771671612 0.0403599785 0.8804803659 0.5532031920 
-82.8790558633 0.0403556944 0.8805094118 0.5532713236 
-82.8809596832 0.0403513765 0.8805386754 0.5533392983 
-82.8828790620 0.0403470238 0.8805681632 0.5534071087 
-82.8848144575 0.0403426352 0.8805978819 0.5534747470 
-82.8867663451 0.0403382097 0.8806278383 0.5535422056 
-82.8887352181 0.0403337461 0.8806580396 0.5536094767 
-82.8907215884 0.0403292434 0.8806884934 0.5536765524 
-82.8927259871 0.0403247003 0.8807192073 0.5537434250 
-82.8947489650 0.0403201156 0.8807501893 0.5538100863 
-82.8967910934 0.0403154880 0.8807814479 0.5538765284 
-82.8988529647 0.0403108162 0.8808129916 0.5539427430 
-82.9009351930 0.0403060988 0.8808448295 0.5540087220 
-82.9030384147 0.0403013344 0.8808769708 0.5540744571 
-82.9051632895 0.0402965215 0.8809094251 0.5541399399 
-82.9073105010 0.0402916586 0.8809422026 0.5542051618 
-82.9094807573 0.0402867441 0.8809753134 0.5542701144 
-82.9116747920 0.0402817763 0.8810087683 0.5543347888 
-82.9138933651 0.0402767536 0.8810425785 0.5543991764 
-82.9161372632 0.0402716741 0.8810767555 0.5544632682 
-82.9184073013 0.0402665361 0.8811113111 0.5545270553 
-82.9207043228 0.0402613377 0.8811462578 0.5545905286 
-82.9230292012 0.0402560769 0.8811816082 0.5546536787 
-82.9253828401 0.0402507517 0.8812173757 0.5547164965 
-82.9277661752 0.0402453600 0.8812535740 0.5547789725 
-82.9301801746 0.0402398997 0.8812902171 0.5548410970 
-82.9326258399 0.0402343684 0.8813273198 0.5549028603 
-82.9351042074 0.0402287639 0.8813648972 0.5549642527 
-82.9376163495 0.0402230839 0.8814029650 0.5550252642 
-82.9401633750 0.0402173257 0.8814415395 0.5550858847 
-82.9427464310 0.0402114869 0.8814806374 0.5551461039 
-82.9453667039 0.0402055648 0.8815202761 0.5552059114 
-82.9480254203 0.0401995567 0.8815604735 0.5552652967 
-82.9507238489 0.0401934597 0.8816012483 0.5553242492 
-82.9534633010 0.0401872709 0.8816426195 0.5553827579 
-82.9562451326 0.0401809873 0.8816846071 0.5554408119 
-82.9590707455 0.0401746058 0.8817272315 0.5554984001 
-82.9619415884 0.0401681231 0.8817705138 0.5555555110 
-82.9648591590 0.0401615360 0.8818144760 0.5556121333 
-82.9678250051 0.0401548409 0.8818591407 0.5556682551 
-82.9708407261 0.0401480343 0.8819045312 0.5557238647 
-82.9739079751 0.0401411125 0.8819506716 0.5557789500 
-82.9770284600 0.0401340717 0.8819975870 0.5558334989 
-82.9802039456 0.0401269080 0.8820453030 0.5558874987 
-82.9834362552 0.0401196174 0.8820938461 0.5559409371 
-82.9867272725 0.0401121957 0.8821432439 0.5559938010 
-82.9900789434 0.0401046385 0.8821935247 0.5560460775 
-82.9934932781 0.0400969414 0.8822447178 0.5560977534 
-82.9969723529 0.0400890998 0.8822968533 0.5561488152 
-83.0005183125 0.0400811089 0.8823499625 0.5561992491 
-83.0041333718 0.0400729638 0.8824040774 0.5562490413 
-83.0078198185 0.0400646595 0.8824592314 0.5562981776 
-83.0115800151 0.0400561907 0.8825154587 0.5563466436 
-83.0154164011 0.0400475521 0.8825727947 0.5563944247 
-83.0193314959 0.0400387380 0.8826312759 0.5564415060 
-83.0233279008 0.0400297427 0.8826909399 0.5564878722 
-83.0274083017 0.0400205604 0.8827518256 0.5565335081 
-83.0315754721 0.0400111847 0.8828139730 0.5565783978 
-83.0358322750 0.0400016096 0.8828774235 0.5566225255 
-83.0401816667 0.0399918283 0.8829422197 0.5566658748 
-83.0446266990 0.0399818343 0.8830084055 0.5567084291 
-83.0491705224 0.0399716206 0.8830760264 0.5567501717 
-83.0538163891 0.0399611800 0.8831451290 0.5567910854 
-83.0585676564 0.0399505051 0.8832157615 0.5568311525 
-83.0634277900 0.0399395884 0.8832879736 0.5568703555 
-83.0684003669 0.0399284220 0.8833618166 0.5569086760 
-83.0734890793 0.0399169978 0.8834373432 0.5569460956 
-83.0786977384 0.0399053074 0.8835146079 0.5569825954 
-83.0840302775 0.0398933423 0.8835936666 0.5570181562 
-83.0894907564 0.0398810936 0.8836745773 0.5570527585 
-83.0950833650 0.0398685520 0.8837573995 0.5570863823 
-83.1008124275 0.0398557083 0.8838421945 0.5571190072 
-83.1066824069 0.0398425525 0.8839290255 0.5571506124 
-83.1126979087 0.0398290748 0.8840179577 0.5571811768 
-83.1188636860 0.0398152648 0.8841090581 0.5572106788 
-83.1251846439 0.0398011118 0.8842023958 0.5572390963 
-83.1316658443 0.0397866048 0.8842980420 0.5572664069 
-83.1383125106 0.0397717325 0.8843960699 0.5572925876 
-83.1451300332 0.0397564832 0.8844965549 0.5573176149 
-83.1521239747 0.0397408449 0.8845995748 0.5573414650 
-83.1593000751 0.0397248052 0.8847052095 0.5573641135 
-83.1666642574 0.0397083513 0.8848135412 0.5573855354 
-83.1742226337 0.0396914701 0.8849246548 0.5574057052 
-83.1819815110 0.0396741479 0.8850386373 0.5574245969 
-83.1899473973 0.0396563707 0.8851555785 0.5574421839 
-83.1981270082 0.0396381243 0.8852755707 0.5574584391 
-83.2065272733 0.0396193936 0.8853987089 0.5574733347 
-83.2151553432 0.0396001635 0.8855250907 0.5574868422 
-83.2240185963 0.0395804182 0.8856548167 0.5574989327 
-83.2331246462 0.0395601414 0.8857879902 0.5575095764 
-83.2424813495 0.0395393164 0.8859247173 0.5575187430 
-83.2520968131 0.0395179260 0.8860651075 0.5575264013 
-83.2619794025 0.0394959524 0.8862092731 0.5575325196 
-83.2721377502 0.0394733774 0.8863573294 0.5575370651 
-83.2825807639 0.0394501822 0.8865093952 0.5575400046 
-83.2933176359 0.0394263474 0.8866655924 0.5575413039 
-83.3043578521 0.0394018530 0.8868260463 0.5575409278 
-83.3157112012 0.0393766784 0.8869908857 0.5575388406 
-83.3273877849 0.0393508026 0.8871602428 0.5575350053 
-83.3393980282 0.0393242037 0.8873342533 0.5575293841 
-83.3517526893 0.0392968592 0.8875130568 0.5575219383 
-83.3644628712 0.0392687462 0.8876967964 0.5575126280 
-83.3775400326 0.0392398408 0.8878856191 0.5575014123 
-83.3909959998 0.0392101185 0.8880796757 0.5574882492 
-83.4048429785 0.0391795542 0.8882791210 0.5574730954 
-83.4190935665 0.0391481219 0.8884841137 0.5574559063 
-83.4337607669 0.0391157949 0.8886948168 0.5574366362 
-83.4488580013 0.0390825458 0.8889113973 0.5574152377 
-83.4643991235 0.0390483464 0.8891340264 0.5573916620 
-83.4803984345 0.0390131674 0.8893628797 0.5573658588 
-83.4968706972 0.0389769790 0.8895981372 0.5573377760 
-83.5138311518 0.0389397505 0.8898399832 0.5573073595 
-83.5312955321 0.0389014500 0.8900886065 0.5572745535 
-83.5492800821 0.0388620451 0.8903442006 0.5572392995 
-83.5678015736 0.0388215022 0.8906069635 0.5572015371 
-83.5868773238 0.0387797868 0.8908770978 0.5571612029 
-83.6065252142 0.0387368635 0.8911548109 0.5571182304 
-83.6267637101 0.0386926957 0.8914403152 0.5570725499 
-83.6476118807 0.0386472459 0.8917338274 0.5570240876 
-83.6690894200 0.0386004756 0.8920355694 0.5569727653 
-83.6912166688 0.0385523452 0.8923457680 0.5569184995 
-83.7140146372 0.0385028137 0.8926646548 0.5568612003 
-83.7375050284 0.0384518393 0.8929924663 0.5568007705 
-83.7617102632 0.0383993788 0.8933294440 0.5567371038 
-83.7866535059 0.0383453880 0.8936758344 0.5566700828 
-83.8123586909 0.0382898213 0.8940318890 0.5565995764 
-83.8388505509 0.0382326319 0.8943978640 0.5565254361 
-83.8661546461 0.0381737716 0.8947740209 0.5564474921 
-83.8942973950 0.0381131911 0.8951606258 0.5563655466 
-83.9233061070 0.0380508394 0.8955579499 0.5562793661 
-83.9532090157 0.0379866645 0.8959662692 0.5561886710 
-83.9840353160 0.0379206125 0.8963858645 0.5560931210 
-84.0158152012 0.0378526285 0.8968170214 0.5559922964 
-84.0485799043 0.0377826558 0.8972600301 0.5558856720 
-84.0823617415 0.0377106361 0.8977151857 0.5557725829 
-84.1171941594 0.0376365097 0.8981827876 0.5556521770 
-84.1531117862 0.0375602150 0.8986631402 0.5555233521 
-84.1901504884 0.0374816888 0.8991565520 0.5553846692 
-84.2283474336 0.0374008663 0.8996633364 0.5552342368 
-84.2677411617 0.0373176803 0.9001838115 0.5550695542 
-84.3083716660 0.0372320622 0.9007183000 0.5548873029 
-84.3502804882 0.0371439410 0.9012671298 0.5546830723 
-84.3935108296 0.0370532434 0.9018306342 0.5544510118 
-84.4381076855 0.0369598938 0.9024091526 0.5541834139 
-84.4841180075 0.0368638139 0.9030030313 0.5538702787 
-84.5315909018 0.0367649225 0.9036126249 0.5534989699 
-84.5805778705 0.0366631348 0.9042382977 0.5530543178 
-84.6311332227 0.0365583622 0.9048804275 0.5525315880 
-84.6833149685 0.0364505101 0.9055394157 0.5520117579 
-84.7371829471 0.0363394823 0.9062156599 0.5515903425 
-82.2607035609 0.0417813063 0.8705192924 0.5244337407 
-82.2618879953 0.0417785315 0.8705392462 0.5244735914 
-82.2630737972 0.0417757537 0.8705592172 0.5245119939 
-82.2642612368 0.0417729722 0.8705792101 0.5245499230 
-82.2654505888 0.0417701864 0.8705992296 0.5245879966 
-82.2666421249 0.0417673956 0.8706192803 0.5246265938 
-82.2678361097 0.0417645993 0.8706393670 0.5246659387 
-82.2690327981 0.0417617968 0.8706594940 0.5247061580 
-82.2702324336 0.0417589877 0.8706796654 0.5247473186 
-82.2714352486 0.0417561712 0.8706998854 0.5247894515 
-82.2726414633 0.0417533470 0.8707201577 0.5248325658 
-82.2738512866 0.0417505145 0.8707404859 0.5248766579 
-82.2750649159 0.0417476732 0.8707608734 0.5249217162 
-82.2762825373 0.0417448228 0.8707813234 0.5249677243 
-82.2775043264 0.0417419629 0.8708018389 0.5250146633 
-82.2787304482 0.0417390929 0.8708224228 0.5250625121 
-82.2799610581 0.0417362127 0.8708430777 0.5251112492 
-82.2811963018 0.0417333218 0.8708638060 0.5251608524 
-82.2824363157 0.0417304199 0.8708846101 0.5252112994 
-82.2836812277 0.0417275067 0.8709054922 0.5252625683 
-82.2849311574 0.0417245820 0.8709264543 0.5253146374 
-82.2861862164 0.0417216455 0.8709474984 0.5253674854 
-82.2874465086 0.0417186969 0.8709686260 0.5254210915 
-82.2887121310 0.0417157361 0.8709898390 0.5254754356 
-82.2899831735 0.0417127628 0.8710111387 0.5255304980 
-82.2912597196 0.0417097768 0.8710325266 0.5255862596 
-82.2925418465 0.0417067779 0.8710540040 0.5256427022 
-82.2938296256 0.0417037660 0.8710755720 0.5256998079 
-82.2951231228 0.0417007410 0.8710972318 0.5257575594 
-82.2964223985 0.0416977026 0.8711189843 0.5258159403 
-82.2977275082 0.0416946508 0.8711408305 0.5258749344 
-82.2990385026 0.0416915855 0.8711627711 0.5259345263 
-82.3003554279 0.0416885064 0.8711848070 0.5259947012 
-82.3016783262 0.0416854137 0.8712069387 0.5260554446 
-82.3030072352 0.0416823071 0.8712291670 0.5261167428 
-82.3043421891 0.0416791866 0.8712514922 0.5261785824 
-82.3056832185 0.0416760521 0.8712739149 0.5262409507 
-82.3070303503 0.0416729035 0.8712964356 0.5263038351 
-82.3083836084 0.0416697409 0.8713190545 0.5263672240 
-82.3097430138 0.0416665641 0.8713417719 0.5264311057 
-82.3111085845 0.0416633731 0.8713645882 0.5264954694 
-82.3124803357 0.0416601680 0.8713875035 0.5265603043 
-82.3138582804 0.0416569485 0.8714105180 0.5266256003 
-82.3152424290 0.0416537149 0.8714336318 0.5266913475 
-82.3166327897 0.0416504669 0.8714568450 0.5267575364 
-82.3180293687 0.0416472046 0.8714801577 0.5268241580 
-82.3194321704 0.0416439281 0.8715035698 0.5268912034 
-82.3208411970 0.0416406372 0.8715270814 0.5269586643 
-82.3222564495 0.0416373321 0.8715506923 0.5270265325 
-82.3236779268 0.0416340127 0.8715744026 0.5270948002 
-82.3251056269 0.0416306789 0.8715982122 0.5271634598 
-82.3265395459 0.0416273309 0.8716221208 0.5272325042 
-82.3279796792 0.0416239687 0.8716461285 0.5273019263 
-82.3294260205 0.0416205922 0.8716702349 0.5273717194 
-82.3308785629 0.0416172015 0.8716944400 0.5274418771 
-82.3323372983 0.0416137965 0.8717187435 0.5275123931 
-82.3338022177 0.0416103774 0.8717431452 0.5275832615 
-82.3352733113 0.0416069442 0.8717676449 0.5276544766 
-82.3367505688 0.0416034968 0.8717922424 0.5277260327 
-82.3382339788 0.0416000354 0.8718169374 0.5277979246 
-82.3397235298 0.0415965599 0.8718417297 0.5278701471 
-82.3412192093 0.0415930703 0.8718666189 0.5279426953 
-82.3427210049 0.0415895668 0.8718916049 0.5280155645 
-82.3442289032 0.0415860493 0.8719166872 0.5280887500 
-82.3457428909 0.0415825178 0.8719418657 0.5281622476 
-82.3472629542 0.0415789725 0.8719671401 0.5282360530 
-82.3487890792 0.0415754133 0.8719925100 0.5283101622 
-82.3503212517 0.0415718403 0.8720179751 0.5283845712 
-82.3518594575 0.0415682535 0.8720435352 0.5284592763 
-82.3534036821 0.0415646530 0.8720691899 0.5285342739 
-82.3549539112 0.0415610388 0.8720949390 0.5286095606 
-82.3565101303 0.0415574108 0.8721207821 0.5286851331 
-82.3580723250 0.0415537693 0.8721467189 0.5287609882 
-82.3596404810 0.0415501141 0.8721727492 0.5288371229 
-82.3612145840 0.0415464454 0.8721988726 0.5289135341 
-82.3627946201 0.0415427632 0.8722250888 0.5289902192 
-82.3643805752 0.0415390675 0.8722513976 0.5290671755 
-82.3659724357 0.0415353583 0.8722777986 0.5291444003 
-82.3675701880 0.0415316357 0.8723042915 0.5292218913 
-82.3691738190 0.0415278997 0.8723308762 0.5292996460 
-82.3707833157 0.0415241503 0.8723575522 0.5293776623 
-82.3723986654 0.0415203877 0.8723843194 0.5294559380 
-82.3740198558 0.0415166117 0.8724111774 0.5295344711 
-82.3756468750 0.0415128225 0.8724381260 0.5296132596 
-82.3772797114 0.0415090201 0.8724651650 0.5296923018 
-82.3789183538 0.0415052045 0.8724922940 0.5297715957 
-82.3805627914 0.0415013757 0.8725195129 0.5298511398 
-82.3822130138 0.0414975338 0.8725468215 0.5299309325 
-82.3838690110 0.0414936787 0.8725742194 0.5300109723 
-82.3855307738 0.0414898106 0.8726017066 0.5300912579 
-82.3871982930 0.0414859294 0.8726292827 0.5301717877 
-82.3888715602 0.0414820351 0.8726569476 0.5302525607 
-82.3905505674 0.0414781279 0.8726847010 0.5303335757 
-82.3922353071 0.0414742076 0.8727125429 0.5304148315 
-82.3939257723 0.0414702744 0.8727404730 0.5304963272 
-82.3956219566 0.0414663282 0.8727684912 0.5305780618 
-82.3973238543 0.0414623691 0.8727965972 0.5306600344 
-82.3990314598 0.0414583970 0.8728247910 0.5307422442 
-82.4007447686 0.0414544120 0.8728530725 0.5308246906 
-82.4024637763 0.0414504142 0.8728814414 0.5309073728 
-82.4041884795 0.0414464034 0.8729098978 0.5309902902 
-82.4059188750 0.0414423798 0.8729384414 0.5310734424 
-82.4076549605 0.0414383433 0.8729670722 0.5311568288 
-82.4093967342 0.0414342939 0.8729957901 0.5312404491 
-82.4111441947 0.0414302317 0.8730245950 0.5313243028 
-82.4128973415 0.0414261566 0.8730534868 0.5314083899 
-82.4146561746 0.0414220687 0.8730824655 0.5314927100 
-82.4164206946 0.0414179680 0.8731115311 0.5315772630 
-82.4181909026 0.0414138544 0.8731406835 0.5316620488 
-82.4199668006 0.0414097280 0.8731699228 0.5317470673 
-82.4217483910 0.0414055887 0.8731992487 0.5318323187 
-82.4235356769 0.0414014366 0.8732286615 0.5319178030 
-82.4253286620 0.0413972716 0.8732581610 0.5320035203 
-82.4271273506 0.0413930938 0.8732877474 0.5320894708 
-82.4289317477 0.0413889030 0.8733174205 0.5321756549 
-82.4307418588 0.0413846995 0.8733471806 0.5322620729 
-82.4325576902 0.0413804830 0.8733770275 0.5323487250 
-82.4343792487 0.0413762536 0.8734069615 0.5324356119 
-82.4362065417 0.0413720114 0.8734369825 0.5325227339 
-82.4380395773 0.0413677562 0.8734670906 0.5326100915 
-82.4398783642 0.0413634880 0.8734972859 0.5326976855 
-82.4417229116 0.0413592069 0.8735275686 0.5327855165 
-82.4435732295 0.0413549128 0.8735579387 0.5328735852 
-82.4454293283 0.0413506057 0.8735883963 0.5329618923 
-82.4472912193 0.0413462856 0.8736189417 0.5330504388 
-82.4491589139 0.0413419525 0.8736495748 0.5331392254 
-82.4510324247 0.0413376062 0.8736802960 0.5332282532 
-82.4529117644 0.0413332469 0.8737111053 0.5333175231 
-82.4547969464 0.0413288744 0.8737420029 0.5334070363 
-82.4566879849 0.0413244888 0.8737729889 0.5334967937 
-82.4585848944 0.0413200900 0.8738040637 0.5335867967 
-82.4604876900 0.0413156780 0.8738352274 0.5336770464 
-82.4623963874 0.0413112528 0.8738664801 0.5337675441 
-82.4643110029 0.0413068142 0.8738978221 0.5338582912 
-82.4662315533 0.0413023624 0.8739292537 0.5339492890 
-82.4681580558 0.0412978972 0.8739607751 0.5340405392 
-82.4700905282 0.0412934186 0.8739923864 0.5341320431 
-82.4720289888 0.0412889266 0.8740240880 0.5342238024 
-82.4739734564 0.0412844211 0.8740558801 0.5343158188 
-82.4759239503 0.0412799021 0.8740877630 0.5344080939 
-82.4778804902 0.0412753696 0.8741197370 0.5345006295 
-82.4798430962 0.0412708235 0.8741518023 0.5345934276 
-82.4818117889 0.0412662637 0.8741839592 0.5346864899 
-82.4837865894 0.0412616903 0.8742162081 0.5347798185 
-82.4857675191 0.0412571031 0.8742485491 0.5348734154 
-82.4877545998 0.0412525022 0.8742809827 0.5349672828 
-82.4897478537 0.0412478874 0.8743135092 0.5350614228 
-82.4917473034 0.0412432588 0.8743461288 0.5351558376 
-82.4937529716 0.0412386163 0.8743788419 0.5352505297 
-82.4957648816 0.0412339598 0.8744116488 0.5353455013 
-82.4977830568 0.0412292893 0.8744445499 0.5354407551 
-82.4998075210 0.0412246047 0.8744775455 0.5355362935 
-82.5018382982 0.0412199061 0.8745106359 0.5356321191 
-82.5038754125 0.0412151932 0.8745438215 0.5357282348 
-82.5059188885 0.0412104662 0.8745771026 0.5358246432 
-82.5079687506 0.0412057248 0.8746104796 0.5359213473 
-82.5100250235 0.0412009692 0.8746439528 0.5360183500 
-82.5120877322 0.0411961992 0.8746775226 0.5361156545 
-82.5141569015 0.0411914147 0.8747111894 0.5362132638 
-82.5162325564 0.0411866158 0.8747449535 0.5363111812 
-82.5183147219 0.0411818023 0.8747788152 0.5364094100 
-82.5204034230 0.0411769742 0.8748127750 0.5365079537 
-82.5224986846 0.0411721315 0.8748468331 0.5366068159 
-82.5246005315 0.0411672742 0.8748809900 0.5367060001 
-82.5267089884 0.0411624020 0.8749152459 0.5368055102 
-82.5288240799 0.0411575151 0.8749496013 0.5369053499 
-82.5309458303 0.0411526133 0.8749840564 0.5370055234 
-82.5330742637 0.0411476967 0.8750186116 0.5371060347 
-82.5352094038 0.0411427650 0.8750532673 0.5372068880 
-82.5373512740 0.0411378184 0.8750880238 0.5373080877 
-82.5394998973 0.0411328568 0.8751228813 0.5374096383 
-82.5416552963 0.0411278800 0.8751578402 0.5375115443 
-82.5438174930 0.0411228881 0.8751929009 0.5376138107 
-82.5459865087 0.0411178810 0.8752280635 0.5377164423 
-82.5481623644 0.0411128587 0.8752633284 0.5378194442 
-82.5503450801 0.0411078212 0.8752986959 0.5379228215 
-82.5525346751 0.0411027683 0.8753341662 0.5380265797 
-82.5547311678 0.0410977001 0.8753697395 0.5381307244 
-82.5569345760 0.0410926165 0.8754054161 0.5382352612 
-82.5591449160 0.0410875175 0.8754411962 0.5383401961 
-82.5613622034 0.0410824031 0.8754770800 0.5384455352 
-82.5635864525 0.0410772732 0.8755130676 0.5385512848 
-82.5658176764 0.0410721278 0.8755491592 0.5386574514 
-82.5680558868 0.0410669669 0.8755853550 0.5387640417 
-82.5703010939 0.0410617904 0.8756216550 0.5388710626 
-82.5725533065 0.0410565984 0.8756580593 0.5389785213 
-82.5748125317 0.0410513909 0.8756945679 0.5390864252 
-82.5770787747 0.0410461678 0.8757311810 0.5391947820 
-82.5793520390 0.0410409291 0.8757678984 0.5393035994 
-82.5816323260 0.0410356749 0.8758047201 0.5394128858 
-82.5839196349 0.0410304051 0.8758416461 0.5395226496 
-82.5862139628 0.0410251197 0.8758786762 0.5396328994 
-82.5885153044 0.0410198189 0.8759158103 0.5397436443 
-82.5908236515 0.0410145025 0.8759530482 0.5398548936 
-82.5931389936 0.0410091707 0.8759903896 0.5399666571 
-82.5954613172 0.0410038234 0.8760278342 0.5400789446 
-82.5977906056 0.0409984607 0.8760653817 0.5401917665 
-82.6001268390 0.0409930827 0.8761030317 0.5403051336 
-82.6024699944 0.0409876894 0.8761407837 0.5404190568 
-82.6048200448 0.0409822809 0.8761786372 0.5405335477 
-82.6071769596 0.0409768573 0.8762165917 0.5406486181 
-82.6095407044 0.0409714186 0.8762546465 0.5407642803 
-82.6119112402 0.0409659649 0.8762928008 0.5408805470 
-82.6142885239 0.0409604964 0.8763310540 0.5409974314 
-82.6166725073 0.0409550132 0.8763694051 0.5411149470 
-82.6190631376 0.0409495154 0.8764078531 0.5412331081 
-82.6214603567 0.0409440031 0.8764463972 0.5413519291 
-82.6238641009 0.0409384764 0.8764850360 0.5414714252 
-82.6262743008 0.0409329357 0.8765237685 0.5415916120 
-82.6286908809 0.0409273809 0.8765625932 0.5417125056 
-82.6311137593 0.0409218124 0.8766015089 0.5418341228 
-82.6335428474 0.0409162303 0.8766405138 0.5419564808 
-82.6359780497 0.0409106348 0.8766796064 0.5420795975 
-82.6384192629 0.0409050263 0.8767187850 0.5422034912 
-82.6408663763 0.0408994049 0.8767580475 0.5423281809 
-82.6433192709 0.0408937709 0.8767973920 0.5424536860 
-82.6457778190 0.0408881247 0.8768368163 0.5425800267 
-82.6482418841 0.0408824666 0.8768763181 0.5427072235 
-82.6507113202 0.0408767968 0.8769158948 0.5428352974 
-82.6531859715 0.0408711158 0.8769555440 0.5429642698 
-82.6556656717 0.0408654239 0.8769952626 0.5430941624 
-82.6581502439 0.0408597216 0.8770350478 0.5432249969 
-82.6606395000 0.0408540092 0.8770748964 0.5433567952 
-82.6631332398 0.0408482873 0.8771148050 0.5434895788 
-82.6656312511 0.0408425564 0.8771547700 0.5436233683 
-82.6681333088 0.0408368169 0.8771947877 0.5437581834 
-82.6706391747 0.0408310694 0.8772348541 0.5438940418 
-82.6731485967 0.0408253146 0.8772749650 0.5440309584 
-82.6756613086 0.0408195529 0.8773151159 0.5441689442 
-82.6781770295 0.0408137851 0.8773553021 0.5443080043 
-82.6806954637 0.0408080118 0.8773955188 0.5444481361 
-82.6832163003 0.0408022338 0.8774357606 0.5445893259 
-82.6857392132 0.0407964518 0.8774760223 0.5447315449 
-82.6882638614 0.0407906665 0.8775162981 0.5448747441 
-82.6907898888 0.0407848789 0.8775565821 0.5450188466 
-82.6933169260 0.0407790897 0.8775968682 0.5451637380 
-82.6958445906 0.0407732998 0.8776371501 0.5453092542 
-82.6983724904 0.0407675102 0.8776774213 0.5454551641 
-82.7009002254 0.0407617217 0.8777176751 0.5456011487 
-82.7034273932 0.0407559353 0.8777579049 0.5457467737 
-82.7059535945 0.0407501518 0.8777981041 0.5458914561 
-82.7084784418 0.0407443723 0.8778382663 0.5460344244 
-82.7110015711 0.0407385974 0.8778783855 0.5461746762 
-82.7135226565 0.0407328279 0.8779184564 0.5463109393 
-82.7160414305 0.0407270645 0.8779584744 0.5464416550 
-82.7185577089 0.0407213076 0.8779984368 0.5465650255 
-82.7210714212 0.0407155573 0.8780383422 0.5466792132 
-82.7235826466 0.0407098135 0.8780781920 0.5467828996 
-82.7260916504 0.0407040755 0.8781179907 0.5468766547 
-82.7285989048 0.0406983422 0.8781577460 0.5469655472 
-82.7298519372 0.0406954772 0.8781776081 0.5470105764 
-82.7311039672 0.0406926147 0.8781974474 0.5470524213 
-82.7323552996 0.0406897540 0.8782172690 0.5470927012 
-82.7336062574 0.0406868943 0.8782370783 0.5471324562 
-82.7348571678 0.0406840350 0.8782568807 0.5471723323 
-82.7361083532 0.0406811752 0.8782766814 0.5472127162 
-82.7373601269 0.0406783142 0.8782964856 0.5472538298 
-82.7386127905 0.0406754514 0.8783162982 0.5472957936 
-82.7398666322 0.0406725861 0.8783361241 0.5473386681 
-82.7411219268 0.0406697177 0.8783559676 0.5473824778 
-82.7423789354 0.0406668455 0.8783758331 0.5474272267 
-82.7436379059 0.0406639691 0.8783957246 0.5474729065 
-82.7448990728 0.0406610878 0.8784156459 0.5475195017 
-82.7461626584 0.0406582012 0.8784356007 0.5475669925 
-82.7474288726 0.0406553088 0.8784555924 0.5476153567 
-82.7486979137 0.0406524101 0.8784756241 0.5476645706 
-82.7499699691 0.0406495048 0.8784956990 0.5477146097 
-82.7512452156 0.0406465923 0.8785158198 0.5477654495 
-82.7525238199 0.0406436724 0.8785359893 0.5478170651 
-82.7538059391 0.0406407446 0.8785562100 0.5478694323 
-82.7550917214 0.0406378087 0.8785764843 0.5479225269 
-82.7563813065 0.0406348643 0.8785968143 0.5479763253 
-82.7576748258 0.0406319111 0.8786172022 0.5480308047 
-82.7589724033 0.0406289489 0.8786376500 0.5480859424 
-82.7602741559 0.0406259773 0.8786581595 0.5481417166 
-82.7615801936 0.0406229961 0.8786787324 0.5481981060 
-82.7628906201 0.0406200051 0.8786993703 0.5482550901 
-82.7642055333 0.0406170041 0.8787200749 0.5483126487 
-82.7655250255 0.0406139929 0.8787408475 0.5483707623 
-82.7668491841 0.0406109712 0.8787616894 0.5484294122 
-82.7681780913 0.0406079389 0.8787826019 0.5484885800 
-82.7695118253 0.0406048958 0.8788035863 0.5485482480 
-82.7708504600 0.0406018417 0.8788246436 0.5486083990 
-82.7721940656 0.0405987765 0.8788457749 0.5486690163 
-82.7735427091 0.0405957000 0.8788669811 0.5487300837 
-82.7748964541 0.0405926121 0.8788882633 0.5487915855 
-82.7762553615 0.0405895127 0.8789096223 0.5488535065 
-82.7776194897 0.0405864016 0.8789310589 0.5489158319 
-82.7789888950 0.0405832786 0.8789525740 0.5489785474 
-82.7803636317 0.0405801438 0.8789741684 0.5490416391 
-82.7817437522 0.0405769968 0.8789958427 0.5491050933 
-82.7831293079 0.0405738378 0.8790175978 0.5491688970 
-82.7845203488 0.0405706664 0.8790394342 0.5492330373 
-82.7859169239 0.0405674827 0.8790613527 0.5492975018 
-82.7873190818 0.0405642864 0.8790833539 0.5493622783 
-82.7887268706 0.0405610776 0.8791054385 0.5494273551 
-82.7901403381 0.0405578561 0.8791276071 0.5494927207 
-82.7915595324 0.0405546217 0.8791498604 0.5495583638 
-82.7929845016 0.0405513745 0.8791721990 0.5496242735 
-82.7944152946 0.0405481142 0.8791946235 0.5496904391 
-82.7958519608 0.0405448408 0.8792171347 0.5497568502 
-82.7972945506 0.0405415542 0.8792397331 0.5498234965 
-82.7987431157 0.0405382541 0.8792624194 0.5498903682 
-82.8001977090 0.0405349406 0.8792851944 0.5499574554 
-82.8016583851 0.0405316136 0.8793080587 0.5500247487 
-82.8031252003 0.0405282727 0.8793310132 0.5500922385 
-82.8045982130 0.0405249181 0.8793540585 0.5501599158 
-82.8060774839 0.0405215494 0.8793771954 0.5502277716 
-82.8075630759 0.0405181667 0.8794004249 0.5502957969 
-82.8090550548 0.0405147696 0.8794237477 0.5503639832 
-82.8105534889 0.0405113581 0.8794471648 0.5504323218 
-82.8120584500 0.0405079321 0.8794706772 0.5505008044 
-82.8135700128 0.0405044913 0.8794942858 0.5505694226 
-82.8150882557 0.0405010355 0.8795179917 0.5506381683 
-82.8166132606 0.0404975647 0.8795417960 0.5507070335 
-82.8181451135 0.0404940786 0.8795656999 0.5507760102 
-82.8196839045 0.0404905769 0.8795897046 0.5508450905 
-82.8212297278 0.0404870596 0.8796138113 0.5509142668 
-82.8227826825 0.0404835263 0.8796380215 0.5509835313 
-82.8243428724 0.0404799768 0.8796623365 0.5510528765 
-82.8259104060 0.0404764110 0.8796867579 0.5511222949 
-82.8274853975 0.0404728285 0.8797112872 0.5511917790 
-82.8290679664 0.0404692290 0.8797359261 0.5512613214 
-82.8306582378 0.0404656124 0.8797606764 0.5513309148 
-82.8322563430 0.0404619782 0.8797855398 0.5514005519 
-82.8338624193 0.0404583262 0.8798105182 0.5514702256 
-82.8354766107 0.0404546562 0.8798356138 0.5515399285 
-82.8370990676 0.0404509676 0.8798608286 0.5516096537 
-82.8387299478 0.0404472602 0.8798861647 0.5516793938 
-82.8403694160 0.0404435336 0.8799116247 0.5517491420 
-82.8420176446 0.0404397875 0.8799372108 0.5518188910 
-82.8436748138 0.0404360213 0.8799629257 0.5518886338 
-82.8453411120 0.0404322348 0.8799887719 0.5519583634 
-82.8470167359 0.0404284274 0.8800147524 0.5520280727 
-82.8487018909 0.0404245987 0.8800408700 0.5520977548 
-82.8503967915 0.0404207482 0.8800671278 0.5521674026 
-82.8521016614 0.0404168754 0.8800935290 0.5522370091 
-82.8538167341 0.0404129798 0.8801200770 0.5523065672 
-82.8555422532 0.0404090609 0.8801467751 0.5523760700 
-82.8572784723 0.0404051180 0.8801736271 0.5524455103 
-82.8590256561 0.0404011506 0.8802006368 0.5525148810 
-82.8607840800 0.0403971581 0.8802278081 0.5525841752 
-82.8625540313 0.0403931398 0.8802551452 0.5526533857 
-82.8643358087 0.0403890950 0.8802826523 0.5527225053 
-82.8661297233 0.0403850231 0.8803103340 0.5527915269 
-82.8679360990 0.0403809233 0.8803381950 0.5528604433 
-82.8697552724 0.0403767948 0.8803662400 0.5529292472 
-82.8715875938 0.0403726369 0.8803944743 0.5529979314 
-82.8734334276 0.0403684488 0.8804229030 0.5530664885 
-82.8752931522 0.0403642296 0.8804515316 0.5531349112 
-82.8771671612 0.0403599785 0.8804803659 0.5532031920 
-82.8790558633 0.0403556944 0.8805094118 0.5532713236 
-82.8809596832 0.0403513765 0.8805386754 0.5533392983 
-82.8828790620 0.0403470238 0.8805681632 0.5534071087 
-82.8848144575 0.0403426352 0.8805978819 0.5534747470 
-82.8867663451 0.0403382097 0.8806278383 0.5535422056 
-82.8887352181 0.0403337461 0.8806580396 0.5536094767 
-82.8907215884 0.0403292434 0.8806884934 0.5536765524 
-82.8927259871 0.0403247003 0.8807192073 0.5537434250 
-82.8947489650 0.0403201156 0.8807501893 0.5538100863 
-82.8967910934 0.0403154880 0.8807814479 0.5538765284 
-82.8988529647 0.0403108162 0.8808129916 0.5539427430 
-82.9009351930 0.0403060988 0.8808448295 0.5540087220 
-82.9030384147 0.0403013344 0.8808769708 0.5540744571 
-82.9051632895 0.0402965215 0.8809094251 0.5541399399 
-82.9073105010 0.0402916586 0.8809422026 0.5542051618 
-82.9094807573 0.0402867441 0.8809753134 0.5542701144 
-82.9116747920 0.0402817763 0.8810087683 0.5543347888 
-82.9138933651 0.0402767536 0.8810425785 0.5543991764 
-82.9161372632 0.0402716741 0.8810767555 0.5544632682 
-82.9184073013 0.0402665361 0.8811113111 0.5545270553 
-82.9207043228 0.0402613377 0.8811462578 0.5545905286 
-82.9230292012 0.0402560769 0.8811816082 0.5546536787 
-82.9253828401 0.0402507517 0.8812173757 0.5547164965 
-82.9277661752 0.0402453600 0.8812535740 0.5547789725 
-82.9301801746 0.0402398997 0.8812902171 0.5548410970 
-82.9326258399 0.0402343684 0.8813273198 0.5549028603 
-82.9351042074 0.0402287639 0.8813648972 0.5549642527 
-82.9376163495 0.0402230839 0.8814029650 0.5550252642 
-82.9401633750 0.0402173257 0.8814415395 0.5550858847 
-82.9427464310 0.0402114869 0.8814806374 0.5551461039 
-82.9453667039 0.0402055648 0.8815202761 0.5552059114 
-82.9480254203 0.0401995567 0.8815604735 0.5552652967 
-82.9507238489 0.0401934597 0.8816012483 0.5553242492 
-82.9534633010 0.0401872709 0.8816426195 0.5553827579 
-82.9562451326 0.0401809873 0.8816846071 0.5554408119 
-82.9590707455 0.0401746058 0.8817272315 0.5554984001 
-82.9619415884 0.0401681231 0.8817705138 0.5555555110 
-82.9648591590 0.0401615360 0.8818144760 0.5556121333 
-82.9678250051 0.0401548409 0.8818591407 0.5556682551 
-82.9708407261 0.0401480343 0.8819045312 0.5557238647 
-82.9739079751 0.0401411125 0.8819506716 0.5557789500 
-82.9770284600 0.0401340717 0.8819975870 0.5558334989 
-82.9802039456 0.0401269080 0.8820453030 0.5558874987 
-82.9834362552 0.0401196174 0.8820938461 0.5559409371 
-82.9867272725 0.0401121957 0.8821432439 0.5559938010 
-82.9900789434 0.0401046385 0.8821935247 0.5560460775 
-82.9934932781 0.0400969414 0.8822447178 0.5560977534 
-82.9969723529 0.0400890998 0.8822968533 0.5561488152 
-83.0005183125 0.0400811089 0.8823499625 0.5561992491 
-83.0041333718 0.0400729638 0.8824040774 0.5562490413 
-83.0078198185 0.0400646595 0.8824592314 0.5562981776 
-83.0115800151 0.0400561907 0.8825154587 0.5563466436 
-83.0154164011 0.0400475521 0.8825727947 0.5563944247 
-83.0193314959 0.0400387380 0.8826312759 0.5564415060 
-83.0233279008 0.0400297427 0.8826909399 0.5564878722 
-83.0274083017 0.0400205604 0.8827518256 0.5565335081 
-83.0315754721 0.0400111847 0.8828139730 0.5565783978 
-83.0358322750 0.0400016096 0.8828774235 0.5566225255 
-83.0401816667 0.0399918283 0.8829422197 0.5566658748 
-83.0446266990 0.0399818343 0.8830084055 0.5567084291 
-83.0491705224 0.0399716206 0.8830760264 0.5567501717 
-83.0538163891 0.0399611800 0.8831451290 0.5567910854 
-83.0585676564 0.0399505051 0.8832157615 0.5568311525 
-83.0634277900 0.0399395884 0.8832879736 0.5568703555 
-83.0684003669 0.0399284220 0.8833618166 0.5569086760 
-83.0734890793 0.0399169978 0.8834373432 0.5569460956 
-83.0786977384 0.0399053074 0.8835146079 0.5569825954 
-83.0840302775 0.0398933423 0.8835936666 0.5570181562 
-83.0894907564 0.0398810936 0.8836745773 0.5570527585 
-83.0950833650 0.0398685520 0.8837573995 0.5570863823 
-83.1008124275 0.0398557083 0.8838421945 0.5571190072 
-83.1066824069 0.0398425525 0.8839290255 0.5571506124 
-83.1126979087 0.0398290748 0.8840179577 0.5571811768 
-83.1188636860 0.0398152648 0.8841090581 0.5572106788 
-83.1251846439 0.0398011118 0.8842023958 0.5572390963 
-83.1316658443 0.0397866048 0.8842980420 0.5572664069 
-83.1383125106 0.0397717325 0.8843960699 0.5572925876 
-83.1451300332 0.0397564832 0.8844965549 0.5573176149 
-83.1521239747 0.0397408449 0.8845995748 0.5573414650 
-83.1593000751 0.0397248052 0.8847052095 0.5573641135 
-83.1666642574 0.0397083513 0.8848135412 0.5573855354 
-83.1742226337 0.0396914701 0.8849246548 0.5574057052 
-83.1819815110 0.0396741479 0.8850386373 0.5574245969 
-83.1899473973 0.0396563707 0.8851555785 0.5574421839 
-83.1981270082 0.0396381243 0.8852755707 0.5574584391 
-83.2065272733 0.0396193936 0.8853987089 0.5574733347 
-83.2151553432 0.0396001635 0.8855250907 0.5574868422 
-83.2240185963 0.0395804182 0.8856548167 0.5574989327 
-83.2331246462 0.0395601414 0.8857879902 0.5575095764 
-83.2424813495 0.0395393164 0.8859247173 0.5575187430 
-83.2520968131 0.0395179260 0.8860651075 0.5575264013 
-83.2619794025 0.0394959524 0.8862092731 0.5575325196 
-83.2721377502 0.0394733774 0.8863573294 0.5575370651 
-83.2825807639 0.0394501822 0.8865093952 0.5575400046 
-83.2933176359 0.0394263474 0.8866655924 0.5575413039 
-83.3043578521 0.0394018530 0.8868260463 0.5575409278 
-83.3157112012 0.0393766784 0.8869908857 0.5575388406 
-83.3273877849 0.0393508026 0.8871602428 0.5575350053 
-83.3393980282 0.0393242037 0.8873342533 0.5575293841 
-83.3517526893 0.0392968592 0.8875130568 0.5575219383 
-83.3644628712 0.0392687462 0.8876967964 0.5575126280 
-83.3775400326 0.0392398408 0.8878856191 0.5575014123 
-83.3909959998 0.0392101185 0.8880796757 0.5574882492 
-83.4048429785 0.0391795542 0.8882791210 0.5574730954 
-83.4190935665 0.0391481219 0.8884841137 0.5574559063 
-83.4337607669 0.0391157949 0.8886948168 0.5574366362 
-83.4488580013 0.0390825458 0.8889113973 0.5574152377 
-83.4643991235 0.0390483464 0.8891340264 0.5573916620 
-83.4803984345 0.0390131674 0.8893628797 0.5573658588 
-83.4968706972 0.0389769790 0.8895981372 0.5573377760 
-83.5138311518 0.0389397505 0.8898399832 0.5573073595 
-83.5312955321 0.0389014500 0.8900886065 0.5572745535 
-83.5492800821 0.0388620451 0.8903442006 0.5572392995 
-83.5678015736 0.0388215022 0.8906069635 0.5572015371 
-83.5868773238 0.0387797868 0.8908770978 0.5571612029 
-83.6065252142 0.0387368635 0.8911548109 0.5571182304 
-83.6267637101 0.0386926957 0.8914403152 0.5570725499 
-83.6476118807 0.0386472459 0.8917338274 0.5570240876 
-83.6690894200 0.0386004756 0.8920355694 0.5569727653 
-83.6912166688 0.0385523452 0.8923457680 0.5569184995 
-83.7140146372 0.0385028137 0.8926646548 0.5568612003 
-83.7375050284 0.0384518393 0.8929924663 0.5568007705 
-83.7617102632 0.0383993788 0.8933294440 0.5567371038 
-83.7866535059 0.0383453880 0.8936758344 0.5566700828 
-83.8123586909 0.0382898213 0.8940318890 0.5565995764 
-83.8388505509 0.0382326319 0.8943978640 0.5565254361 
-83.8661546461 0.0381737716 0.8947740209 0.5564474921 
-83.8942973950 0.0381131911 0.8951606258 0.5563655466 
-83.9233061070 0.0380508394 0.8955579499 0.5562793661 
-83.9532090157 0.0379866645 0.8959662692 0.5561886710 
-83.9840353160 0.0379206125 0.8963858645 0.5560931210 
-84.0158152012 0.0378526285 0.8968170214 0.5559922964 
-84.0485799043 0.0377826558 0.8972600301 0.5558856720 
-84.0823617415 0.0377106361 0.8977151857 0.5557725829 
-84.1171941594 0.0376365097 0.8981827876 0.5556521770 
-84.1531117862 0.0375602150 0.8986631402 0.5555233521 
-84.1901504884 0.0374816888 0.8991565520 0.5553846692 
-84.2283474336 0.0374008663 0.8996633364 0.5552342368 
-84.2677411617 0.0373176803 0.9001838115 0.5550695542 
-84.3083716660 0.0372320622 0.9007183000 0.5548873029 
-84.3502804882 0.0371439410 0.9012671298 0.5546830723 
-84.3935108296 0.0370532434 0.9018306342 0.5544510118 
-84.4381076855 0.0369598938 0.9024091526 0.5541834139 
-84.4841180075 0.0368638139 0.9030030313 0.5538702787 
-84.5315909018 0.0367649225 0.9036126249 0.5534989699 
-84.5805778705 0.0366631348 0.9042382977 0.5530543178 
-84.6311332227 0.0365583622 0.9048804275 0.5525315880 
-84.6833149685 0.0364505101 0.9055394157 0.5520117579 
-84.7371829471 0.0363394823 0.9062156599 0.5515903425 
-82.7298519372 0.0406954772 0.8781776081 0.5470105764 
-82.7311039672 0.0406926147 0.8781974474 0.5470524213 
-82.7323552996 0.0406897540 0.8782172690 0.5470927012 
-82.7336062574 0.0406868943 0.8782370783 0.5471324562 
-82.7348571678 0.0406840350 0.8782568807 0.5471723323 
-82.7361083532 0.0406811752 0.8782766814 0.5472127162 
-82.7373601269 0.0406783142 0.8782964856 0.5472538298 
-82.7386127905 0.0406754514 0.8783162982 0.5472957936 
-82.7398666322 0.0406725861 0.8783361241 0.5473386681 
-82.7411219268 0.0406697177 0.8783559676 0.5473824778 
-82.7423789354 0.0406668455 0.8783758331 0.5474272267 
-82.7436379059 0.0406639691 0.8783957246 0.5474729065 
-82.7448990728 0.0406610878 0.8784156459 0.5475195017 
-82.7461626584 0.0406582012 0.8784356007 0.5475669925 
-82.7474288726 0.0406553088 0.8784555924 0.5476153567 
-82.7486979137 0.0406524101 0.8784756241 0.5476645706 
-82.7499699691 0.0406495048 0.8784956990 0.5477146097 
-82.7512452156 0.0406465923 0.8785158198 0.5477654495 
-82.7525238199 0.0406436724 0.8785359893 0.5478170651 
-82.7538059391 0.0406407446 0.8785562100 0.5478694323 
-82.7550917214 0.0406378087 0.8785764843 0.5479225269 
-82.7563813065 0.0406348643 0.8785968143 0.5479763253 
-82.7576748258 0.0406319111 0.8786172022 0.5480308047 
-82.7589724033 0.0406289489 0.8786376500 0.5480859424 
-82.7602741559 0.0406259773 0.8786581595 0.5481417166 
-82.7615801936 0.0406229961 0.8786787324 0.5481981060 
-82.7628906201 0.0406200051 0.8786993703 0.5482550901 
-82.7642055333 0.0406170041 0.8787200749 0.5483126487 
-82.7655250255 0.0406139929 0.8787408475 0.5483707623 
-82.7668491841 0.0406109712 0.8787616894 0.5484294122 
-82.7681780913 0.0406079389 0.8787826019 0.5484885800 
-82.7695118253 0.0406048958 0.8788035863 0.5485482480 
-82.7708504600 0.0406018417 0.8788246436 0.5486083990 
-82.7721940656 0.0405987765 0.8788457749 0.5486690163 
-82.7735427091 0.0405957000 0.8788669811 0.5487300837 
-82.7748964541 0.0405926121 0.8788882633 0.5487915855 
-82.7762553615 0.0405895127 0.8789096223 0.5488535065 
-82.7776194897 0.0405864016 0.8789310589 0.5489158319 
-82.7789888950 0.0405832786 0.8789525740 0.5489785474 
-82.7803636317 0.0405801438 0.8789741684 0.5490416391 
-82.7817437522 0.0405769968 0.8789958427 0.5491050933 
-82.7831293079 0.0405738378 0.8790175978 0.5491688970 
-82.7845203488 0.0405706664 0.8790394342 0.5492330373 
-82.7859169239 0.0405674827 0.8790613527 0.5492975018 
-82.7873190818 0.0405642864 0.8790833539 0.5493622783 
-82.7887268706 0.0405610776 0.8791054385 0.5494273551 
-82.7901403381 0.0405578561 0.8791276071 0.5494927207 
-82.7915595324 0.0405546217 0.8791498604 0.5495583638 
-82.7929845016 0.0405513745 0.8791721990 0.5496242735 
-82.7944152946 0.0405481142 0.8791946235 0.5496904391 
-82.7958519608 0.0405448408 0.8792171347 0.5497568502 
-82.7972945506 0.0405415542 0.8792397331 0.5498234965 
-82.7987431157 0.0405382541 0.8792624194 0.5498903682 
-82.8001977090 0.0405349406 0.8792851944 0.5499574554 
-82.8016583851 0.0405316136 0.8793080587 0.5500247487 
-82.8031252003 0.0405282727 0.8793310132 0.5500922385 
-82.8045982130 0.0405249181 0.8793540585 0.5501599158 
-82.8060774839 0.0405215494 0.8793771954 0.5502277716 
-82.8075630759 0.0405181667 0.8794004249 0.5502957969 
-82.8090550548 0.0405147696 0.8794237477 0.5503639832 
-82.8105534889 0.0405113581 0.8794471648 0.5504323218 
-82.8120584500 0.0405079321 0.8794706772 0.5505008044 
-82.8135700128 0.0405044913 0.8794942858 0.5505694226 
-82.8150882557 0.0405010355 0.8795179917 0.5506381683 
-82.8166132606 0.0404975647 0.8795417960 0.5507070335 
-82.8181451135 0.0404940786 0.8795656999 0.5507760102 
-82.8196839045 0.0404905769 0.8795897046 0.5508450905 
-82.8212297278 0.0404870596 0.8796138113 0.5509142668 
-82.8227826825 0.0404835263 0.8796380215 0.5509835313 
-82.8243428724 0.0404799768 0.8796623365 0.5510528765 
-82.8259104060 0.0404764110 0.8796867579 0.5511222949 
-82.8274853975 0.0404728285 0.8797112872 0.5511917790 
-82.8290679664 0.0404692290 0.8797359261 0.5512613214 
-82.8306582378 0.0404656124 0.8797606764 0.5513309148 
-82.8322563430 0.0404619782 0.8797855398 0.5514005519 
-82.8338624193 0.0404583262 0.8798105182 0.5514702256 
-82.8354766107 0.0404546562 0.8798356138 0.5515399285 
-82.8370990676 0.0404509676 0.8798608286 0.5516096537 
-82.8387299478 0.0404472602 0.8798861647 0.5516793938 
-82.8403694160 0.0404435336 0.8799116247 0.5517491420 
-82.8420176446 0.0404397875 0.8799372108 0.5518188910 
-82.8436748138 0.0404360213 0.8799629257 0.5518886338 
-82.8453411120 0.0404322348 0.8799887719 0.5519583634 
-82.8470167359 0.0404284274 0.8800147524 0.5520280727 
-82.8487018909 0.0404245987 0.8800408700 0.5520977548 
-82.8503967915 0.0404207482 0.8800671278 0.5521674026 
-82.8521016614 0.0404168754 0.8800935290 0.5522370091 
-82.8538167341 0.0404129798 0.8801200770 0.5523065672 
-82.8555422532 0.0404090609 0.8801467751 0.5523760700 
-82.8572784723 0.0404051180 0.8801736271 0.5524455103 
-82.8590256561 0.0404011506 0.8802006368 0.5525148810 
-82.8607840800 0.0403971581 0.8802278081 0.5525841752 
-82.8625540313 0.0403931398 0.8802551452 0.5526533857 
-82.8643358087 0.0403890950 0.8802826523 0.5527225053 
-82.8661297233 0.0403850231 0.8803103340 0.5527915269 
-82.8679360990 0.0403809233 0.8803381950 0.5528604433 
-82.8697552724 0.0403767948 0.8803662400 0.5529292472 
-82.8715875938 0.0403726369 0.8803944743 0.5529979314 
-82.8734334276 0.0403684488 0.8804229030 0.5530664885 
-82.8752931522 0.0403642296 0.8804515316 0.5531349112 
-82.8771671612 0.0403599785 0.8804803659 0.5532031920 
-82.8790558633 0.0403556944 0.8805094118 0.5532713236 
-82.8809596832 0.0403513765 0.8805386754 0.5533392983 
-82.8828790620 0.0403470238 0.8805681632 0.5534071087 
-82.8848144575 0.0403426352 0.8805978819 0.5534747470 
-82.8867663451 0.0403382097 0.8806278383 0.5535422056 
-82.8887352181 0.0403337461 0.8806580396 0.5536094767 
-82.8907215884 0.0403292434 0.8806884934 0.5536765524 
-82.8927259871 0.0403247003 0.8807192073 0.5537434250 
-82.8947489650 0.0403201156 0.8807501893 0.5538100863 
-82.8967910934 0.0403154880 0.8807814479 0.5538765284 
-82.8988529647 0.0403108162 0.8808129916 0.5539427430 
-82.9009351930 0.0403060988 0.8808448295 0.5540087220 
-82.9030384147 0.0403013344 0.8808769708 0.5540744571 
-82.9051632895 0.0402965215 0.8809094251 0.5541399399 
-82.9073105010 0.0402916586 0.8809422026 0.5542051618 
-82.9094807573 0.0402867441 0.8809753134 0.5542701144 
-82.9116747920 0.0402817763 0.8810087683 0.5543347888 
-82.9138933651 0.0402767536 0.8810425785 0.5543991764 
-82.9161372632 0.0402716741 0.8810767555 0.5544632682 
-82.9184073013 0.0402665361 0.8811113111 0.5545270553 
-82.9207043228 0.0402613377 0.8811462578 0.5545905286 
-82.9230292012 0.0402560769 0.8811816082 0.5546536787 
-82.9253828401 0.0402507517 0.8812173757 0.5547164965 
-82.9277661752 0.0402453600 0.8812535740 0.5547789725 
-82.9301801746 0.0402398997 0.8812902171 0.5548410970 
-82.9326258399 0.0402343684 0.8813273198 0.5549028603 
-82.9351042074 0.0402287639 0.8813648972 0.5549642527 
-82.9376163495 0.0402230839 0.8814029650 0.5550252642 
-82.9401633750 0.0402173257 0.8814415395 0.5550858847 
-82.9427464310 0.0402114869 0.8814806374 0.5551461039 
-82.9453667039 0.0402055648 0.8815202761 0.5552059114 
-82.9480254203 0.0401995567 0.8815604735 0.5552652967 
-82.9507238489 0.0401934597 0.8816012483 0.5553242492 
-82.9534633010 0.0401872709 0.8816426195 0.5553827579 
-82.9562451326 0.0401809873 0.8816846071 0.5554408119 
-82.9590707455 0.0401746058 0.8817272315 0.5554984001 
-82.9619415884 0.0401681231 0.8817705138 0.5555555110 
-82.9648591590 0.0401615360 0.8818144760 0.5556121333 
-82.9678250051 0.0401548409 0.8818591407 0.5556682551 
-82.9708407261 0.0401480343 0.8819045312 0.5557238647 
-82.9739079751 0.0401411125 0.8819506716 0.5557789500 
-82.9770284600 0.0401340717 0.8819975870 0.5558334989 
-82.9802039456 0.0401269080 0.8820453030 0.5558874987 
-82.9834362552 0.0401196174 0.8820938461 0.5559409371 
-82.9867272725 0.0401121957 0.8821432439 0.5559938010 
-82.9900789434 0.0401046385 0.8821935247 0.5560460775 
-82.9934932781 0.0400969414 0.8822447178 0.5560977534 
-82.9969723529 0.0400890998 0.8822968533 0.5561488152 
-83.0005183125 0.0400811089 0.8823499625 0.5561992491 
-83.0041333718 0.0400729638 0.8824040774 0.5562490413 
-83.0078198185 0.0400646595 0.8824592314 0.5562981776 
-83.0115800151 0.0400561907 0.8825154587 0.5563466436 
-83.0154164011 0.0400475521 0.8825727947 0.5563944247 
-83.0193314959 0.0400387380 0.8826312759 0.5564415060 
-83.0233279008 0.0400297427 0.8826909399 0.5564878722 
-83.0274083017 0.0400205604 0.8827518256 0.5565335081 
-83.0315754721 0.0400111847 0.8828139730 0.5565783978 
-83.0358322750 0.0400016096 0.8828774235 0.5566225255 
-83.0401816667 0.0399918283 0.8829422197 0.5566658748 
-83.0446266990 0.0399818343 0.8830084055 0.5567084291 
-83.0491705224 0.0399716206 0.8830760264 0.5567501717 
-83.0538163891 0.0399611800 0.8831451290 0.5567910854 
-83.0585676564 0.0399505051 0.8832157615 0.5568311525 
-83.0634277900 0.0399395884 0.8832879736 0.5568703555 
-83.0684003669 0.0399284220 0.8833618166 0.5569086760 
-83.0734890793 0.0399169978 0.8834373432 0.5569460956 
-83.0786977384 0.0399053074 0.8835146079 0.5569825954 
-83.0840302775 0.0398933423 0.8835936666 0.5570181562 
-83.0894907564 0.0398810936 0.8836745773 0.5570527585 
-83.0950833650 0.0398685520 0.8837573995 0.5570863823 
-83.1008124275 0.0398557083 0.8838421945 0.5571190072 
-83.1066824069 0.0398425525 0.8839290255 0.5571506124 
-83.1126979087 0.0398290748 0.8840179577 0.5571811768 
-83.1188636860 0.0398152648 0.8841090581 0.5572106788 
-83.1251846439 0.0398011118 0.8842023958 0.5572390963 
-83.1316658443 0.0397866048 0.8842980420 0.5572664069 
-83.1383125106 0.0397717325 0.8843960699 0.5572925876 
-83.1451300332 0.0397564832 0.8844965549 0.5573176149 
-83.1521239747 0.0397408449 0.8845995748 0.5573414650 
-83.1593000751 0.0397248052 0.8847052095 0.5573641135 
-83.1666642574 0.0397083513 0.8848135412 0.5573855354 
-83.1742226337 0.0396914701 0.8849246548 0.5574057052 
-83.1819815110 0.0396741479 0.8850386373 0.5574245969 
-83.1899473973 0.0396563707 0.8851555785 0.5574421839 
-83.1981270082 0.0396381243 0.8852755707 0.5574584391 
-83.2065272733 0.0396193936 0.8853987089 0.5574733347 
-83.2151553432 0.0396001635 0.8855250907 0.5574868422 
-83.2240185963 0.0395804182 0.8856548167 0.5574989327 
-83.2331246462 0.0395601414 0.8857879902 0.5575095764 
-83.2424813495 0.0395393164 0.8859247173 0.5575187430 
-83.2520968131 0.0395179260 0.8860651075 0.5575264013 
-83.2619794025 0.0394959524 0.8862092731 0.5575325196 
-83.2721377502 0.0394733774 0.8863573294 0.5575370651 
-83.2825807639 0.0394501822 0.8865093952 0.5575400046 
-83.2933176359 0.0394263474 0.8866655924 0.5575413039 
-83.3043578521 0.0394018530 0.8868260463 0.5575409278 
-83.3157112012 0.0393766784 0.8869908857 0.5575388406 
-83.3273877849 0.0393508026 0.8871602428 0.5575350053 
-83.3393980282 0.0393242037 0.8873342533 0.5575293841 
-83.3517526893 0.0392968592 0.8875130568 0.5575219383 
-83.3644628712 0.0392687462 0.8876967964 0.5575126280 
-83.3775400326 0.0392398408 0.8878856191 0.5575014123 
-83.3909959998 0.0392101185 0.8880796757 0.5574882492 
-83.4048429785 0.0391795542 0.8882791210 0.5574730954 
-83.4190935665 0.0391481219 0.8884841137 0.5574559063 
-83.4337607669 0.0391157949 0.8886948168 0.5574366362 
-83.4488580013 0.0390825458 0.8889113973 0.5574152377 
-83.4643991235 0.0390483464 0.8891340264 0.5573916620 
-83.4803984345 0.0390131674 0.8893628797 0.5573658588 
-83.4968706972 0.0389769790 0.8895981372 0.5573377760 
-83.5138311518 0.0389397505 0.8898399832 0.5573073595 
-83.5312955321 0.0389014500 0.8900886065 0.5572745535 
-83.5492800821 0.0388620451 0.8903442006 0.5572392995 
-83.5678015736 0.0388215022 0.8906069635 0.5572015371 
-83.5868773238 0.0387797868 0.8908770978 0.5571612029 
-83.6065252142 0.0387368635 0.8911548109 0.5571182304 
-83.6267637101 0.0386926957 0.8914403152 0.5570725499 
-83.6476118807 0.0386472459 0.8917338274 0.5570240876 
-83.6690894200 0.0386004756 0.8920355694 0.5569727653 
-83.6912166688 0.0385523452 0.8923457680 0.5569184995 
-83.7140146372 0.0385028137 0.8926646548 0.5568612003 
-83.7375050284 0.0384518393 0.8929924663 0.5568007705 
-83.7617102632 0.0383993788 0.8933294440 0.5567371038 
-83.7866535059 0.0383453880 0.8936758344 0.5566700828 
-83.8123586909 0.0382898213 0.8940318890 0.5565995764 
-83.8388505509 0.0382326319 0.8943978640 0.5565254361 
-83.8661546461 0.0381737716 0.8947740209 0.5564474921 
-83.8942973950 0.0381131911 0.8951606258 0.5563655466 
-83.9233061070 0.0380508394 0.8955579499 0.5562793661 
-83.9532090157 0.0379866645 0.8959662692 0.5561886710 
-83.9840353160 0.0379206125 0.8963858645 0.5560931210 
-84.0158152012 0.0378526285 0.8968170214 0.5559922964 
-84.0485799043 0.0377826558 0.8972600301 0.5558856720 
-84.0823617415 0.0377106361 0.8977151857 0.5557725829 
-84.1171941594 0.0376365097 0.8981827876 0.5556521770 
-84.1531117862 0.0375602150 0.8986631402 0.5555233521 
-84.1901504884 0.0374816888 0.8991565520 0.5553846692 
-84.2283474336 0.0374008663 0.8996633364 0.5552342368 
-84.2677411617 0.0373176803 0.9001838115 0.5550695542 
-84.3083716660 0.0372320622 0.9007183000 0.5548873029 
-84.3502804882 0.0371439410 0.9012671298 0.5546830723 
-84.3935108296 0.0370532434 0.9018306342 0.5544510118 
-84.4381076855 0.0369598938 0.9024091526 0.5541834139 
-84.4841180075 0.0368638139 0.9030030313 0.5538702787 
-84.5315909018 0.0367649225 0.9036126249 0.5534989699 
-84.5805778705 0.0366631348 0.9042382977 0.5530543178 
-84.6311332227 0.0365583622 0.9048804275 0.5525315880 
-84.6833149685 0.0364505101 0.9055394157 0.5520117579 
-84.7371829471 0.0363394823 0.9062156599 0.5515903425 
-84.7405532704 0.0363325457 0.9062579900 0.5515727511 
-84.7405532704 0.0363325457 0.9062579900 0.5515727511 
-84.7405532704 0.0363325457 0.9062579900 0.5515727511 
-84.7405532704 0.0363325457 0.9062579900 0.5515727511 
