-81.9329523314 0.0425557225 0.8648857602 0.5092054670 
-81.9329483853 0.0425557319 0.8648856841 0.5091914744 
-81.9329406755 0.0425557503 0.8648855353 0.5091632216 
-81.9329295718 0.0425557768 0.8648853204 0.5091202422 
-81.9329156381 0.0425558100 0.8648850496 0.5090620046 
-81.9328996421 0.0425558482 0.8648847367 0.5089880928 
-81.9328823854 0.0425558894 0.8648843961 0.5088798005 
-81.9328659051 0.0425559287 0.8648840647 0.5088000209 
-81.9328510585 0.0425559642 0.8648837579 0.5087277732 
-81.9328387912 0.0425559935 0.8648834927 0.5086617686 
-81.9328299706 0.0425560146 0.8648832847 0.5086010540 
-81.9328253979 0.0425560256 0.8648831484 0.5085449306 
-81.9328258180 0.0425560247 0.8648830972 0.5084928851 
-81.9328319256 0.0425560103 0.8648831436 0.5084445364 
-81.9328443709 0.0425559807 0.8648832994 0.5083995970 
-81.9328637633 0.0425559346 0.8648835753 0.5083578438 
-81.9328906746 0.0425558706 0.8648839819 0.5083190991 
-81.9329256417 0.0425557874 0.8648845287 0.5082832166 
-81.9329691688 0.0425556838 0.8648852247 0.5082500725 
-81.9330217291 0.0425555587 0.8648860785 0.5082195587 
-81.9330837668 0.0425554110 0.8648870981 0.5081915792 
-81.9331556984 0.0425552397 0.8648882909 0.5081660464 
-81.9332379141 0.0425550439 0.8648896639 0.5081428795 
-81.9333307793 0.0425548227 0.8648912237 0.5081220030 
-81.9334346358 0.0425545754 0.8648929765 0.5081033453 
-81.9335498026 0.0425543011 0.8648949278 0.5080868389 
-81.9336765776 0.0425539991 0.8648970831 0.5080724188 
-81.9338152380 0.0425536688 0.8648994474 0.5080600232 
-81.9339660418 0.0425533096 0.8649020251 0.5080495930 
-81.9341292283 0.0425529209 0.8649048207 0.5080410712 
-81.9343050197 0.0425525021 0.8649078380 0.5080344033 
-81.9344936211 0.0425520528 0.8649110808 0.5080295369 
-81.9346952218 0.0425515726 0.8649145523 0.5080264219 
-81.9349099961 0.0425510610 0.8649182557 0.5080250099 
-81.9351381040 0.0425505176 0.8649221939 0.5080252544 
-81.9353796917 0.0425499420 0.8649263693 0.5080271109 
-81.9356348927 0.0425493341 0.8649307845 0.5080305364 
-81.9359038279 0.0425486934 0.8649354414 0.5080354897 
-81.9361866068 0.0425480198 0.8649403421 0.5080419311 
-81.9364833277 0.0425473130 0.8649454882 0.5080498223 
-81.9367940783 0.0425465727 0.8649508813 0.5080591266 
-81.9371189366 0.0425457988 0.8649565228 0.5080698087 
-81.9374579708 0.0425449912 0.8649624138 0.5080818343 
-81.9378112405 0.0425441497 0.8649685553 0.5080951708 
-81.9381787964 0.0425432741 0.8649749483 0.5081097865 
-81.9385606815 0.0425423645 0.8649815934 0.5081256509 
-81.9389569311 0.0425414206 0.8649884912 0.5081427348 
-81.9393675731 0.0425404424 0.8649956422 0.5081610099 
-81.9397926289 0.0425394300 0.8650030466 0.5081804488 
-81.9402321133 0.0425383832 0.8650107048 0.5082010253 
-81.9406860350 0.0425373020 0.8650186169 0.5082227142 
-81.9411543970 0.0425361865 0.8650267827 0.5082454909 
-81.9416371969 0.0425350365 0.8650352022 0.5082693318 
-81.9421344272 0.0425338523 0.8650438753 0.5082942143 
-81.9426460755 0.0425326337 0.8650528016 0.5083201164 
-81.9431721251 0.0425313809 0.8650619809 0.5083470168 
-81.9437125549 0.0425300938 0.8650714126 0.5083748952 
-81.9442673397 0.0425287726 0.8650810962 0.5084037318 
-81.9448364507 0.0425274173 0.8650910312 0.5084335075 
-81.9454198557 0.0425260280 0.8651012170 0.5084642039 
-81.9460175189 0.0425246048 0.8651116528 0.5084958032 
-81.9466294018 0.0425231478 0.8651223379 0.5085282882 
-81.9472554627 0.0425216571 0.8651332714 0.5085616422 
-81.9478956574 0.0425201327 0.8651444526 0.5085958493 
-81.9485499393 0.0425185749 0.8651558805 0.5086308938 
-81.9492182593 0.0425169837 0.8651675542 0.5086667607 
-81.9499005662 0.0425153592 0.8651794727 0.5087034356 
-81.9505968070 0.0425137016 0.8651916350 0.5087409043 
-81.9513069266 0.0425120111 0.8652040400 0.5087791533 
-81.9520308685 0.0425102877 0.8652166867 0.5088181693 
-81.9527685745 0.0425085316 0.8652295740 0.5088579398 
-81.9535199851 0.0425067429 0.8652427007 0.5088984522 
-81.9542850394 0.0425049218 0.8652560656 0.5089396948 
-81.9550636754 0.0425030685 0.8652696677 0.5089816559 
-81.9558558302 0.0425011831 0.8652835056 0.5090243244 
-81.9566614399 0.0424992657 0.8652975783 0.5090676893 
-81.9574804396 0.0424973165 0.8653118844 0.5091117403 
-81.9583127640 0.0424953357 0.8653264228 0.5091564671 
-81.9591583468 0.0424933235 0.8653411921 0.5092018598 
-81.9600171216 0.0424912799 0.8653561912 0.5092479090 
-81.9608890212 0.0424892052 0.8653714187 0.5092946054 
-81.9617739783 0.0424870995 0.8653868734 0.5093419399 
-81.9626719251 0.0424849630 0.8654025540 0.5093899040 
-81.9635827937 0.0424827959 0.8654184592 0.5094384891 
-81.9645065160 0.0424805983 0.8654345877 0.5094876870 
-81.9654430240 0.0424783703 0.8654509383 0.5095374900 
-81.9663922495 0.0424761123 0.8654675097 0.5095878902 
-81.9673541244 0.0424738242 0.8654843005 0.5096388802 
-81.9683285808 0.0424715063 0.8655013095 0.5096904527 
-81.9693155509 0.0424691588 0.8655185355 0.5097426009 
-81.9703149671 0.0424667818 0.8655359770 0.5097953178 
-81.9713267621 0.0424643755 0.8655536330 0.5098485970 
-81.9723508690 0.0424619400 0.8655715020 0.5099024319 
-81.9733872211 0.0424594756 0.8655895828 0.5099568164 
-81.9744357522 0.0424569823 0.8656078743 0.5100117445 
-81.9754963966 0.0424544604 0.8656263750 0.5100672103 
-81.9765690889 0.0424519099 0.8656450839 0.5101232082 
-81.9776537644 0.0424493311 0.8656639997 0.5101797328 
-81.9787503588 0.0424467241 0.8656831211 0.5102367787 
-81.9798588086 0.0424440891 0.8657024469 0.5102943407 
-81.9809790507 0.0424414261 0.8657219761 0.5103524139 
-81.9821110228 0.0424387355 0.8657417072 0.5104109935 
-81.9832546631 0.0424360173 0.8657616393 0.5104700747 
-81.9844099106 0.0424332717 0.8657817711 0.5105296530 
-81.9855767050 0.0424304987 0.8658021015 0.5105897241 
-81.9867549868 0.0424276987 0.8658226294 0.5106502837 
-81.9879446971 0.0424248717 0.8658433536 0.5107113276 
-81.9891457780 0.0424220178 0.8658642730 0.5107728520 
-81.9903581721 0.0424191372 0.8658853866 0.5108348529 
-81.9915818232 0.0424162301 0.8659066932 0.5108973267 
-81.9928166756 0.0424132965 0.8659281918 0.5109602697 
-81.9940626745 0.0424103367 0.8659498814 0.5110236785 
-81.9953197662 0.0424073507 0.8659717608 0.5110875497 
-81.9965878975 0.0424043386 0.8659938292 0.5111518802 
-81.9978670163 0.0424013007 0.8660160855 0.5112166667 
-81.9991570715 0.0423982370 0.8660385286 0.5112819064 
-82.0004580125 0.0423951476 0.8660611577 0.5113475963 
-82.0017697901 0.0423920328 0.8660839718 0.5114137337 
-82.0030923556 0.0423888925 0.8661069700 0.5114803159 
-82.0044256614 0.0423857269 0.8661301512 0.5115473403 
-82.0057696609 0.0423825362 0.8661535147 0.5116148046 
-82.0071243082 0.0423793204 0.8661770595 0.5116827063 
-82.0084895585 0.0423760797 0.8662007848 0.5117510432 
-82.0098653680 0.0423728142 0.8662246896 0.5118198133 
-82.0112516936 0.0423695239 0.8662487732 0.5118890144 
-82.0126484934 0.0423662090 0.8662730348 0.5119586447 
-82.0140557261 0.0423628696 0.8662974735 0.5120287022 
-82.0154733517 0.0423595057 0.8663220885 0.5120991853 
-82.0169013309 0.0423561176 0.8663468791 0.5121700924 
-82.0183396254 0.0423527052 0.8663718445 0.5122414219 
-82.0197881979 0.0423492687 0.8663969840 0.5123131723 
-82.0212470118 0.0423458082 0.8664222968 0.5123853423 
-82.0227160317 0.0423423237 0.8664477823 0.5124579306 
-82.0241952230 0.0423388153 0.8664734397 0.5125309362 
-82.0256845519 0.0423352832 0.8664992684 0.5126043579 
-82.0271839857 0.0423317274 0.8665252677 0.5126781947 
-82.0286934924 0.0423281480 0.8665514369 0.5127524459 
-82.0302130411 0.0423245451 0.8665777755 0.5128271105 
-82.0317426015 0.0423209187 0.8666042829 0.5129021880 
-82.0332821445 0.0423172689 0.8666309583 0.5129776777 
-82.0348316415 0.0423135958 0.8666578013 0.5130535791 
-82.0363910651 0.0423098995 0.8666848113 0.5131298918 
-82.0379603885 0.0423061800 0.8667119877 0.5132066156 
-82.0395395858 0.0423024375 0.8667393299 0.5132837502 
-82.0411286319 0.0422986719 0.8667668376 0.5133612954 
-82.0427275026 0.0422948833 0.8667945101 0.5134392513 
-82.0443361742 0.0422910718 0.8668223469 0.5135176179 
-82.0459546240 0.0422872375 0.8668503476 0.5135963955 
-82.0475828300 0.0422833804 0.8668785117 0.5136755842 
-82.0492207710 0.0422795005 0.8669068387 0.5137551844 
-82.0508684263 0.0422755980 0.8669353283 0.5138351966 
-82.0525257761 0.0422716728 0.8669639799 0.5139156215 
-82.0541928011 0.0422677251 0.8669927931 0.5139964595 
-82.0558694829 0.0422637548 0.8670217675 0.5140777116 
-82.0575558034 0.0422597621 0.8670509028 0.5141593786 
-82.0592517453 0.0422557470 0.8670801985 0.5142414614 
-82.0609572919 0.0422517094 0.8671096543 0.5143239613 
-82.0626724270 0.0422476495 0.8671392697 0.5144068793 
-82.0643971348 0.0422435673 0.8671690445 0.5144902168 
-82.0661314003 0.0422394629 0.8671989782 0.5145739753 
-82.0678752086 0.0422353363 0.8672290706 0.5146581562 
-82.0696285455 0.0422311874 0.8672593212 0.5147427613 
-82.0713913970 0.0422270165 0.8672897298 0.5148277923 
-82.0731637498 0.0422228234 0.8673202961 0.5149132511 
-82.0749455905 0.0422186083 0.8673510196 0.5149991398 
-82.0767369063 0.0422143712 0.8673819002 0.5150854606 
-82.0785376846 0.0422101121 0.8674129374 0.5151722156 
-82.0803479128 0.0422058310 0.8674441311 0.5152594075 
-82.0821675789 0.0422015280 0.8674754808 0.5153470386 
-82.0839966706 0.0421972032 0.8675069863 0.5154351118 
-82.0858351759 0.0421928564 0.8675386472 0.5155236299 
-82.0876830828 0.0421884879 0.8675704634 0.5156125959 
-82.0895403793 0.0421840976 0.8676024344 0.5157020129 
-82.0914070533 0.0421796856 0.8676345600 0.5157918844 
-82.0932830925 0.0421752518 0.8676668399 0.5158822137 
-82.0951684846 0.0421707964 0.8676992738 0.5159730046 
-82.0970632170 0.0421663193 0.8677318613 0.5160642609 
-82.0989672767 0.0421618207 0.8677646022 0.5161559865 
-82.1008806503 0.0421573005 0.8677974960 0.5162481856 
-82.1028033242 0.0421527588 0.8678305426 0.5163408627 
-82.1047352840 0.0421481955 0.8678637415 0.5164340223 
-82.1066765150 0.0421436109 0.8678970924 0.5165276693 
-82.1086270017 0.0421390048 0.8679305949 0.5166218085 
-82.1105867277 0.0421343774 0.8679642486 0.5167164452 
-82.1125556761 0.0421297287 0.8679980532 0.5168115849 
-82.1145338288 0.0421250588 0.8680320083 0.5169072332 
-82.1165211668 0.0421203676 0.8680661134 0.5170033961 
-82.1185176701 0.0421156553 0.8681003680 0.5171000796 
-82.1205233174 0.0421109219 0.8681347718 0.5171972902 
-82.1225380859 0.0421061675 0.8681693242 0.5172950346 
-82.1245619518 0.0421013921 0.8682040247 0.5173933198 
-82.1265948894 0.0420965958 0.8682388728 0.5174921530 
-82.1286368715 0.0420917786 0.8682738679 0.5175915417 
-82.1306878690 0.0420869407 0.8683090093 0.5176914939 
-82.1327478511 0.0420820822 0.8683442965 0.5177920176 
-82.1348167848 0.0420772030 0.8683797289 0.5178931215 
-82.1368946348 0.0420723034 0.8684153055 0.5179948142 
-82.1389813637 0.0420673833 0.8684510259 0.5180971052 
-82.1410769314 0.0420624429 0.8684868890 0.5182000038 
-82.1431812952 0.0420574823 0.8685228942 0.5183035202 
-82.1452944096 0.0420525017 0.8685590404 0.5184076645 
-82.1474162261 0.0420475011 0.8685953268 0.5185124477 
-82.1495466928 0.0420424806 0.8686317524 0.5186178808 
-82.1516857547 0.0420374404 0.8686683160 0.5187239756 
-82.1538333530 0.0420323807 0.8687050166 0.5188307440 
-82.1559894251 0.0420273016 0.8687418531 0.5189381986 
-82.1581539044 0.0420222033 0.8687788240 0.5190463524 
-82.1603267201 0.0420170859 0.8688159282 0.5191552190 
-82.1625077967 0.0420119496 0.8688531642 0.5192648123 
-82.1646970541 0.0420067946 0.8688905304 0.5193751469 
-82.1668944072 0.0420016212 0.8689280254 0.5194862378 
-82.1690997655 0.0419964295 0.8689656474 0.5195981008 
-82.1713130330 0.0419912198 0.8690033947 0.5197107519 
-82.1735341076 0.0419859923 0.8690412654 0.5198242078 
-82.1757628813 0.0419807473 0.8690792576 0.5199384859 
-82.1779992395 0.0419754850 0.8691173691 0.5200536040 
-82.1802430606 0.0419702058 0.8691555977 0.5201695805 
-82.1824942160 0.0419649100 0.8691939411 0.5202864342 
-82.1847525694 0.0419595979 0.8692323968 0.5204041845 
-82.1870179766 0.0419542697 0.8692709623 0.5205228512 
-82.1892902852 0.0419489260 0.8693096348 0.5206424544 
-82.1915693339 0.0419435671 0.8693484114 0.5207630147 
-82.1938549524 0.0419381933 0.8693872890 0.5208845524 
-82.1961469609 0.0419328052 0.8694262644 0.5210070881 
-82.1984451695 0.0419274031 0.8694653343 0.5211306416 
-82.2007493781 0.0419219876 0.8695044951 0.5212552324 
-82.2030593755 0.0419165591 0.8695437429 0.5213808784 
-82.2053749397 0.0419111182 0.8695830740 0.5215075957 
-82.2076958367 0.0419056654 0.8696224840 0.5216353976 
-82.2100218207 0.0419002013 0.8696619688 0.5217642933 
-82.2123526335 0.0418947266 0.8697015236 0.5218942861 
-82.2146880045 0.0418892418 0.8697411438 0.5220253716 
-82.2170276502 0.0418837476 0.8697808243 0.5221575345 
-82.2193712744 0.0418782447 0.8698205599 0.5222907445 
-82.2217185683 0.0418727339 0.8698603452 0.5224249514 
-82.2240692108 0.0418672160 0.8699001745 0.5225600778 
-82.2264228697 0.0418616916 0.8699400420 0.5226960103 
-82.2287792023 0.0418561616 0.8699799417 0.5228325870 
-82.2311378581 0.0418506268 0.8700198675 0.5229695823 
-82.2334984808 0.0418450882 0.8700598131 0.5231066868 
-82.2358607126 0.0418395464 0.8700997723 0.5232434818 
-82.2382241998 0.0418340023 0.8701397388 0.5233794094 
-82.2405885997 0.0418284568 0.8701797067 0.5235137361 
-82.2429535909 0.0418229106 0.8702196704 0.5236455156 
-82.2453188861 0.0418173644 0.8702596249 0.5237735560 
-82.2476842492 0.0418118187 0.8702995661 0.5238964101 
-82.2500495160 0.0418062739 0.8703394911 0.5240124267 
-82.2524146202 0.0418007302 0.8703793987 0.5241199452 
-82.2547796225 0.0417951874 0.8704192900 0.5242178221 
-82.2571447403 0.0417896450 0.8704591689 0.5243066813 
-82.2595103621 0.0417841021 0.8704990420 0.5243912090 
-82.2606936545 0.0417813298 0.8705189810 0.5244340018 
-82.2618780640 0.0417785550 0.8705389327 0.5244738563 
-82.2630638439 0.0417757772 0.8705589015 0.5245122628 
-82.2642512645 0.0417729958 0.8705788922 0.5245501961 
-82.2654406005 0.0417702100 0.8705989094 0.5245882741 
-82.2666321239 0.0417674193 0.8706189580 0.5246268759 
-82.2678260991 0.0417646230 0.8706390424 0.5246662256 
-82.2690227812 0.0417618206 0.8706591670 0.5247064500 
-82.2702224141 0.0417590114 0.8706793362 0.5247476159 
-82.2714252298 0.0417561950 0.8706995538 0.5247897542 
-82.2726314491 0.0417533707 0.8707198238 0.5248328743 
-82.2738412809 0.0417505382 0.8707401496 0.5248769723 
-82.2750549225 0.0417476969 0.8707605347 0.5249220367 
-82.2762725604 0.0417448465 0.8707809824 0.5249680513 
-82.2774943702 0.0417419865 0.8708014955 0.5250149968 
-82.2787205172 0.0417391165 0.8708220769 0.5250628526 
-82.2799511568 0.0417362362 0.8708427293 0.5251115968 
-82.2811864349 0.0417333452 0.8708634552 0.5251612073 
-82.2824264882 0.0417304432 0.8708842569 0.5252116620 
-82.2836714447 0.0417275300 0.8709051366 0.5252629389 
-82.2849214242 0.0417246051 0.8709260963 0.5253150162 
-82.2861765383 0.0417216685 0.8709471378 0.5253678726 
-82.2874368915 0.0417187198 0.8709682631 0.5254214875 
-82.2887025807 0.0417157588 0.8709894736 0.5254758406 
-82.2899736960 0.0417127853 0.8710107709 0.5255309123 
-82.2912503213 0.0417097991 0.8710321563 0.5255866837 
-82.2925325339 0.0417068000 0.8710536313 0.5256431362 
-82.2938204056 0.0417037879 0.8710751970 0.5257002521 
-82.2951140023 0.0417007627 0.8710968544 0.5257580143 
-82.2964133848 0.0416977241 0.8711186045 0.5258164060 
-82.2977186088 0.0416946720 0.8711404484 0.5258754114 
-82.2990297254 0.0416916064 0.8711623867 0.5259350150 
-82.3003467811 0.0416885271 0.8711844203 0.5259952018 
-82.3016698180 0.0416854340 0.8712065498 0.5260559576 
-82.3029988743 0.0416823271 0.8712287758 0.5261172685 
-82.3043339846 0.0416792062 0.8712510989 0.5261791212 
-82.3056751795 0.0416760713 0.8712735195 0.5262415029 
-82.3070224866 0.0416729224 0.8712960380 0.5263044013 
-82.3083759299 0.0416697593 0.8713186549 0.5263678044 
-82.3097355308 0.0416665821 0.8713413704 0.5264317009 
-82.3111013076 0.0416633906 0.8713641848 0.5264960797 
-82.3124732760 0.0416601849 0.8713870982 0.5265609302 
-82.3138514492 0.0416569650 0.8714101109 0.5266262422 
-82.3152358381 0.0416537308 0.8714332230 0.5266920059 
-82.3166264514 0.0416504822 0.8714564346 0.5267582118 
-82.3180232955 0.0416472193 0.8714797457 0.5268248508 
-82.3194263752 0.0416439422 0.8715031564 0.5268919143 
-82.3208356934 0.0416406506 0.8715266666 0.5269593936 
-82.3222512513 0.0416373448 0.8715502763 0.5270272808 
-82.3236730484 0.0416340246 0.8715739854 0.5270955680 
-82.3251010830 0.0416306901 0.8715977939 0.5271642477 
-82.3265353519 0.0416273413 0.8716217016 0.5272333127 
-82.3279758507 0.0416239782 0.8716457085 0.5273027560 
-82.3294225740 0.0416206008 0.8716698142 0.5273725709 
-82.3308755150 0.0416172092 0.8716940187 0.5274427510 
-82.3323346664 0.0416138033 0.8717183218 0.5275132901 
-82.3338000197 0.0416103832 0.8717427233 0.5275841822 
-82.3352715658 0.0416069489 0.8717672229 0.5276554216 
-82.3367492946 0.0416035004 0.8717918205 0.5277270027 
-82.3382331956 0.0416000379 0.8718165157 0.5277989202 
-82.3397232578 0.0415965612 0.8718413084 0.5278711691 
-82.3412194695 0.0415930704 0.8718661982 0.5279437444 
-82.3427218186 0.0415895656 0.8718911849 0.5280166415 
-82.3442302927 0.0415860467 0.8719162683 0.5280898556 
-82.3457448789 0.0415825139 0.8719414480 0.5281633826 
-82.3472655643 0.0415789671 0.8719667238 0.5282372182 
-82.3487923356 0.0415754065 0.8719920953 0.5283113583 
-82.3503251793 0.0415718319 0.8720175624 0.5283857991 
-82.3518640820 0.0415682435 0.8720431246 0.5284605370 
-82.3534090300 0.0415646413 0.8720687817 0.5285355682 
-82.3549600097 0.0415610253 0.8720945335 0.5286108894 
-82.3565170074 0.0415573956 0.8721203795 0.5286864973 
-82.3580800096 0.0415537522 0.8721463196 0.5287623887 
-82.3596490027 0.0415500951 0.8721723534 0.5288385607 
-82.3612239735 0.0415464244 0.8721984807 0.5289150103 
-82.3628049087 0.0415427401 0.8722247011 0.5289917348 
-82.3643917953 0.0415390422 0.8722510144 0.5290687314 
-82.3659846205 0.0415353308 0.8722774203 0.5291459977 
-82.3675833718 0.0415316059 0.8723039185 0.5292235313 
-82.3691880369 0.0415278675 0.8723305087 0.5293013298 
-82.3707986039 0.0415241157 0.8723571907 0.5293793909 
-82.3724150611 0.0415203505 0.8723839643 0.5294577127 
-82.3740373972 0.0415165719 0.8724108292 0.5295362931 
-82.3756656015 0.0415127799 0.8724377850 0.5296151302 
-82.3772996632 0.0415089747 0.8724648317 0.5296942221 
-82.3789395725 0.0415051561 0.8724919689 0.5297735672 
-82.3805853196 0.0415013243 0.8725191965 0.5298531638 
-82.3822368953 0.0414974793 0.8725465142 0.5299330103 
-82.3838942909 0.0414936210 0.8725739218 0.5300131054 
-82.3855574982 0.0414897495 0.8726014191 0.5300934477 
-82.3872265095 0.0414858649 0.8726290059 0.5301740358 
-82.3889013175 0.0414819671 0.8726566821 0.5302548685 
-82.3905819155 0.0414780561 0.8726844474 0.5303359448 
-82.3922682975 0.0414741321 0.8727123017 0.5304172635 
-82.3939604578 0.0414701949 0.8727402449 0.5304988237 
-82.3956583914 0.0414662447 0.8727682767 0.5305806245 
-82.3973620938 0.0414622814 0.8727963972 0.5306626651 
-82.3990715613 0.0414583050 0.8728246060 0.5307449446 
-82.4007867906 0.0414543156 0.8728529032 0.5308274625 
-82.4025077789 0.0414503132 0.8728812886 0.5309102181 
-82.4042345244 0.0414462977 0.8729097622 0.5309932108 
-82.4059670255 0.0414422692 0.8729383237 0.5310764402 
-82.4077052815 0.0414382277 0.8729669733 0.5311599058 
-82.4094492922 0.0414341732 0.8729957107 0.5312436073 
-82.4111990580 0.0414301056 0.8730245360 0.5313275445 
-82.4129545803 0.0414260251 0.8730534491 0.5314117170 
-82.4147158606 0.0414219315 0.8730824500 0.5314961248 
-82.4164829014 0.0414178250 0.8731115386 0.5315807678 
-82.4182557059 0.0414137054 0.8731407150 0.5316656458 
-82.4200342777 0.0414095728 0.8731699792 0.5317507590 
-82.4218186213 0.0414054272 0.8731993311 0.5318361075 
-82.4236087418 0.0414012685 0.8732287709 0.5319216913 
-82.4254046448 0.0413970968 0.8732582984 0.5320075107 
-82.4272063368 0.0413929120 0.8732879139 0.5320935660 
-82.4290138249 0.0413887142 0.8733176172 0.5321798574 
-82.4308271167 0.0413845033 0.8733474086 0.5322663855 
-82.4326462208 0.0413802793 0.8733772881 0.5323531505 
-82.4344711462 0.0413760421 0.8734072558 0.5324401531 
-82.4363019027 0.0413717919 0.8734373117 0.5325273938 
-82.4381385006 0.0413675284 0.8734674561 0.5326148732 
-82.4399809511 0.0413632518 0.8734976890 0.5327025920 
-82.4418292658 0.0413589620 0.8735280105 0.5327905509 
-82.4436834573 0.0413546590 0.8735584209 0.5328787507 
-82.4455435385 0.0413503427 0.8735889202 0.5329671923 
-82.4474095232 0.0413460132 0.8736195087 0.5330558767 
-82.4492814258 0.0413416703 0.8736501865 0.5331448046 
-82.4511592612 0.0413373141 0.8736809538 0.5332339773 
-82.4530430451 0.0413329445 0.8737118108 0.5333233958 
-82.4549327937 0.0413285616 0.8737427577 0.5334130611 
-82.4568285241 0.0413241651 0.8737737948 0.5335029747 
-82.4587302538 0.0413197552 0.8738049223 0.5335931376 
-82.4606380008 0.0413153318 0.8738361404 0.5336835512 
-82.4625517840 0.0413108949 0.8738674494 0.5337742170 
-82.4644716227 0.0413064443 0.8738988495 0.5338651363 
-82.4663975369 0.0413019801 0.8739303410 0.5339563107 
-82.4683295472 0.0412975022 0.8739619243 0.5340477417 
-82.4702676746 0.0412930106 0.8739935995 0.5341394310 
-82.4722119409 0.0412885052 0.8740253670 0.5342313803 
-82.4741623683 0.0412839860 0.8740572271 0.5343235913 
-82.4761189796 0.0412794529 0.8740891801 0.5344160659 
-82.4780817981 0.0412749059 0.8741212263 0.5345088060 
-82.4800508476 0.0412703450 0.8741533662 0.5346018134 
-82.4820261526 0.0412657700 0.8741855999 0.5346950903 
-82.4840077378 0.0412611809 0.8742179279 0.5347886388 
-82.4859956285 0.0412565778 0.8742503506 0.5348824610 
-82.4879898506 0.0412519604 0.8742828682 0.5349765591 
-82.4899904302 0.0412473288 0.8743154813 0.5350709355 
-82.4919973941 0.0412426829 0.8743481900 0.5351655926 
-82.4940107693 0.0412380226 0.8743809950 0.5352605328 
-82.4960305833 0.0412333479 0.8744138964 0.5353557586 
-82.4980568639 0.0412286588 0.8744468948 0.5354512727 
-82.5000896393 0.0412239551 0.8744799906 0.5355470777 
-82.5021289380 0.0412192368 0.8745131840 0.5356431765 
-82.5041747889 0.0412145039 0.8745464757 0.5357395719 
-82.5062272211 0.0412097562 0.8745798659 0.5358362668 
-82.5082862640 0.0412049938 0.8746133552 0.5359332644 
-82.5103519472 0.0412002165 0.8746469438 0.5360305676 
-82.5124243005 0.0411954243 0.8746806324 0.5361281798 
-82.5145033539 0.0411906172 0.8747144212 0.5362261043 
-82.5165891376 0.0411857949 0.8747483108 0.5363243444 
-82.5186816819 0.0411809576 0.8747823015 0.5364229037 
-82.5207810171 0.0411761051 0.8748163938 0.5365217857 
-82.5228871736 0.0411712374 0.8748505882 0.5366209943 
-82.5250001818 0.0411663544 0.8748848851 0.5367205332 
-82.5271200721 0.0411614560 0.8749192848 0.5368204064 
-82.5292468749 0.0411565422 0.8749537880 0.5369206180 
-82.5313806203 0.0411516128 0.8749883949 0.5370211721 
-82.5335213385 0.0411466680 0.8750231060 0.5371220730 
-82.5356690593 0.0411417075 0.8750579217 0.5372233251 
-82.5378238123 0.0411367313 0.8750928425 0.5373249331 
-82.5399856270 0.0411317393 0.8751278688 0.5374269016 
-82.5421545322 0.0411267316 0.8751630010 0.5375292354 
-82.5443305566 0.0411217079 0.8751982394 0.5376319396 
-82.5465137284 0.0411166684 0.8752335845 0.5377350192 
-82.5487040750 0.0411116128 0.8752690367 0.5378384797 
-82.5509016237 0.0411065413 0.8753045963 0.5379423263 
-82.5531064007 0.0411014536 0.8753402638 0.5380465648 
-82.5553184317 0.0410963497 0.8753760393 0.5381512009 
-82.5575377417 0.0410912297 0.8754119234 0.5382562406 
-82.5597643546 0.0410860934 0.8754479163 0.5383616900 
-82.5619982935 0.0410809408 0.8754840183 0.5384675556 
-82.5642395804 0.0410757718 0.8755202297 0.5385738439 
-82.5664882364 0.0410705864 0.8755565508 0.5386805616 
-82.5687442810 0.0410653847 0.8755929818 0.5387877157 
-82.5710077327 0.0410601664 0.8756295230 0.5388953134 
-82.5732786086 0.0410549317 0.8756661745 0.5390033622 
-82.5755569242 0.0410496804 0.8757029366 0.5391118697 
-82.5778426932 0.0410444125 0.8757398094 0.5392208438 
-82.5801359280 0.0410391281 0.8757767929 0.5393302928 
-82.5824366387 0.0410338271 0.8758138874 0.5394402252 
-82.5847448338 0.0410285095 0.8758510928 0.5395506495 
-82.5870605195 0.0410231753 0.8758884091 0.5396615750 
-82.5893836996 0.0410178244 0.8759258365 0.5397730108 
-82.5917143759 0.0410124569 0.8759633747 0.5398849668 
-82.5940525472 0.0410070728 0.8760010237 0.5399974528 
-82.5963982100 0.0410016722 0.8760387834 0.5401104792 
-82.5987513577 0.0409962549 0.8760766535 0.5402240566 
-82.6011119807 0.0409908211 0.8761146339 0.5403381961 
-82.6034800662 0.0409853708 0.8761527242 0.5404529091 
-82.6058555979 0.0409799040 0.8761909240 0.5405682075 
-82.6082385561 0.0409744208 0.8762292330 0.5406841033 
-82.6106289170 0.0409689213 0.8762676507 0.5408006094 
-82.6130266529 0.0409634055 0.8763061765 0.5409177387 
-82.6154317319 0.0409578734 0.8763448098 0.5410355049 
-82.6178441175 0.0409523253 0.8763835499 0.5411539218 
-82.6202637684 0.0409467611 0.8764223961 0.5412730041 
-82.6226906384 0.0409411811 0.8764613475 0.5413927667 
-82.6251246759 0.0409355852 0.8765004031 0.5415132250 
-82.6275658238 0.0409299738 0.8765395620 0.5416343952 
-82.6300140191 0.0409243468 0.8765788229 0.5417562938 
-82.6324691927 0.0409187045 0.8766181847 0.5418789380 
-82.6349312688 0.0409130471 0.8766576460 0.5420023454 
-82.6374001650 0.0409073748 0.8766972054 0.5421265342 
-82.6398757916 0.0409016877 0.8767368613 0.5422515234 
-82.6423580512 0.0408959861 0.8767766120 0.5423773324 
-82.6448468387 0.0408902702 0.8768164556 0.5425039811 
-82.6473420405 0.0408845404 0.8768563903 0.5426314899 
-82.6498435344 0.0408787968 0.8768964138 0.5427598801 
-82.6523511888 0.0408730399 0.8769365240 0.5428891730 
-82.6548648626 0.0408672699 0.8769767184 0.5430193905 
-82.6573844047 0.0408614872 0.8770169945 0.5431505549 
-82.6599096534 0.0408556921 0.8770573494 0.5432826884 
-82.6624404359 0.0408498851 0.8770977803 0.5434158134 
-82.6649765679 0.0408440666 0.8771382840 0.5435499518 
-82.6675178532 0.0408382370 0.8771788572 0.5436851249 
-82.6700640830 0.0408323969 0.8772194964 0.5438213529 
-82.6726150355 0.0408265467 0.8772601978 0.5439586539 
-82.6751704755 0.0408206870 0.8773009574 0.5440970436 
-82.6777301538 0.0408148184 0.8773417712 0.5442365334 
-82.6802938070 0.0408089414 0.8773826345 0.5443771291 
-82.6828611570 0.0408030568 0.8774235429 0.5445188286 
-82.6854319108 0.0407971651 0.8774644913 0.5446616188 
-82.6880057605 0.0407912671 0.8775054747 0.5448054716 
-82.6905823835 0.0407853636 0.8775464876 0.5449503384 
-82.6931614428 0.0407794553 0.8775875245 0.5450961431 
-82.6957425879 0.0407735430 0.8776285794 0.5452427719 
-82.6983254560 0.0407676275 0.8776696464 0.5453900613 
-82.7009096744 0.0407617098 0.8777107192 0.5455377810 
-82.7034948635 0.0407557906 0.8777517915 0.5456856126 
-82.7060806410 0.0407498709 0.8777928570 0.5458331223 
-82.7086666284 0.0407439516 0.8778339094 0.5459797280 
-82.7112524594 0.0407380333 0.8778749427 0.5461246589 
-82.7138377914 0.0407321171 0.8779159511 0.5462669132 
-82.7164223202 0.0407262034 0.8779569296 0.5464052195 
-82.7190058006 0.0407202930 0.8779978741 0.5465380200 
-82.7215880708 0.0407143861 0.8780387821 0.5466635175 
-82.7241690834 0.0407084829 0.8780796526 0.5467798753 
-82.7267489410 0.0407025832 0.8781204875 0.5468857757 
-82.7293279327 0.0406966862 0.8781612913 0.5469817896 
-82.7319065550 0.0406907909 0.8782020725 0.5470729862 
-82.7331959738 0.0406878433 0.8782224579 0.5471191899 
-82.7344858076 0.0406848949 0.8782428422 0.5471622529 
-82.7357763742 0.0406819451 0.8782632306 0.5472037945 
-82.7370680102 0.0406789930 0.8782836286 0.5472448554 
-82.7383610567 0.0406760379 0.8783040419 0.5472860821 
-82.7396558506 0.0406730791 0.8783244759 0.5473278616 
-82.7409527202 0.0406701157 0.8783449360 0.5473704161 
-82.7422519824 0.0406671470 0.8783654274 0.5474138670 
-82.7435539412 0.0406641724 0.8783859550 0.5474582747 
-82.7448588879 0.0406611911 0.8784065237 0.5475036647 
-82.7461671003 0.0406582026 0.8784271380 0.5475500411 
-82.7474788437 0.0406552063 0.8784478021 0.5475973964 
-82.7487943704 0.0406522015 0.8784685201 0.5476457154 
-82.7501139209 0.0406491877 0.8784892960 0.5476949790 
-82.7514377240 0.0406461645 0.8785101335 0.5477451655 
-82.7527659974 0.0406431312 0.8785310360 0.5477962518 
-82.7540989484 0.0406400875 0.8785520069 0.5478482140 
-82.7554367741 0.0406370328 0.8785730494 0.5479010280 
-82.7567796620 0.0406339669 0.8785941664 0.5479546698 
-82.7581277909 0.0406308891 0.8786153608 0.5480091155 
-82.7594813310 0.0406277993 0.8786366354 0.5480643418 
-82.7608404445 0.0406246969 0.8786579926 0.5481203257 
-82.7622052860 0.0406215817 0.8786794350 0.5481770449 
-82.7635760032 0.0406184533 0.8787009649 0.5482344775 
-82.7649527373 0.0406153114 0.8787225844 0.5482926025 
-82.7663356232 0.0406121556 0.8787442958 0.5483513991 
-82.7677247902 0.0406089858 0.8787661009 0.5484108475 
-82.7691203622 0.0406058016 0.8787880018 0.5484709283 
-82.7705224584 0.0406026028 0.8788100002 0.5485316229 
-82.7719311933 0.0405993890 0.8788320980 0.5485929131 
-82.7733466774 0.0405961601 0.8788542967 0.5486547813 
-82.7747690174 0.0405929158 0.8788765981 0.5487172107 
-82.7761983167 0.0405896558 0.8788990037 0.5487801848 
-82.7776346753 0.0405863801 0.8789215150 0.5488436878 
-82.7790781910 0.0405830882 0.8789441335 0.5489077043 
-82.7805289587 0.0405797800 0.8789668605 0.5489722194 
-82.7819870716 0.0405764554 0.8789896975 0.5490372187 
-82.7834526208 0.0405731141 0.8790126459 0.5491026884 
-82.7849256962 0.0405697558 0.8790357068 0.5491686149 
-82.7864063864 0.0405663805 0.8790588816 0.5492349852 
-82.7878947789 0.0405629879 0.8790821717 0.5493017868 
-82.7893909610 0.0405595777 0.8791055782 0.5493690072 
-82.7908950192 0.0405561499 0.8791291023 0.5494366348 
-82.7924070403 0.0405527043 0.8791527454 0.5495046578 
-82.7939271109 0.0405492405 0.8791765087 0.5495730653 
-82.7954553184 0.0405457586 0.8792003933 0.5496418463 
-82.7969917506 0.0405422581 0.8792244007 0.5497109904 
-82.7985364964 0.0405387390 0.8792485319 0.5497804873 
-82.8000896458 0.0405352011 0.8792727883 0.5498503271 
-82.8016512903 0.0405316440 0.8792971712 0.5499205001 
-82.8032215230 0.0405280678 0.8793216818 0.5499909969 
-82.8048004388 0.0405244720 0.8793463216 0.5500618085 
-82.8063881350 0.0405208566 0.8793710919 0.5501329258 
-82.8079847111 0.0405172212 0.8793959940 0.5502043403 
-82.8095902692 0.0405135657 0.8794210294 0.5502760434 
-82.8112049144 0.0405098899 0.8794461995 0.5503480269 
-82.8128287546 0.0405061934 0.8794715060 0.5504202827 
-82.8144619012 0.0405024760 0.8794969503 0.5504928030 
-82.8161044691 0.0404987376 0.8795225340 0.5505655801 
-82.8177565771 0.0404949777 0.8795482589 0.5506386063 
-82.8194183478 0.0404911962 0.8795741266 0.5507118745 
-82.8210899082 0.0404873928 0.8796001389 0.5507853772 
-82.8227713896 0.0404835671 0.8796262977 0.5508591075 
-82.8244629283 0.0404797189 0.8796526049 0.5509330584 
-82.8261646653 0.0404758478 0.8796790625 0.5510072231 
-82.8278767471 0.0404719536 0.8797056724 0.5510815948 
-82.8295993254 0.0404680359 0.8797324370 0.5511561670 
-82.8313325577 0.0404640943 0.8797593583 0.5512309332 
-82.8330766076 0.0404601284 0.8797864388 0.5513058870 
-82.8348316447 0.0404561380 0.8798136808 0.5513810221 
-82.8365978454 0.0404521225 0.8798410868 0.5514563322 
-82.8383753925 0.0404480816 0.8798686594 0.5515318114 
-82.8401644762 0.0404440149 0.8798964014 0.5516074534 
-82.8419652937 0.0404399220 0.8799243154 0.5516832523 
-82.8437780500 0.0404358022 0.8799524045 0.5517592022 
-82.8456029580 0.0404316553 0.8799806717 0.5518352972 
-82.8474402387 0.0404274807 0.8800091201 0.5519115315 
-82.8492901216 0.0404232778 0.8800377530 0.5519878993 
-82.8511528450 0.0404190462 0.8800665738 0.5520643949 
-82.8530286565 0.0404147853 0.8800955861 0.5521410126 
-82.8549178128 0.0404104946 0.8801247934 0.5522177467 
-82.8568205807 0.0404061733 0.8801541998 0.5522945916 
-82.8587372370 0.0404018210 0.8801838091 0.5523715417 
-82.8606680690 0.0403974369 0.8802136254 0.5524485914 
-82.8626133747 0.0403930204 0.8802436530 0.5525257351 
-82.8645734636 0.0403885709 0.8802738964 0.5526029672 
-82.8665486564 0.0403840875 0.8803043602 0.5526802823 
-82.8685392862 0.0403795695 0.8803350492 0.5527576746 
-82.8705456981 0.0403750163 0.8803659684 0.5528351387 
-82.8725682502 0.0403704269 0.8803971229 0.5529126690 
-82.8746073137 0.0403658005 0.8804285180 0.5529902599 
-82.8766632736 0.0403611364 0.8804601594 0.5530679059 
-82.8787365289 0.0403564335 0.8804920527 0.5531456013 
-82.8808274931 0.0403516910 0.8805242040 0.5532233404 
-82.8829365948 0.0403469079 0.8805566195 0.5533011177 
-82.8850642781 0.0403420832 0.8805893055 0.5533789274 
-82.8872110032 0.0403372159 0.8806222688 0.5534567639 
-82.8893772467 0.0403323049 0.8806555162 0.5535346213 
-82.8915635024 0.0403273491 0.8806890549 0.5536124939 
-82.8937702818 0.0403223474 0.8807228922 0.5536903758 
-82.8959981143 0.0403172986 0.8807570358 0.5537682612 
-82.8982475483 0.0403122014 0.8807914938 0.5538461440 
-82.9005191516 0.0403070547 0.8808262742 0.5539240183 
-82.9028135119 0.0403018570 0.8808613857 0.5540018781 
-82.9051312375 0.0402966071 0.8808968370 0.5540797172 
-82.9074729581 0.0402913034 0.8809326373 0.5541575294 
-82.9098393254 0.0402859447 0.8809687959 0.5542353085 
-82.9122310137 0.0402805293 0.8810053228 0.5543130482 
-82.9146487205 0.0402750556 0.8810422280 0.5543907419 
-82.9170931679 0.0402695222 0.8810795220 0.5544683832 
-82.9195651024 0.0402639273 0.8811172155 0.5545459656 
-82.9220652965 0.0402582692 0.8811553199 0.5546234823 
-82.9245945492 0.0402525461 0.8811938467 0.5547009266 
-82.9271536867 0.0402467562 0.8812328078 0.5547782915 
-82.9297435634 0.0402408976 0.8812722158 0.5548555702 
-82.9323650630 0.0402349682 0.8813120833 0.5549327554 
-82.9350190991 0.0402289661 0.8813524237 0.5550098401 
-82.9377066162 0.0402228892 0.8813932506 0.5550868168 
-82.9404285909 0.0402167352 0.8814345782 0.5551636781 
-82.9431860326 0.0402105020 0.8814764211 0.5552404165 
-82.9459799850 0.0402041872 0.8815187945 0.5553170241 
-82.9488115265 0.0401977884 0.8815617140 0.5553934932 
-82.9516817720 0.0401913032 0.8816051958 0.5554698158 
-82.9545918736 0.0401847289 0.8816492565 0.5555459836 
-82.9575430218 0.0401780629 0.8816939134 0.5556219883 
-82.9605364471 0.0401713025 0.8817391842 0.5556978216 
-82.9635734208 0.0401644449 0.8817850875 0.5557734746 
-82.9666552565 0.0401574871 0.8818316422 0.5558489387 
-82.9697833115 0.0401504261 0.8818788680 0.5559242047 
-82.9729589880 0.0401432589 0.8819267851 0.5559992636 
-82.9761837346 0.0401359821 0.8819754145 0.5560741058 
-82.9794590481 0.0401285925 0.8820247778 0.5561487218 
-82.9827864741 0.0401210867 0.8820748973 0.5562231018 
-82.9861676098 0.0401134611 0.8821257962 0.5562972358 
-82.9896041046 0.0401057120 0.8821774981 0.5563711135 
-82.9930976623 0.0400978357 0.8822300277 0.5564447244 
-82.9966500425 0.0400898283 0.8822834104 0.5565180577 
-83.0002630626 0.0400816857 0.8823376723 0.5565911025 
-83.0039385996 0.0400734039 0.8823928404 0.5566638476 
-83.0076785921 0.0400649785 0.8824489427 0.5567362814 
-83.0114850416 0.0400564051 0.8825060080 0.5568083921 
-83.0153600156 0.0400476791 0.8825640659 0.5568801677 
-83.0193056485 0.0400387958 0.8826231472 0.5569515957 
-83.0233241449 0.0400297504 0.8826832834 0.5570226635 
-83.0274177807 0.0400205379 0.8827445071 0.5570933580 
-83.0315889061 0.0400111530 0.8828068522 0.5571636660 
-83.0358399479 0.0400015904 0.8828703533 0.5572335736 
-83.0401734115 0.0399918446 0.8829350462 0.5573030669 
-83.0445918840 0.0399819099 0.8830009679 0.5573721315 
-83.0490980362 0.0399717805 0.8830681565 0.5574407525 
-83.0536946257 0.0399614502 0.8831366514 0.5575089148 
-83.0583844995 0.0399509129 0.8832064931 0.5575766028 
-83.0631705968 0.0399401620 0.8832777235 0.5576438005 
-83.0680559521 0.0399291910 0.8833503857 0.5577104915 
-83.0730436979 0.0399179929 0.8834245241 0.5577766588 
-83.0781370684 0.0399065607 0.8835001846 0.5578422852 
-83.0833394021 0.0398948871 0.8835774146 0.5579073527 
-83.0886541457 0.0398829645 0.8836562626 0.5579718432 
-83.0940848570 0.0398707852 0.8837367791 0.5580357378 
-83.0996352091 0.0398583412 0.8838190157 0.5580990171 
-83.1053089934 0.0398456241 0.8839030259 0.5581616613 
-83.1111101241 0.0398326256 0.8839888647 0.5582236500 
-83.1170426414 0.0398193366 0.8840765888 0.5582849621 
-83.1231107161 0.0398057483 0.8841662566 0.5583455761 
-83.1293186538 0.0397918513 0.8842579284 0.5584054698 
-83.1356708986 0.0397776358 0.8843516663 0.5584646204 
-83.1421720383 0.0397630921 0.8844475341 0.5585230045 
-83.1488268088 0.0397482097 0.8845455977 0.5585805979 
-83.1556400985 0.0397329782 0.8846459251 0.5586373759 
-83.1626169538 0.0397173866 0.8847485860 0.5586933129 
-83.1697625836 0.0397014237 0.8848536525 0.5587483829 
-83.1770823652 0.0396850779 0.8849611987 0.5588025590 
-83.1845818492 0.0396683372 0.8850713010 0.5588558133 
-83.1922667654 0.0396511895 0.8851840381 0.5589081176 
-83.2001430285 0.0396336218 0.8852994908 0.5589594427 
-83.2082167442 0.0396156212 0.8854177426 0.5590097584 
-83.2164942153 0.0395971742 0.8855388793 0.5590590341 
-83.2249819480 0.0395782668 0.8856629892 0.5591072380 
-83.2336866590 0.0395588847 0.8857901632 0.5591543376 
-83.2426152817 0.0395390132 0.8859204949 0.5592002995 
-83.2517749738 0.0395186370 0.8860540807 0.5592450894 
-83.2611731243 0.0394977404 0.8861910195 0.5592886720 
-83.2708173614 0.0394763072 0.8863314135 0.5593310113 
-83.2807155600 0.0394543207 0.8864753673 0.5593720702 
-83.2908758500 0.0394317639 0.8866229890 0.5594118105 
-83.3013066244 0.0394086189 0.8867743895 0.5594501933 
-83.3120165486 0.0393848675 0.8869296829 0.5594871785 
-83.3230145686 0.0393604910 0.8870889865 0.5595227250 
-83.3343099207 0.0393354699 0.8872524209 0.5595567907 
-83.3459121412 0.0393097844 0.8874201103 0.5595893325 
-83.3578310757 0.0392834138 0.8875921819 0.5596203060 
-83.3700768904 0.0392563369 0.8877687668 0.5596496661 
-83.3826600816 0.0392285320 0.8879499995 0.5596773661 
-83.3955914877 0.0391999766 0.8881360184 0.5597033586 
-83.4088822999 0.0391706475 0.8883269655 0.5597275947 
-83.4225440743 0.0391405209 0.8885229866 0.5597500246 
-83.4365887441 0.0391095722 0.8887242316 0.5597705970 
-83.4510286322 0.0390777762 0.8889308541 0.5597892596 
-83.4658764643 0.0390451067 0.8891430121 0.5598059587 
-83.4811453825 0.0390115370 0.8893608675 0.5598206393 
-83.4968489596 0.0389770394 0.8895845866 0.5598332450 
-83.5130012130 0.0389415855 0.8898143398 0.5598437182 
-83.5296166207 0.0389051461 0.8900503021 0.5598519995 
-83.5467101361 0.0388676910 0.8902926528 0.5598580282 
-83.5642972051 0.0388291891 0.8905415757 0.5598617418 
-83.5823937821 0.0387896085 0.8907972591 0.5598630762 
-83.6010163481 0.0387489164 0.8910598963 0.5598619653 
-83.6201819286 0.0387070788 0.8913296848 0.5598583412 
-83.6399081121 0.0386640610 0.8916068273 0.5598521335 
-83.6602130703 0.0386198272 0.8918915311 0.5598432696 
-83.6811155779 0.0385743404 0.8921840083 0.5598316741 
-83.7026350336 0.0385275628 0.8924844761 0.5598172686 
-83.7247914824 0.0384794552 0.8927931566 0.5597999714 
-83.7476056380 0.0384299775 0.8931102769 0.5597796967 
-83.7710989067 0.0383790884 0.8934360690 0.5597563543 
-83.7952934116 0.0383267454 0.8937707701 0.5597298487 
-83.8202120189 0.0382729049 0.8941146223 0.5597000785 
-83.8458783640 0.0382175218 0.8944678730 0.5596669348 
-83.8723168795 0.0381605499 0.8948307746 0.5596303001 
-83.8995528245 0.0381019418 0.8952035844 0.5595900468 
-83.9276123143 0.0380416485 0.8955865649 0.5595460349 
-83.9565223525 0.0379796198 0.8959799836 0.5594981094 
-83.9863108640 0.0379158042 0.8963841130 0.5594460972 
-84.0170067294 0.0378501484 0.8967992305 0.5593898029 
-84.0486398215 0.0377825981 0.8972256184 0.5593290040 
-84.0812410432 0.0377130970 0.8976635638 0.5592634444 
-84.1148423679 0.0376415877 0.8981133586 0.5591928265 
-84.1494768813 0.0375680109 0.8985752991 0.5591168009 
-84.1851788262 0.0374923057 0.8990496863 0.5590349536 
-84.2219836498 0.0374144098 0.8995368256 0.5589467897 
-84.2599280538 0.0373342588 0.9000370267 0.5588517124 
-84.2990500478 0.0372517868 0.9005506032 0.5587489959 
-84.3393890066 0.0371669261 0.9010778729 0.5586377511 
-84.3809857322 0.0370796069 0.9016191575 0.5585168810 
-84.4238825201 0.0369897577 0.9021747821 0.5583850232 
-84.4681232325 0.0368973048 0.9027450757 0.5582404763 
-84.5137533780 0.0368021728 0.9033303704 0.5580811045 
-84.5608201996 0.0367042836 0.9039310020 0.5579042155 
-84.6093727742 0.0366035573 0.9045473092 0.5577064042 
-84.6594621229 0.0364999114 0.9051796344 0.5574833561 
-84.7111413379 0.0363932609 0.9058283231 0.5572296035 
-84.7644657276 0.0362835183 0.9064937247 0.5569382385 
-84.8194929849 0.0361705930 0.9071761924 0.5566006074 
-84.8762833826 0.0360543913 0.9078760841 0.5562060696 
-84.9349000027 0.0359348163 0.9085937631 0.5557419939 
-84.9954089955 0.0358117670 0.9093295989 0.5551940402 
-85.0578798992 0.0356851384 0.9100839693 0.5545499139 
-85.1223869329 0.0355548188 0.9108572729 0.5539026984 
-85.1890076784 0.0354206930 0.9116499101 0.5534478888 
-85.2578174738 0.0352826534 0.9124622099 0.5531890591 
-82.7331959738 0.0406878433 0.8782224579 0.5471191899 
-82.7344858076 0.0406848949 0.8782428422 0.5471622529 
-82.7357763742 0.0406819451 0.8782632306 0.5472037945 
-82.7370680102 0.0406789930 0.8782836286 0.5472448554 
-82.7383610567 0.0406760379 0.8783040419 0.5472860821 
-82.7396558506 0.0406730791 0.8783244759 0.5473278616 
-82.7409527202 0.0406701157 0.8783449360 0.5473704161 
-82.7422519824 0.0406671470 0.8783654274 0.5474138670 
-82.7435539412 0.0406641724 0.8783859550 0.5474582747 
-82.7448588879 0.0406611911 0.8784065237 0.5475036647 
-82.7461671003 0.0406582026 0.8784271380 0.5475500411 
-82.7474788437 0.0406552063 0.8784478021 0.5475973964 
-82.7487943704 0.0406522015 0.8784685201 0.5476457154 
-82.7501139209 0.0406491877 0.8784892960 0.5476949790 
-82.7514377240 0.0406461645 0.8785101335 0.5477451655 
-82.7527659974 0.0406431312 0.8785310360 0.5477962518 
-82.7540989484 0.0406400875 0.8785520069 0.5478482140 
-82.7554367741 0.0406370328 0.8785730494 0.5479010280 
-82.7567796620 0.0406339669 0.8785941664 0.5479546698 
-82.7581277909 0.0406308891 0.8786153608 0.5480091155 
-82.7594813310 0.0406277993 0.8786366354 0.5480643418 
-82.7608404445 0.0406246969 0.8786579926 0.5481203257 
-82.7622052860 0.0406215817 0.8786794350 0.5481770449 
-82.7635760032 0.0406184533 0.8787009649 0.5482344775 
-82.7649527373 0.0406153114 0.8787225844 0.5482926025 
-82.7663356232 0.0406121556 0.8787442958 0.5483513991 
-82.7677247902 0.0406089858 0.8787661009 0.5484108475 
-82.7691203622 0.0406058016 0.8787880018 0.5484709283 
-82.7705224584 0.0406026028 0.8788100002 0.5485316229 
-82.7719311933 0.0405993890 0.8788320980 0.5485929131 
-82.7733466774 0.0405961601 0.8788542967 0.5486547813 
-82.7747690174 0.0405929158 0.8788765981 0.5487172107 
-82.7761983167 0.0405896558 0.8788990037 0.5487801848 
-82.7776346753 0.0405863801 0.8789215150 0.5488436878 
-82.7790781910 0.0405830882 0.8789441335 0.5489077043 
-82.7805289587 0.0405797800 0.8789668605 0.5489722194 
-82.7819870716 0.0405764554 0.8789896975 0.5490372187 
-82.7834526208 0.0405731141 0.8790126459 0.5491026884 
-82.7849256962 0.0405697558 0.8790357068 0.5491686149 
-82.7864063864 0.0405663805 0.8790588816 0.5492349852 
-82.7878947789 0.0405629879 0.8790821717 0.5493017868 
-82.7893909610 0.0405595777 0.8791055782 0.5493690072 
-82.7908950192 0.0405561499 0.8791291023 0.5494366348 
-82.7924070403 0.0405527043 0.8791527454 0.5495046578 
-82.7939271109 0.0405492405 0.8791765087 0.5495730653 
-82.7954553184 0.0405457586 0.8792003933 0.5496418463 
-82.7969917506 0.0405422581 0.8792244007 0.5497109904 
-82.7985364964 0.0405387390 0.8792485319 0.5497804873 
-82.8000896458 0.0405352011 0.8792727883 0.5498503271 
-82.8016512903 0.0405316440 0.8792971712 0.5499205001 
-82.8032215230 0.0405280678 0.8793216818 0.5499909969 
-82.8048004388 0.0405244720 0.8793463216 0.5500618085 
-82.8063881350 0.0405208566 0.8793710919 0.5501329258 
-82.8079847111 0.0405172212 0.8793959940 0.5502043403 
-82.8095902692 0.0405135657 0.8794210294 0.5502760434 
-82.8112049144 0.0405098899 0.8794461995 0.5503480269 
-82.8128287546 0.0405061934 0.8794715060 0.5504202827 
-82.8144619012 0.0405024760 0.8794969503 0.5504928030 
-82.8161044691 0.0404987376 0.8795225340 0.5505655801 
-82.8177565771 0.0404949777 0.8795482589 0.5506386063 
-82.8194183478 0.0404911962 0.8795741266 0.5507118745 
-82.8210899082 0.0404873928 0.8796001389 0.5507853772 
-82.8227713896 0.0404835671 0.8796262977 0.5508591075 
-82.8244629283 0.0404797189 0.8796526049 0.5509330584 
-82.8261646653 0.0404758478 0.8796790625 0.5510072231 
-82.8278767471 0.0404719536 0.8797056724 0.5510815948 
-82.8295993254 0.0404680359 0.8797324370 0.5511561670 
-82.8313325577 0.0404640943 0.8797593583 0.5512309332 
-82.8330766076 0.0404601284 0.8797864388 0.5513058870 
-82.8348316447 0.0404561380 0.8798136808 0.5513810221 
-82.8365978454 0.0404521225 0.8798410868 0.5514563322 
-82.8383753925 0.0404480816 0.8798686594 0.5515318114 
-82.8401644762 0.0404440149 0.8798964014 0.5516074534 
-82.8419652937 0.0404399220 0.8799243154 0.5516832523 
-82.8437780500 0.0404358022 0.8799524045 0.5517592022 
-82.8456029580 0.0404316553 0.8799806717 0.5518352972 
-82.8474402387 0.0404274807 0.8800091201 0.5519115315 
-82.8492901216 0.0404232778 0.8800377530 0.5519878993 
-82.8511528450 0.0404190462 0.8800665738 0.5520643949 
-82.8530286565 0.0404147853 0.8800955861 0.5521410126 
-82.8549178128 0.0404104946 0.8801247934 0.5522177467 
-82.8568205807 0.0404061733 0.8801541998 0.5522945916 
-82.8587372370 0.0404018210 0.8801838091 0.5523715417 
-82.8606680690 0.0403974369 0.8802136254 0.5524485914 
-82.8626133747 0.0403930204 0.8802436530 0.5525257351 
-82.8645734636 0.0403885709 0.8802738964 0.5526029672 
-82.8665486564 0.0403840875 0.8803043602 0.5526802823 
-82.8685392862 0.0403795695 0.8803350492 0.5527576746 
-82.8705456981 0.0403750163 0.8803659684 0.5528351387 
-82.8725682502 0.0403704269 0.8803971229 0.5529126690 
-82.8746073137 0.0403658005 0.8804285180 0.5529902599 
-82.8766632736 0.0403611364 0.8804601594 0.5530679059 
-82.8787365289 0.0403564335 0.8804920527 0.5531456013 
-82.8808274931 0.0403516910 0.8805242040 0.5532233404 
-82.8829365948 0.0403469079 0.8805566195 0.5533011177 
-82.8850642781 0.0403420832 0.8805893055 0.5533789274 
-82.8872110032 0.0403372159 0.8806222688 0.5534567639 
-82.8893772467 0.0403323049 0.8806555162 0.5535346213 
-82.8915635024 0.0403273491 0.8806890549 0.5536124939 
-82.8937702818 0.0403223474 0.8807228922 0.5536903758 
-82.8959981143 0.0403172986 0.8807570358 0.5537682612 
-82.8982475483 0.0403122014 0.8807914938 0.5538461440 
-82.9005191516 0.0403070547 0.8808262742 0.5539240183 
-82.9028135119 0.0403018570 0.8808613857 0.5540018781 
-82.9051312375 0.0402966071 0.8808968370 0.5540797172 
-82.9074729581 0.0402913034 0.8809326373 0.5541575294 
-82.9098393254 0.0402859447 0.8809687959 0.5542353085 
-82.9122310137 0.0402805293 0.8810053228 0.5543130482 
-82.9146487205 0.0402750556 0.8810422280 0.5543907419 
-82.9170931679 0.0402695222 0.8810795220 0.5544683832 
-82.9195651024 0.0402639273 0.8811172155 0.5545459656 
-82.9220652965 0.0402582692 0.8811553199 0.5546234823 
-82.9245945492 0.0402525461 0.8811938467 0.5547009266 
-82.9271536867 0.0402467562 0.8812328078 0.5547782915 
-82.9297435634 0.0402408976 0.8812722158 0.5548555702 
-82.9323650630 0.0402349682 0.8813120833 0.5549327554 
-82.9350190991 0.0402289661 0.8813524237 0.5550098401 
-82.9377066162 0.0402228892 0.8813932506 0.5550868168 
-82.9404285909 0.0402167352 0.8814345782 0.5551636781 
-82.9431860326 0.0402105020 0.8814764211 0.5552404165 
-82.9459799850 0.0402041872 0.8815187945 0.5553170241 
-82.9488115265 0.0401977884 0.8815617140 0.5553934932 
-82.9516817720 0.0401913032 0.8816051958 0.5554698158 
-82.9545918736 0.0401847289 0.8816492565 0.5555459836 
-82.9575430218 0.0401780629 0.8816939134 0.5556219883 
-82.9605364471 0.0401713025 0.8817391842 0.5556978216 
-82.9635734208 0.0401644449 0.8817850875 0.5557734746 
-82.9666552565 0.0401574871 0.8818316422 0.5558489387 
-82.9697833115 0.0401504261 0.8818788680 0.5559242047 
-82.9729589880 0.0401432589 0.8819267851 0.5559992636 
-82.9761837346 0.0401359821 0.8819754145 0.5560741058 
-82.9794590481 0.0401285925 0.8820247778 0.5561487218 
-82.9827864741 0.0401210867 0.8820748973 0.5562231018 
-82.9861676098 0.0401134611 0.8821257962 0.5562972358 
-82.9896041046 0.0401057120 0.8821774981 0.5563711135 
-82.9930976623 0.0400978357 0.8822300277 0.5564447244 
-82.9966500425 0.0400898283 0.8822834104 0.5565180577 
-83.0002630626 0.0400816857 0.8823376723 0.5565911025 
-83.0039385996 0.0400734039 0.8823928404 0.5566638476 
-83.0076785921 0.0400649785 0.8824489427 0.5567362814 
-83.0114850416 0.0400564051 0.8825060080 0.5568083921 
-83.0153600156 0.0400476791 0.8825640659 0.5568801677 
-83.0193056485 0.0400387958 0.8826231472 0.5569515957 
-83.0233241449 0.0400297504 0.8826832834 0.5570226635 
-83.0274177807 0.0400205379 0.8827445071 0.5570933580 
-83.0315889061 0.0400111530 0.8828068522 0.5571636660 
-83.0358399479 0.0400015904 0.8828703533 0.5572335736 
-83.0401734115 0.0399918446 0.8829350462 0.5573030669 
-83.0445918840 0.0399819099 0.8830009679 0.5573721315 
-83.0490980362 0.0399717805 0.8830681565 0.5574407525 
-83.0536946257 0.0399614502 0.8831366514 0.5575089148 
-83.0583844995 0.0399509129 0.8832064931 0.5575766028 
-83.0631705968 0.0399401620 0.8832777235 0.5576438005 
-83.0680559521 0.0399291910 0.8833503857 0.5577104915 
-83.0730436979 0.0399179929 0.8834245241 0.5577766588 
-83.0781370684 0.0399065607 0.8835001846 0.5578422852 
-83.0833394021 0.0398948871 0.8835774146 0.5579073527 
-83.0886541457 0.0398829645 0.8836562626 0.5579718432 
-83.0940848570 0.0398707852 0.8837367791 0.5580357378 
-83.0996352091 0.0398583412 0.8838190157 0.5580990171 
-83.1053089934 0.0398456241 0.8839030259 0.5581616613 
-83.1111101241 0.0398326256 0.8839888647 0.5582236500 
-83.1170426414 0.0398193366 0.8840765888 0.5582849621 
-83.1231107161 0.0398057483 0.8841662566 0.5583455761 
-83.1293186538 0.0397918513 0.8842579284 0.5584054698 
-83.1356708986 0.0397776358 0.8843516663 0.5584646204 
-83.1421720383 0.0397630921 0.8844475341 0.5585230045 
-83.1488268088 0.0397482097 0.8845455977 0.5585805979 
-83.1556400985 0.0397329782 0.8846459251 0.5586373759 
-83.1626169538 0.0397173866 0.8847485860 0.5586933129 
-83.1697625836 0.0397014237 0.8848536525 0.5587483829 
-83.1770823652 0.0396850779 0.8849611987 0.5588025590 
-83.1845818492 0.0396683372 0.8850713010 0.5588558133 
-83.1922667654 0.0396511895 0.8851840381 0.5589081176 
-83.2001430285 0.0396336218 0.8852994908 0.5589594427 
-83.2082167442 0.0396156212 0.8854177426 0.5590097584 
-83.2164942153 0.0395971742 0.8855388793 0.5590590341 
-83.2249819480 0.0395782668 0.8856629892 0.5591072380 
-83.2336866590 0.0395588847 0.8857901632 0.5591543376 
-83.2426152817 0.0395390132 0.8859204949 0.5592002995 
-83.2517749738 0.0395186370 0.8860540807 0.5592450894 
-83.2611731243 0.0394977404 0.8861910195 0.5592886720 
-83.2708173614 0.0394763072 0.8863314135 0.5593310113 
-83.2807155600 0.0394543207 0.8864753673 0.5593720702 
-83.2908758500 0.0394317639 0.8866229890 0.5594118105 
-83.3013066244 0.0394086189 0.8867743895 0.5594501933 
-83.3120165486 0.0393848675 0.8869296829 0.5594871785 
-83.3230145686 0.0393604910 0.8870889865 0.5595227250 
-83.3343099207 0.0393354699 0.8872524209 0.5595567907 
-83.3459121412 0.0393097844 0.8874201103 0.5595893325 
-83.3578310757 0.0392834138 0.8875921819 0.5596203060 
-83.3700768904 0.0392563369 0.8877687668 0.5596496661 
-83.3826600816 0.0392285320 0.8879499995 0.5596773661 
-83.3955914877 0.0391999766 0.8881360184 0.5597033586 
-83.4088822999 0.0391706475 0.8883269655 0.5597275947 
-83.4225440743 0.0391405209 0.8885229866 0.5597500246 
-83.4365887441 0.0391095722 0.8887242316 0.5597705970 
-83.4510286322 0.0390777762 0.8889308541 0.5597892596 
-83.4658764643 0.0390451067 0.8891430121 0.5598059587 
-83.4811453825 0.0390115370 0.8893608675 0.5598206393 
-83.4968489596 0.0389770394 0.8895845866 0.5598332450 
-83.5130012130 0.0389415855 0.8898143398 0.5598437182 
-83.5296166207 0.0389051461 0.8900503021 0.5598519995 
-83.5467101361 0.0388676910 0.8902926528 0.5598580282 
-83.5642972051 0.0388291891 0.8905415757 0.5598617418 
-83.5823937821 0.0387896085 0.8907972591 0.5598630762 
-83.6010163481 0.0387489164 0.8910598963 0.5598619653 
-83.6201819286 0.0387070788 0.8913296848 0.5598583412 
-83.6399081121 0.0386640610 0.8916068273 0.5598521335 
-83.6602130703 0.0386198272 0.8918915311 0.5598432696 
-83.6811155779 0.0385743404 0.8921840083 0.5598316741 
-83.7026350336 0.0385275628 0.8924844761 0.5598172686 
-83.7247914824 0.0384794552 0.8927931566 0.5597999714 
-83.7476056380 0.0384299775 0.8931102769 0.5597796967 
-83.7710989067 0.0383790884 0.8934360690 0.5597563543 
-83.7952934116 0.0383267454 0.8937707701 0.5597298487 
-83.8202120189 0.0382729049 0.8941146223 0.5597000785 
-83.8458783640 0.0382175218 0.8944678730 0.5596669348 
-83.8723168795 0.0381605499 0.8948307746 0.5596303001 
-83.8995528245 0.0381019418 0.8952035844 0.5595900468 
-83.9276123143 0.0380416485 0.8955865649 0.5595460349 
-83.9565223525 0.0379796198 0.8959799836 0.5594981094 
-83.9863108640 0.0379158042 0.8963841130 0.5594460972 
-84.0170067294 0.0378501484 0.8967992305 0.5593898029 
-84.0486398215 0.0377825981 0.8972256184 0.5593290040 
-84.0812410432 0.0377130970 0.8976635638 0.5592634444 
-84.1148423679 0.0376415877 0.8981133586 0.5591928265 
-84.1494768813 0.0375680109 0.8985752991 0.5591168009 
-84.1851788262 0.0374923057 0.8990496863 0.5590349536 
-84.2219836498 0.0374144098 0.8995368256 0.5589467897 
-84.2599280538 0.0373342588 0.9000370267 0.5588517124 
-84.2990500478 0.0372517868 0.9005506032 0.5587489959 
-84.3393890066 0.0371669261 0.9010778729 0.5586377511 
-84.3809857322 0.0370796069 0.9016191575 0.5585168810 
-84.4238825201 0.0369897577 0.9021747821 0.5583850232 
-84.4681232325 0.0368973048 0.9027450757 0.5582404763 
-84.5137533780 0.0368021728 0.9033303704 0.5580811045 
-84.5608201996 0.0367042836 0.9039310020 0.5579042155 
-84.6093727742 0.0366035573 0.9045473092 0.5577064042 
-84.6594621229 0.0364999114 0.9051796344 0.5574833561 
-84.7111413379 0.0363932609 0.9058283231 0.5572296035 
-84.7644657276 0.0362835183 0.9064937247 0.5569382385 
-84.8194929849 0.0361705930 0.9071761924 0.5566006074 
-84.8762833826 0.0360543913 0.9078760841 0.5562060696 
-84.9349000027 0.0359348163 0.9085937631 0.5557419939 
-84.9954089955 0.0358117670 0.9093295989 0.5551940402 
-85.0578798992 0.0356851384 0.9100839693 0.5545499139 
-85.1223869329 0.0355548188 0.9108572729 0.5539026984 
-85.1890076784 0.0354206930 0.9116499101 0.5534478888 
-85.2578174738 0.0352826534 0.9124622099 0.5531890591 
-82.2606936545 0.0417813298 0.8705189810 0.5244340018 
-82.2618780640 0.0417785550 0.8705389327 0.5244738563 
-82.2630638439 0.0417757772 0.8705589015 0.5245122628 
-82.2642512645 0.0417729958 0.8705788922 0.5245501961 
-82.2654406005 0.0417702100 0.8705989094 0.5245882741 
-82.2666321239 0.0417674193 0.8706189580 0.5246268759 
-82.2678260991 0.0417646230 0.8706390424 0.5246662256 
-82.2690227812 0.0417618206 0.8706591670 0.5247064500 
-82.2702224141 0.0417590114 0.8706793362 0.5247476159 
-82.2714252298 0.0417561950 0.8706995538 0.5247897542 
-82.2726314491 0.0417533707 0.8707198238 0.5248328743 
-82.2738412809 0.0417505382 0.8707401496 0.5248769723 
-82.2750549225 0.0417476969 0.8707605347 0.5249220367 
-82.2762725604 0.0417448465 0.8707809824 0.5249680513 
-82.2774943702 0.0417419865 0.8708014955 0.5250149968 
-82.2787205172 0.0417391165 0.8708220769 0.5250628526 
-82.2799511568 0.0417362362 0.8708427293 0.5251115968 
-82.2811864349 0.0417333452 0.8708634552 0.5251612073 
-82.2824264882 0.0417304432 0.8708842569 0.5252116620 
-82.2836714447 0.0417275300 0.8709051366 0.5252629389 
-82.2849214242 0.0417246051 0.8709260963 0.5253150162 
-82.2861765383 0.0417216685 0.8709471378 0.5253678726 
-82.2874368915 0.0417187198 0.8709682631 0.5254214875 
-82.2887025807 0.0417157588 0.8709894736 0.5254758406 
-82.2899736960 0.0417127853 0.8710107709 0.5255309123 
-82.2912503213 0.0417097991 0.8710321563 0.5255866837 
-82.2925325339 0.0417068000 0.8710536313 0.5256431362 
-82.2938204056 0.0417037879 0.8710751970 0.5257002521 
-82.2951140023 0.0417007627 0.8710968544 0.5257580143 
-82.2964133848 0.0416977241 0.8711186045 0.5258164060 
-82.2977186088 0.0416946720 0.8711404484 0.5258754114 
-82.2990297254 0.0416916064 0.8711623867 0.5259350150 
-82.3003467811 0.0416885271 0.8711844203 0.5259952018 
-82.3016698180 0.0416854340 0.8712065498 0.5260559576 
-82.3029988743 0.0416823271 0.8712287758 0.5261172685 
-82.3043339846 0.0416792062 0.8712510989 0.5261791212 
-82.3056751795 0.0416760713 0.8712735195 0.5262415029 
-82.3070224866 0.0416729224 0.8712960380 0.5263044013 
-82.3083759299 0.0416697593 0.8713186549 0.5263678044 
-82.3097355308 0.0416665821 0.8713413704 0.5264317009 
-82.3111013076 0.0416633906 0.8713641848 0.5264960797 
-82.3124732760 0.0416601849 0.8713870982 0.5265609302 
-82.3138514492 0.0416569650 0.8714101109 0.5266262422 
-82.3152358381 0.0416537308 0.8714332230 0.5266920059 
-82.3166264514 0.0416504822 0.8714564346 0.5267582118 
-82.3180232955 0.0416472193 0.8714797457 0.5268248508 
-82.3194263752 0.0416439422 0.8715031564 0.5268919143 
-82.3208356934 0.0416406506 0.8715266666 0.5269593936 
-82.3222512513 0.0416373448 0.8715502763 0.5270272808 
-82.3236730484 0.0416340246 0.8715739854 0.5270955680 
-82.3251010830 0.0416306901 0.8715977939 0.5271642477 
-82.3265353519 0.0416273413 0.8716217016 0.5272333127 
-82.3279758507 0.0416239782 0.8716457085 0.5273027560 
-82.3294225740 0.0416206008 0.8716698142 0.5273725709 
-82.3308755150 0.0416172092 0.8716940187 0.5274427510 
-82.3323346664 0.0416138033 0.8717183218 0.5275132901 
-82.3338000197 0.0416103832 0.8717427233 0.5275841822 
-82.3352715658 0.0416069489 0.8717672229 0.5276554216 
-82.3367492946 0.0416035004 0.8717918205 0.5277270027 
-82.3382331956 0.0416000379 0.8718165157 0.5277989202 
-82.3397232578 0.0415965612 0.8718413084 0.5278711691 
-82.3412194695 0.0415930704 0.8718661982 0.5279437444 
-82.3427218186 0.0415895656 0.8718911849 0.5280166415 
-82.3442302927 0.0415860467 0.8719162683 0.5280898556 
-82.3457448789 0.0415825139 0.8719414480 0.5281633826 
-82.3472655643 0.0415789671 0.8719667238 0.5282372182 
-82.3487923356 0.0415754065 0.8719920953 0.5283113583 
-82.3503251793 0.0415718319 0.8720175624 0.5283857991 
-82.3518640820 0.0415682435 0.8720431246 0.5284605370 
-82.3534090300 0.0415646413 0.8720687817 0.5285355682 
-82.3549600097 0.0415610253 0.8720945335 0.5286108894 
-82.3565170074 0.0415573956 0.8721203795 0.5286864973 
-82.3580800096 0.0415537522 0.8721463196 0.5287623887 
-82.3596490027 0.0415500951 0.8721723534 0.5288385607 
-82.3612239735 0.0415464244 0.8721984807 0.5289150103 
-82.3628049087 0.0415427401 0.8722247011 0.5289917348 
-82.3643917953 0.0415390422 0.8722510144 0.5290687314 
-82.3659846205 0.0415353308 0.8722774203 0.5291459977 
-82.3675833718 0.0415316059 0.8723039185 0.5292235313 
-82.3691880369 0.0415278675 0.8723305087 0.5293013298 
-82.3707986039 0.0415241157 0.8723571907 0.5293793909 
-82.3724150611 0.0415203505 0.8723839643 0.5294577127 
-82.3740373972 0.0415165719 0.8724108292 0.5295362931 
-82.3756656015 0.0415127799 0.8724377850 0.5296151302 
-82.3772996632 0.0415089747 0.8724648317 0.5296942221 
-82.3789395725 0.0415051561 0.8724919689 0.5297735672 
-82.3805853196 0.0415013243 0.8725191965 0.5298531638 
-82.3822368953 0.0414974793 0.8725465142 0.5299330103 
-82.3838942909 0.0414936210 0.8725739218 0.5300131054 
-82.3855574982 0.0414897495 0.8726014191 0.5300934477 
-82.3872265095 0.0414858649 0.8726290059 0.5301740358 
-82.3889013175 0.0414819671 0.8726566821 0.5302548685 
-82.3905819155 0.0414780561 0.8726844474 0.5303359448 
-82.3922682975 0.0414741321 0.8727123017 0.5304172635 
-82.3939604578 0.0414701949 0.8727402449 0.5304988237 
-82.3956583914 0.0414662447 0.8727682767 0.5305806245 
-82.3973620938 0.0414622814 0.8727963972 0.5306626651 
-82.3990715613 0.0414583050 0.8728246060 0.5307449446 
-82.4007867906 0.0414543156 0.8728529032 0.5308274625 
-82.4025077789 0.0414503132 0.8728812886 0.5309102181 
-82.4042345244 0.0414462977 0.8729097622 0.5309932108 
-82.4059670255 0.0414422692 0.8729383237 0.5310764402 
-82.4077052815 0.0414382277 0.8729669733 0.5311599058 
-82.4094492922 0.0414341732 0.8729957107 0.5312436073 
-82.4111990580 0.0414301056 0.8730245360 0.5313275445 
-82.4129545803 0.0414260251 0.8730534491 0.5314117170 
-82.4147158606 0.0414219315 0.8730824500 0.5314961248 
-82.4164829014 0.0414178250 0.8731115386 0.5315807678 
-82.4182557059 0.0414137054 0.8731407150 0.5316656458 
-82.4200342777 0.0414095728 0.8731699792 0.5317507590 
-82.4218186213 0.0414054272 0.8731993311 0.5318361075 
-82.4236087418 0.0414012685 0.8732287709 0.5319216913 
-82.4254046448 0.0413970968 0.8732582984 0.5320075107 
-82.4272063368 0.0413929120 0.8732879139 0.5320935660 
-82.4290138249 0.0413887142 0.8733176172 0.5321798574 
-82.4308271167 0.0413845033 0.8733474086 0.5322663855 
-82.4326462208 0.0413802793 0.8733772881 0.5323531505 
-82.4344711462 0.0413760421 0.8734072558 0.5324401531 
-82.4363019027 0.0413717919 0.8734373117 0.5325273938 
-82.4381385006 0.0413675284 0.8734674561 0.5326148732 
-82.4399809511 0.0413632518 0.8734976890 0.5327025920 
-82.4418292658 0.0413589620 0.8735280105 0.5327905509 
-82.4436834573 0.0413546590 0.8735584209 0.5328787507 
-82.4455435385 0.0413503427 0.8735889202 0.5329671923 
-82.4474095232 0.0413460132 0.8736195087 0.5330558767 
-82.4492814258 0.0413416703 0.8736501865 0.5331448046 
-82.4511592612 0.0413373141 0.8736809538 0.5332339773 
-82.4530430451 0.0413329445 0.8737118108 0.5333233958 
-82.4549327937 0.0413285616 0.8737427577 0.5334130611 
-82.4568285241 0.0413241651 0.8737737948 0.5335029747 
-82.4587302538 0.0413197552 0.8738049223 0.5335931376 
-82.4606380008 0.0413153318 0.8738361404 0.5336835512 
-82.4625517840 0.0413108949 0.8738674494 0.5337742170 
-82.4644716227 0.0413064443 0.8738988495 0.5338651363 
-82.4663975369 0.0413019801 0.8739303410 0.5339563107 
-82.4683295472 0.0412975022 0.8739619243 0.5340477417 
-82.4702676746 0.0412930106 0.8739935995 0.5341394310 
-82.4722119409 0.0412885052 0.8740253670 0.5342313803 
-82.4741623683 0.0412839860 0.8740572271 0.5343235913 
-82.4761189796 0.0412794529 0.8740891801 0.5344160659 
-82.4780817981 0.0412749059 0.8741212263 0.5345088060 
-82.4800508476 0.0412703450 0.8741533662 0.5346018134 
-82.4820261526 0.0412657700 0.8741855999 0.5346950903 
-82.4840077378 0.0412611809 0.8742179279 0.5347886388 
-82.4859956285 0.0412565778 0.8742503506 0.5348824610 
-82.4879898506 0.0412519604 0.8742828682 0.5349765591 
-82.4899904302 0.0412473288 0.8743154813 0.5350709355 
-82.4919973941 0.0412426829 0.8743481900 0.5351655926 
-82.4940107693 0.0412380226 0.8743809950 0.5352605328 
-82.4960305833 0.0412333479 0.8744138964 0.5353557586 
-82.4980568639 0.0412286588 0.8744468948 0.5354512727 
-82.5000896393 0.0412239551 0.8744799906 0.5355470777 
-82.5021289380 0.0412192368 0.8745131840 0.5356431765 
-82.5041747889 0.0412145039 0.8745464757 0.5357395719 
-82.5062272211 0.0412097562 0.8745798659 0.5358362668 
-82.5082862640 0.0412049938 0.8746133552 0.5359332644 
-82.5103519472 0.0412002165 0.8746469438 0.5360305676 
-82.5124243005 0.0411954243 0.8746806324 0.5361281798 
-82.5145033539 0.0411906172 0.8747144212 0.5362261043 
-82.5165891376 0.0411857949 0.8747483108 0.5363243444 
-82.5186816819 0.0411809576 0.8747823015 0.5364229037 
-82.5207810171 0.0411761051 0.8748163938 0.5365217857 
-82.5228871736 0.0411712374 0.8748505882 0.5366209943 
-82.5250001818 0.0411663544 0.8748848851 0.5367205332 
-82.5271200721 0.0411614560 0.8749192848 0.5368204064 
-82.5292468749 0.0411565422 0.8749537880 0.5369206180 
-82.5313806203 0.0411516128 0.8749883949 0.5370211721 
-82.5335213385 0.0411466680 0.8750231060 0.5371220730 
-82.5356690593 0.0411417075 0.8750579217 0.5372233251 
-82.5378238123 0.0411367313 0.8750928425 0.5373249331 
-82.5399856270 0.0411317393 0.8751278688 0.5374269016 
-82.5421545322 0.0411267316 0.8751630010 0.5375292354 
-82.5443305566 0.0411217079 0.8751982394 0.5376319396 
-82.5465137284 0.0411166684 0.8752335845 0.5377350192 
-82.5487040750 0.0411116128 0.8752690367 0.5378384797 
-82.5509016237 0.0411065413 0.8753045963 0.5379423263 
-82.5531064007 0.0411014536 0.8753402638 0.5380465648 
-82.5553184317 0.0410963497 0.8753760393 0.5381512009 
-82.5575377417 0.0410912297 0.8754119234 0.5382562406 
-82.5597643546 0.0410860934 0.8754479163 0.5383616900 
-82.5619982935 0.0410809408 0.8754840183 0.5384675556 
-82.5642395804 0.0410757718 0.8755202297 0.5385738439 
-82.5664882364 0.0410705864 0.8755565508 0.5386805616 
-82.5687442810 0.0410653847 0.8755929818 0.5387877157 
-82.5710077327 0.0410601664 0.8756295230 0.5388953134 
-82.5732786086 0.0410549317 0.8756661745 0.5390033622 
-82.5755569242 0.0410496804 0.8757029366 0.5391118697 
-82.5778426932 0.0410444125 0.8757398094 0.5392208438 
-82.5801359280 0.0410391281 0.8757767929 0.5393302928 
-82.5824366387 0.0410338271 0.8758138874 0.5394402252 
-82.5847448338 0.0410285095 0.8758510928 0.5395506495 
-82.5870605195 0.0410231753 0.8758884091 0.5396615750 
-82.5893836996 0.0410178244 0.8759258365 0.5397730108 
-82.5917143759 0.0410124569 0.8759633747 0.5398849668 
-82.5940525472 0.0410070728 0.8760010237 0.5399974528 
-82.5963982100 0.0410016722 0.8760387834 0.5401104792 
-82.5987513577 0.0409962549 0.8760766535 0.5402240566 
-82.6011119807 0.0409908211 0.8761146339 0.5403381961 
-82.6034800662 0.0409853708 0.8761527242 0.5404529091 
-82.6058555979 0.0409799040 0.8761909240 0.5405682075 
-82.6082385561 0.0409744208 0.8762292330 0.5406841033 
-82.6106289170 0.0409689213 0.8762676507 0.5408006094 
-82.6130266529 0.0409634055 0.8763061765 0.5409177387 
-82.6154317319 0.0409578734 0.8763448098 0.5410355049 
-82.6178441175 0.0409523253 0.8763835499 0.5411539218 
-82.6202637684 0.0409467611 0.8764223961 0.5412730041 
-82.6226906384 0.0409411811 0.8764613475 0.5413927667 
-82.6251246759 0.0409355852 0.8765004031 0.5415132250 
-82.6275658238 0.0409299738 0.8765395620 0.5416343952 
-82.6300140191 0.0409243468 0.8765788229 0.5417562938 
-82.6324691927 0.0409187045 0.8766181847 0.5418789380 
-82.6349312688 0.0409130471 0.8766576460 0.5420023454 
-82.6374001650 0.0409073748 0.8766972054 0.5421265342 
-82.6398757916 0.0409016877 0.8767368613 0.5422515234 
-82.6423580512 0.0408959861 0.8767766120 0.5423773324 
-82.6448468387 0.0408902702 0.8768164556 0.5425039811 
-82.6473420405 0.0408845404 0.8768563903 0.5426314899 
-82.6498435344 0.0408787968 0.8768964138 0.5427598801 
-82.6523511888 0.0408730399 0.8769365240 0.5428891730 
-82.6548648626 0.0408672699 0.8769767184 0.5430193905 
-82.6573844047 0.0408614872 0.8770169945 0.5431505549 
-82.6599096534 0.0408556921 0.8770573494 0.5432826884 
-82.6624404359 0.0408498851 0.8770977803 0.5434158134 
-82.6649765679 0.0408440666 0.8771382840 0.5435499518 
-82.6675178532 0.0408382370 0.8771788572 0.5436851249 
-82.6700640830 0.0408323969 0.8772194964 0.5438213529 
-82.6726150355 0.0408265467 0.8772601978 0.5439586539 
-82.6751704755 0.0408206870 0.8773009574 0.5440970436 
-82.6777301538 0.0408148184 0.8773417712 0.5442365334 
-82.6802938070 0.0408089414 0.8773826345 0.5443771291 
-82.6828611570 0.0408030568 0.8774235429 0.5445188286 
-82.6854319108 0.0407971651 0.8774644913 0.5446616188 
-82.6880057605 0.0407912671 0.8775054747 0.5448054716 
-82.6905823835 0.0407853636 0.8775464876 0.5449503384 
-82.6931614428 0.0407794553 0.8775875245 0.5450961431 
-82.6957425879 0.0407735430 0.8776285794 0.5452427719 
-82.6983254560 0.0407676275 0.8776696464 0.5453900613 
-82.7009096744 0.0407617098 0.8777107192 0.5455377810 
-82.7034948635 0.0407557906 0.8777517915 0.5456856126 
-82.7060806410 0.0407498709 0.8777928570 0.5458331223 
-82.7086666284 0.0407439516 0.8778339094 0.5459797280 
-82.7112524594 0.0407380333 0.8778749427 0.5461246589 
-82.7138377914 0.0407321171 0.8779159511 0.5462669132 
-82.7164223202 0.0407262034 0.8779569296 0.5464052195 
-82.7190058006 0.0407202930 0.8779978741 0.5465380200 
-82.7215880708 0.0407143861 0.8780387821 0.5466635175 
-82.7241690834 0.0407084829 0.8780796526 0.5467798753 
-82.7267489410 0.0407025832 0.8781204875 0.5468857757 
-82.7293279327 0.0406966862 0.8781612913 0.5469817896 
-82.7319065550 0.0406907909 0.8782020725 0.5470729862 
-82.7331959738 0.0406878433 0.8782224579 0.5471191899 
-82.7344858076 0.0406848949 0.8782428422 0.5471622529 
-82.7357763742 0.0406819451 0.8782632306 0.5472037945 
-82.7370680102 0.0406789930 0.8782836286 0.5472448554 
-82.7383610567 0.0406760379 0.8783040419 0.5472860821 
-82.7396558506 0.0406730791 0.8783244759 0.5473278616 
-82.7409527202 0.0406701157 0.8783449360 0.5473704161 
-82.7422519824 0.0406671470 0.8783654274 0.5474138670 
-82.7435539412 0.0406641724 0.8783859550 0.5474582747 
-82.7448588879 0.0406611911 0.8784065237 0.5475036647 
-82.7461671003 0.0406582026 0.8784271380 0.5475500411 
-82.7474788437 0.0406552063 0.8784478021 0.5475973964 
-82.7487943704 0.0406522015 0.8784685201 0.5476457154 
-82.7501139209 0.0406491877 0.8784892960 0.5476949790 
-82.7514377240 0.0406461645 0.8785101335 0.5477451655 
-82.7527659974 0.0406431312 0.8785310360 0.5477962518 
-82.7540989484 0.0406400875 0.8785520069 0.5478482140 
-82.7554367741 0.0406370328 0.8785730494 0.5479010280 
-82.7567796620 0.0406339669 0.8785941664 0.5479546698 
-82.7581277909 0.0406308891 0.8786153608 0.5480091155 
-82.7594813310 0.0406277993 0.8786366354 0.5480643418 
-82.7608404445 0.0406246969 0.8786579926 0.5481203257 
-82.7622052860 0.0406215817 0.8786794350 0.5481770449 
-82.7635760032 0.0406184533 0.8787009649 0.5482344775 
-82.7649527373 0.0406153114 0.8787225844 0.5482926025 
-82.7663356232 0.0406121556 0.8787442958 0.5483513991 
-82.7677247902 0.0406089858 0.8787661009 0.5484108475 
-82.7691203622 0.0406058016 0.8787880018 0.5484709283 
-82.7705224584 0.0406026028 0.8788100002 0.5485316229 
-82.7719311933 0.0405993890 0.8788320980 0.5485929131 
-82.7733466774 0.0405961601 0.8788542967 0.5486547813 
-82.7747690174 0.0405929158 0.8788765981 0.5487172107 
-82.7761983167 0.0405896558 0.8788990037 0.5487801848 
-82.7776346753 0.0405863801 0.8789215150 0.5488436878 
-82.7790781910 0.0405830882 0.8789441335 0.5489077043 
-82.7805289587 0.0405797800 0.8789668605 0.5489722194 
-82.7819870716 0.0405764554 0.8789896975 0.5490372187 
-82.7834526208 0.0405731141 0.8790126459 0.5491026884 
-82.7849256962 0.0405697558 0.8790357068 0.5491686149 
-82.7864063864 0.0405663805 0.8790588816 0.5492349852 
-82.7878947789 0.0405629879 0.8790821717 0.5493017868 
-82.7893909610 0.0405595777 0.8791055782 0.5493690072 
-82.7908950192 0.0405561499 0.8791291023 0.5494366348 
-82.7924070403 0.0405527043 0.8791527454 0.5495046578 
-82.7939271109 0.0405492405 0.8791765087 0.5495730653 
-82.7954553184 0.0405457586 0.8792003933 0.5496418463 
-82.7969917506 0.0405422581 0.8792244007 0.5497109904 
-82.7985364964 0.0405387390 0.8792485319 0.5497804873 
-82.8000896458 0.0405352011 0.8792727883 0.5498503271 
-82.8016512903 0.0405316440 0.8792971712 0.5499205001 
-82.8032215230 0.0405280678 0.8793216818 0.5499909969 
-82.8048004388 0.0405244720 0.8793463216 0.5500618085 
-82.8063881350 0.0405208566 0.8793710919 0.5501329258 
-82.8079847111 0.0405172212 0.8793959940 0.5502043403 
-82.8095902692 0.0405135657 0.8794210294 0.5502760434 
-82.8112049144 0.0405098899 0.8794461995 0.5503480269 
-82.8128287546 0.0405061934 0.8794715060 0.5504202827 
-82.8144619012 0.0405024760 0.8794969503 0.5504928030 
-82.8161044691 0.0404987376 0.8795225340 0.5505655801 
-82.8177565771 0.0404949777 0.8795482589 0.5506386063 
-82.8194183478 0.0404911962 0.8795741266 0.5507118745 
-82.8210899082 0.0404873928 0.8796001389 0.5507853772 
-82.8227713896 0.0404835671 0.8796262977 0.5508591075 
-82.8244629283 0.0404797189 0.8796526049 0.5509330584 
-82.8261646653 0.0404758478 0.8796790625 0.5510072231 
-82.8278767471 0.0404719536 0.8797056724 0.5510815948 
-82.8295993254 0.0404680359 0.8797324370 0.5511561670 
-82.8313325577 0.0404640943 0.8797593583 0.5512309332 
-82.8330766076 0.0404601284 0.8797864388 0.5513058870 
-82.8348316447 0.0404561380 0.8798136808 0.5513810221 
-82.8365978454 0.0404521225 0.8798410868 0.5514563322 
-82.8383753925 0.0404480816 0.8798686594 0.5515318114 
-82.8401644762 0.0404440149 0.8798964014 0.5516074534 
-82.8419652937 0.0404399220 0.8799243154 0.5516832523 
-82.8437780500 0.0404358022 0.8799524045 0.5517592022 
-82.8456029580 0.0404316553 0.8799806717 0.5518352972 
-82.8474402387 0.0404274807 0.8800091201 0.5519115315 
-82.8492901216 0.0404232778 0.8800377530 0.5519878993 
-82.8511528450 0.0404190462 0.8800665738 0.5520643949 
-82.8530286565 0.0404147853 0.8800955861 0.5521410126 
-82.8549178128 0.0404104946 0.8801247934 0.5522177467 
-82.8568205807 0.0404061733 0.8801541998 0.5522945916 
-82.8587372370 0.0404018210 0.8801838091 0.5523715417 
-82.8606680690 0.0403974369 0.8802136254 0.5524485914 
-82.8626133747 0.0403930204 0.8802436530 0.5525257351 
-82.8645734636 0.0403885709 0.8802738964 0.5526029672 
-82.8665486564 0.0403840875 0.8803043602 0.5526802823 
-82.8685392862 0.0403795695 0.8803350492 0.5527576746 
-82.8705456981 0.0403750163 0.8803659684 0.5528351387 
-82.8725682502 0.0403704269 0.8803971229 0.5529126690 
-82.8746073137 0.0403658005 0.8804285180 0.5529902599 
-82.8766632736 0.0403611364 0.8804601594 0.5530679059 
-82.8787365289 0.0403564335 0.8804920527 0.5531456013 
-82.8808274931 0.0403516910 0.8805242040 0.5532233404 
-82.8829365948 0.0403469079 0.8805566195 0.5533011177 
-82.8850642781 0.0403420832 0.8805893055 0.5533789274 
-82.8872110032 0.0403372159 0.8806222688 0.5534567639 
-82.8893772467 0.0403323049 0.8806555162 0.5535346213 
-82.8915635024 0.0403273491 0.8806890549 0.5536124939 
-82.8937702818 0.0403223474 0.8807228922 0.5536903758 
-82.8959981143 0.0403172986 0.8807570358 0.5537682612 
-82.8982475483 0.0403122014 0.8807914938 0.5538461440 
-82.9005191516 0.0403070547 0.8808262742 0.5539240183 
-82.9028135119 0.0403018570 0.8808613857 0.5540018781 
-82.9051312375 0.0402966071 0.8808968370 0.5540797172 
-82.9074729581 0.0402913034 0.8809326373 0.5541575294 
-82.9098393254 0.0402859447 0.8809687959 0.5542353085 
-82.9122310137 0.0402805293 0.8810053228 0.5543130482 
-82.9146487205 0.0402750556 0.8810422280 0.5543907419 
-82.9170931679 0.0402695222 0.8810795220 0.5544683832 
-82.9195651024 0.0402639273 0.8811172155 0.5545459656 
-82.9220652965 0.0402582692 0.8811553199 0.5546234823 
-82.9245945492 0.0402525461 0.8811938467 0.5547009266 
-82.9271536867 0.0402467562 0.8812328078 0.5547782915 
-82.9297435634 0.0402408976 0.8812722158 0.5548555702 
-82.9323650630 0.0402349682 0.8813120833 0.5549327554 
-82.9350190991 0.0402289661 0.8813524237 0.5550098401 
-82.9377066162 0.0402228892 0.8813932506 0.5550868168 
-82.9404285909 0.0402167352 0.8814345782 0.5551636781 
-82.9431860326 0.0402105020 0.8814764211 0.5552404165 
-82.9459799850 0.0402041872 0.8815187945 0.5553170241 
-82.9488115265 0.0401977884 0.8815617140 0.5553934932 
-82.9516817720 0.0401913032 0.8816051958 0.5554698158 
-82.9545918736 0.0401847289 0.8816492565 0.5555459836 
-82.9575430218 0.0401780629 0.8816939134 0.5556219883 
-82.9605364471 0.0401713025 0.8817391842 0.5556978216 
-82.9635734208 0.0401644449 0.8817850875 0.5557734746 
-82.9666552565 0.0401574871 0.8818316422 0.5558489387 
-82.9697833115 0.0401504261 0.8818788680 0.5559242047 
-82.9729589880 0.0401432589 0.8819267851 0.5559992636 
-82.9761837346 0.0401359821 0.8819754145 0.5560741058 
-82.9794590481 0.0401285925 0.8820247778 0.5561487218 
-82.9827864741 0.0401210867 0.8820748973 0.5562231018 
-82.9861676098 0.0401134611 0.8821257962 0.5562972358 
-82.9896041046 0.0401057120 0.8821774981 0.5563711135 
-82.9930976623 0.0400978357 0.8822300277 0.5564447244 
-82.9966500425 0.0400898283 0.8822834104 0.5565180577 
-83.0002630626 0.0400816857 0.8823376723 0.5565911025 
-83.0039385996 0.0400734039 0.8823928404 0.5566638476 
-83.0076785921 0.0400649785 0.8824489427 0.5567362814 
-83.0114850416 0.0400564051 0.8825060080 0.5568083921 
-83.0153600156 0.0400476791 0.8825640659 0.5568801677 
-83.0193056485 0.0400387958 0.8826231472 0.5569515957 
-83.0233241449 0.0400297504 0.8826832834 0.5570226635 
-83.0274177807 0.0400205379 0.8827445071 0.5570933580 
-83.0315889061 0.0400111530 0.8828068522 0.5571636660 
-83.0358399479 0.0400015904 0.8828703533 0.5572335736 
-83.0401734115 0.0399918446 0.8829350462 0.5573030669 
-83.0445918840 0.0399819099 0.8830009679 0.5573721315 
-83.0490980362 0.0399717805 0.8830681565 0.5574407525 
-83.0536946257 0.0399614502 0.8831366514 0.5575089148 
-83.0583844995 0.0399509129 0.8832064931 0.5575766028 
-83.0631705968 0.0399401620 0.8832777235 0.5576438005 
-83.0680559521 0.0399291910 0.8833503857 0.5577104915 
-83.0730436979 0.0399179929 0.8834245241 0.5577766588 
-83.0781370684 0.0399065607 0.8835001846 0.5578422852 
-83.0833394021 0.0398948871 0.8835774146 0.5579073527 
-83.0886541457 0.0398829645 0.8836562626 0.5579718432 
-83.0940848570 0.0398707852 0.8837367791 0.5580357378 
-83.0996352091 0.0398583412 0.8838190157 0.5580990171 
-83.1053089934 0.0398456241 0.8839030259 0.5581616613 
-83.1111101241 0.0398326256 0.8839888647 0.5582236500 
-83.1170426414 0.0398193366 0.8840765888 0.5582849621 
-83.1231107161 0.0398057483 0.8841662566 0.5583455761 
-83.1293186538 0.0397918513 0.8842579284 0.5584054698 
-83.1356708986 0.0397776358 0.8843516663 0.5584646204 
-83.1421720383 0.0397630921 0.8844475341 0.5585230045 
-83.1488268088 0.0397482097 0.8845455977 0.5585805979 
-83.1556400985 0.0397329782 0.8846459251 0.5586373759 
-83.1626169538 0.0397173866 0.8847485860 0.5586933129 
-83.1697625836 0.0397014237 0.8848536525 0.5587483829 
-83.1770823652 0.0396850779 0.8849611987 0.5588025590 
-83.1845818492 0.0396683372 0.8850713010 0.5588558133 
-83.1922667654 0.0396511895 0.8851840381 0.5589081176 
-83.2001430285 0.0396336218 0.8852994908 0.5589594427 
-83.2082167442 0.0396156212 0.8854177426 0.5590097584 
-83.2164942153 0.0395971742 0.8855388793 0.5590590341 
-83.2249819480 0.0395782668 0.8856629892 0.5591072380 
-83.2336866590 0.0395588847 0.8857901632 0.5591543376 
-83.2426152817 0.0395390132 0.8859204949 0.5592002995 
-83.2517749738 0.0395186370 0.8860540807 0.5592450894 
-83.2611731243 0.0394977404 0.8861910195 0.5592886720 
-83.2708173614 0.0394763072 0.8863314135 0.5593310113 
-83.2807155600 0.0394543207 0.8864753673 0.5593720702 
-83.2908758500 0.0394317639 0.8866229890 0.5594118105 
-83.3013066244 0.0394086189 0.8867743895 0.5594501933 
-83.3120165486 0.0393848675 0.8869296829 0.5594871785 
-83.3230145686 0.0393604910 0.8870889865 0.5595227250 
-83.3343099207 0.0393354699 0.8872524209 0.5595567907 
-83.3459121412 0.0393097844 0.8874201103 0.5595893325 
-83.3578310757 0.0392834138 0.8875921819 0.5596203060 
-83.3700768904 0.0392563369 0.8877687668 0.5596496661 
-83.3826600816 0.0392285320 0.8879499995 0.5596773661 
-83.3955914877 0.0391999766 0.8881360184 0.5597033586 
-83.4088822999 0.0391706475 0.8883269655 0.5597275947 
-83.4225440743 0.0391405209 0.8885229866 0.5597500246 
-83.4365887441 0.0391095722 0.8887242316 0.5597705970 
-83.4510286322 0.0390777762 0.8889308541 0.5597892596 
-83.4658764643 0.0390451067 0.8891430121 0.5598059587 
-83.4811453825 0.0390115370 0.8893608675 0.5598206393 
-83.4968489596 0.0389770394 0.8895845866 0.5598332450 
-83.5130012130 0.0389415855 0.8898143398 0.5598437182 
-83.5296166207 0.0389051461 0.8900503021 0.5598519995 
-83.5467101361 0.0388676910 0.8902926528 0.5598580282 
-83.5642972051 0.0388291891 0.8905415757 0.5598617418 
-83.5823937821 0.0387896085 0.8907972591 0.5598630762 
-83.6010163481 0.0387489164 0.8910598963 0.5598619653 
-83.6201819286 0.0387070788 0.8913296848 0.5598583412 
-83.6399081121 0.0386640610 0.8916068273 0.5598521335 
-83.6602130703 0.0386198272 0.8918915311 0.5598432696 
-83.6811155779 0.0385743404 0.8921840083 0.5598316741 
-83.7026350336 0.0385275628 0.8924844761 0.5598172686 
-83.7247914824 0.0384794552 0.8927931566 0.5597999714 
-83.7476056380 0.0384299775 0.8931102769 0.5597796967 
-83.7710989067 0.0383790884 0.8934360690 0.5597563543 
-83.7952934116 0.0383267454 0.8937707701 0.5597298487 
-83.8202120189 0.0382729049 0.8941146223 0.5597000785 
-83.8458783640 0.0382175218 0.8944678730 0.5596669348 
-83.8723168795 0.0381605499 0.8948307746 0.5596303001 
-83.8995528245 0.0381019418 0.8952035844 0.5595900468 
-83.9276123143 0.0380416485 0.8955865649 0.5595460349 
-83.9565223525 0.0379796198 0.8959799836 0.5594981094 
-83.9863108640 0.0379158042 0.8963841130 0.5594460972 
-84.0170067294 0.0378501484 0.8967992305 0.5593898029 
-84.0486398215 0.0377825981 0.8972256184 0.5593290040 
-84.0812410432 0.0377130970 0.8976635638 0.5592634444 
-84.1148423679 0.0376415877 0.8981133586 0.5591928265 
-84.1494768813 0.0375680109 0.8985752991 0.5591168009 
-84.1851788262 0.0374923057 0.8990496863 0.5590349536 
-84.2219836498 0.0374144098 0.8995368256 0.5589467897 
-84.2599280538 0.0373342588 0.9000370267 0.5588517124 
-84.2990500478 0.0372517868 0.9005506032 0.5587489959 
-84.3393890066 0.0371669261 0.9010778729 0.5586377511 
-84.3809857322 0.0370796069 0.9016191575 0.5585168810 
-84.4238825201 0.0369897577 0.9021747821 0.5583850232 
-84.4681232325 0.0368973048 0.9027450757 0.5582404763 
-84.5137533780 0.0368021728 0.9033303704 0.5580811045 
-84.5608201996 0.0367042836 0.9039310020 0.5579042155 
-84.6093727742 0.0366035573 0.9045473092 0.5577064042 
-84.6594621229 0.0364999114 0.9051796344 0.5574833561 
-84.7111413379 0.0363932609 0.9058283231 0.5572296035 
-84.7644657276 0.0362835183 0.9064937247 0.5569382385 
-84.8194929849 0.0361705930 0.9071761924 0.5566006074 
-84.8762833826 0.0360543913 0.9078760841 0.5562060696 
-84.9349000027 0.0359348163 0.9085937631 0.5557419939 
-84.9954089955 0.0358117670 0.9093295989 0.5551940402 
-85.0578798992 0.0356851384 0.9100839693 0.5545499139 
-85.1223869329 0.0355548188 0.9108572729 0.5539026984 
-85.1890076784 0.0354206930 0.9116499101 0.5534478888 
-85.2578174738 0.0352826534 0.9124622099 0.5531890591 
-82.7331959738 0.0406878433 0.8782224579 0.5471191899 
-82.7344858076 0.0406848949 0.8782428422 0.5471622529 
-82.7357763742 0.0406819451 0.8782632306 0.5472037945 
-82.7370680102 0.0406789930 0.8782836286 0.5472448554 
-82.7383610567 0.0406760379 0.8783040419 0.5472860821 
-82.7396558506 0.0406730791 0.8783244759 0.5473278616 
-82.7409527202 0.0406701157 0.8783449360 0.5473704161 
-82.7422519824 0.0406671470 0.8783654274 0.5474138670 
-82.7435539412 0.0406641724 0.8783859550 0.5474582747 
-82.7448588879 0.0406611911 0.8784065237 0.5475036647 
-82.7461671003 0.0406582026 0.8784271380 0.5475500411 
-82.7474788437 0.0406552063 0.8784478021 0.5475973964 
-82.7487943704 0.0406522015 0.8784685201 0.5476457154 
-82.7501139209 0.0406491877 0.8784892960 0.5476949790 
-82.7514377240 0.0406461645 0.8785101335 0.5477451655 
-82.7527659974 0.0406431312 0.8785310360 0.5477962518 
-82.7540989484 0.0406400875 0.8785520069 0.5478482140 
-82.7554367741 0.0406370328 0.8785730494 0.5479010280 
-82.7567796620 0.0406339669 0.8785941664 0.5479546698 
-82.7581277909 0.0406308891 0.8786153608 0.5480091155 
-82.7594813310 0.0406277993 0.8786366354 0.5480643418 
-82.7608404445 0.0406246969 0.8786579926 0.5481203257 
-82.7622052860 0.0406215817 0.8786794350 0.5481770449 
-82.7635760032 0.0406184533 0.8787009649 0.5482344775 
-82.7649527373 0.0406153114 0.8787225844 0.5482926025 
-82.7663356232 0.0406121556 0.8787442958 0.5483513991 
-82.7677247902 0.0406089858 0.8787661009 0.5484108475 
-82.7691203622 0.0406058016 0.8787880018 0.5484709283 
-82.7705224584 0.0406026028 0.8788100002 0.5485316229 
-82.7719311933 0.0405993890 0.8788320980 0.5485929131 
-82.7733466774 0.0405961601 0.8788542967 0.5486547813 
-82.7747690174 0.0405929158 0.8788765981 0.5487172107 
-82.7761983167 0.0405896558 0.8788990037 0.5487801848 
-82.7776346753 0.0405863801 0.8789215150 0.5488436878 
-82.7790781910 0.0405830882 0.8789441335 0.5489077043 
-82.7805289587 0.0405797800 0.8789668605 0.5489722194 
-82.7819870716 0.0405764554 0.8789896975 0.5490372187 
-82.7834526208 0.0405731141 0.8790126459 0.5491026884 
-82.7849256962 0.0405697558 0.8790357068 0.5491686149 
-82.7864063864 0.0405663805 0.8790588816 0.5492349852 
-82.7878947789 0.0405629879 0.8790821717 0.5493017868 
-82.7893909610 0.0405595777 0.8791055782 0.5493690072 
-82.7908950192 0.0405561499 0.8791291023 0.5494366348 
-82.7924070403 0.0405527043 0.8791527454 0.5495046578 
-82.7939271109 0.0405492405 0.8791765087 0.5495730653 
-82.7954553184 0.0405457586 0.8792003933 0.5496418463 
-82.7969917506 0.0405422581 0.8792244007 0.5497109904 
-82.7985364964 0.0405387390 0.8792485319 0.5497804873 
-82.8000896458 0.0405352011 0.8792727883 0.5498503271 
-82.8016512903 0.0405316440 0.8792971712 0.5499205001 
-82.8032215230 0.0405280678 0.8793216818 0.5499909969 
-82.8048004388 0.0405244720 0.8793463216 0.5500618085 
-82.8063881350 0.0405208566 0.8793710919 0.5501329258 
-82.8079847111 0.0405172212 0.8793959940 0.5502043403 
-82.8095902692 0.0405135657 0.8794210294 0.5502760434 
-82.8112049144 0.0405098899 0.8794461995 0.5503480269 
-82.8128287546 0.0405061934 0.8794715060 0.5504202827 
-82.8144619012 0.0405024760 0.8794969503 0.5504928030 
-82.8161044691 0.0404987376 0.8795225340 0.5505655801 
-82.8177565771 0.0404949777 0.8795482589 0.5506386063 
-82.8194183478 0.0404911962 0.8795741266 0.5507118745 
-82.8210899082 0.0404873928 0.8796001389 0.5507853772 
-82.8227713896 0.0404835671 0.8796262977 0.5508591075 
-82.8244629283 0.0404797189 0.8796526049 0.5509330584 
-82.8261646653 0.0404758478 0.8796790625 0.5510072231 
-82.8278767471 0.0404719536 0.8797056724 0.5510815948 
-82.8295993254 0.0404680359 0.8797324370 0.5511561670 
-82.8313325577 0.0404640943 0.8797593583 0.5512309332 
-82.8330766076 0.0404601284 0.8797864388 0.5513058870 
-82.8348316447 0.0404561380 0.8798136808 0.5513810221 
-82.8365978454 0.0404521225 0.8798410868 0.5514563322 
-82.8383753925 0.0404480816 0.8798686594 0.5515318114 
-82.8401644762 0.0404440149 0.8798964014 0.5516074534 
-82.8419652937 0.0404399220 0.8799243154 0.5516832523 
-82.8437780500 0.0404358022 0.8799524045 0.5517592022 
-82.8456029580 0.0404316553 0.8799806717 0.5518352972 
-82.8474402387 0.0404274807 0.8800091201 0.5519115315 
-82.8492901216 0.0404232778 0.8800377530 0.5519878993 
-82.8511528450 0.0404190462 0.8800665738 0.5520643949 
-82.8530286565 0.0404147853 0.8800955861 0.5521410126 
-82.8549178128 0.0404104946 0.8801247934 0.5522177467 
-82.8568205807 0.0404061733 0.8801541998 0.5522945916 
-82.8587372370 0.0404018210 0.8801838091 0.5523715417 
-82.8606680690 0.0403974369 0.8802136254 0.5524485914 
-82.8626133747 0.0403930204 0.8802436530 0.5525257351 
-82.8645734636 0.0403885709 0.8802738964 0.5526029672 
-82.8665486564 0.0403840875 0.8803043602 0.5526802823 
-82.8685392862 0.0403795695 0.8803350492 0.5527576746 
-82.8705456981 0.0403750163 0.8803659684 0.5528351387 
-82.8725682502 0.0403704269 0.8803971229 0.5529126690 
-82.8746073137 0.0403658005 0.8804285180 0.5529902599 
-82.8766632736 0.0403611364 0.8804601594 0.5530679059 
-82.8787365289 0.0403564335 0.8804920527 0.5531456013 
-82.8808274931 0.0403516910 0.8805242040 0.5532233404 
-82.8829365948 0.0403469079 0.8805566195 0.5533011177 
-82.8850642781 0.0403420832 0.8805893055 0.5533789274 
-82.8872110032 0.0403372159 0.8806222688 0.5534567639 
-82.8893772467 0.0403323049 0.8806555162 0.5535346213 
-82.8915635024 0.0403273491 0.8806890549 0.5536124939 
-82.8937702818 0.0403223474 0.8807228922 0.5536903758 
-82.8959981143 0.0403172986 0.8807570358 0.5537682612 
-82.8982475483 0.0403122014 0.8807914938 0.5538461440 
-82.9005191516 0.0403070547 0.8808262742 0.5539240183 
-82.9028135119 0.0403018570 0.8808613857 0.5540018781 
-82.9051312375 0.0402966071 0.8808968370 0.5540797172 
-82.9074729581 0.0402913034 0.8809326373 0.5541575294 
-82.9098393254 0.0402859447 0.8809687959 0.5542353085 
-82.9122310137 0.0402805293 0.8810053228 0.5543130482 
-82.9146487205 0.0402750556 0.8810422280 0.5543907419 
-82.9170931679 0.0402695222 0.8810795220 0.5544683832 
-82.9195651024 0.0402639273 0.8811172155 0.5545459656 
-82.9220652965 0.0402582692 0.8811553199 0.5546234823 
-82.9245945492 0.0402525461 0.8811938467 0.5547009266 
-82.9271536867 0.0402467562 0.8812328078 0.5547782915 
-82.9297435634 0.0402408976 0.8812722158 0.5548555702 
-82.9323650630 0.0402349682 0.8813120833 0.5549327554 
-82.9350190991 0.0402289661 0.8813524237 0.5550098401 
-82.9377066162 0.0402228892 0.8813932506 0.5550868168 
-82.9404285909 0.0402167352 0.8814345782 0.5551636781 
-82.9431860326 0.0402105020 0.8814764211 0.5552404165 
-82.9459799850 0.0402041872 0.8815187945 0.5553170241 
-82.9488115265 0.0401977884 0.8815617140 0.5553934932 
-82.9516817720 0.0401913032 0.8816051958 0.5554698158 
-82.9545918736 0.0401847289 0.8816492565 0.5555459836 
-82.9575430218 0.0401780629 0.8816939134 0.5556219883 
-82.9605364471 0.0401713025 0.8817391842 0.5556978216 
-82.9635734208 0.0401644449 0.8817850875 0.5557734746 
-82.9666552565 0.0401574871 0.8818316422 0.5558489387 
-82.9697833115 0.0401504261 0.8818788680 0.5559242047 
-82.9729589880 0.0401432589 0.8819267851 0.5559992636 
-82.9761837346 0.0401359821 0.8819754145 0.5560741058 
-82.9794590481 0.0401285925 0.8820247778 0.5561487218 
-82.9827864741 0.0401210867 0.8820748973 0.5562231018 
-82.9861676098 0.0401134611 0.8821257962 0.5562972358 
-82.9896041047 0.0401057120 0.8821774981 0.5563711135 
-82.9930976623 0.0400978357 0.8822300277 0.5564447244 
-82.9966500425 0.0400898283 0.8822834104 0.5565180577 
-83.0002630626 0.0400816857 0.8823376723 0.5565911025 
-83.0039385996 0.0400734039 0.8823928404 0.5566638476 
-83.0076785921 0.0400649785 0.8824489427 0.5567362814 
-83.0114850416 0.0400564051 0.8825060080 0.5568083921 
-83.0153600156 0.0400476791 0.8825640659 0.5568801677 
-83.0193056485 0.0400387958 0.8826231472 0.5569515957 
-83.0233241449 0.0400297504 0.8826832834 0.5570226635 
-83.0274177807 0.0400205379 0.8827445071 0.5570933580 
-83.0315889061 0.0400111530 0.8828068522 0.5571636660 
-83.0358399479 0.0400015904 0.8828703533 0.5572335736 
-83.0401734115 0.0399918446 0.8829350462 0.5573030669 
-83.0445918840 0.0399819099 0.8830009679 0.5573721315 
-83.0490980362 0.0399717805 0.8830681565 0.5574407525 
-83.0536946257 0.0399614502 0.8831366514 0.5575089148 
-83.0583844995 0.0399509129 0.8832064931 0.5575766028 
-83.0631705968 0.0399401620 0.8832777235 0.5576438005 
-83.0680559521 0.0399291910 0.8833503857 0.5577104915 
-83.0730436979 0.0399179929 0.8834245241 0.5577766588 
-83.0781370684 0.0399065607 0.8835001846 0.5578422852 
-83.0833394021 0.0398948871 0.8835774146 0.5579073527 
-83.0886541457 0.0398829645 0.8836562626 0.5579718432 
-83.0940848570 0.0398707852 0.8837367791 0.5580357378 
-83.0996352091 0.0398583412 0.8838190157 0.5580990171 
-83.1053089934 0.0398456241 0.8839030259 0.5581616613 
-83.1111101241 0.0398326256 0.8839888647 0.5582236500 
-83.1170426414 0.0398193366 0.8840765888 0.5582849621 
-83.1231107161 0.0398057483 0.8841662566 0.5583455761 
-83.1293186538 0.0397918513 0.8842579284 0.5584054698 
-83.1356708986 0.0397776358 0.8843516663 0.5584646204 
-83.1421720383 0.0397630921 0.8844475341 0.5585230045 
-83.1488268088 0.0397482097 0.8845455977 0.5585805979 
-83.1556400985 0.0397329782 0.8846459251 0.5586373759 
-83.1626169538 0.0397173866 0.8847485860 0.5586933129 
-83.1697625836 0.0397014237 0.8848536525 0.5587483829 
-83.1770823652 0.0396850779 0.8849611987 0.5588025590 
-83.1845818492 0.0396683372 0.8850713010 0.5588558133 
-83.1922667654 0.0396511895 0.8851840381 0.5589081176 
-83.2001430285 0.0396336218 0.8852994908 0.5589594427 
-83.2082167442 0.0396156212 0.8854177426 0.5590097584 
-83.2164942153 0.0395971742 0.8855388793 0.5590590341 
-83.2249819480 0.0395782668 0.8856629892 0.5591072380 
-83.2336866590 0.0395588847 0.8857901632 0.5591543376 
-83.2426152817 0.0395390132 0.8859204949 0.5592002995 
-83.2517749738 0.0395186370 0.8860540807 0.5592450894 
-83.2611731243 0.0394977404 0.8861910195 0.5592886720 
-83.2708173614 0.0394763072 0.8863314135 0.5593310113 
-83.2807155600 0.0394543207 0.8864753673 0.5593720702 
-83.2908758500 0.0394317639 0.8866229890 0.5594118105 
-83.3013066244 0.0394086189 0.8867743895 0.5594501933 
-83.3120165486 0.0393848675 0.8869296829 0.5594871785 
-83.3230145686 0.0393604910 0.8870889865 0.5595227250 
-83.3343099207 0.0393354699 0.8872524209 0.5595567907 
-83.3459121412 0.0393097844 0.8874201103 0.5595893325 
-83.3578310757 0.0392834138 0.8875921819 0.5596203060 
-83.3700768904 0.0392563369 0.8877687668 0.5596496661 
-83.3826600816 0.0392285320 0.8879499995 0.5596773661 
-83.3955914877 0.0391999766 0.8881360184 0.5597033586 
-83.4088822999 0.0391706475 0.8883269655 0.5597275947 
-83.4225440743 0.0391405209 0.8885229866 0.5597500246 
-83.4365887441 0.0391095722 0.8887242316 0.5597705970 
-83.4510286322 0.0390777762 0.8889308541 0.5597892596 
-83.4658764643 0.0390451067 0.8891430121 0.5598059587 
-83.4811453825 0.0390115370 0.8893608675 0.5598206393 
-83.4968489596 0.0389770394 0.8895845866 0.5598332450 
-83.5130012130 0.0389415855 0.8898143398 0.5598437182 
-83.5296166207 0.0389051461 0.8900503021 0.5598519995 
-83.5467101362 0.0388676910 0.8902926528 0.5598580282 
-83.5642972051 0.0388291891 0.8905415757 0.5598617418 
-83.5823937821 0.0387896085 0.8907972591 0.5598630762 
-83.6010163482 0.0387489164 0.8910598963 0.5598619653 
-83.6201819286 0.0387070788 0.8913296848 0.5598583412 
-83.6399081121 0.0386640610 0.8916068273 0.5598521335 
-83.6602130703 0.0386198272 0.8918915311 0.5598432696 
-83.6811155779 0.0385743404 0.8921840083 0.5598316741 
-83.7026350336 0.0385275628 0.8924844761 0.5598172686 
-83.7247914824 0.0384794552 0.8927931566 0.5597999714 
-83.7476056380 0.0384299775 0.8931102769 0.5597796967 
-83.7710989067 0.0383790884 0.8934360690 0.5597563543 
-83.7952934116 0.0383267454 0.8937707701 0.5597298487 
-83.8202120189 0.0382729049 0.8941146223 0.5597000785 
-83.8458783640 0.0382175218 0.8944678730 0.5596669348 
-83.8723168795 0.0381605499 0.8948307746 0.5596303001 
-83.8995528245 0.0381019418 0.8952035844 0.5595900468 
-83.9276123143 0.0380416485 0.8955865649 0.5595460349 
-83.9565223525 0.0379796198 0.8959799836 0.5594981094 
-83.9863108641 0.0379158042 0.8963841130 0.5594460972 
-84.0170067295 0.0378501484 0.8967992305 0.5593898029 
-84.0486398215 0.0377825981 0.8972256184 0.5593290040 
-84.0812410433 0.0377130970 0.8976635638 0.5592634444 
-84.1148423679 0.0376415877 0.8981133586 0.5591928265 
-84.1494768813 0.0375680109 0.8985752991 0.5591168009 
-84.1851788262 0.0374923057 0.8990496863 0.5590349536 
-84.2219836499 0.0374144098 0.8995368256 0.5589467897 
-84.2599280538 0.0373342588 0.9000370267 0.5588517124 
-84.2990500478 0.0372517868 0.9005506032 0.5587489959 
-84.3393890066 0.0371669261 0.9010778729 0.5586377511 
-84.3809857322 0.0370796069 0.9016191575 0.5585168810 
-84.4238825201 0.0369897577 0.9021747821 0.5583850232 
-84.4681232325 0.0368973048 0.9027450757 0.5582404763 
-84.5137533780 0.0368021728 0.9033303704 0.5580811045 
-84.5608201997 0.0367042836 0.9039310020 0.5579042155 
-84.6093727742 0.0366035573 0.9045473092 0.5577064042 
-84.6594621229 0.0364999114 0.9051796344 0.5574833561 
-84.7111413379 0.0363932609 0.9058283231 0.5572296035 
-84.7644657276 0.0362835183 0.9064937247 0.5569382385 
-84.8194929849 0.0361705930 0.9071761924 0.5566006074 
-84.8762833827 0.0360543913 0.9078760841 0.5562060696 
-84.9349000027 0.0359348163 0.9085937631 0.5557419939 
-84.9954089955 0.0358117670 0.9093295989 0.5551940402 
-85.0578798993 0.0356851384 0.9100839693 0.5545499139 
-85.1223869329 0.0355548188 0.9108572729 0.5539026984 
-85.1890076785 0.0354206930 0.9116499101 0.5534478888 
-85.2578174738 0.0352826534 0.9124622099 0.5531890591 
-85.2621985868 0.0352738809 0.9125138825 0.5531745357 
-85.2621985868 0.0352738809 0.9125138825 0.5531745357 
-85.2621985868 0.0352738809 0.9125138825 0.5531745357 
-85.2621985868 0.0352738809 0.9125138825 0.5531745357 
