-81.9890213162 0.0424223270 0.8658538512 0.5114602485 
-81.9890215999 0.0424223263 0.8658538552 0.5114576528 
-81.9890221715 0.0424223250 0.8658538632 0.5114524851 
-81.9890230398 0.0424223229 0.8658538754 0.5114447917 
-81.9890242174 0.0424223201 0.8658538921 0.5114346402 
-81.9890257211 0.0424223166 0.8658539135 0.5114221177 
-81.9890274518 0.0424223125 0.8658539378 0.5113948821 
-81.9890297141 0.0424223071 0.8658539706 0.5113801255 
-81.9890324092 0.0424223007 0.8658540099 0.5113651679 
-81.9890355606 0.0424222932 0.8658540564 0.5113500148 
-81.9890391925 0.0424222846 0.8658541104 0.5113346744 
-81.9890433292 0.0424222748 0.8658541722 0.5113191580 
-81.9890479955 0.0424222638 0.8658542425 0.5113034790 
-81.9890532164 0.0424222514 0.8658543216 0.5112876529 
-81.9890590174 0.0424222376 0.8658544100 0.5112716970 
-81.9890654239 0.0424222224 0.8658545081 0.5112556298 
-81.9890724619 0.0424222057 0.8658546164 0.5112394707 
-81.9890801575 0.0424221875 0.8658547354 0.5112232401 
-81.9890885368 0.0424221676 0.8658548655 0.5112069584 
-81.9890976262 0.0424221460 0.8658550073 0.5111906466 
-81.9891074522 0.0424221227 0.8658551611 0.5111743254 
-81.9891180414 0.0424220976 0.8658553275 0.5111580155 
-81.9891294203 0.0424220706 0.8658555069 0.5111417368 
-81.9891416155 0.0424220416 0.8658556998 0.5111255092 
-81.9891546536 0.0424220107 0.8658559068 0.5111093516 
-81.9891685611 0.0424219777 0.8658561281 0.5110932820 
-81.9891833645 0.0424219425 0.8658563645 0.5110773181 
-81.9891990900 0.0424219052 0.8658566162 0.5110614760 
-81.9892157640 0.0424218656 0.8658568838 0.5110457715 
-81.9892334126 0.0424218237 0.8658571677 0.5110302191 
-81.9892520615 0.0424217795 0.8658574685 0.5110148324 
-81.9892717365 0.0424217328 0.8658577865 0.5109996239 
-81.9892924632 0.0424216836 0.8658581222 0.5109846053 
-81.9893142667 0.0424216318 0.8658584761 0.5109697873 
-81.9893371723 0.0424215774 0.8658588486 0.5109551796 
-81.9893612045 0.0424215204 0.8658592402 0.5109407912 
-81.9893863881 0.0424214606 0.8658596513 0.5109266301 
-81.9894127473 0.0424213980 0.8658600824 0.5109127034 
-81.9894403059 0.0424213326 0.8658605337 0.5108990175 
-81.9894690878 0.0424212642 0.8658610059 0.5108855783 
-81.9894991164 0.0424211930 0.8658614993 0.5108723906 
-81.9895304146 0.0424211186 0.8658620143 0.5108594590 
-81.9895630054 0.0424210413 0.8658625513 0.5108467871 
-81.9895969111 0.0424209608 0.8658631108 0.5108343783 
-81.9896321541 0.0424208771 0.8658636930 0.5108222352 
-81.9896687560 0.0424207902 0.8658642985 0.5108103602 
-81.9897067385 0.0424207000 0.8658649276 0.5107987552 
-81.9897461228 0.0424206065 0.8658655806 0.5107874215 
-81.9897869298 0.0424205096 0.8658662580 0.5107763603 
-81.9898291800 0.0424204092 0.8658669601 0.5107655724 
-81.9898728937 0.0424203054 0.8658676873 0.5107550584 
-81.9899180909 0.0424201981 0.8658684399 0.5107448184 
-81.9899647912 0.0424200872 0.8658692183 0.5107348524 
-81.9900130139 0.0424199727 0.8658700228 0.5107251603 
-81.9900627781 0.0424198545 0.8658708537 0.5107157417 
-81.9901141024 0.0424197327 0.8658717115 0.5107065959 
-81.9901670052 0.0424196070 0.8658725964 0.5106977223 
-81.9902215047 0.0424194776 0.8658735087 0.5106891201 
-81.9902776186 0.0424193444 0.8658744488 0.5106807881 
-81.9903353643 0.0424192072 0.8658754169 0.5106727254 
-81.9903947592 0.0424190662 0.8658764134 0.5106649307 
-81.9904558201 0.0424189212 0.8658774386 0.5106574028 
-81.9905185636 0.0424187722 0.8658784928 0.5106501404 
-81.9905830060 0.0424186192 0.8658795762 0.5106431419 
-81.9906491634 0.0424184620 0.8658806892 0.5106364060 
-81.9907170516 0.0424183008 0.8658818320 0.5106299311 
-81.9907866860 0.0424181355 0.8658830049 0.5106237156 
-81.9908580820 0.0424179659 0.8658842082 0.5106177580 
-81.9909312543 0.0424177921 0.8658854421 0.5106120566 
-81.9910062178 0.0424176141 0.8658867069 0.5106066098 
-81.9910829869 0.0424174318 0.8658880028 0.5106014158 
-81.9911615756 0.0424172452 0.8658893302 0.5105964729 
-81.9912419981 0.0424170542 0.8658906892 0.5105917794 
-81.9913242679 0.0424168588 0.8658920800 0.5105873337 
-81.9914083985 0.0424166590 0.8658935031 0.5105831338 
-81.9914944030 0.0424164547 0.8658949584 0.5105791782 
-81.9915822945 0.0424162460 0.8658964464 0.5105754649 
-81.9916720856 0.0424160328 0.8658979672 0.5105719924 
-81.9917637888 0.0424158150 0.8658995210 0.5105687587 
-81.9918574164 0.0424155926 0.8659011081 0.5105657622 
-81.9919529804 0.0424153657 0.8659027286 0.5105630011 
-81.9920504926 0.0424151341 0.8659043828 0.5105604736 
-81.9921499647 0.0424148979 0.8659060709 0.5105581781 
-81.9922514080 0.0424146569 0.8659077930 0.5105561127 
-81.9923548338 0.0424144113 0.8659095495 0.5105542757 
-81.9924602529 0.0424141610 0.8659113403 0.5105526655 
-81.9925676763 0.0424139059 0.8659131659 0.5105512803 
-81.9926771144 0.0424136460 0.8659150263 0.5105501184 
-81.9927885776 0.0424133812 0.8659169217 0.5105491781 
-81.9929020761 0.0424131117 0.8659188523 0.5105484578 
-81.9930176200 0.0424128373 0.8659208183 0.5105479558 
-81.9931352191 0.0424125580 0.8659228198 0.5105476704 
-81.9932548829 0.0424122738 0.8659248571 0.5105476000 
-81.9933766210 0.0424119847 0.8659269302 0.5105477431 
-81.9935004427 0.0424116907 0.8659290394 0.5105480979 
-81.9936263570 0.0424113917 0.8659311847 0.5105486629 
-81.9937543729 0.0424110876 0.8659333665 0.5105494365 
-81.9938844992 0.0424107786 0.8659355847 0.5105504172 
-81.9940167445 0.0424104646 0.8659378397 0.5105516034 
-81.9941511172 0.0424101455 0.8659401314 0.5105529935 
-81.9942876258 0.0424098213 0.8659424601 0.5105545861 
-81.9944262782 0.0424094920 0.8659448258 0.5105563797 
-81.9945670826 0.0424091576 0.8659472289 0.5105583728 
-81.9947100467 0.0424088181 0.8659496692 0.5105605638 
-81.9948551783 0.0424084735 0.8659521471 0.5105629515 
-81.9950024850 0.0424081237 0.8659546626 0.5105655342 
-81.9951519741 0.0424077687 0.8659572159 0.5105683107 
-81.9953036530 0.0424074085 0.8659598071 0.5105712794 
-81.9954575288 0.0424070431 0.8659624363 0.5105744390 
-81.9956136086 0.0424066724 0.8659651036 0.5105777882 
-81.9957718991 0.0424062966 0.8659678092 0.5105813256 
-81.9959324073 0.0424059154 0.8659705531 0.5105850498 
-81.9960951398 0.0424055290 0.8659733355 0.5105889595 
-81.9962601030 0.0424051373 0.8659761566 0.5105930533 
-81.9964273035 0.0424047402 0.8659790163 0.5105973301 
-81.9965967474 0.0424043379 0.8659819148 0.5106017886 
-81.9967684411 0.0424039302 0.8659848523 0.5106064273 
-81.9969423905 0.0424035171 0.8659878287 0.5106112452 
-81.9971186016 0.0424030987 0.8659908443 0.5106162410 
-81.9972970803 0.0424026749 0.8659938991 0.5106214134 
-81.9974778323 0.0424022457 0.8659969933 0.5106267613 
-81.9976608633 0.0424018111 0.8660001268 0.5106322834 
-81.9978461788 0.0424013711 0.8660032999 0.5106379786 
-81.9980337844 0.0424009256 0.8660065125 0.5106438458 
-81.9982236853 0.0424004747 0.8660097649 0.5106498837 
-81.9984158868 0.0424000184 0.8660130570 0.5106560913 
-81.9986103942 0.0423995565 0.8660163890 0.5106624674 
-81.9988072125 0.0423990892 0.8660197610 0.5106690110 
-81.9990063467 0.0423986164 0.8660231730 0.5106757209 
-81.9992078018 0.0423981381 0.8660266251 0.5106825961 
-81.9994115825 0.0423976542 0.8660301174 0.5106896355 
-81.9996176937 0.0423971649 0.8660336500 0.5106968381 
-81.9998261400 0.0423966700 0.8660372229 0.5107042028 
-82.0000369261 0.0423961695 0.8660408363 0.5107117286 
-82.0002500565 0.0423956635 0.8660444902 0.5107194145 
-82.0004655356 0.0423951519 0.8660481846 0.5107272595 
-82.0006833679 0.0423946347 0.8660519198 0.5107352627 
-82.0009035577 0.0423941120 0.8660556956 0.5107434230 
-82.0011261091 0.0423935836 0.8660595122 0.5107517396 
-82.0013510265 0.0423930496 0.8660633698 0.5107602114 
-82.0015783140 0.0423925100 0.8660672682 0.5107688375 
-82.0018079756 0.0423919648 0.8660712076 0.5107776170 
-82.0020400153 0.0423914139 0.8660751881 0.5107865491 
-82.0022744372 0.0423908574 0.8660792098 0.5107956328 
-82.0025112450 0.0423902953 0.8660832726 0.5108048672 
-82.0027504427 0.0423897274 0.8660873766 0.5108142514 
-82.0029920341 0.0423891539 0.8660915220 0.5108237847 
-82.0032360228 0.0423885747 0.8660957088 0.5108334662 
-82.0034824126 0.0423879898 0.8660999370 0.5108432949 
-82.0037312071 0.0423873992 0.8661042067 0.5108532702 
-82.0039824099 0.0423868029 0.8661085179 0.5108633911 
-82.0042360247 0.0423862009 0.8661128707 0.5108736570 
-82.0044920548 0.0423855931 0.8661172652 0.5108840669 
-82.0047505037 0.0423849796 0.8661217015 0.5108946202 
-82.0050113750 0.0423843604 0.8661261795 0.5109053159 
-82.0052746720 0.0423837354 0.8661306993 0.5109161535 
-82.0055403980 0.0423831047 0.8661352610 0.5109271321 
-82.0058085563 0.0423824682 0.8661398646 0.5109382510 
-82.0060791504 0.0423818259 0.8661445102 0.5109495095 
-82.0063521833 0.0423811779 0.8661491978 0.5109609069 
-82.0066276584 0.0423805241 0.8661539275 0.5109724424 
-82.0069055787 0.0423798644 0.8661586993 0.5109841153 
-82.0071859476 0.0423791990 0.8661635134 0.5109959250 
-82.0074687681 0.0423785277 0.8661683696 0.5110078708 
-82.0077540433 0.0423778507 0.8661732681 0.5110199520 
-82.0080417763 0.0423771678 0.8661782090 0.5110321679 
-82.0083319703 0.0423764791 0.8661831922 0.5110445180 
-82.0086246281 0.0423757845 0.8661882178 0.5110570015 
-82.0089197529 0.0423750841 0.8661932859 0.5110696179 
-82.0092173477 0.0423743779 0.8661983965 0.5110823664 
-82.0095174153 0.0423736658 0.8662035496 0.5110952466 
-82.0098199589 0.0423729478 0.8662087454 0.5111082577 
-82.0101249813 0.0423722239 0.8662139837 0.5111213993 
-82.0104324855 0.0423714942 0.8662192648 0.5111346706 
-82.0107424744 0.0423707586 0.8662245886 0.5111480712 
-82.0110549509 0.0423700171 0.8662299552 0.5111616005 
-82.0113699178 0.0423692697 0.8662353646 0.5111752578 
-82.0116873782 0.0423685164 0.8662408168 0.5111890427 
-82.0120073349 0.0423677572 0.8662463120 0.5112029546 
-82.0123297907 0.0423669921 0.8662518501 0.5112169929 
-82.0126547485 0.0423662210 0.8662574311 0.5112311572 
-82.0129822111 0.0423654440 0.8662630552 0.5112454469 
-82.0133121815 0.0423646611 0.8662687224 0.5112598614 
-82.0136446624 0.0423638722 0.8662744327 0.5112744004 
-82.0139796568 0.0423630774 0.8662801861 0.5112890633 
-82.0143171674 0.0423622767 0.8662859828 0.5113038495 
-82.0146571971 0.0423614699 0.8662918227 0.5113187587 
-82.0149997487 0.0423606572 0.8662977058 0.5113337903 
-82.0153448251 0.0423598385 0.8663036323 0.5113489439 
-82.0156924292 0.0423590139 0.8663096021 0.5113642190 
-82.0160425637 0.0423581832 0.8663156153 0.5113796152 
-82.0163952316 0.0423573466 0.8663216720 0.5113951320 
-82.0167504357 0.0423565039 0.8663277722 0.5114107689 
-82.0171081788 0.0423556553 0.8663339159 0.5114265256 
-82.0174684639 0.0423548006 0.8663401032 0.5114424016 
-82.0178312939 0.0423539399 0.8663463340 0.5114583965 
-82.0181966715 0.0423530732 0.8663526085 0.5114745098 
-82.0185645998 0.0423522004 0.8663589268 0.5114907412 
-82.0189350816 0.0423513216 0.8663652887 0.5115070903 
-82.0193081199 0.0423504368 0.8663716944 0.5115235567 
-82.0196837176 0.0423495459 0.8663781440 0.5115401400 
-82.0200618776 0.0423486489 0.8663846374 0.5115568398 
-82.0204426030 0.0423477459 0.8663911747 0.5115736557 
-82.0208258966 0.0423468368 0.8663977560 0.5115905874 
-82.0212117615 0.0423459216 0.8664043812 0.5116076345 
-82.0216002007 0.0423450004 0.8664110505 0.5116247967 
-82.0219912173 0.0423440730 0.8664177639 0.5116420735 
-82.0223848142 0.0423431396 0.8664245214 0.5116594647 
-82.0227809946 0.0423422000 0.8664313230 0.5116769700 
-82.0231797615 0.0423412543 0.8664381689 0.5116945889 
-82.0235811181 0.0423403025 0.8664450590 0.5117123212 
-82.0239850674 0.0423393446 0.8664519934 0.5117301666 
-82.0243916127 0.0423383805 0.8664589721 0.5117481247 
-82.0248007571 0.0423374103 0.8664659953 0.5117661952 
-82.0252125038 0.0423364339 0.8664730629 0.5117843778 
-82.0256268560 0.0423354514 0.8664801749 0.5118026722 
-82.0260438171 0.0423344627 0.8664873315 0.5118210782 
-82.0264633901 0.0423334679 0.8664945326 0.5118395954 
-82.0268855786 0.0423324668 0.8665017784 0.5118582236 
-82.0273103858 0.0423314596 0.8665090688 0.5118769625 
-82.0277378150 0.0423304462 0.8665164040 0.5118958117 
-82.0281678697 0.0423294266 0.8665237839 0.5119147712 
-82.0286005532 0.0423284007 0.8665312086 0.5119338405 
-82.0290358691 0.0423273687 0.8665386782 0.5119530194 
-82.0294738208 0.0423263304 0.8665461927 0.5119723077 
-82.0299144119 0.0423252859 0.8665537522 0.5119917052 
-82.0303576458 0.0423242352 0.8665613566 0.5120112116 
-82.0308035261 0.0423231782 0.8665690062 0.5120308266 
-82.0312520566 0.0423221149 0.8665767008 0.5120505500 
-82.0317032408 0.0423210454 0.8665844407 0.5120703817 
-82.0321570824 0.0423199696 0.8665922257 0.5120903213 
-82.0326135851 0.0423188875 0.8666000560 0.5121103687 
-82.0330727528 0.0423177992 0.8666079317 0.5121305237 
-82.0335345891 0.0423167045 0.8666158527 0.5121507860 
-82.0339990980 0.0423156035 0.8666238192 0.5121711555 
-82.0344662834 0.0423144962 0.8666318312 0.5121916319 
-82.0349361490 0.0423133826 0.8666398887 0.5122122150 
-82.0354086989 0.0423122626 0.8666479918 0.5122329048 
-82.0358839372 0.0423111363 0.8666561406 0.5122537009 
-82.0363618678 0.0423100037 0.8666643351 0.5122746032 
-82.0368424947 0.0423088647 0.8666725754 0.5122956115 
-82.0373258223 0.0423077193 0.8666808616 0.5123167257 
-82.0378118545 0.0423065675 0.8666891936 0.5123379456 
-82.0383005957 0.0423054094 0.8666975716 0.5123592710 
-82.0387920500 0.0423042448 0.8667059957 0.5123807018 
-82.0392862219 0.0423030739 0.8667144658 0.5124022378 
-82.0397831156 0.0423018965 0.8667229821 0.5124238789 
-82.0402827355 0.0423007127 0.8667315446 0.5124456248 
-82.0407850861 0.0422995224 0.8667401533 0.5124674756 
-82.0412901719 0.0422983257 0.8667488084 0.5124894310 
-82.0417979975 0.0422971226 0.8667575100 0.5125114909 
-82.0423085673 0.0422959129 0.8667662580 0.5125336552 
-82.0428218862 0.0422946968 0.8667750525 0.5125559237 
-82.0433379587 0.0422934742 0.8667838937 0.5125782964 
-82.0438567896 0.0422922451 0.8667927815 0.5126007730 
-82.0443783837 0.0422910095 0.8668017161 0.5126233536 
-82.0449027458 0.0422897674 0.8668106975 0.5126460379 
-82.0454298810 0.0422885187 0.8668197258 0.5126688260 
-82.0459597940 0.0422872635 0.8668288011 0.5126917176 
-82.0464924900 0.0422860017 0.8668379234 0.5127147127 
-82.0470279740 0.0422847334 0.8668470929 0.5127378111 
-82.0475662511 0.0422834585 0.8668563095 0.5127610129 
-82.0481073265 0.0422821769 0.8668655734 0.5127843179 
-82.0486512055 0.0422808888 0.8668748846 0.5128077259 
-82.0491978933 0.0422795941 0.8668842432 0.5128312371 
-82.0497473954 0.0422782927 0.8668936494 0.5128548511 
-82.0502997170 0.0422769847 0.8669031031 0.5128785681 
-82.0508548637 0.0422756701 0.8669126045 0.5129023879 
-82.0514128410 0.0422743488 0.8669221536 0.5129263105 
-82.0519736546 0.0422730208 0.8669317506 0.5129503357 
-82.0525373100 0.0422716861 0.8669413954 0.5129744636 
-82.0531038129 0.0422703447 0.8669510883 0.5129986940 
-82.0536731693 0.0422689966 0.8669608292 0.5130230270 
-82.0542453848 0.0422676417 0.8669706183 0.5130474624 
-82.0548204655 0.0422662802 0.8669804556 0.5130720003 
-82.0553984173 0.0422649118 0.8669903413 0.5130966405 
-82.0559792461 0.0422635367 0.8670002753 0.5131213831 
-82.0565629582 0.0422621548 0.8670102580 0.5131462280 
-82.0571495597 0.0422607661 0.8670202892 0.5131711752 
-82.0577390568 0.0422593707 0.8670303691 0.5131962246 
-82.0583314559 0.0422579683 0.8670404978 0.5132213763 
-82.0589267632 0.0422565592 0.8670506754 0.5132466301 
-82.0595249853 0.0422551431 0.8670609019 0.5132719861 
-82.0601261287 0.0422537202 0.8670711776 0.5132974443 
-82.0607301998 0.0422522905 0.8670815024 0.5133230047 
-82.0613372055 0.0422508538 0.8670918765 0.5133486671 
-82.0619471524 0.0422494102 0.8671023000 0.5133744317 
-82.0625600473 0.0422479597 0.8671127730 0.5134002985 
-82.0631758971 0.0422465022 0.8671232955 0.5134262673 
-82.0637947086 0.0422450378 0.8671338677 0.5134523383 
-82.0644164890 0.0422435664 0.8671444898 0.5134785114 
-82.0650412454 0.0422420880 0.8671551617 0.5135047867 
-82.0656689848 0.0422406026 0.8671658835 0.5135311641 
-82.0662997145 0.0422391101 0.8671766556 0.5135576437 
-82.0669334419 0.0422376106 0.8671874778 0.5135842254 
-82.0675701743 0.0422361041 0.8671983503 0.5136109094 
-82.0682099192 0.0422345905 0.8672092733 0.5136376956 
-82.0688526842 0.0422330697 0.8672202469 0.5136645840 
-82.0694984768 0.0422315419 0.8672312711 0.5136915747 
-82.0701473049 0.0422300070 0.8672423460 0.5137186678 
-82.0707991761 0.0422284649 0.8672534719 0.5137458631 
-82.0714540984 0.0422269156 0.8672646488 0.5137731609 
-82.0721120797 0.0422253591 0.8672758768 0.5138005611 
-82.0727731280 0.0422237955 0.8672871561 0.5138280637 
-82.0734372515 0.0422222246 0.8672984868 0.5138556689 
-82.0741044584 0.0422206465 0.8673098689 0.5138833766 
-82.0747747569 0.0422190611 0.8673213027 0.5139111870 
-82.0754481555 0.0422174685 0.8673327882 0.5139391000 
-82.0761246625 0.0422158686 0.8673443256 0.5139671157 
-82.0768042866 0.0422142613 0.8673559150 0.5139952342 
-82.0774870363 0.0422126467 0.8673675566 0.5140234555 
-82.0781729204 0.0422110248 0.8673792504 0.5140517798 
-82.0788619476 0.0422093955 0.8673909965 0.5140802070 
-82.0795541270 0.0422077588 0.8674027953 0.5141087373 
-82.0802494674 0.0422061146 0.8674146467 0.5141373707 
-82.0809479780 0.0422044631 0.8674265508 0.5141661073 
-82.0816496679 0.0422028041 0.8674385080 0.5141949471 
-82.0823545464 0.0422011376 0.8674505182 0.5142238903 
-82.0830626228 0.0421994636 0.8674625816 0.5142529370 
-82.0837739066 0.0421977821 0.8674746984 0.5142820871 
-82.0844884073 0.0421960930 0.8674868687 0.5143113409 
-82.0852061346 0.0421943964 0.8674990926 0.5143406984 
-82.0859270982 0.0421926922 0.8675113703 0.5143701596 
-82.0866513079 0.0421909804 0.8675237020 0.5143997248 
-82.0873787737 0.0421892609 0.8675360878 0.5144293939 
-82.0881095056 0.0421875338 0.8675485278 0.5144591672 
-82.0888435136 0.0421857991 0.8675610222 0.5144890446 
-82.0895808081 0.0421840566 0.8675735712 0.5145190263 
-82.0903213994 0.0421823064 0.8675861749 0.5145491124 
-82.0910652978 0.0421805485 0.8675988334 0.5145793030 
-82.0918125140 0.0421787827 0.8676115470 0.5146095983 
-82.0925630585 0.0421770092 0.8676243157 0.5146399983 
-82.0933169420 0.0421752279 0.8676371398 0.5146705032 
-82.0940741755 0.0421734387 0.8676500194 0.5147011130 
-82.0948347699 0.0421716417 0.8676629547 0.5147318279 
-82.0955987362 0.0421698367 0.8676759458 0.5147626481 
-82.0963660855 0.0421680239 0.8676889929 0.5147935736 
-82.0971368292 0.0421662031 0.8677020963 0.5148246047 
-82.0979109785 0.0421643743 0.8677152559 0.5148557413 
-82.0986885451 0.0421625375 0.8677284721 0.5148869837 
-82.0994695404 0.0421606927 0.8677417450 0.5149183319 
-82.1002539763 0.0421588399 0.8677550748 0.5149497862 
-82.1010418644 0.0421569790 0.8677684616 0.5149813467 
-82.1018332168 0.0421551099 0.8677819057 0.5150130135 
-82.1026280454 0.0421532328 0.8677954072 0.5150447867 
-82.1034263624 0.0421513474 0.8678089663 0.5150766665 
-82.1042281802 0.0421494539 0.8678225831 0.5151086531 
-82.1050335111 0.0421475522 0.8678362580 0.5151407466 
-82.1058423675 0.0421456422 0.8678499910 0.5151729472 
-82.1066547621 0.0421437240 0.8678637824 0.5152052549 
-82.1074707078 0.0421417974 0.8678776323 0.5152376701 
-82.1082902172 0.0421398626 0.8678915410 0.5152701927 
-82.1091133034 0.0421379193 0.8679055086 0.5153028231 
-82.1099399795 0.0421359677 0.8679195353 0.5153355614 
-82.1107702588 0.0421340076 0.8679336214 0.5153684076 
-82.1116041546 0.0421320391 0.8679477671 0.5154013621 
-82.1124416803 0.0421300622 0.8679619724 0.5154344249 
-82.1132828496 0.0421280767 0.8679762378 0.5154675963 
-82.1141276761 0.0421260826 0.8679905632 0.5155008764 
-82.1149761739 0.0421240800 0.8680049491 0.5155342654 
-82.1158283567 0.0421220688 0.8680193955 0.5155677635 
-82.1166842388 0.0421200489 0.8680339028 0.5156013708 
-82.1175438344 0.0421180204 0.8680484710 0.5156350876 
-82.1184071578 0.0421159831 0.8680631005 0.5156689140 
-82.1192742236 0.0421139371 0.8680777914 0.5157028502 
-82.1201450464 0.0421118824 0.8680925440 0.5157368964 
-82.1210196410 0.0421098188 0.8681073585 0.5157710528 
-82.1218980223 0.0421077464 0.8681222351 0.5158053196 
-82.1227802054 0.0421056652 0.8681371740 0.5158396970 
-82.1236662054 0.0421035750 0.8681521756 0.5158741851 
-82.1245560376 0.0421014759 0.8681672399 0.5159087843 
-82.1254497176 0.0420993678 0.8681823673 0.5159434946 
-82.1263472609 0.0420972506 0.8681975580 0.5159783163 
-82.1272486833 0.0420951245 0.8682128121 0.5160132496 
-82.1281540007 0.0420929892 0.8682281301 0.5160482947 
-82.1290632291 0.0420908449 0.8682435120 0.5160834517 
-82.1299763847 0.0420886913 0.8682589582 0.5161187210 
-82.1308934838 0.0420865286 0.8682744689 0.5161541027 
-82.1318145429 0.0420843566 0.8682900444 0.5161895971 
-82.1327395787 0.0420821754 0.8683056848 0.5162252043 
-82.1336686079 0.0420799849 0.8683213905 0.5162609246 
-82.1346016474 0.0420777850 0.8683371617 0.5162967581 
-82.1355387144 0.0420755757 0.8683529986 0.5163327052 
-82.1364798260 0.0420733570 0.8683689016 0.5163687660 
-82.1374249997 0.0420711288 0.8683848709 0.5164049407 
-82.1383742529 0.0420688912 0.8684009068 0.5164412296 
-82.1393276035 0.0420666439 0.8684170094 0.5164776330 
-82.1402850693 0.0420643871 0.8684331792 0.5165141509 
-82.1412466682 0.0420621207 0.8684494163 0.5165507837 
-82.1422124186 0.0420598446 0.8684657211 0.5165875316 
-82.1431823387 0.0420575588 0.8684820938 0.5166243949 
-82.1441564470 0.0420552632 0.8684985347 0.5166613737 
-82.1451347623 0.0420529578 0.8685150441 0.5166984683 
-82.1461173034 0.0420506426 0.8685316223 0.5167356790 
-82.1471040892 0.0420483175 0.8685482695 0.5167730059 
-82.1480951391 0.0420459825 0.8685649861 0.5168104493 
-82.1490904723 0.0420436375 0.8685817723 0.5168480095 
-82.1500901083 0.0420412825 0.8685986284 0.5168856867 
-82.1510940670 0.0420389175 0.8686155548 0.5169234812 
-82.1521023681 0.0420365423 0.8686325518 0.5169613931 
-82.1531150317 0.0420341570 0.8686496195 0.5169994228 
-82.1541320780 0.0420317615 0.8686667585 0.5170375705 
-82.1551535275 0.0420293558 0.8686839688 0.5170758364 
-82.1561794008 0.0420269397 0.8687012510 0.5171142208 
-82.1572097186 0.0420245133 0.8687186052 0.5171527240 
-82.1582445020 0.0420220766 0.8687360319 0.5171913462 
-82.1592837719 0.0420196294 0.8687535312 0.5172300876 
-82.1603275499 0.0420171717 0.8687711036 0.5172689485 
-82.1613758573 0.0420147035 0.8687887494 0.5173079292 
-82.1624287160 0.0420122247 0.8688064688 0.5173470300 
-82.1634861479 0.0420097353 0.8688242623 0.5173862510 
-82.1645481749 0.0420072353 0.8688421302 0.5174255926 
-82.1656148196 0.0420047244 0.8688600727 0.5174650550 
-82.1666861042 0.0420022028 0.8688780903 0.5175046385 
-82.1677620516 0.0419996704 0.8688961833 0.5175443433 
-82.1688426846 0.0419971271 0.8689143520 0.5175841697 
-82.1699280263 0.0419945728 0.8689325967 0.5176241180 
-82.1710181001 0.0419920076 0.8689509179 0.5176641884 
-82.1721129293 0.0419894313 0.8689693159 0.5177043813 
-82.1732125379 0.0419868439 0.8689877911 0.5177446968 
-82.1743169496 0.0419842454 0.8690063437 0.5177851353 
-82.1754261886 0.0419816357 0.8690249742 0.5178256970 
-82.1765402792 0.0419790147 0.8690436830 0.5178663822 
-82.1776592461 0.0419763823 0.8690624703 0.5179071911 
-82.1787831139 0.0419737387 0.8690813366 0.5179481241 
-82.1799119078 0.0419710835 0.8691002823 0.5179891814 
-82.1810456528 0.0419684169 0.8691193078 0.5180303633 
-82.1821843745 0.0419657388 0.8691384133 0.5180716700 
-82.1833280986 0.0419630490 0.8691575994 0.5181131019 
-82.1844768508 0.0419603476 0.8691768663 0.5181546592 
-82.1856306573 0.0419576344 0.8691962146 0.5181963422 
-82.1867895446 0.0419549095 0.8692156446 0.5182381512 
-82.1879535391 0.0419521728 0.8692351566 0.5182800864 
-82.1891226676 0.0419494241 0.8692547511 0.5183221481 
-82.1902969573 0.0419466635 0.8692744286 0.5183643367 
-82.1914764354 0.0419438908 0.8692941893 0.5184066523 
-82.1926611295 0.0419411060 0.8693140338 0.5184490953 
-82.1938510673 0.0419383091 0.8693339625 0.5184916659 
-82.1950462768 0.0419355000 0.8693539757 0.5185343645 
-82.1962467863 0.0419326786 0.8693740739 0.5185771912 
-82.1974526244 0.0419298449 0.8693942575 0.5186201465 
-82.1986638197 0.0419269988 0.8694145270 0.5186632305 
-82.1998804014 0.0419241401 0.8694348828 0.5187064436 
-82.2011023986 0.0419212690 0.8694553253 0.5187497860 
-82.2023298410 0.0419183852 0.8694758550 0.5187932580 
-82.2035627583 0.0419154887 0.8694964724 0.5188368599 
-82.2048011806 0.0419125796 0.8695171778 0.5188805920 
-82.2060451381 0.0419096576 0.8695379717 0.5189244545 
-82.2072946616 0.0419067227 0.8695588547 0.5189684478 
-82.2085497818 0.0419037748 0.8695798271 0.5190125721 
-82.2098105299 0.0419008140 0.8696008894 0.5190568276 
-82.2110769373 0.0418978400 0.8696220421 0.5191012148 
-82.2123490357 0.0418948529 0.8696432857 0.5191457338 
-82.2136268571 0.0418918525 0.8696646207 0.5191903850 
-82.2149104336 0.0418888389 0.8696860475 0.5192351685 
-82.2161997979 0.0418858118 0.8697075667 0.5192800848 
-82.2174949828 0.0418827713 0.8697291786 0.5193251341 
-82.2187960213 0.0418797173 0.8697508839 0.5193703165 
-82.2201029470 0.0418766496 0.8697726830 0.5194156326 
-82.2214157934 0.0418735683 0.8697945764 0.5194610824 
-82.2227345946 0.0418704732 0.8698165647 0.5195066663 
-82.2240593850 0.0418673642 0.8698386483 0.5195523846 
-82.2253901990 0.0418642414 0.8698608277 0.5195982375 
-82.2267270717 0.0418611045 0.8698831036 0.5196442252 
-82.2280700382 0.0418579536 0.8699054764 0.5196903482 
-82.2294191341 0.0418547885 0.8699279466 0.5197366066 
-82.2307743953 0.0418516091 0.8699505148 0.5197830008 
-82.2321358579 0.0418484155 0.8699731816 0.5198295309 
-82.2335035584 0.0418452074 0.8699959474 0.5198761972 
-82.2348775337 0.0418419849 0.8700188129 0.5199230001 
-82.2362578208 0.0418387478 0.8700417785 0.5199699398 
-82.2376444574 0.0418354960 0.8700648449 0.5200170165 
-82.2390374811 0.0418322295 0.8700880126 0.5200642305 
-82.2404369302 0.0418289482 0.8701112822 0.5201115821 
-82.2418428431 0.0418256519 0.8701346542 0.5201590716 
-82.2432552586 0.0418223407 0.8701581292 0.5202066991 
-82.2446742161 0.0418190144 0.8701817079 0.5202544650 
-82.2460997549 0.0418156728 0.8702053908 0.5203023694 
-82.2475319150 0.0418123161 0.8702291785 0.5203504127 
-82.2489707366 0.0418089439 0.8702530716 0.5203985951 
-82.2504162604 0.0418055563 0.8702770707 0.5204469169 
-82.2518685273 0.0418021532 0.8703011765 0.5204953783 
-82.2533275787 0.0417987344 0.8703253894 0.5205439795 
-82.2547934562 0.0417952999 0.8703497103 0.5205927207 
-82.2562662019 0.0417918496 0.8703741396 0.5206416023 
-82.2577458584 0.0417883833 0.8703986781 0.5206906245 
-82.2592324684 0.0417849010 0.8704233263 0.5207397874 
-82.2607260753 0.0417814026 0.8704480849 0.5207890914 
-82.2622267225 0.0417778880 0.8704729546 0.5208385366 
-82.2637344542 0.0417743571 0.8704979360 0.5208881233 
-82.2652493147 0.0417708098 0.8705230298 0.5209378517 
-82.2667713489 0.0417672459 0.8705482366 0.5209877221 
-82.2683006020 0.0417636655 0.8705735571 0.5210377345 
-82.2698371196 0.0417600683 0.8705989920 0.5210878894 
-82.2713809478 0.0417564543 0.8706245420 0.5211381868 
-82.2729321329 0.0417528233 0.8706502077 0.5211886269 
-82.2744907220 0.0417491754 0.8706759899 0.5212392101 
-82.2760567623 0.0417455103 0.8707018893 0.5212899364 
-82.2776303016 0.0417418279 0.8707279065 0.5213408061 
-82.2792113879 0.0417381282 0.8707540423 0.5213918194 
-82.2808000701 0.0417344110 0.8707802975 0.5214429764 
-82.2823963970 0.0417306763 0.8708066726 0.5214942774 
-82.2840004182 0.0417269238 0.8708331686 0.5215457226 
-82.2856121836 0.0417231536 0.8708597860 0.5215973120 
-82.2872317437 0.0417193654 0.8708865257 0.5216490459 
-82.2888591493 0.0417155593 0.8709133885 0.5217009245 
-82.2904944519 0.0417117349 0.8709403750 0.5217529479 
-82.2921377030 0.0417078924 0.8709674860 0.5218051162 
-82.2937889552 0.0417040314 0.8709947224 0.5218574297 
-82.2954482611 0.0417001520 0.8710220848 0.5219098885 
-82.2971156739 0.0416962539 0.8710495741 0.5219624927 
-82.2987912475 0.0416923371 0.8710771912 0.5220152425 
-82.3004750360 0.0416884015 0.8711049366 0.5220681380 
-82.3021670942 0.0416844468 0.8711328114 0.5221211793 
-82.3038674773 0.0416804731 0.8711608163 0.5221743666 
-82.3055762410 0.0416764801 0.8711889521 0.5222277000 
-82.3072934417 0.0416724678 0.8712172197 0.5222811796 
-82.3090191361 0.0416684360 0.8712456198 0.5223348055 
-82.3107533816 0.0416643846 0.8712741535 0.5223885777 
-82.3124962359 0.0416603134 0.8713028214 0.5224424965 
-82.3142477574 0.0416562224 0.8713316244 0.5224965619 
-82.3160080051 0.0416521114 0.8713605635 0.5225507739 
-82.3177770385 0.0416479802 0.8713896395 0.5226051327 
-82.3195549175 0.0416438288 0.8714188533 0.5226596384 
-82.3213417027 0.0416396569 0.8714482057 0.5227142908 
-82.3231374553 0.0416354645 0.8714776978 0.5227690903 
-82.3249422371 0.0416312514 0.8715073303 0.5228240367 
-82.3267561102 0.0416270176 0.8715371042 0.5228791302 
-82.3285791377 0.0416227627 0.8715670204 0.5229343707 
-82.3304113829 0.0416184867 0.8715970799 0.5229897583 
-82.3322529099 0.0416141895 0.8716272836 0.5230452930 
-82.3341037834 0.0416098709 0.8716576325 0.5231009748 
-82.3359640687 0.0416055308 0.8716881275 0.5231568038 
-82.3378338316 0.0416011690 0.8717187695 0.5232127799 
-82.3397131387 0.0415967853 0.8717495596 0.5232689030 
-82.3416020571 0.0415923796 0.8717804987 0.5233251733 
-82.3435006546 0.0415879519 0.8718115879 0.5233815906 
-82.3454089995 0.0415835018 0.8718428281 0.5234381549 
-82.3473271610 0.0415790293 0.8718742203 0.5234948662 
-82.3492552088 0.0415745342 0.8719057656 0.5235517243 
-82.3511932132 0.0415700163 0.8719374651 0.5236087293 
-82.3531412453 0.0415654755 0.8719693196 0.5236658810 
-82.3550993769 0.0415609116 0.8720013303 0.5237231794 
-82.3570676802 0.0415563245 0.8720334983 0.5237806243 
-82.3590462285 0.0415517140 0.8720658246 0.5238382157 
-82.3610350955 0.0415470800 0.8720983102 0.5238959535 
-82.3630343556 0.0415424222 0.8721309564 0.5239538374 
-82.3650440843 0.0415377405 0.8721637641 0.5240118674 
-82.3670643572 0.0415330348 0.8721967345 0.5240700433 
-82.3690952512 0.0415283048 0.8722298687 0.5241283649 
-82.3711368436 0.0415235504 0.8722631679 0.5241868321 
-82.3731892125 0.0415187714 0.8722966331 0.5242454446 
-82.3752524369 0.0415139676 0.8723302655 0.5243042024 
-82.3773265965 0.0415091389 0.8723640663 0.5243631051 
-82.3794117715 0.0415042851 0.8723980367 0.5244221525 
-82.3815080433 0.0414994060 0.8724321777 0.5244813444 
-82.3836154937 0.0414945014 0.8724664907 0.5245406806 
-82.3857342057 0.0414895712 0.8725009769 0.5246001607 
-82.3878642628 0.0414846151 0.8725356373 0.5246597846 
-82.3900057493 0.0414796330 0.8725704734 0.5247195518 
-82.3921587505 0.0414746246 0.8726054862 0.5247794622 
-82.3943233525 0.0414695898 0.8726406771 0.5248395154 
-82.3964996421 0.0414645284 0.8726760473 0.5248997110 
-82.3986877070 0.0414594403 0.8727115981 0.5249600486 
-82.4008876359 0.0414543251 0.8727473308 0.5250205281 
-82.4030995182 0.0414491827 0.8727832466 0.5250811488 
-82.4053234442 0.0414440129 0.8728193469 0.5251419106 
-82.4075595052 0.0414388155 0.8728556329 0.5252028128 
-82.4098077933 0.0414335903 0.8728921061 0.5252638552 
-82.4120684014 0.0414283370 0.8729287678 0.5253250373 
-82.4143414236 0.0414230556 0.8729656193 0.5253863585 
-82.4166269547 0.0414177457 0.8730026620 0.5254478185 
-82.4189250904 0.0414124072 0.8730398973 0.5255094167 
-82.4212359276 0.0414070398 0.8730773265 0.5255711526 
-82.4235595640 0.0414016434 0.8731149511 0.5256330257 
-82.4258960982 0.0413962176 0.8731527726 0.5256950354 
-82.4282456298 0.0413907624 0.8731907922 0.5257571812 
-82.4306082596 0.0413852774 0.8732290116 0.5258194625 
-82.4329840892 0.0413797624 0.8732674321 0.5258818786 
-82.4353732211 0.0413742172 0.8733060553 0.5259444289 
-82.4377757592 0.0413686417 0.8733448826 0.5260071129 
-82.4401918081 0.0413630355 0.8733839154 0.5260699297 
-82.4426214736 0.0413573984 0.8734231555 0.5261328788 
-82.4450648625 0.0413517301 0.8734626042 0.5261959593 
-82.4475220827 0.0413460306 0.8735022632 0.5262591707 
-82.4499932432 0.0413402994 0.8735421339 0.5263225121 
-82.4524784541 0.0413345364 0.8735822180 0.5263859827 
-82.4549778265 0.0413287413 0.8736225171 0.5264495818 
-82.4574914728 0.0413229138 0.8736630327 0.5265133085 
-82.4600195064 0.0413170538 0.8737037665 0.5265771620 
-82.4625620418 0.0413111610 0.8737447202 0.5266411415 
-82.4651191949 0.0413052350 0.8737858953 0.5267052459 
-82.4676910825 0.0412992757 0.8738272936 0.5267694745 
-82.4702778228 0.0412932828 0.8738689167 0.5268338262 
-82.4728795350 0.0412872561 0.8739107664 0.5268983001 
-82.4754963397 0.0412811951 0.8739528444 0.5269628952 
-82.4781283586 0.0412750998 0.8739951523 0.5270276106 
-82.4807757147 0.0412689699 0.8740376920 0.5270924450 
-82.4834385323 0.0412628049 0.8740804652 0.5271573975 
-82.4861169369 0.0412566048 0.8741234737 0.5272224670 
-82.4888110552 0.0412503691 0.8741667193 0.5272876523 
-82.4915210154 0.0412440977 0.8742102039 0.5273529523 
-82.4942469469 0.0412377902 0.8742539292 0.5274183658 
-82.4969889805 0.0412314463 0.8742978971 0.5274838916 
-82.4997472482 0.0412250658 0.8743421095 0.5275495285 
-82.5025218836 0.0412186484 0.8743865683 0.5276152751 
-82.5053130213 0.0412121937 0.8744312754 0.5276811301 
-82.5081207978 0.0412057015 0.8744762328 0.5277470923 
-82.5109453506 0.0411991715 0.8745214423 0.5278131603 
-82.5137868187 0.0411926033 0.8745669059 0.5278793326 
-82.5166453428 0.0411859967 0.8746126257 0.5279456079 
-82.5195210648 0.0411793513 0.8746586036 0.5280119846 
-82.5224141281 0.0411726669 0.8747048416 0.5280784614 
-82.5253246777 0.0411659430 0.8747513418 0.5281450365 
-82.5282528600 0.0411591795 0.8747981063 0.5282117086 
-82.5311988230 0.0411523760 0.8748451372 0.5282784759 
-82.5341627163 0.0411455321 0.8748924365 0.5283453369 
-82.5371446910 0.0411386475 0.8749400064 0.5284122899 
-82.5401448998 0.0411317219 0.8749878490 0.5284793331 
-82.5431634969 0.0411247549 0.8750359665 0.5285464649 
-82.5462006383 0.0411177462 0.8750843610 0.5286136834 
-82.5492564815 0.0411106955 0.8751330349 0.5286809869 
-82.5523311858 0.0411036024 0.8751819902 0.5287483734 
-82.5554249121 0.0410964666 0.8752312293 0.5288158411 
-82.5585378229 0.0410892877 0.8752807545 0.5288833881 
-82.5616700827 0.0410820654 0.8753305680 0.5289510123 
-82.5648218574 0.0410747992 0.8753806722 0.5290187118 
-82.5679933149 0.0410674889 0.8754310694 0.5290864844 
-82.5711846249 0.0410601340 0.8754817620 0.5291543282 
-82.5743959587 0.0410527342 0.8755327523 0.5292222409 
-82.5776274896 0.0410452891 0.8755840428 0.5292902204 
-82.5808793927 0.0410377983 0.8756356359 0.5293582645 
-82.5841518450 0.0410302615 0.8756875341 0.5294263708 
-82.5874450253 0.0410226783 0.8757397398 0.5294945371 
-82.5907591145 0.0410150482 0.8757922556 0.5295627609 
-82.5940942952 0.0410073709 0.8758450840 0.5296310400 
-82.5974507521 0.0409996459 0.8758982276 0.5296993718 
-82.6008286719 0.0409918730 0.8759516889 0.5297677539 
-82.6042282433 0.0409840515 0.8760054706 0.5298361836 
-82.6076496570 0.0409761813 0.8760595753 0.5299046585 
-82.6110931057 0.0409682617 0.8761140057 0.5299731758 
-82.6145587844 0.0409602925 0.8761687644 0.5300417329 
-82.6180468899 0.0409522731 0.8762238541 0.5301103270 
-82.6215576214 0.0409442032 0.8762792777 0.5301789554 
-82.6250911802 0.0409360823 0.8763350379 0.5302476151 
-82.6286477697 0.0409279100 0.8763911374 0.5303163034 
-82.6322275956 0.0409196858 0.8764475792 0.5303850172 
-82.6358308657 0.0409114093 0.8765043660 0.5304537535 
-82.6394577903 0.0409030801 0.8765615008 0.5305225094 
-82.6431085818 0.0408946976 0.8766189864 0.5305912817 
-82.6467834550 0.0408862614 0.8766768258 0.5306600672 
-82.6504826270 0.0408777711 0.8767350220 0.5307288628 
-82.6542063174 0.0408692262 0.8767935780 0.5307976651 
-82.6579547480 0.0408606261 0.8768524967 0.5308664709 
-82.6617281433 0.0408519705 0.8769117814 0.5309352767 
-82.6655267301 0.0408432588 0.8769714349 0.5310040791 
-82.6693507377 0.0408344905 0.8770314606 0.5310728747 
-82.6732003981 0.0408256652 0.8770918615 0.5311416598 
-82.6770759455 0.0408167824 0.8771526407 0.5312104309 
-82.6809776170 0.0408078414 0.8772138017 0.5312791842 
-82.6849056523 0.0407988419 0.8772753474 0.5313479162 
-82.6888602937 0.0407897833 0.8773372814 0.5314166228 
-82.6928417860 0.0407806650 0.8773996068 0.5314853004 
-82.6968503771 0.0407714866 0.8774623271 0.5315539450 
-82.7008863174 0.0407622475 0.8775254455 0.5316225526 
-82.7049498602 0.0407529472 0.8775889656 0.5316911192 
-82.7090412614 0.0407435851 0.8776528907 0.5317596407 
-82.7131607800 0.0407341607 0.8777172244 0.5318281129 
-82.7173086779 0.0407246734 0.8777819701 0.5318965315 
-82.7214852197 0.0407151226 0.8778471315 0.5319648924 
-82.7256906732 0.0407055079 0.8779127121 0.5320331911 
-82.7299253091 0.0406958285 0.8779787155 0.5321014233 
-82.7341894011 0.0406860840 0.8780451455 0.5321695844 
-82.7384832261 0.0406762737 0.8781120056 0.5322376699 
-82.7428070639 0.0406663970 0.8781792997 0.5323056751 
-82.7471611977 0.0406564534 0.8782470315 0.5323735955 
-82.7515459137 0.0406464422 0.8783152048 0.5324414262 
-82.7559615014 0.0406363628 0.8783838235 0.5325091624 
-82.7604082536 0.0406262146 0.8784528914 0.5325767992 
-82.7648864664 0.0406159970 0.8785224126 0.5326443318 
-82.7693964393 0.0406057094 0.8785923909 0.5327117550 
-82.7739384749 0.0405953510 0.8786628304 0.5327790638 
-82.7785128796 0.0405849213 0.8787337351 0.5328462531 
-82.7831199632 0.0405744196 0.8788051091 0.5329133175 
-82.7877600388 0.0405638452 0.8788769565 0.5329802519 
-82.7924334233 0.0405531975 0.8789492815 0.5330470509 
-82.7971404372 0.0405424758 0.8790220883 0.5331137090 
-82.8018814044 0.0405316794 0.8790953812 0.5331802207 
-82.8066566528 0.0405208077 0.8791691645 0.5332465806 
-82.8114665139 0.0405098598 0.8792434425 0.5333127829 
-82.8163113230 0.0404988352 0.8793182195 0.5333788219 
-82.8211914192 0.0404877331 0.8793935001 0.5334446920 
-82.8261071455 0.0404765528 0.8794692886 0.5335103872 
-82.8310588490 0.0404652935 0.8795455897 0.5335759016 
-82.8360468805 0.0404539545 0.8796224078 0.5336412294 
-82.8410715950 0.0404425352 0.8796997476 0.5337063644 
-82.8461333516 0.0404310347 0.8797776137 0.5337713006 
-82.8512325134 0.0404194522 0.8798560108 0.5338360318 
-82.8563694478 0.0404077871 0.8799349437 0.5339005517 
-82.8615445264 0.0403960384 0.8800144171 0.5339648540 
-82.8667581250 0.0403842056 0.8800944359 0.5340289325 
-82.8720106240 0.0403722876 0.8801750050 0.5340927806 
-82.8773024078 0.0403602839 0.8802561293 0.5341563920 
-82.8826338655 0.0403481935 0.8803378139 0.5342197599 
-82.8880053908 0.0403360156 0.8804200636 0.5342828778 
-82.8934173816 0.0403237493 0.8805028837 0.5343457391 
-82.8988702408 0.0403113940 0.8805862793 0.5344083370 
-82.9043643757 0.0402989487 0.8806702554 0.5344706646 
-82.9099001984 0.0402864125 0.8807548175 0.5345327153 
-82.9154781259 0.0402737846 0.8808399707 0.5345944819 
-82.9210985799 0.0402610642 0.8809257205 0.5346559577 
-82.9267619871 0.0402482503 0.8810120721 0.5347171354 
-82.9324687790 0.0402353421 0.8810990311 0.5347780082 
-82.9382193924 0.0402223386 0.8811866029 0.5348385688 
-82.9440142690 0.0402092389 0.8812747931 0.5348988101 
-82.9498538556 0.0401960422 0.8813636074 0.5349587248 
-82.9557386044 0.0401827475 0.8814530512 0.5350183058 
-82.9616689727 0.0401693538 0.8815431305 0.5350775455 
-82.9676454233 0.0401558602 0.8816338509 0.5351364368 
-82.9736684244 0.0401422657 0.8817252183 0.5351949721 
-82.9797384494 0.0401285695 0.8818172385 0.5352531441 
-82.9858559776 0.0401147704 0.8819099175 0.5353109453 
-82.9920214937 0.0401008675 0.8820032614 0.5353683680 
-82.9982354882 0.0400868597 0.8820972760 0.5354254049 
-83.0044984572 0.0400727462 0.8821919677 0.5354820482 
-83.0108109027 0.0400585258 0.8822873424 0.5355382904 
-83.0171733327 0.0400441976 0.8823834066 0.5355941238 
-83.0235862610 0.0400297604 0.8824801664 0.5356495408 
-83.0300502074 0.0400152132 0.8825776282 0.5357045337 
-83.0365656980 0.0400005550 0.8826757984 0.5357590946 
-83.0431332649 0.0399857846 0.8827746835 0.5358132160 
-83.0497534466 0.0399709010 0.8828742900 0.5358668901 
-83.0564267878 0.0399559030 0.8829746246 0.5359201090 
-83.0631538397 0.0399407897 0.8830756938 0.5359728651 
-83.0699351599 0.0399255597 0.8831775043 0.5360251506 
-83.0767713127 0.0399102121 0.8832800631 0.5360769576 
-83.0836628689 0.0398947455 0.8833833769 0.5361282784 
-83.0906104061 0.0398791590 0.8834874525 0.5361791053 
-83.0976145087 0.0398634512 0.8835922971 0.5362294304 
-83.1046757679 0.0398476210 0.8836979175 0.5362792460 
-83.1117947820 0.0398316673 0.8838043210 0.5363285443 
-83.1189721563 0.0398155887 0.8839115147 0.5363773177 
-83.1262085033 0.0397993841 0.8840195058 0.5364255583 
-83.1335044425 0.0397830523 0.8841283016 0.5364732585 
-83.1408606010 0.0397665918 0.8842379094 0.5365204107 
-83.1482776130 0.0397500016 0.8843483368 0.5365670072 
-83.1557561206 0.0397332804 0.8844595911 0.5366130404 
-83.1632967730 0.0397164267 0.8845716800 0.5366585027 
-83.1709002274 0.0396994394 0.8846846111 0.5367033866 
-83.1785671485 0.0396823171 0.8847983920 0.5367476846 
-83.1862982092 0.0396650585 0.8849130306 0.5367913893 
-83.1940940900 0.0396476621 0.8850285347 0.5368344934 
-83.2019554795 0.0396301268 0.8851449122 0.5368769894 
-83.2098830746 0.0396124510 0.8852621710 0.5369188701 
-83.2178775803 0.0395946334 0.8853803191 0.5369601283 
-83.2259397099 0.0395766726 0.8854993648 0.5370007569 
-83.2340701852 0.0395585672 0.8856193162 0.5370407488 
-83.2422697365 0.0395403157 0.8857401815 0.5370800970 
-83.2505391026 0.0395219166 0.8858619690 0.5371187946 
-83.2588790312 0.0395033686 0.8859846871 0.5371568347 
-83.2672902787 0.0394846702 0.8861083444 0.5371942106 
-83.2757736105 0.0394658197 0.8862329492 0.5372309156 
-83.2843298010 0.0394468158 0.8863585103 0.5372669433 
-83.2929596338 0.0394276569 0.8864850363 0.5373022869 
-83.3016639015 0.0394083415 0.8866125359 0.5373369403 
-83.3104434064 0.0393888680 0.8867410180 0.5373708972 
-83.3192989601 0.0393692348 0.8868704914 0.5374041512 
-83.3282313836 0.0393494403 0.8870009651 0.5374366965 
-83.3372415079 0.0393294830 0.8871324482 0.5374685270 
-83.3463301736 0.0393093611 0.8872649496 0.5374996370 
-83.3554982313 0.0392890732 0.8873984787 0.5375300206 
-83.3647465414 0.0392686174 0.8875330446 0.5375596723 
-83.3740759748 0.0392479923 0.8876686567 0.5375885867 
-83.3834874124 0.0392271959 0.8878053243 0.5376167583 
-83.3929817455 0.0392062267 0.8879430570 0.5376441820 
-83.4025598760 0.0391850830 0.8880818641 0.5376708526 
-83.4122227163 0.0391637629 0.8882217555 0.5376967652 
-83.4219711897 0.0391422647 0.8883627406 0.5377219150 
-83.4318062301 0.0391205867 0.8885048293 0.5377462973 
-83.4417287827 0.0390987271 0.8886480314 0.5377699076 
-83.4517398036 0.0390766840 0.8887923568 0.5377927413 
-83.4618402601 0.0390544556 0.8889378154 0.5378147943 
-83.4720311312 0.0390320401 0.8890844173 0.5378360625 
-83.4823134070 0.0390094356 0.8892321726 0.5378565417 
-83.4926880896 0.0389866402 0.8893810914 0.5378762282 
-83.5031561925 0.0389636520 0.8895311839 0.5378951183 
-83.5137187414 0.0389404691 0.8896824606 0.5379132084 
-83.5243767740 0.0389170896 0.8898349318 0.5379304950 
-83.5351313401 0.0388935115 0.8899886079 0.5379469749 
-83.5459835018 0.0388697328 0.8901434995 0.5379626448 
-83.5569343338 0.0388457516 0.8902996171 0.5379775019 
-83.5679849233 0.0388215657 0.8904569714 0.5379915431 
-83.5791363703 0.0387971732 0.8906155732 0.5380047657 
-83.5903897877 0.0387725721 0.8907754332 0.5380171671 
-83.6017463014 0.0387477602 0.8909365622 0.5380287447 
-83.6132070507 0.0387227354 0.8910989713 0.5380394962 
-83.6247731881 0.0386974957 0.8912626714 0.5380494192 
-83.6364458795 0.0386720389 0.8914276736 0.5380585116 
-83.6482263047 0.0386463628 0.8915939889 0.5380667711 
-83.6601156572 0.0386204653 0.8917616286 0.5380741959 
-83.6721151446 0.0385943442 0.8919306040 0.5380807840 
-83.6842259885 0.0385679973 0.8921009263 0.5380865335 
-83.6964494250 0.0385414222 0.8922726068 0.5380914425 
-83.7087867045 0.0385146169 0.8924456572 0.5380955094 
-83.7212390922 0.0384875789 0.8926200888 0.5380987323 
-83.7338078681 0.0384603061 0.8927959132 0.5381011095 
-83.7464943272 0.0384327960 0.8929731420 0.5381026392 
-83.7592997797 0.0384050463 0.8931517869 0.5381033197 
-83.7722255511 0.0383770547 0.8933318596 0.5381031492 
-83.7852729825 0.0383488188 0.8935133719 0.5381021257 
-83.7984434308 0.0383203362 0.8936963357 0.5381002472 
-83.8117382687 0.0382916044 0.8938807628 0.5380975117 
-83.8251588851 0.0382626210 0.8940666652 0.5380939169 
-83.8387066852 0.0382333835 0.8942540548 0.5380894602 
-83.8523830907 0.0382038895 0.8944429438 0.5380841389 
-83.8661895399 0.0381741364 0.8946333443 0.5380779502 
-83.8801274882 0.0381441216 0.8948252683 0.5380708906 
-83.8941984080 0.0381138426 0.8950187281 0.5380629566 
-83.9084037892 0.0380832969 0.8952137359 0.5380541440 
-83.9227451389 0.0380524818 0.8954103040 0.5380444483 
-83.9372239823 0.0380213947 0.8956084448 0.5380338643 
-83.9518418624 0.0379900329 0.8958081705 0.5380223863 
-83.9666003405 0.0379583937 0.8960094936 0.5380100079 
-83.9815009965 0.0379264745 0.8962124266 0.5379967218 
-83.9965454285 0.0378942725 0.8964169819 0.5379825199 
-84.0117352541 0.0378617850 0.8966231721 0.5379673931 
-84.0270721097 0.0378290092 0.8968310097 0.5379513313 
-84.0425576513 0.0377959423 0.8970405073 0.5379343230 
-84.0581935543 0.0377625815 0.8972516776 0.5379163555 
-84.0739815145 0.0377289239 0.8974645331 0.5378974145 
-84.0899232475 0.0376949667 0.8976790865 0.5378774841 
-84.1060204896 0.0376607070 0.8978953506 0.5378565464 
-84.1222749978 0.0376261418 0.8981133380 0.5378345817 
-84.1386885501 0.0375912682 0.8983330616 0.5378115679 
-84.1552629458 0.0375560833 0.8985545341 0.5377874805 
-84.1720000061 0.0375205840 0.8987777682 0.5377622923 
-84.1889015740 0.0374847674 0.8990027769 0.5377359728 
-84.2059695146 0.0374486303 0.8992295728 0.5377084886 
-84.2232057159 0.0374121697 0.8994581689 0.5376798024 
-84.2406120886 0.0373753826 0.8996885779 0.5376498730 
-84.2581905670 0.0373382657 0.8999208128 0.5376186548 
-84.2759431087 0.0373008159 0.9001548864 0.5375860974 
-84.2938716956 0.0372630301 0.9003908115 0.5375521451 
-84.3119783337 0.0372249051 0.9006286011 0.5375167365 
-84.3302650543 0.0371864375 0.9008682681 0.5374798037 
-84.3487339133 0.0371476242 0.9011098252 0.5374412720 
-84.3673869927 0.0371084619 0.9013532854 0.5374010593 
-84.3862264004 0.0370689472 0.9015986615 0.5373590749 
-84.4052542708 0.0370290768 0.9018459665 0.5373152195 
-84.4244727654 0.0369888474 0.9020952131 0.5372693839 
-84.4438840731 0.0369482554 0.9023464143 0.5372214482 
-84.4634904111 0.0369072976 0.9025995829 0.5371712811 
-84.4832940247 0.0368659704 0.9028547317 0.5371187388 
-84.5032971887 0.0368242703 0.9031118736 0.5370636644 
-84.5235022075 0.0367821938 0.9033710214 0.5370058864 
-84.5439114158 0.0367397374 0.9036321878 0.5369452179 
-84.5645271792 0.0366968974 0.9038953858 0.5368814561 
-84.5853518950 0.0366536702 0.9041606279 0.5368143808 
-84.6063879929 0.0366100522 0.9044279271 0.5367437540 
-84.6276379357 0.0365660397 0.9046972961 0.5366693196 
-84.6491042197 0.0365216289 0.9049687475 0.5365908027 
-84.6707893764 0.0364768162 0.9052422942 0.5365079102 
-84.6926959723 0.0364315976 0.9055179488 0.5364203319 
-84.7148266107 0.0363859694 0.9057957240 0.5363277418 
-84.7371839318 0.0363399276 0.9060756325 0.5362298011 
-84.7597706144 0.0362934684 0.9063576870 0.5361261620 
-84.7825893764 0.0362465878 0.9066419000 0.5360164726 
-84.8056429759 0.0361992818 0.9069282844 0.5359003823 
-84.8289342123 0.0361515464 0.9072168526 0.5357775475 
-84.8524659270 0.0361033774 0.9075076174 0.5356476419 
-84.8762410054 0.0360547708 0.9078005913 0.5355104008 
-84.9002623789 0.0360057223 0.9080957869 0.5353658407 
-84.9245330339 0.0359562278 0.9083932171 0.5352151110 
-84.9490560279 0.0359062828 0.9086928949 0.5350624730 
-84.9738344917 0.0358558830 0.9089948336 0.5349161516 
-84.9988715817 0.0358050238 0.9092990463 0.5347844851 
-85.0241704371 0.0357537009 0.9096055452 0.5346725594 
-85.0497341791 0.0357019100 0.9099143415 0.5345828124 
-85.0755659170 0.0356496470 0.9102254458 0.5345159676 
-85.1016687494 0.0355969077 0.9105388677 0.5344711825 
-85.1280457675 0.0355436880 0.9108546160 0.5344461910 
-85.1547000633 0.0354899840 0.9111726992 0.5344377507 
-85.1816347407 0.0354357916 0.9114931248 0.5344421985 
-85.1847105380 0.0354296075 0.9115298144 0.5344346390 
