-81.6331369741 0.0432756427 0.8595790030 0.4988401570 
-81.6330988677 0.0432757349 0.8595783066 0.4988261723 
-81.6330227600 0.0432759191 0.8595769157 0.4987981871 
-81.6329088616 0.0432761948 0.8595748343 0.4987561980 
-81.6327574892 0.0432765612 0.8595720681 0.4987002665 
-81.6325690655 0.0432770173 0.8595686252 0.4986305879 
-81.6323439503 0.0432775621 0.8595645120 0.4985290964 
-81.6320834255 0.0432781927 0.8595597525 0.4984506053 
-81.6317878814 0.0432789081 0.8595543538 0.4983753298 
-81.6314578420 0.0432797069 0.8595483257 0.4983026657 
-81.6310937958 0.0432805881 0.8595416771 0.4982321269 
-81.6306962006 0.0432815506 0.8595344166 0.4981633271 
-81.6302654867 0.0432825932 0.8595265520 0.4980959614 
-81.6298020593 0.0432837150 0.8595180909 0.4980297893 
-81.6293063010 0.0432849151 0.8595090401 0.4979646207 
-81.6287785731 0.0432861926 0.8594994064 0.4979003032 
-81.6282192172 0.0432875467 0.8594891959 0.4978367135 
-81.6276285562 0.0432889767 0.8594784146 0.4977737490 
-81.6270068954 0.0432904817 0.8594670680 0.4977113233 
-81.6263545230 0.0432920612 0.8594551614 0.4976493613 
-81.6256717114 0.0432937144 0.8594426996 0.4975877968 
-81.6249587172 0.0432954407 0.8594296874 0.4975265701 
-81.6242157824 0.0432972396 0.8594161290 0.4974656264 
-81.6234431345 0.0432991106 0.8594020285 0.4974049149 
-81.6226409873 0.0433010530 0.8593873898 0.4973443877 
-81.6218095412 0.0433030664 0.8593722164 0.4972839993 
-81.6209489838 0.0433051505 0.8593565117 0.4972237060 
-81.6200594905 0.0433073047 0.8593402787 0.4971634659 
-81.6191412244 0.0433095287 0.8593235202 0.4971032385 
-81.6181943373 0.0433118221 0.8593062390 0.4970429844 
-81.6172189698 0.0433141846 0.8592884373 0.4969826657 
-81.6162152517 0.0433166159 0.8592701175 0.4969222455 
-81.6151833026 0.0433191157 0.8592512816 0.4968616880 
-81.6141232317 0.0433216838 0.8592319314 0.4968009585 
-81.6130351389 0.0433243199 0.8592120684 0.4967400232 
-81.6119191145 0.0433270238 0.8591916943 0.4966788492 
-81.6107752399 0.0433297954 0.8591708102 0.4966174047 
-81.6096035878 0.0433326344 0.8591494174 0.4965556587 
-81.6084042223 0.0433355408 0.8591275166 0.4964935810 
-81.6071771995 0.0433385144 0.8591051088 0.4964311422 
-81.6059225678 0.0433415550 0.8590821946 0.4963683137 
-81.6046403677 0.0433446627 0.8590587745 0.4963050678 
-81.6033306326 0.0433478373 0.8590348488 0.4962413773 
-81.6019933887 0.0433510789 0.8590104178 0.4961772158 
-81.6006286556 0.0433543873 0.8589854816 0.4961125576 
-81.5992364460 0.0433577625 0.8589600401 0.4960473775 
-81.5978167665 0.0433612046 0.8589340931 0.4959816511 
-81.5963696174 0.0433647135 0.8589076405 0.4959153543 
-81.5948949932 0.0433682894 0.8588806816 0.4958484640 
-81.5933928825 0.0433719321 0.8588532162 0.4957809573 
-81.5918632685 0.0433756419 0.8588252434 0.4957128119 
-81.5903061290 0.0433794187 0.8587967627 0.4956440060 
-81.5887214367 0.0433832627 0.8587677731 0.4955745184 
-81.5871091594 0.0433871739 0.8587382737 0.4955043281 
-81.5854692599 0.0433911524 0.8587082636 0.4954334148 
-81.5838016966 0.0433951984 0.8586777415 0.4953617585 
-81.5821064233 0.0433993120 0.8586467062 0.4952893395 
-81.5803833895 0.0434034933 0.8586151566 0.4952161388 
-81.5786325406 0.0434077425 0.8585830911 0.4951421373 
-81.5768538181 0.0434120597 0.8585505084 0.4950673167 
-81.5750471594 0.0434164451 0.8585174068 0.4949916587 
-81.5732124985 0.0434208990 0.8584837847 0.4949151455 
-81.5713497655 0.0434254214 0.8584496405 0.4948377596 
-81.5694588873 0.0434300126 0.8584149724 0.4947594836 
-81.5675397874 0.0434346727 0.8583797785 0.4946803006 
-81.5655923861 0.0434394021 0.8583440569 0.4946001938 
-81.5636166008 0.0434442009 0.8583078057 0.4945191467 
-81.5616123457 0.0434490694 0.8582710228 0.4944371430 
-81.5595795324 0.0434540077 0.8582337061 0.4943541667 
-81.5575180697 0.0434590161 0.8581958535 0.4942702019 
-81.5554278638 0.0434640950 0.8581574627 0.4941852329 
-81.5533088184 0.0434692445 0.8581185314 0.4940992442 
-81.5511608350 0.0434744648 0.8580790575 0.4940122205 
-81.5489838126 0.0434797564 0.8580390383 0.4939241466 
-81.5467776481 0.0434851194 0.8579984716 0.4938350074 
-81.5445422364 0.0434905541 0.8579573549 0.4937447880 
-81.5422774705 0.0434960608 0.8579156856 0.4936534737 
-81.5399832413 0.0435016398 0.8578734612 0.4935610497 
-81.5376594382 0.0435072915 0.8578306790 0.4934675014 
-81.5353059487 0.0435130160 0.8577873364 0.4933728143 
-81.5329226588 0.0435188137 0.8577434306 0.4932769741 
-81.5305094532 0.0435246849 0.8576989591 0.4931799662 
-81.5280662150 0.0435306299 0.8576539189 0.4930817765 
-81.5255928259 0.0435366491 0.8576083074 0.4929823905 
-81.5230891667 0.0435427427 0.8575621215 0.4928817942 
-81.5205551169 0.0435489111 0.8575153585 0.4927799732 
-81.5179905551 0.0435551546 0.8574680155 0.4926769134 
-81.5153953587 0.0435614735 0.8574200895 0.4925726006 
-81.5127694045 0.0435678682 0.8573715775 0.4924670207 
-81.5101125685 0.0435743390 0.8573224766 0.4923601593 
-81.5074247260 0.0435808862 0.8572727837 0.4922520022 
-81.5047057518 0.0435875101 0.8572224958 0.4921425353 
-81.5019555200 0.0435942112 0.8571716098 0.4920317443 
-81.4991739045 0.0436009897 0.8571201227 0.4919196146 
-81.4963607789 0.0436078460 0.8570680313 0.4918061321 
-81.4935160165 0.0436147804 0.8570153325 0.4916912821 
-81.4906394905 0.0436217933 0.8569620232 0.4915750503 
-81.4877310742 0.0436288850 0.8569081002 0.4914574218 
-81.4847906407 0.0436360559 0.8568535604 0.4913383820 
-81.4818180634 0.0436433063 0.8567984005 0.4912179161 
-81.4788132162 0.0436506365 0.8567426174 0.4910960092 
-81.4757759729 0.0436580469 0.8566862079 0.4909726461 
-81.4727062081 0.0436655379 0.8566291687 0.4908478118 
-81.4696037969 0.0436731097 0.8565714967 0.4907214908 
-81.4664686148 0.0436807628 0.8565131886 0.4905936677 
-81.4633005384 0.0436884974 0.8564542413 0.4904643268 
-81.4600994450 0.0436963140 0.8563946515 0.4903334525 
-81.4568652129 0.0437042127 0.8563344159 0.4902010286 
-81.4535977215 0.0437121941 0.8562735314 0.4900670391 
-81.4502968512 0.0437202584 0.8562119948 0.4899314676 
-81.4469624841 0.0437284059 0.8561498029 0.4897942975 
-81.4435945033 0.0437366369 0.8560869524 0.4896555122 
-81.4401927937 0.0437449519 0.8560234402 0.4895150945 
-81.4367572419 0.0437533511 0.8559592632 0.4893730273 
-81.4332877359 0.0437618349 0.8558944182 0.4892292932 
-81.4297841662 0.0437704034 0.8558289019 0.4890838744 
-81.4262464247 0.0437790572 0.8557627115 0.4889367530 
-81.4226744060 0.0437877964 0.8556958437 0.4887879107 
-81.4190680067 0.0437966214 0.8556282954 0.4886373291 
-81.4154271259 0.0438055324 0.8555600637 0.4884849892 
-81.4117516654 0.0438145298 0.8554911455 0.4883308720 
-81.4080415296 0.0438236138 0.8554215379 0.4881749581 
-81.4042966258 0.0438327847 0.8553512379 0.4880172276 
-81.4005168644 0.0438420428 0.8552802426 0.4878576606 
-81.3967021588 0.0438513884 0.8552085492 0.4876962367 
-81.3928524261 0.0438608216 0.8551361548 0.4875329349 
-81.3889675864 0.0438703428 0.8550630566 0.4873677342 
-81.3850475641 0.0438799521 0.8549892520 0.4872006130 
-81.3810922869 0.0438896499 0.8549147382 0.4870315495 
-81.3771016868 0.0438994363 0.8548395127 0.4868605212 
-81.3730757000 0.0439093116 0.8547635729 0.4866875055 
-81.3690142670 0.0439192759 0.8546869162 0.4865124791 
-81.3649173331 0.0439293294 0.8546095404 0.4863354186 
-81.3607848481 0.0439394724 0.8545314429 0.4861562997 
-81.3566167670 0.0439497049 0.8544526216 0.4859750980 
-81.3524130500 0.0439600272 0.8543730742 0.4857917885 
-81.3481736625 0.0439704394 0.8542927985 0.4856063456 
-81.3438985758 0.0439809415 0.8542117927 0.4854187434 
-81.3395877669 0.0439915338 0.8541300546 0.4852289554 
-81.3352412189 0.0440022164 0.8540475825 0.4850369544 
-81.3308589213 0.0440129892 0.8539643746 0.4848427129 
-81.3264408699 0.0440238524 0.8538804293 0.4846462027 
-81.3219870678 0.0440348061 0.8537957450 0.4844473951 
-81.3174975246 0.0440458502 0.8537103202 0.4842462606 
-81.3129722578 0.0440569849 0.8536241538 0.4840427695 
-81.3084112919 0.0440682100 0.8535372444 0.4838368910 
-81.3038146599 0.0440795257 0.8534495910 0.4836285940 
-81.2991824024 0.0440909317 0.8533611928 0.4834178466 
-81.2945145688 0.0441024282 0.8532720489 0.4832046163 
-81.2898112171 0.0441140150 0.8531821587 0.4829888698 
-81.2850724145 0.0441256919 0.8530915216 0.4827705732 
-81.2802982374 0.0441374590 0.8530001375 0.4825496918 
-81.2754887719 0.0441493160 0.8529080061 0.4823261903 
-81.2706441142 0.0441612628 0.8528151275 0.4821000324 
-81.2657643709 0.0441732992 0.8527215018 0.4818711813 
-81.2608496592 0.0441854249 0.8526271294 0.4816395993 
-81.2559001074 0.0441976397 0.8525320109 0.4814052476 
-81.2509158552 0.0442099434 0.8524361471 0.4811680871 
-81.2458970541 0.0442223356 0.8523395389 0.4809280775 
-81.2408438678 0.0442348159 0.8522421875 0.4806851776 
-81.2357564726 0.0442473841 0.8521440945 0.4804393455 
-81.2306350577 0.0442600397 0.8520452613 0.4801905383 
-81.2254798257 0.0442727823 0.8519456899 0.4799387121 
-81.2202909932 0.0442856114 0.8518453825 0.4796838221 
-81.2150687907 0.0442985265 0.8517443414 0.4794258226 
-81.2098134637 0.0443115271 0.8516425694 0.4791646669 
-81.2045252725 0.0443246126 0.8515400693 0.4789003071 
-81.1992044933 0.0443377824 0.8514368444 0.4786326944 
-81.1938514183 0.0443510359 0.8513328982 0.4783617791 
-81.1884663560 0.0443643722 0.8512282346 0.4780875100 
-81.1830496324 0.0443777908 0.8511228577 0.4778098352 
-81.1776015906 0.0443912908 0.8510167720 0.4775287015 
-81.1721225921 0.0444048714 0.8509099823 0.4772440545 
-81.1666130169 0.0444185317 0.8508024938 0.4769558387 
-81.1610732640 0.0444322708 0.8506943120 0.4766639974 
-81.1555037524 0.0444460878 0.8505854429 0.4763684727 
-81.1499049212 0.0444599815 0.8504758927 0.4760692054 
-81.1442772303 0.0444739510 0.8503656681 0.4757661350 
-81.1386211611 0.0444879950 0.8502547762 0.4754591998 
-81.1329372170 0.0445021124 0.8501432246 0.4751483367 
-81.1272259242 0.0445163021 0.8500310212 0.4748334814 
-81.1214878321 0.0445305625 0.8499181745 0.4745145680 
-81.1157235140 0.0445448925 0.8498046933 0.4741915294 
-81.1099335678 0.0445592906 0.8496905869 0.4738642970 
-81.1041186167 0.0445737552 0.8495758654 0.4735328008 
-81.0982793099 0.0445882849 0.8494605390 0.4731969693 
-81.0924163231 0.0446028779 0.8493446186 0.4728567295 
-81.0865303595 0.0446175327 0.8492281157 0.4725120070 
-81.0806221502 0.0446322474 0.8491110422 0.4721627257 
-81.0746924552 0.0446470202 0.8489934108 0.4718088079 
-81.0687420643 0.0446618492 0.8488752346 0.4714501746 
-81.0627717973 0.0446767324 0.8487565274 0.4710867449 
-81.0567825052 0.0446916678 0.8486373035 0.4707184363 
-81.0507750710 0.0447066531 0.8485175780 0.4703451649 
-81.0447504103 0.0447216861 0.8483973666 0.4699668447 
-81.0387094725 0.0447367645 0.8482766857 0.4695833884 
-81.0326532412 0.0447518860 0.8481555524 0.4691947067 
-81.0265827350 0.0447670479 0.8480339844 0.4688007086 
-81.0204990092 0.0447822477 0.8479120003 0.4684013015 
-81.0144031555 0.0447974827 0.8477896193 0.4679963907 
-81.0082963038 0.0448127501 0.8476668616 0.4675858801 
-81.0021796227 0.0448280470 0.8475437481 0.4671696713 
-80.9960543207 0.0448433704 0.8474203003 0.4667476645 
-80.9899216466 0.0448587172 0.8472965409 0.4663197577 
-80.9837828912 0.0448740843 0.8471724932 0.4658858472 
-80.9776393875 0.0448894682 0.8470481815 0.4654458274 
-80.9714925125 0.0449048656 0.8469236310 0.4649995906 
-80.9653436873 0.0449202729 0.8467988678 0.4645470274 
-80.9591943790 0.0449356864 0.8466739190 0.4640880264 
-80.9530461009 0.0449511024 0.8465488126 0.4636224743 
-80.9469004142 0.0449665169 0.8464235777 0.4631502556 
-80.9407589287 0.0449819259 0.8462982444 0.4626712533 
-80.9346233039 0.0449973253 0.8461728437 0.4621853480 
-80.9284952502 0.0450127107 0.8460474080 0.4616924186 
-80.9223765297 0.0450280777 0.8459219704 0.4611923418 
-80.9162689577 0.0450434217 0.8457965654 0.4606849927 
-80.9101744035 0.0450587379 0.8456712286 0.4601702441 
-80.9040947918 0.0450740217 0.8455459968 0.4596479670 
-80.8980321033 0.0450892678 0.8454209078 0.4591180305 
-80.8919883767 0.0451044712 0.8452960009 0.4585803016 
-80.8859657088 0.0451196266 0.8451713165 0.4580346456 
-80.8799662568 0.0451347284 0.8450468963 0.4574809257 
-80.8739922383 0.0451497711 0.8449227834 0.4569190034 
-80.8680459336 0.0451647488 0.8447990221 0.4563487383 
-80.8621296860 0.0451796556 0.8446756582 0.4557699880 
-80.8562459035 0.0451944854 0.8445527387 0.4551826087 
-80.8503970598 0.0452092318 0.8444303122 0.4545864545 
-80.8445856955 0.0452238884 0.8443084286 0.4539813778 
-80.8388144196 0.0452384486 0.8441871395 0.4533672297 
-80.8330859102 0.0452529054 0.8440664977 0.4527438592 
-80.8274029161 0.0452672519 0.8439465578 0.4521111140 
-80.8217682581 0.0452814808 0.8438273758 0.4514688404 
-80.8161848298 0.0452955847 0.8437090092 0.4508168830 
-80.8106555993 0.0453095561 0.8435915173 0.4501550851 
-80.8051836099 0.0453233871 0.8434749609 0.4494832889 
-80.7997719820 0.0453370698 0.8433594026 0.4488013352 
-80.7944239137 0.0453505958 0.8432449065 0.4481090636 
-80.7891426823 0.0453639569 0.8431315386 0.4474063129 
-80.7839316457 0.0453771444 0.8430193665 0.4466929208 
-80.7787942432 0.0453901495 0.8429084597 0.4459687242 
-80.7737339970 0.0454029631 0.8427988893 0.4452335593 
-80.7687545133 0.0454155759 0.8426907283 0.4444872616 
-80.7638594835 0.0454279784 0.8425840517 0.4437296662 
-80.7590526854 0.0454401610 0.8424789361 0.4429606079 
-80.7543379846 0.0454521136 0.8423754602 0.4421799211 
-80.7497193350 0.0454638261 0.8422737044 0.4413874404 
-80.7452007808 0.0454752881 0.8421737512 0.4405830003 
-80.7407864572 0.0454864889 0.8420756850 0.4397664355 
-80.7364805913 0.0454974176 0.8419795922 0.4389375811 
-80.7322875037 0.0455080632 0.8418855611 0.4380962731 
-80.7282116094 0.0455184142 0.8417936820 0.4372423477 
-80.7242574188 0.0455284589 0.8417040474 0.4363756426 
-80.7204295387 0.0455381857 0.8416167517 0.4354959963 
-80.7167326738 0.0455475822 0.8415318912 0.4346032488 
-80.7131716269 0.0455566362 0.8414495647 0.4336972414 
-80.7097513009 0.0455653350 0.8413698726 0.4327778175 
-80.7064766988 0.0455736657 0.8412929178 0.4318448223 
-80.7033529256 0.0455816152 0.8412188049 0.4308981032 
-80.7003851883 0.0455891701 0.8411476410 0.4299375099 
-80.6975787976 0.0455963167 0.8410795351 0.4289628952 
-80.6949391683 0.0456030411 0.8410145983 0.4279741144 
-80.6924718205 0.0456093291 0.8409529440 0.4269710261 
-80.6901823799 0.0456151662 0.8408946876 0.4259534924 
-80.6880765793 0.0456205378 0.8408399466 0.4249213790 
-80.6861602591 0.0456254288 0.8407888407 0.4238745555 
-80.6844393677 0.0456298239 0.8407414917 0.4228128958 
-80.6829199628 0.0456337078 0.8406980235 0.4217362781 
-80.6816082117 0.0456370645 0.8406585623 0.4206445854 
-80.6805103925 0.0456398779 0.8406232360 0.4195377058 
-80.6796328940 0.0456421319 0.8405921751 0.4184155325 
-80.6789822170 0.0456438097 0.8405655118 0.4172779643 
-80.6785649745 0.0456448946 0.8405433804 0.4161249057 
-80.6783878928 0.0456453693 0.8405259175 0.4149562674 
-80.6784578114 0.0456452165 0.8405132616 0.4137719663 
-80.6787816840 0.0456444185 0.8405055531 0.4125719258 
-80.6793665790 0.0456429574 0.8405029344 0.4113560764 
-80.6802196801 0.0456408149 0.8405055502 0.4101243553 
-80.6813482864 0.0456379727 0.8405135466 0.4088767074 
-80.6827598135 0.0456344119 0.8405270720 0.4076130848 
-80.6844617935 0.0456301137 0.8405462766 0.4063334476 
-80.6864618757 0.0456250587 0.8405713124 0.4050377637 
-80.6887678272 0.0456192275 0.8406023331 0.4037260096 
-80.6913875331 0.0456126003 0.8406394943 0.4023981697 
-80.6943289974 0.0456051571 0.8406829533 0.4010542373 
-80.6976003432 0.0455968776 0.8407328690 0.3996942145 
-80.7012098131 0.0455877414 0.8407894020 0.3983181123 
-80.7051657704 0.0455777276 0.8408527145 0.3969259509 
-80.7094766987 0.0455668154 0.8409229702 0.3955177595 
-80.7141512034 0.0455549834 0.8410003343 0.3940935771 
-80.7191980119 0.0455422102 0.8410849734 0.3926534519 
-80.7246259740 0.0455284740 0.8411770555 0.3911974419 
-80.7304440632 0.0455137530 0.8412767499 0.3897256149 
-80.7366613771 0.0454980249 0.8413842272 0.3882380484 
-80.7432871383 0.0454812673 0.8414996590 0.3867348299 
-80.7503306951 0.0454634577 0.8416232183 0.3852160567 
-80.7578015227 0.0454445732 0.8417550790 0.3836818365 
-80.7657092242 0.0454245906 0.8418954160 0.3821322866 
-80.7740635316 0.0454034869 0.8420444052 0.3805675348 
-80.7828743068 0.0453812383 0.8422022232 0.3789877187 
-80.7921515433 0.0453578214 0.8423690476 0.3773929863 
-80.8019053674 0.0453332120 0.8425450565 0.3757834955 
-80.8121460397 0.0453073863 0.8427304287 0.3741594144 
-80.8228839565 0.0452803197 0.8429253436 0.3725209213 
-80.8341296521 0.0452519880 0.8431299810 0.3708682043 
-80.8458938002 0.0452223662 0.8433445212 0.3692014618 
-80.8581872162 0.0451914297 0.8435691447 0.3675209021 
-80.8710208593 0.0451591532 0.8438040322 0.3658267434 
-80.8844058348 0.0451255116 0.8440493647 0.3641192138 
-80.8983533968 0.0450904793 0.8443053231 0.3623985513 
-80.9128749508 0.0450540308 0.8445720884 0.3606650035 
-80.9279820565 0.0450161403 0.8448498414 0.3589188276 
-80.9436864311 0.0449767817 0.8451387627 0.3571602907 
-80.9599999527 0.0449359289 0.8454390328 0.3553896690 
-80.9769346634 0.0448935556 0.8457508315 0.3536072481 
-80.9945027735 0.0448496352 0.8460743383 0.3518133230 
-81.0127166652 0.0448041411 0.8464097322 0.3500081974 
-81.0315888972 0.0447570464 0.8467571915 0.3481921842 
-81.0511322088 0.0447083241 0.8471168937 0.3463656047 
-81.0713595252 0.0446579470 0.8474890154 0.3445287886 
-81.0922839618 0.0446058876 0.8478737324 0.3426820739 
-81.1139188307 0.0445521185 0.8482712195 0.3408258061 
-81.1362776451 0.0444966119 0.8486816502 0.3389603383 
-81.1593741265 0.0444393399 0.8491051968 0.3370860305 
-81.1832222101 0.0443802744 0.8495420305 0.3352032488 
-81.2078360520 0.0443193873 0.8499923207 0.3333123653 
-81.2332300362 0.0442566500 0.8504562356 0.3314137567 
-81.2594187817 0.0441920340 0.8509339415 0.3295078038 
-81.2864171506 0.0441255104 0.8514256032 0.3275948902 
-81.3142402564 0.0440570503 0.8519313835 0.3256754009 
-81.3429034721 0.0439866245 0.8524514432 0.3237497210 
-81.3724224400 0.0439142037 0.8529859412 0.3218182332 
-81.4028130804 0.0438397582 0.8535350342 0.3198813161 
-81.4340916023 0.0437632583 0.8540988764 0.3179393411 
-81.4662745134 0.0436846740 0.8546776198 0.3159926692 
-81.4993786313 0.0436039751 0.8552714139 0.3140416467 
-81.5334210948 0.0435211312 0.8558804055 0.3120866010 
-81.5684193762 0.0434361117 0.8565047385 0.3101278341 
-81.6043912939 0.0433488857 0.8571445541 0.3081656157 
-81.6413550253 0.0432594222 0.8577999904 0.3062001751 
-81.6793291212 0.0431676897 0.8584711824 0.3042316899 
-81.7183325199 0.0430736566 0.8591582617 0.3022602742 
-81.7583845627 0.0429772912 0.8598613566 0.3002859621 
-81.7995050096 0.0428785612 0.8605805918 0.2983086896 
-81.8417140563 0.0427774343 0.8613160883 0.2963282707 
-81.8850323516 0.0426738778 0.8620679631 0.2943443691 
-81.9294810157 0.0425678586 0.8628363295 0.2923564632 
-81.9750816600 0.0424593436 0.8636212963 0.2903638031 
-82.0218564070 0.0423482989 0.8644229681 0.2883653581 
-82.0698279116 0.0422346908 0.8652414451 0.2863597534 
-82.1190193844 0.0421184849 0.8660768228 0.2843451926 
-82.1694546145 0.0419996465 0.8669291918 0.2823193665 
-82.2211579955 0.0418781406 0.8677986377 0.2802793467 
-82.2741545515 0.0417539318 0.8686852410 0.2782214678 
-82.3284699657 0.0416269843 0.8695890770 0.2761412072 
-82.3841306099 0.0414972618 0.8705102151 0.2740330859 
-82.4411635764 0.0413647276 0.8714487193 0.2718906387 
-82.4995967117 0.0412293446 0.8724046477 0.2697065402 
-82.5594586510 0.0410910750 0.8733780522 0.2674729727 
-82.6207788548 0.0409498808 0.8743689785 0.2651822271 
-82.6835876544 0.0408057232 0.8753774660 0.2628349715 
-82.7479163772 0.0406585628 0.8764035487 0.2605235039 
-82.8137972249 0.0405083596 0.8774472527 0.2584090600 
-82.8812629048 0.0403550742 0.8785085887 0.2565322547 
-82.9503466989 0.0401986678 0.8795875525 0.2548459807 
-82.9553040565 0.0401874653 0.8796649529 0.2547675585 
