-82.2230989012 0.0418703273 0.8694966900 0.5049993575 
-82.2232900573 0.0418698788 0.8694998009 0.5049860682 
-82.2236725797 0.0418689815 0.8695060260 0.5049594741 
-82.2242468895 0.0418676343 0.8695153722 0.5049195719 
-82.2250136192 0.0418658357 0.8695278498 0.5048664225 
-82.2259736131 0.0418635839 0.8695434725 0.5048002189 
-82.2271277592 0.0418608768 0.8695622546 0.5047030896 
-82.2284779680 0.0418577101 0.8695842278 0.5046292590 
-82.2300253721 0.0418540811 0.8696094101 0.5045591533 
-82.2317713436 0.0418499868 0.8696378233 0.5044921736 
-82.2337173281 0.0418454239 0.8696694902 0.5044278383 
-82.2358648489 0.0418403889 0.8697044346 0.5043657642 
-82.2382155111 0.0418348783 0.8697426815 0.5043056486 
-82.2407710048 0.0418288883 0.8697842571 0.5042472529 
-82.2435331081 0.0418224148 0.8698291887 0.5041903879 
-82.2465036892 0.0418154538 0.8698775048 0.5041349021 
-82.2496847089 0.0418080008 0.8699292353 0.5040806724 
-82.2530782224 0.0418000513 0.8699844113 0.5040275965 
-82.2566863813 0.0417916005 0.8700430654 0.5039755877 
-82.2605114356 0.0417826433 0.8701052312 0.5039245708 
-82.2645557349 0.0417731747 0.8701709441 0.5038744790 
-82.2688217313 0.0417631892 0.8702402404 0.5038252521 
-82.2733119800 0.0417526811 0.8703131581 0.5037768345 
-82.2780291421 0.0417416445 0.8703897366 0.5037291744 
-82.2829759859 0.0417300735 0.8704700166 0.5036822227 
-82.2881553891 0.0417179616 0.8705540404 0.5036359322 
-82.2935703406 0.0417053024 0.8706418517 0.5035902576 
-82.2992239428 0.0416920889 0.8707334956 0.5035451546 
-82.3051194133 0.0416783143 0.8708290187 0.5035005797 
-82.3112600873 0.0416639712 0.8709284694 0.5034564902 
-82.3176494197 0.0416490521 0.8710318974 0.5034128438 
-82.3242909877 0.0416335492 0.8711393538 0.5033695979 
-82.3311884925 0.0416174545 0.8712508917 0.5033267101 
-82.3383457624 0.0416007596 0.8713665653 0.5032841369 
-82.3457667551 0.0415834562 0.8714864309 0.5032418337 
-82.3534555601 0.0415655352 0.8716105460 0.5031997542 
-82.3614164017 0.0415469876 0.8717389701 0.5031578494 
-82.3696536417 0.0415278040 0.8718717640 0.5031160666 
-82.3781717823 0.0415079749 0.8720089906 0.5030743486 
-82.3869754692 0.0414874901 0.8721507142 0.5030326316 
-82.3960694948 0.0414663395 0.8722970008 0.5029908436 
-82.4054588018 0.0414445125 0.8724479184 0.5029489020 
-82.4151484861 0.0414219983 0.8726035367 0.5029067102 
-82.4251438015 0.0413987858 0.8727639270 0.5028641544 
-82.4354501628 0.0413748634 0.8729291627 0.5028210984 
-82.4460731505 0.0413502194 0.8730993188 0.5027773781 
-82.4570185157 0.0413248416 0.8732744724 0.5027327942 
-82.4682921846 0.0412987176 0.8734547024 0.5026871038 
-82.4799002641 0.0412718345 0.8736400898 0.5026400102 
-82.4918490481 0.0412441792 0.8738307174 0.5025911515 
-82.5041450240 0.0412157381 0.8740266703 0.5025400872 
-82.5167948802 0.0411864972 0.8742280357 0.5024862856 
-82.5298055142 0.0411564424 0.8744349030 0.5024291115 
-82.5431840427 0.0411255587 0.8746473638 0.5023678201 
-82.5569378112 0.0410938310 0.8748655124 0.5023015628 
-82.5710744069 0.0410612437 0.8750894454 0.5022294184 
-82.5856016704 0.0410277805 0.8753192623 0.5021504757 
-82.6005277106 0.0409934250 0.8755550653 0.5020640130 
-82.6158609182 0.0409581598 0.8757969598 0.5019698665 
-82.6316099781 0.0409219673 0.8760450540 0.5018691050 
-82.6477838733 0.0408848291 0.8762994596 0.5017648903 
-82.6560878590 0.0408657737 0.8764299328 0.5017123504 
-82.6648306316 0.0408457202 0.8765672303 0.5016561274 
-82.6740171820 0.0408246584 0.8767114125 0.5015970340 
-82.6836527532 0.0408025778 0.8768625429 0.5015356448 
-82.6937428387 0.0407794674 0.8770206874 0.5014723555 
-82.7042931835 0.0407553156 0.8771859147 0.5014074303 
-82.7153097858 0.0407301105 0.8773582960 0.5013410380 
-82.7267988998 0.0407038396 0.8775379053 0.5012732801 
-82.7387670391 0.0406764898 0.8777248187 0.5012042112 
-82.7512209804 0.0406480478 0.8779191153 0.5011338533 
-82.7641677683 0.0406184997 0.8781208765 0.5010622067 
-82.7776147194 0.0405878309 0.8783301862 0.5009892563 
-82.7915694276 0.0405560266 0.8785471309 0.5009149766 
-82.8060397694 0.0405230713 0.8787717997 0.5008393349 
-82.8210339094 0.0404889491 0.8790042839 0.5007622929 
-82.8365603060 0.0404536435 0.8792446775 0.5006838080 
-82.8526277175 0.0404171376 0.8794930770 0.5006038344 
-82.8692452085 0.0403794137 0.8797495813 0.5005223232 
-82.8864221563 0.0403404539 0.8800142918 0.5004392229 
-82.9041682578 0.0403002396 0.8802873122 0.5003544793 
-82.9224935369 0.0402587516 0.8805687488 0.5002680353 
-82.9414083513 0.0402159701 0.8808587101 0.5001798308 
-82.9609234008 0.0401718750 0.8811573072 0.5000898028 
-82.9810497351 0.0401264453 0.8814646535 0.4999978842 
-83.0017987618 0.0400796597 0.8817808646 0.4999040040 
-83.0231822558 0.0400314961 0.8821060584 0.4998080861 
-83.0452123674 0.0399819319 0.8824403552 0.4997100489 
-83.0679016326 0.0399309439 0.8827838774 0.4996098041 
-83.0912629822 0.0398785083 0.8831367498 0.4995072552 
-83.1153097523 0.0398246006 0.8834990990 0.4994022964 
-83.1400556949 0.0397691957 0.8838710540 0.4992948106 
-83.1655149887 0.0397122680 0.8842527458 0.4991846670 
-83.1917022511 0.0396537910 0.8846443072 0.4990717185 
-83.2186325500 0.0395937376 0.8850458731 0.4989557981 
-83.2463214165 0.0395320803 0.8854575804 0.4988367146 
-83.2747848581 0.0394687906 0.8858795676 0.4987142475 
-83.3040393729 0.0394038395 0.8863119751 0.4985881405 
-83.3341019639 0.0393371971 0.8867549449 0.4984580930 
-83.3649901546 0.0392688331 0.8872086207 0.4983237502 
-83.3967220056 0.0391987161 0.8876731477 0.4981846906 
-83.4293161313 0.0391268143 0.8881486726 0.4980404096 
-83.4627917191 0.0390530949 0.8886353434 0.4978902997 
-83.4971685489 0.0389775244 0.8891333094 0.4977336257 
-83.5324670140 0.0389000686 0.8896427215 0.4975694928 
-83.5687081446 0.0388206924 0.8901637312 0.4973968069 
-83.6059136326 0.0387393599 0.8906964917 0.4972142254 
-83.6441058588 0.0386560343 0.8912411570 0.4970200940 
-83.6833079232 0.0385706779 0.8917978820 0.4968123697 
-83.7235436786 0.0384832522 0.8923668230 0.4965885247 
-83.7648377680 0.0383937175 0.8929481372 0.4963454310 
-83.8072156673 0.0383020334 0.8935419828 0.4960792232 
-83.8507037333 0.0382081582 0.8941485193 0.4957851482 
-83.8953292593 0.0381120490 0.8947679079 0.4954574130 
-83.9411205384 0.0380136619 0.8954003110 0.4950890586 
-83.9881069361 0.0379129514 0.8960458932 0.4946719071 
-84.0363189823 0.0378098708 0.8967048217 0.4941978430 
-84.0857886026 0.0377043712 0.8973772686 0.4936784575 
-84.1365493347 0.0375964017 0.8980634129 0.4931823022 
-84.1886352944 0.0374859113 0.8987634252 0.4927617523 
-84.2420806031 0.0373728500 0.8994774589 0.4924213701 
-82.6560878590 0.0408657737 0.8764299328 0.5017123504 
-82.6648306316 0.0408457202 0.8765672303 0.5016561274 
-82.6740171820 0.0408246584 0.8767114125 0.5015970340 
-82.6836527532 0.0408025778 0.8768625429 0.5015356448 
-82.6937428387 0.0407794674 0.8770206874 0.5014723555 
-82.7042931835 0.0407553156 0.8771859147 0.5014074303 
-82.7153097858 0.0407301105 0.8773582960 0.5013410380 
-82.7267988998 0.0407038396 0.8775379053 0.5012732801 
-82.7387670391 0.0406764898 0.8777248187 0.5012042112 
-82.7512209804 0.0406480478 0.8779191153 0.5011338533 
-82.7641677683 0.0406184997 0.8781208765 0.5010622067 
-82.7776147194 0.0405878309 0.8783301862 0.5009892563 
-82.7915694276 0.0405560266 0.8785471309 0.5009149766 
-82.8060397694 0.0405230713 0.8787717997 0.5008393349 
-82.8210339094 0.0404889491 0.8790042839 0.5007622929 
-82.8365603060 0.0404536435 0.8792446775 0.5006838080 
-82.8526277175 0.0404171376 0.8794930770 0.5006038344 
-82.8692452085 0.0403794137 0.8797495813 0.5005223232 
-82.8864221563 0.0403404539 0.8800142918 0.5004392229 
-82.9041682578 0.0403002396 0.8802873122 0.5003544793 
-82.9224935369 0.0402587516 0.8805687488 0.5002680353 
-82.9414083513 0.0402159701 0.8808587101 0.5001798308 
-82.9609234008 0.0401718750 0.8811573072 0.5000898028 
-82.9810497351 0.0401264453 0.8814646535 0.4999978842 
-83.0017987618 0.0400796597 0.8817808646 0.4999040040 
-83.0231822558 0.0400314961 0.8821060584 0.4998080861 
-83.0452123674 0.0399819319 0.8824403552 0.4997100489 
-83.0679016326 0.0399309439 0.8827838774 0.4996098041 
-83.0912629822 0.0398785083 0.8831367498 0.4995072552 
-83.1153097523 0.0398246006 0.8834990990 0.4994022964 
-83.1400556949 0.0397691957 0.8838710540 0.4992948106 
-83.1655149887 0.0397122680 0.8842527458 0.4991846670 
-83.1917022511 0.0396537910 0.8846443072 0.4990717185 
-83.2186325500 0.0395937376 0.8850458731 0.4989557981 
-83.2463214165 0.0395320803 0.8854575804 0.4988367146 
-83.2747848581 0.0394687906 0.8858795676 0.4987142475 
-83.3040393729 0.0394038395 0.8863119751 0.4985881405 
-83.3341019639 0.0393371971 0.8867549449 0.4984580930 
-83.3649901546 0.0392688331 0.8872086207 0.4983237502 
-83.3967220056 0.0391987161 0.8876731477 0.4981846906 
-83.4293161313 0.0391268143 0.8881486726 0.4980404096 
-83.4627917191 0.0390530949 0.8886353434 0.4978902997 
-83.4971685489 0.0389775244 0.8891333094 0.4977336257 
-83.5324670140 0.0389000686 0.8896427215 0.4975694927 
-83.5687081446 0.0388206924 0.8901637312 0.4973968069 
-83.6059136326 0.0387393599 0.8906964917 0.4972142254 
-83.6441058588 0.0386560343 0.8912411570 0.4970200940 
-83.6833079233 0.0385706779 0.8917978820 0.4968123697 
-83.7235436786 0.0384832522 0.8923668230 0.4965885247 
-83.7648377681 0.0383937175 0.8929481372 0.4963454310 
-83.8072156673 0.0383020334 0.8935419828 0.4960792232 
-83.8507037333 0.0382081582 0.8941485193 0.4957851482 
-83.8953292593 0.0381120490 0.8947679079 0.4954574130 
-83.9411205384 0.0380136619 0.8954003110 0.4950890586 
-83.9881069361 0.0379129514 0.8960458932 0.4946719071 
-84.0363189823 0.0378098708 0.8967048217 0.4941978430 
-84.0857886026 0.0377043712 0.8973772686 0.4936784575 
-84.1365493347 0.0375964017 0.8980634129 0.4931823022 
-84.1886352944 0.0374859113 0.8987634252 0.4927617523 
-84.2420806031 0.0373728500 0.8994774589 0.4924213701 
-84.2448643251 0.0373669695 0.8995146851 0.4924080186 
-84.2448643252 0.0373669695 0.8995146851 0.4924080186 
