-84.9107832141 0.0007197498 0.9964202519 0.9998938591 0.0000144822 0.9992564894 0.8724990310 0.9706869946 0.4726147293 0.0010532647 0.0750575823 0.1599046877 0.0001107801 0.9528702021 0.4630459557 0.0002944455 0.0418817120 0.8750069166 0.7894969515 0.7163968258 0.5873415382 0.0001329960 1.5525778695 1.5592575236 1.5823382713 0.0001315191 11.5158564312 11.5154583774 11.5154688736 136.4504927039 0.0000585702 0.0003917776 0.9835331981 0.5339508881 0.0831479206 0.0175194647
-84.9107601167 0.0007197524 0.9964202355 0.9998938586 0.0000144822 0.9992564878 0.8724931495 0.9706881396 0.4726155108 0.0010532663 0.0750279886 0.1598278269 0.0001107803 0.9528686941 0.4631141166 0.0002944464 0.0418818304 0.8750093475 0.7894967954 0.7164063249 0.5873452570 0.0001329857 1.5525668584 1.5592488630 1.5823250894 0.0001315126 11.5150626712 11.5146646931 11.5146751892 136.4505407022 0.0000585677 0.0003917788 0.9835330638 0.5339317606 0.0831759538 0.0175205426
-84.9107150174 0.0007197574 0.9964202030 0.9998938576 0.0000144823 0.9992564848 0.8724830018 0.9706905460 0.4726162601 0.0010532695 0.0749711948 0.1596838319 0.0001107808 0.9528656839 0.4632462208 0.0002944481 0.0418820653 0.8750141319 0.7894965891 0.7164246841 0.5873531237 0.0001329681 1.5525192666 1.5592050347 1.5822851756 0.0001314986 11.5137148595 11.5133169995 11.5133274955 136.4506348580 0.0000585637 0.0003917811 0.9835327961 0.5338989554 0.0832311706 0.0175279238
-84.9106515683 0.0007197649 0.9964201550 0.9998938561 0.0000144824 0.9992564803 0.8724642987 0.9706940845 0.4726306752 0.0010532741 0.0748942805 0.1594836763 0.0001107814 0.9528611824 0.4634332075 0.0002944507 0.0418824134 0.8750216094 0.7894966513 0.7164513715 0.5873659813 0.0001329558 1.5524170716 1.5591014026 1.5822354559 0.0001314766 11.5129142920 11.5125164569 11.5125269523 136.4507753591 0.0000585598 0.0003917845 0.9835323972 0.5338760636 0.0833123098 0.0175672390
-84.9105690381 0.0007197747 0.9964200915 0.9998938541 0.0000144825 0.9992564743 0.8724304884 0.9706978037 0.4726792748 0.0010532803 0.0747856495 0.1592041302 0.0001107823 0.9528552047 0.4636849700 0.0002944541 0.0418828728 0.8750315911 0.7894974585 0.7164863868 0.5873850194 0.0001329472 1.5523554438 1.5590316638 1.5822445021 0.0001314511 11.5124288633 11.5120310082 11.5120415030 136.4509627313 0.0000585536 0.0003917889 0.9835318689 0.5338602660 0.0834184661 0.0176318728
-84.9103459502 0.0007197869 0.9964200130 0.9998938516 0.0000144827 0.9992564670 0.8723923931 0.9707009786 0.4727193284 0.0010532879 0.0746471044 0.1588381972 0.0001107833 0.9528477708 0.4640185041 0.0002944582 0.0418834416 0.8750415579 0.7894989111 0.7165274300 0.5874115760 0.0001329348 1.5523456977 1.5590195944 1.5822765053 0.0001314300 11.5116779194 11.5112801074 11.5112906015 136.4008885302 0.0000585451 0.0003917945 0.9835312139 0.5338373869 0.0835490779 0.0176806438
-84.9102446519 0.0007197993 0.9964199333 0.9998938490 0.0000144829 0.9992564595 0.8723486185 0.9707051603 0.4727654279 0.0010532957 0.0745133147 0.1584564255 0.0001107844 0.9528389456 0.4643727316 0.0002944625 0.0418840205 0.8750491333 0.7894995037 0.7165638658 0.5874352150 0.0001329369 1.5522564461 1.5589193540 1.5822951135 0.0001314019 11.5121204944 11.5117225461 11.5117330392 136.4011254977 0.0000585396 0.0003918001 0.9835304593 0.5338411212 0.0836725772 0.0177709662
-84.9101417829 0.0007198119 0.9964198524 0.9998938465 0.0000144831 0.9992564520 0.8722979458 0.9707082136 0.4728273732 0.0010533036 0.0743634145 0.1580298038 0.0001107855 0.9528287535 0.4647615135 0.0002944668 0.0418846097 0.8750537810 0.7894994134 0.7165990275 0.5874559256 0.0001329432 1.5522457329 1.5588975723 1.5823747923 0.0001313796 11.5127972722 11.5123991838 11.5124096761 136.4013675369 0.0000585326 0.0003918059 0.9835296080 0.5338524459 0.0837901173 0.0178578978
-84.9100368988 0.0007198248 0.9964197704 0.9998938438 0.0000144833 0.9992564444 0.8722458524 0.9707130091 0.4728704111 0.0010533116 0.0742191695 0.1575883950 0.0001107867 0.9528172203 0.4651718029 0.0002944712 0.0418852092 0.8750557333 0.7894980155 0.7166322619 0.5874738435 0.0001329441 1.5521503929 1.5587934290 1.5823932607 0.0001313485 11.5130801595 11.5126819355 11.5126924270 136.4016112801 0.0000585263 0.0003918117 0.9835286626 0.5338533046 0.0839024227 0.0179525659
-84.9099316346 0.0007198378 0.9964196871 0.9998938412 0.0000144835 0.9992564367 0.8721866721 0.9707168876 0.4729342497 0.0010533198 0.0740614036 0.1571126450 0.0001107878 0.9528043730 0.4656076172 0.0002944757 0.0418858191 0.8750568116 0.7894961403 0.7166656317 0.5874891946 0.0001329539 1.5521086871 1.5587399688 1.5824643079 0.0001313216 11.5140039499 11.5136055309 11.5136160216 136.4018612985 0.0000585192 0.0003918177 0.9835276265 0.5338698287 0.0840102072 0.0180542874
-84.9098227111 0.0007198512 0.9964196024 0.9998938385 0.0000144837 0.9992564289 0.8721280847 0.9707223262 0.4729732245 0.0010533281 0.0739078346 0.1566228324 0.0001107890 0.9527902395 0.4660641763 0.0002944802 0.0418864406 0.8750552612 0.7894930192 0.7166989360 0.5875022349 0.0001329529 1.5520008155 1.5586258279 1.5824730346 0.0001312875 11.5140680005 11.5136694550 11.5136799449 136.4021136970 0.0000585120 0.0003918237 0.9835265026 0.5338660097 0.0841141220 0.0181502813
-84.9097138018 0.0007198647 0.9964195164 0.9998938357 0.0000144839 0.9992564209 0.8720638678 0.9707269015 0.4730320452 0.0010533366 0.0737427552 0.1561066068 0.0001107901 0.9527748493 0.4665404513 0.0002944849 0.0418870738 0.8750537363 0.7894894866 0.7167336735 0.5875132310 0.0001329632 1.5519344305 1.5585492896 1.5825282287 0.0001312573 11.5149877364 11.5145889790 11.5145994682 136.4023734891 0.0000585044 0.0003918299 0.9835252943 0.5338819810 0.0842145970 0.0182564425
-84.9096005873 0.0007198786 0.9964194287 0.9998938329 0.0000144841 0.9992564127 0.8720014741 0.9707327929 0.4730640877 0.0010533452 0.0735811267 0.1555794666 0.0001107914 0.9527582324 0.4670345522 0.0002944896 0.0418877201 0.8750499251 0.7894848175 0.7167700115 0.5875224378 0.0001329618 1.5518152140 1.5584264575 1.5825262286 0.0001312215 11.5149607165 11.5145618336 11.5145723221 136.4026364470 0.0000584965 0.0003918362 0.9835240048 0.5338759452 0.0843122065 0.0183518981
-84.9094871752 0.0007198927 0.9964193394 0.9998938300 0.0000144843 0.9992564044 0.8719349153 0.9707378350 0.4731143248 0.0010533541 0.0734087388 0.1550321827 0.0001107926 0.9527404203 0.4675438683 0.0002944945 0.0418883797 0.8750466660 0.7894797693 0.7168093144 0.5875300968 0.0001329720 1.5517337905 1.5583377926 1.5825670698 0.0001311895 11.5158212842 11.5154221877 11.5154326756 136.4029065869 0.0000584884 0.0003918426 0.9835226380 0.5338901124 0.0844072409 0.0184568416
-84.9093691479 0.0007199072 0.9964192481 0.9998938270 0.0000144845 0.9992563958 0.8718707954 0.9707440182 0.4731376558 0.0010533631 0.0732399743 0.1544786799 0.0001107939 0.9527214448 0.4680667981 0.0002944994 0.0418890543 0.8750415938 0.7894736476 0.7168519859 0.5875364322 0.0001329709 1.5516063755 1.5582096259 1.5825554576 0.0001311530 11.5157672087 11.5153679855 11.5153784729 136.4031798049 0.0000584798 0.0003918492 0.9835211971 0.5338832779 0.0845001981 0.0185501001
-84.9092504129 0.0007199220 0.9964191549 0.9998938240 0.0000144847 0.9992563869 0.8718035262 0.9707493023 0.4731782802 0.0010533723 0.0730603270 0.1539104129 0.0001107952 0.9527013392 0.4686009320 0.0002945045 0.0418897441 0.8750374963 0.7894671586 0.7168994772 0.5875416568 0.0001329810 1.5515175020 1.5581171516 1.5825844366 0.0001311207 11.5165507995 11.5161513698 11.5161618567 136.4034594016 0.0000584712 0.0003918559 0.9835196861 0.5338954807 0.0845912953 0.0186502104
-84.9091269174 0.0007199371 0.9964190595 0.9998938209 0.0000144849 0.9992563778 0.8717386687 0.9707556275 0.4731935091 0.0010533818 0.0728850698 0.1533414265 0.0001107965 0.9526801370 0.4691435476 0.0002945097 0.0418904510 0.8750321528 0.7894596028 0.7169523466 0.5875459735 0.0001329809 1.5513852144 1.5579872918 1.5825650582 0.0001310842 11.5165050007 11.5161054432 11.5161159296 136.4037416649 0.0000584622 0.0003918627 0.9835181085 0.5338887985 0.0846809475 0.0187400059
-84.9090020247 0.0007199526 0.9964189618 0.9998938178 0.0000144852 0.9992563684 0.8716712063 0.9707609459 0.4732259812 0.0010533915 0.0726984564 0.1527627127 0.0001107978 0.9526578729 0.4696933584 0.0002945150 0.0418911751 0.8750281708 0.7894516611 0.7170122398 0.5875495818 0.0001329906 1.5512953950 1.5578982590 1.5825844548 0.0001310526 11.5171971486 11.5167973989 11.5168078850 136.4040292813 0.0000584528 0.0003918698 0.9835164682 0.5338987771 0.0847693292 0.0188325665
-84.9088723625 0.0007199686 0.9964188616 0.9998938145 0.0000144854 0.9992563587 0.8716054916 0.9707672568 0.4732363710 0.0010534015 0.0725172436 0.1521891598 0.0001107992 0.9526345816 0.4702456397 0.0002945204 0.0418919183 0.8750236149 0.7894426094 0.7170798289 0.5875526805 0.0001329915 1.5511634783 1.5577719434 1.5825597625 0.0001310168 11.5171872802 11.5167874020 11.5167978877 136.4043190073 0.0000584432 0.0003918770 0.9835147691 0.5338925206 0.0848567658 0.0189176937
-84.9087404430 0.0007199849 0.9964187588 0.9998938112 0.0000144856 0.9992563486 0.8715373427 0.9707723738 0.4732648662 0.0010534117 0.0723243543 0.1516110299 0.0001108007 0.9526102990 0.4708006792 0.0002945260 0.0418926812 0.8750207796 0.7894331060 0.7171569929 0.5875554744 0.0001330007 1.5510771352 1.5576911766 1.5825709927 0.0001309870 11.5177700912 11.5173700416 11.5173805271 136.4046128544 0.0000584332 0.0003918844 0.9835130149 0.5339004996 0.0849434083 0.0190003833
-84.9086038505 0.0007200017 0.9964186531 0.9998938078 0.0000144859 0.9992563382 0.8714696806 0.9707784129 0.4732768650 0.0010534222 0.0721378111 0.1510441001 0.0001108021 0.9525850611 0.4713512064 0.0002945318 0.0418934651 0.8750181719 0.7894224070 0.7172445008 0.5875581765 0.0001330033 1.5509508212 1.5575740583 1.5825445066 0.0001309530 11.5178191839 11.5174190073 11.5174294925 136.4049081074 0.0000584233 0.0003918921 0.9835112096 0.5338959710 0.0850294876 0.0190793318
-84.9084640393 0.0007200190 0.9964185445 0.9998938043 0.0000144861 0.9992563273 0.8713994617 0.9707830534 0.4733080410 0.0010534330 0.0719398615 0.1504782830 0.0001108036 0.9525589047 0.4718991741 0.0002945377 0.0418942709 0.8750176260 0.7894111245 0.7173444502 0.5875610147 0.0001330118 1.5508743693 1.5575084998 1.5825497922 0.0001309260 11.5182739004 11.5178735802 11.5178840653 136.4052059687 0.0000584125 0.0003918999 0.9835093569 0.5339020410 0.0851151443 0.0191496689
-84.9083197400 0.0007200368 0.9964184328 0.9998938007 0.0000144864 0.9992563161 0.8713279262 0.9707884854 0.4733309230 0.0010534441 0.0717488891 0.1499297537 0.0001108052 0.9525318667 0.4724345719 0.0002945438 0.0418950997 0.8750182706 0.7893985237 0.7174576988 0.5875642345 0.0001330166 1.5507610720 1.5574081098 1.5825253378 0.0001308951 11.5183965174 11.5179960754 11.5180065604 136.4055043085 0.0000584022 0.0003919080 0.9835074607 0.5339003807 0.0852005152 0.0192202527
-84.9081711858 0.0007200550 0.9964183179 0.9998937969 0.0000144867 0.9992563044 0.8712534363 0.9707922664 0.4733736987 0.0010534555 0.0715477035 0.1493889455 0.0001108068 0.9525039848 0.4729607488 0.0002945500 0.0418959525 0.8750213468 0.7893851294 0.7175864932 0.5875681056 0.0001330246 1.5507011272 1.5573645692 1.5825278771 0.0001308725 11.5187090251 11.5183084754 11.5183189604 136.4058033857 0.0000583910 0.0003919163 0.9835055247 0.5339059209 0.0852857376 0.0192753517
-84.9080183882 0.0007200739 0.9964181996 0.9998937931 0.0000144869 0.9992562923 0.8711753545 0.9707966352 0.4734187747 0.0010534673 0.0713536511 0.1488715252 0.0001108084 0.9524752968 0.4734651724 0.0002945564 0.0418968301 0.8750267918 0.7893702654 0.7177317648 0.5875729267 0.0001330321 1.5506117033 1.5572916213 1.5825110054 0.0001308466 11.5189054827 11.5185048241 11.5185153093 136.4061016840 0.0000583805 0.0003919248 0.9835035527 0.5339087490 0.0853708599 0.0193341988
-84.9078603416 0.0007200932 0.9964180778 0.9998937892 0.0000144872 0.9992562797 0.8710936029 0.9707990816 0.4734825384 0.0010534794 0.0711517172 0.1483696394 0.0001108101 0.9524458410 0.4739519560 0.0002945631 0.0418977333 0.8750351819 0.7893543249 0.7178957787 0.5875790325 0.0001330402 1.5505771946 1.5572791952 1.5825149388 0.0001308304 11.5190713362 11.5186706144 11.5186810999 136.4063984378 0.0000583692 0.0003919336 0.9835015483 0.5339157537 0.0854560157 0.0193704260
-84.9076983055 0.0007201131 0.9964179525 0.9998937851 0.0000144875 0.9992562667 0.8710056094 0.9708018171 0.4735606732 0.0010534918 0.0709565760 0.1478972907 0.0001108119 0.9524156558 0.4744067061 0.0002945699 0.0418986626 0.8750474299 0.7893367606 0.7180794968 0.5875868000 0.0001330508 1.5505246125 1.5572470711 1.5825117872 0.0001308119 11.5193237391 11.5189229337 11.5189334197 136.4066927033 0.0000583588 0.0003919426 0.9834995151 0.5339250341 0.0855411779 0.0194127476
-84.9075302062 0.0007201336 0.9964178235 0.9998937809 0.0000144878 0.9992562532 0.8709128289 0.9708023859 0.4736531187 0.0010535046 0.0707571631 0.1474496544 0.0001108137 0.9523847800 0.4748333424 0.0002945769 0.0418996186 0.8750634845 0.7893178061 0.7182850059 0.5875966583 0.0001330598 1.5505267521 1.5572761142 1.5825222397 0.0001308049 11.5193508663 11.5189500518 11.5189605384 136.4069826641 0.0000583482 0.0003919519 0.9834974566 0.5339361362 0.0856264691 0.0194254952
-84.9073583374 0.0007201547 0.9964176910 0.9998937767 0.0000144881 0.9992562392 0.8708108976 0.9708028494 0.4737712861 0.0010535178 0.0705638875 0.1470378808 0.0001108155 0.9523532527 0.4752166740 0.0002945841 0.0419006011 0.8750853447 0.7892971327 0.7185132008 0.5876090975 0.0001330737 1.5505247572 1.5572981501 1.5825381852 0.0001307971 11.5196212223 11.5192203670 11.5192308543 136.4072677715 0.0000583387 0.0003919615 0.9834953760 0.5339540335 0.0857118081 0.0194447975
-84.9071799815 0.0007201763 0.9964175549 0.9998937723 0.0000144884 0.9992562248 0.8707025363 0.9708010217 0.4738972640 0.0010535313 0.0703713093 0.1466613331 0.0001108174 0.9523211131 0.4755592819 0.0002945915 0.0419016103 0.8751124872 0.7892748272 0.7187657164 0.5876246805 0.0001330840 1.5505745872 1.5573787499 1.5825588303 0.0001308019 11.5195289095 11.5191281081 11.5191385964 136.4075451104 0.0000583292 0.0003919713 0.9834932768 0.5339715983 0.0857972945 0.0194291511
-84.9069983225 0.0007201985 0.9964174153 0.9998937677 0.0000144888 0.9992562099 0.8705819365 0.9707986351 0.4740576049 0.0010535451 0.0701842797 0.1463270841 0.0001108193 0.9522884004 0.4758466898 0.0002945991 0.0419026452 0.8751479825 0.7892508857 0.7190431834 0.5876440565 0.0001331016 1.5506341471 1.5574650282 1.5825946697 0.0001308080 11.5198694985 11.5194687068 11.5194791963 136.4078141838 0.0000583208 0.0003919814 0.9834911619 0.5340004844 0.0858828234 0.0194185989
-84.9068096532 0.0007202212 0.9964172722 0.9998937631 0.0000144891 0.9992561945 0.8704528711 0.9707939618 0.4742197908 0.0010535594 0.0700039047 0.1460380273 0.0001108213 0.9522551537 0.4760807229 0.0002946069 0.0419037057 0.8751910733 0.7892253138 0.7193465102 0.5876679786 0.0001331127 1.5507457254 1.5576093579 1.5826317119 0.0001308271 11.5195810905 11.5191804348 11.5191909257 136.4080705654 0.0000583131 0.0003919917 0.9834890341 0.5340251738 0.0859685265 0.0193694394
-84.9066187535 0.0007202445 0.9964171261 0.9998937584 0.0000144894 0.9992561788 0.8703087745 0.9707883607 0.4744223020 0.0010535739 0.0698291235 0.1457984232 0.0001108234 0.9522214126 0.4762472635 0.0002946148 0.0419047897 0.8752456781 0.7891985381 0.7196758054 0.5876973207 0.0001331346 1.5508735142 1.5577667138 1.5826892109 0.0001308495 11.5200357485 11.5196351581 11.5196456505 136.4083132960 0.0000583064 0.0003920023 0.9834868965 0.5340670619 0.0860542232 0.0193247588
-84.9064208658 0.0007202682 0.9964169770 0.9998937536 0.0000144898 0.9992561627 0.8701537847 0.9707815245 0.4746257386 0.0010535887 0.0696677711 0.1456155247 0.0001108254 0.9521872162 0.4763456780 0.0002946230 0.0419058965 0.8753109453 0.7891705913 0.7200308724 0.5877331046 0.0001331462 1.5510108372 1.5579425653 1.5827213820 0.0001308789 11.5195195300 11.5191191452 11.5191296393 136.4085348320 0.0000583005 0.0003920130 0.9834847512 0.5340964315 0.0861400695 0.0192477899
-84.9062216369 0.0007202924 0.9964168254 0.9998937487 0.0000144901 0.9992561463 0.8699814265 0.9707733504 0.4748734097 0.0010536038 0.0695130262 0.1454896857 0.0001108275 0.9521526045 0.4763648516 0.0002946312 0.0419070232 0.8753910955 0.7891423923 0.7204109596 0.5877765258 0.0001331714 1.5511723883 1.5581398975 1.5827811391 0.0001309138 11.5199223455 11.5195220851 11.5195325812 136.4087332266 0.0000582964 0.0003920240 0.9834826009 0.5341480988 0.0862258644 0.0191734387
-84.9060162978 0.0007203169 0.9964166715 0.9998937437 0.0000144905 0.9992561296 0.8697956067 0.9707639015 0.4751219694 0.0010536191 0.0693788067 0.1454323431 0.0001108297 0.9521176171 0.4763010827 0.0002946396 0.0419081684 0.8754851276 0.7891141190 0.7208143565 0.5878289880 0.0001331886 1.5513541054 1.5583617947 1.5828298340 0.0001309562 11.5194327213 11.5190327187 11.5190432172 136.4088987488 0.0000582946 0.0003920351 0.9834804473 0.5341904009 0.0863117607 0.0190700823
-84.9058096935 0.0007203418 0.9964165158 0.9998937386 0.0000144909 0.9992561127 0.8695909467 0.9707526188 0.4754151838 0.0010536347 0.0692534289 0.1454403786 0.0001108319 0.9520822943 0.4761476743 0.0002946481 0.0419093286 0.8755966496 0.7890871627 0.7212390556 0.5878921404 0.0001332184 1.5515825834 1.5586266497 1.5829191030 0.0001310070 11.5196834467 11.5192836530 11.5192941542 136.4090278730 0.0000582952 0.0003920464 0.9834782927 0.5342545118 0.0863976504 0.0189632881
-84.9055986727 0.0007203669 0.9964163587 0.9998937335 0.0000144912 0.9992560956 0.8693705981 0.9707401667 0.4757111514 0.0010536504 0.0691552898 0.1455284920 0.0001108341 0.9520466760 0.4758978961 0.0002946567 0.0419105015 0.8757242176 0.7890619126 0.7216814813 0.5879679228 0.0001332443 1.5518364569 1.5589172672 1.5830119488 0.0001310647 11.5192963672 11.5188968856 11.5189073900 136.4091120414 0.0000582994 0.0003920578 0.9834761386 0.5343147990 0.0864837006 0.0188347345
-84.9053865714 0.0007203922 0.9964162009 0.9998937283 0.0000144916 0.9992560784 0.8691314233 0.9707250900 0.4760478215 0.0010536662 0.0690700459 0.1456916916 0.0001108363 0.9520108024 0.4755501854 0.0002946654 0.0419116828 0.8758696990 0.7890401007 0.7221379819 0.5880586172 0.0001332823 1.5521680458 1.5592816898 1.5831617326 0.0001311356 11.5194643800 11.5190652034 11.5190757115 136.4091479947 0.0000583070 0.0003920693 0.9834739865 0.5343974212 0.0865699864 0.0186921975
-84.9051721546 0.0007204177 0.9964160429 0.9998937232 0.0000144920 0.9992560613 0.8688755446 0.9707084015 0.4763895269 0.0010536821 0.0690177792 0.1459462263 0.0001108385 0.9519747130 0.4750956700 0.0002946741 0.0419128688 0.8760309247 0.7890223436 0.7226029866 0.5881669301 0.0001333230 1.5525425101 1.5596857960 1.5833365274 0.0001312161 11.5193782639 11.5189794637 11.5189899763 136.4091293969 0.0000583201 0.0003920808 0.9834718378 0.5344865331 0.0866567931 0.0185305142
-84.9049562537 0.0007204431 0.9964158854 0.9998937180 0.0000144923 0.9992560443 0.8686033602 0.9706871647 0.4767594811 0.0010536980 0.0689852923 0.1462883860 0.0001108407 0.9519384470 0.4745375161 0.0002946828 0.0419140546 0.8762070495 0.7890104961 0.7230710011 0.5882960480 0.0001333761 1.5530639776 1.5602330407 1.5836025632 0.0001313217 11.5195363533 11.5191380100 11.5191485281 136.4090511173 0.0000583396 0.0003920924 0.9834696935 0.5346013155 0.0867445465 0.0183284088
-84.9047398679 0.0007204684 0.9964157295 0.9998937129 0.0000144927 0.9992560275 0.8683163094 0.9706621446 0.4771395037 0.0010537138 0.0689894720 0.1467337659 0.0001108429 0.9519020420 0.4738665511 0.0002946915 0.0419152340 0.8763951608 0.7890054507 0.7235344714 0.5884497017 0.0001334445 1.5537144643 1.5609002405 1.5839658570 0.0001314493 11.5198619820 11.5194641711 11.5194746961 136.4089056350 0.0000583697 0.0003921038 0.9834675546 0.5347445672 0.0868338536 0.0180969277
-84.9045212540 0.0007204934 0.9964155761 0.9998937078 0.0000144930 0.9992560111 0.8680195764 0.9706279686 0.4775222889 0.0010537294 0.0690247145 0.1472859473 0.0001108451 0.9518655341 0.4730875999 0.0002947000 0.0419163998 0.8765911087 0.7890089447 0.7239859818 0.5886322221 0.0001335397 1.5547174166 1.5619070965 1.5845700982 0.0001316307 11.5202781523 11.5198810934 11.5198916283 136.4086820968 0.0000584171 0.0003921151 0.9834654222 0.5349411847 0.0869257504 0.0177832164
-84.9043035476 0.0007205178 0.9964154269 0.9998937029 0.0000144934 0.9992559952 0.8677160180 0.9705833439 0.4779236705 0.0010537447 0.0690962030 0.1479605331 0.0001108472 0.9518289564 0.4721931074 0.0002947084 0.0419175411 0.8767914950 0.7890222913 0.7244169400 0.5888485522 0.0001336925 1.5561772436 1.5633313385 1.5855787540 0.0001318720 11.5216011829 11.5212050168 11.5212155665 136.4083706722 0.0000584966 0.0003921262 0.9834632974 0.5352414092 0.0870216491 0.0174256161
-84.9040832722 0.0007205415 0.9964152839 0.9998936981 0.0000144937 0.9992559802 0.8674156695 0.9705208148 0.4783099075 0.0010537594 0.0692125488 0.1487800714 0.0001108493 0.9517923394 0.4711806766 0.0002947165 0.0419186442 0.8769892717 0.7890467840 0.7248199457 0.5891042060 0.0001339341 1.5584465672 1.5654927996 1.5872877469 0.0001322185 11.5232745587 11.5228796719 11.5228902455 136.4079585664 0.0000586347 0.0003921369 0.9834611818 0.5357041404 0.0871239094 0.0169757691
-84.9038674899 0.0007205639 0.9964151501 0.9998936936 0.0000144940 0.9992559664 0.8671245063 0.9704354028 0.4787166970 0.0010537734 0.0693722355 0.1497822627 0.0001108513 0.9517557119 0.4700315655 0.0002947241 0.0419196883 0.8771801018 0.7890838391 0.7251904014 0.5894051164 0.0001343165 1.5615292572 1.5683605397 1.5897362651 0.0001326964 11.5275251520 11.5271317703 11.5271423793 136.4074387470 0.0000588554 0.0003921470 0.9834590785 0.5364206740 0.0872358885 0.0164289960
-84.9036828384 0.0007205844 0.9964150292 0.9998936894 0.0000144943 0.9992559542 0.8668442327 0.9703524774 0.4792060582 0.0010537863 0.0695885112 0.1510145312 0.0001108531 0.9517190981 0.4687140797 0.0002947312 0.0419206481 0.8773586602 0.7891337187 0.7255317823 0.5897574595 0.0001347804 1.5635608375 1.5700542914 1.5913850993 0.0001331518 11.5374723250 11.5370796610 11.5370903052 136.4068073088 0.0000591228 0.0003921563 0.9834569913 0.5372787707 0.0873632120 0.0159414333
-84.9035916897 0.0007206029 0.9964149229 0.9998936857 0.0000144946 0.9992559437 0.8665643918 0.9703525249 0.4800268444 0.0010537978 0.0698408505 0.1524873999 0.0001108547 0.9516825138 0.4672015852 0.0002947375 0.0419215114 0.8775241966 0.7891956878 0.7258655038 0.5901684050 0.0001351961 1.5603625395 1.5665547888 1.5892848562 0.0001330998 11.5600905473 11.5596949695 11.5597056227 136.4060710325 0.0000593199 0.0003921647 0.9834549203 0.5379777252 0.0875155875 0.0162270768
-84.9034913680 0.0007206205 0.9964148241 0.9998936822 0.0000144948 0.9992559342 0.8662880818 0.9705874387 0.4813896110 0.0010538088 0.0701392195 0.1541467351 0.0001108562 0.9516459718 0.4655277160 0.0002947435 0.0419223280 0.8776861675 0.7892681631 0.7262052805 0.5906550564 0.0001347583 1.5478560902 1.5543686941 1.5803657789 0.0001316902 11.5360720388 11.5356736094 11.5356842439 136.4050915538 0.0000593153 0.0003921726 0.9834528520 0.5366073338 0.0877122715 0.0176426840
-84.9033488000 0.0007206377 0.9964147269 0.9998936787 0.0000144951 0.9992559249 0.8660453201 0.9707357887 0.4821531909 0.0010538196 0.0705146910 0.1558899254 0.0001108577 0.9516096048 0.4638346163 0.0002947494 0.0419231342 0.8778133505 0.7893705219 0.7263699428 0.5912399207 0.0001342378 1.5411834065 1.5479151073 1.5753232781 0.0001308198 11.5117549709 11.5113561385 11.5113667490 136.4040118070 0.0000592269 0.0003921804 0.9834507919 0.5352412793 0.0879896783 0.0183339246
-84.9032129526 0.0007206548 0.9964146311 0.9998936753 0.0000144953 0.9992559156 0.8658493878 0.9707633955 0.4826242031 0.0010538302 0.0709124820 0.1575852449 0.0001108592 0.9515734911 0.4622560759 0.0002947553 0.0419239310 0.8778492969 0.7894793669 0.7263588983 0.5918346307 0.0001341815 1.5398832843 1.5466127726 1.5743406471 0.0001306510 11.5127119200 11.5123126447 11.5123232469 136.4030426656 0.0000592172 0.0003921881 0.9834487476 0.5349863744 0.0884354340 0.0184809565
-84.9032064918 0.0007206556 0.9964146269 0.9998936752 0.0000144953 0.9992559152 0.8658417202 0.9707638917 0.4826390708 0.0010538307 0.0709298757 0.1576571494 0.0001108593 0.9515719127 0.4621903104 0.0002947555 0.0419239658 0.8778496798 0.7894836832 0.7263563469 0.5918582038 0.0001341805 1.5398508458 1.5465803139 1.5743136203 0.0001306478 11.5127325200 11.5123332440 11.5123438460 136.4030099257 0.0000592172 0.0003921884 0.9834486582 0.5349813285 0.0884595264 0.0184821722
