-84.8778460421 0.0007238189 0.9963930407 0.9998930211 0.0000145444 0.9992536427 0.8755443662 0.9706315794 0.4958356748 0.0010558042 0.0744140039 0.1634577652 0.0001111359 0.9573595940 0.4650836211 0.0002958376 0.0420714433 0.8850263694 0.8002392355 0.7291245427 0.6079512501 0.0001303965 1.5462825703 1.5523868266 1.5758865970 0.0001301729 11.5181033666 11.5177073188 11.5177175427 136.4487654428 0.0000583811 0.0003936319 0.9856406496 0.5287451798 0.0891789245 0.0176326182
-84.8778295530 0.0007238207 0.9963930285 0.9998930207 0.0000145444 0.9992536416 0.8755380085 0.9706325208 0.4958525439 0.0010558053 0.0743960870 0.1634136593 0.0001111361 0.9573591207 0.4651182601 0.0002958382 0.0420715304 0.8850296250 0.8002396172 0.7291332504 0.6079559708 0.0001303900 1.5462621511 1.5523654411 1.5758765777 0.0001301661 11.5176055545 11.5172095416 11.5172197654 136.4487933435 0.0000583795 0.0003936328 0.9856405979 0.5287328697 0.0891970311 0.0176422252
-84.8777962745 0.0007238245 0.9963930041 0.9998930200 0.0000145445 0.9992536394 0.8755258339 0.9706344479 0.4958870260 0.0010558076 0.0743597525 0.1633207360 0.0001111364 0.9573581768 0.4651905441 0.0002958395 0.0420717038 0.8850359308 0.8002404623 0.7291501348 0.6079656838 0.0001303760 1.5462331728 1.5523359000 1.5758599753 0.0001301526 11.5164657582 11.5160698334 11.5160800571 136.4488483761 0.0000583760 0.0003936345 0.9856404950 0.5287062042 0.0892329775 0.0176564066
-84.8777465463 0.0007238300 0.9963929679 0.9998930188 0.0000145446 0.9992536362 0.8755105453 0.9706373227 0.4959226355 0.0010558111 0.0743057736 0.1631777448 0.0001111369 0.9573567675 0.4653033314 0.0002958414 0.0420719618 0.8850447283 0.8002418833 0.7291739339 0.6079809080 0.0001303554 1.5462025151 1.5523079358 1.5758316091 0.0001301342 11.5147555021 11.5143597205 11.5143699441 136.4489295550 0.0000583700 0.0003936370 0.9856403417 0.5286662353 0.0892862438 0.0176658076
-84.8776828881 0.0007238373 0.9963929201 0.9998930173 0.0000145447 0.9992536319 0.8754935689 0.9706401129 0.4959588460 0.0010558156 0.0742384457 0.1630005959 0.0001111375 0.9573549004 0.4654500569 0.0002958439 0.0420723018 0.8850555989 0.8002440367 0.7292028805 0.6080023464 0.0001303363 1.5461400103 1.5522480661 1.5757870725 0.0001301156 11.5133316293 11.5129359622 11.5129461855 136.4490364815 0.0000583647 0.0003936403 0.9856401392 0.5286297277 0.0893562489 0.0176829123
-84.8774878823 0.0007238463 0.9963928612 0.9998930155 0.0000145448 0.9992536266 0.8754679526 0.9706421213 0.4960234341 0.0010558213 0.0741634221 0.1627923175 0.0001111383 0.9573525843 0.4656239228 0.0002958470 0.0420727214 0.8850689768 0.8002473469 0.7292361616 0.6080307689 0.0001303236 1.5460524314 1.5521521402 1.5757709278 0.0001300966 11.5128028830 11.5124072255 11.5124174478 136.3988662944 0.0000583612 0.0003936444 0.9856398890 0.5286077789 0.0894429848 0.0177403934
-84.8774117033 0.0007238556 0.9963928004 0.9998930136 0.0000145450 0.9992536213 0.8754365788 0.9706424272 0.4961133170 0.0010558270 0.0740776960 0.1625560649 0.0001111391 0.9573498563 0.4658132353 0.0002958502 0.0420731542 0.8850803099 0.8002505039 0.7292664028 0.6080575642 0.0001303200 1.5460276235 1.5521159912 1.5758116306 0.0001300855 11.5130850487 11.5126893389 11.5126995600 136.3990043420 0.0000583574 0.0003936486 0.9856396088 0.5286036586 0.0895262152 0.0178011485
-84.8773316351 0.0007238651 0.9963927379 0.9998930116 0.0000145451 0.9992536158 0.8754068430 0.9706439037 0.4961788270 0.0010558330 0.0739922488 0.1623065119 0.0001111400 0.9573467266 0.4660169608 0.0002958534 0.0420735999 0.8850885315 0.8002529835 0.7292930005 0.6080826572 0.0001303094 1.5459891780 1.5520742569 1.5758196871 0.0001300708 11.5126204780 11.5122247887 11.5122350090 136.3991411991 0.0000583524 0.0003936530 0.9856392996 0.5285850058 0.0896062110 0.0178441930
-84.8772522282 0.0007238750 0.9963926738 0.9998930096 0.0000145453 0.9992536103 0.8753731043 0.9706444651 0.4962559471 0.0010558391 0.0739134721 0.1620543724 0.0001111408 0.9573432059 0.4662223792 0.0002958568 0.0420740570 0.8850960923 0.8002550989 0.7293161900 0.6081060448 0.0001303070 1.5459213471 1.5519943515 1.5758422590 0.0001300582 11.5131271584 11.5127313782 11.5127415971 136.3992796443 0.0000583501 0.0003936574 0.9856389626 0.5285838089 0.0896830011 0.0179171900
-84.8771709972 0.0007238850 0.9963926081 0.9998930075 0.0000145454 0.9992536047 0.8753361752 0.9706442634 0.4963512435 0.0010558454 0.0738246344 0.1617815020 0.0001111417 0.9573393045 0.4664391783 0.0002958602 0.0420745255 0.8851024246 0.8002570634 0.7293375304 0.6081277737 0.0001303073 1.5458979999 1.5519598755 1.5758929252 0.0001300493 11.5137929459 11.5133970724 11.5134072902 136.3994186336 0.0000583467 0.0003936620 0.9856385989 0.5285877478 0.0897569723 0.0179835232
-84.8770860458 0.0007238953 0.9963925409 0.9998930054 0.0000145456 0.9992535991 0.8753010201 0.9706456362 0.4964213109 0.0010558518 0.0737408521 0.1615050400 0.0001111426 0.9573350328 0.4666632225 0.0002958637 0.0420750055 0.8851064272 0.8002583163 0.7293562710 0.6081479279 0.0001302989 1.5458328712 1.5518899198 1.5758961048 0.0001300340 11.5136003079 11.5132044132 11.5132146300 136.3995556315 0.0000583427 0.0003936667 0.9856382094 0.5285740656 0.0898283511 0.0180394178
-84.8770014014 0.0007239058 0.9963924722 0.9998930032 0.0000145457 0.9992535933 0.8752618103 0.9706460255 0.4965086921 0.0010558584 0.0736578614 0.1612213144 0.0001111435 0.9573304016 0.4668891382 0.0002958674 0.0420754963 0.8851106852 0.8002594020 0.7293728936 0.6081666175 0.0001302979 1.5457669537 1.5518109728 1.5759272556 0.0001300214 11.5142452453 11.5138492384 11.5138594538 136.3996945133 0.0000583403 0.0003936715 0.9856377952 0.5285761315 0.0898971976 0.0181184937
-84.8769137521 0.0007239166 0.9963924019 0.9998930010 0.0000145459 0.9992535875 0.8752234062 0.9706465852 0.4965916248 0.0010558651 0.0735688648 0.1609243830 0.0001111445 0.9573254218 0.4671252019 0.0002958710 0.0420759981 0.8851132364 0.8002602149 0.7293880728 0.6081839614 0.0001302942 1.5457226803 1.5517608920 1.5759502101 0.0001300097 11.5145054563 11.5141093885 11.5141196028 136.3998332131 0.0000583360 0.0003936764 0.9856373573 0.5285718373 0.0899638210 0.0181765241
-84.8768243687 0.0007239276 0.9963923302 0.9998929988 0.0000145460 0.9992535816 0.8751850626 0.9706478497 0.4966628592 0.0010558719 0.0734887164 0.1606290717 0.0001111454 0.9573201040 0.4673621728 0.0002958748 0.0420765107 0.8851147562 0.8002604669 0.7294010223 0.6082000789 0.0001302883 1.5456339085 1.5516642737 1.5759504743 0.0001299940 11.5146550343 11.5142588973 11.5142691104 136.3999722735 0.0000583329 0.0003936814 0.9856368968 0.5285641094 0.0900283055 0.0182458946
-84.8767343128 0.0007239388 0.9963922570 0.9998929965 0.0000145462 0.9992535757 0.8751445595 0.9706479351 0.4967530591 0.0010558789 0.0734002647 0.1603210586 0.0001111464 0.9573144594 0.4676049437 0.0002958786 0.0420770341 0.8851164132 0.8002607730 0.7294127450 0.6082150885 0.0001302889 1.5455792552 1.5515996249 1.5759824196 0.0001299834 11.5153794479 11.5149831958 11.5149934077 136.4001135220 0.0000583297 0.0003936865 0.9856364148 0.5285691602 0.0900908415 0.0183177695
-84.8766401270 0.0007239503 0.9963921823 0.9998929941 0.0000145464 0.9992535696 0.8751069233 0.9706497090 0.4968156880 0.0010558861 0.0733158188 0.1600107412 0.0001111474 0.9573084988 0.4678536410 0.0002958826 0.0420775686 0.8851160198 0.8002605674 0.7294228857 0.6082290991 0.0001302793 1.5454962993 1.5515139382 1.5759695784 0.0001299665 11.5150832934 11.5146870192 11.5146972300 136.4002537744 0.0000583252 0.0003936917 0.9856359122 0.5285532771 0.0901516632 0.0183733154
-84.8765461814 0.0007239620 0.9963921062 0.9998929917 0.0000145466 0.9992535634 0.8750672764 0.9706504945 0.4968901965 0.0010558934 0.0732328451 0.1596970967 0.0001111484 0.9573022335 0.4681025553 0.0002958866 0.0420781137 0.8851161280 0.8002602339 0.7294315159 0.6082422118 0.0001302775 1.5454126068 1.5514200564 1.5759832959 0.0001299527 11.5156108016 11.5152144181 11.5152246277 136.4003966426 0.0000583226 0.0003936970 0.9856353904 0.5285540760 0.0902107517 0.0184498343
-84.8764493789 0.0007239739 0.9963920285 0.9998929892 0.0000145467 0.9992535571 0.8750295430 0.9706514356 0.4969582729 0.0010559008 0.0731446548 0.1593753516 0.0001111495 0.9572956747 0.4683589945 0.0002958906 0.0420786697 0.8851149788 0.8002597873 0.7294392567 0.6082545187 0.0001302732 1.5453482063 1.5513520516 1.5759875117 0.0001299399 11.5158028601 11.5154064138 11.5154166223 136.4005398277 0.0000583182 0.0003937024 0.9856348503 0.5285487626 0.0902683591 0.0185062404
-84.8763508902 0.0007239861 0.9963919493 0.9998929867 0.0000145469 0.9992535507 0.8749924912 0.9706529583 0.4970140057 0.0010559084 0.0730650411 0.1590567429 0.0001111505 0.9572888336 0.4686151078 0.0002958948 0.0420792366 0.8851131548 0.8002589045 0.7294454622 0.6082661018 0.0001302677 1.5452497430 1.5512470430 1.5759793493 0.0001299238 11.5159354575 11.5155389372 11.5155491445 136.4006841001 0.0000583151 0.0003937080 0.9856342932 0.5285418418 0.0903245498 0.0185749901
-84.8762513116 0.0007239985 0.9963918686 0.9998929842 0.0000145471 0.9992535443 0.8749550633 0.9706534435 0.4970842133 0.0010559161 0.0729767640 0.1587288807 0.0001111516 0.9572817213 0.4688765521 0.0002958990 0.0420798144 0.8851115760 0.8002581695 0.7294510275 0.6082770373 0.0001302675 1.5451866850 1.5511768911 1.5759972614 0.0001299127 11.5165049337 11.5161083102 11.5161185164 136.4008303147 0.0000583116 0.0003937136 0.9856337201 0.5285451948 0.0903794909 0.0186408529
-84.8761479572 0.0007240112 0.9963917863 0.9998929816 0.0000145473 0.9992535376 0.8749207690 0.9706554645 0.4971265331 0.0010559240 0.0728952307 0.1584032296 0.0001111527 0.9572743492 0.4691412651 0.0002959034 0.0420804036 0.8851083344 0.8002569860 0.7294555337 0.6082873922 0.0001302585 1.5450934042 1.5510810367 1.5759778391 0.0001298955 11.5162079730 11.5158113217 11.5158215270 136.4009762997 0.0000583076 0.0003937194 0.9856331320 0.5285308638 0.0904333537 0.0186971823
-84.8760446582 0.0007240240 0.9963917026 0.9998929789 0.0000145475 0.9992535309 0.8748852840 0.9706563174 0.4971840260 0.0010559320 0.0728111915 0.1580740090 0.0001111538 0.9572667286 0.4694069585 0.0002959078 0.0420810037 0.8851059733 0.8002558556 0.7294593396 0.6082972280 0.0001302580 1.5450171464 1.5509956833 1.5759937396 0.0001298827 11.5167376743 11.5163409140 11.5163511182 136.4011250374 0.0000583049 0.0003937252 0.9856325304 0.5285339848 0.0904861331 0.0187700554
-84.8759379602 0.0007240372 0.9963916172 0.9998929762 0.0000145477 0.9992535241 0.8748531647 0.9706578081 0.4972212672 0.0010559402 0.0727263639 0.1577423210 0.0001111550 0.9572588709 0.4696789320 0.0002959123 0.0420816153 0.8851022334 0.8002545595 0.7294627950 0.6083066016 0.0001302524 1.5449470275 1.5509233721 1.5759886277 0.0001298692 11.5167110519 11.5163142477 11.5163244509 136.4012741589 0.0000583007 0.0003937312 0.9856319161 0.5285262053 0.0905380495 0.0188219102
-84.8758303069 0.0007240505 0.9963915302 0.9998929735 0.0000145479 0.9992535171 0.8748212743 0.9706592405 0.4972556538 0.0010559485 0.0726476517 0.1574141344 0.0001111562 0.9572507875 0.4699495422 0.0002959168 0.0420822382 0.8850987416 0.8002530304 0.7294655772 0.6083155634 0.0001302499 1.5448631895 1.5508309876 1.5759957900 0.0001298548 11.5170026096 11.5166057165 11.5166159187 136.4014254130 0.0000582982 0.0003937373 0.9856312905 0.5285252362 0.0905890950 0.0188924164
-84.8757204154 0.0007240641 0.9963914417 0.9998929707 0.0000145481 0.9992535100 0.8747911362 0.9706601628 0.4972943289 0.0010559570 0.0725618627 0.1570807751 0.0001111573 0.9572424895 0.4702258438 0.0002959215 0.0420828726 0.8850951272 0.8002516413 0.7294685657 0.6083241628 0.0001302486 1.5448111075 1.5507735749 1.5760129982 0.0001298439 11.5173082694 11.5169113027 11.5169215041 136.4015780343 0.0000582946 0.0003937435 0.9856306545 0.5285261656 0.0906394509 0.0189495835
-84.8756077992 0.0007240780 0.9963913515 0.9998929679 0.0000145483 0.9992535027 0.8747635319 0.9706620563 0.4973101090 0.0010559656 0.0724857026 0.1567541485 0.0001111586 0.9572339883 0.4705019517 0.0002959262 0.0420835190 0.8850906913 0.8002498501 0.7294712811 0.6083324443 0.0001302434 1.5447336950 1.5506898573 1.5760152001 0.0001298287 11.5172162550 11.5168192411 11.5168294416 136.4017319498 0.0000582920 0.0003937498 0.9856300094 0.5285194914 0.0906891852 0.0190110208
-84.8754945615 0.0007240921 0.9963912596 0.9998929650 0.0000145485 0.9992534953 0.8747360275 0.9706626499 0.4973403487 0.0010559744 0.0724029652 0.1564241922 0.0001111598 0.9572252953 0.4707805492 0.0002959311 0.0420841770 0.8850872984 0.8002482790 0.7294745348 0.6083404521 0.0001302461 1.5446930277 1.5506393994 1.5760540627 0.0001298196 11.5178121855 11.5174150690 11.5174252686 136.4018885616 0.0000582898 0.0003937562 0.9856293564 0.5285286020 0.0907383551 0.0190766863
-84.8753770825 0.0007241065 0.9963911661 0.9998929620 0.0000145487 0.9992534877 0.8747125783 0.9706646438 0.4973406625 0.0010559834 0.0723265846 0.1560995988 0.0001111610 0.9572164215 0.4710617705 0.0002959360 0.0420848474 0.8850826695 0.8002464048 0.7294783110 0.6083482281 0.0001302399 1.5446394775 1.5505808463 1.5760641649 0.0001298056 11.5174725796 11.5170754507 11.5170856498 136.4020454345 0.0000582869 0.0003937627 0.9856286964 0.5285194658 0.0907871256 0.0191278277
-84.8752593528 0.0007241212 0.9963910708 0.9998929590 0.0000145489 0.9992534799 0.8746890103 0.9706656261 0.4973509039 0.0010559925 0.0722510253 0.1557782544 0.0001111623 0.9572073783 0.4713411196 0.0002959410 0.0420855296 0.8850793499 0.8002445747 0.7294829284 0.6083558137 0.0001302420 1.5446051556 1.5505336246 1.5761140108 0.0001297954 11.5178904128 11.5174931954 11.5175033938 136.4022052894 0.0000582857 0.0003937694 0.9856280308 0.5285274756 0.0908354226 0.0191972662
-84.8751383952 0.0007241361 0.9963909739 0.9998929559 0.0000145492 0.9992534720 0.8746691169 0.9706667791 0.4973439254 0.0010560018 0.0721752454 0.1554603120 0.0001111636 0.9571981769 0.4716234104 0.0002959461 0.0420862241 0.8850754496 0.8002427203 0.7294890414 0.6083632498 0.0001302415 1.5445903376 1.5505114043 1.5761550527 0.0001297867 11.5179368330 11.5175395806 11.5175497786 136.4023657815 0.0000582836 0.0003937762 0.9856273605 0.5285292066 0.0908833928 0.0192458193
-84.8750159275 0.0007241512 0.9963908752 0.9998929528 0.0000145494 0.9992534639 0.8746502910 0.9706680045 0.4973287580 0.0010560112 0.0721081186 0.1551524783 0.0001111650 0.9571888283 0.4719011249 0.0002959513 0.0420869308 0.8850722231 0.8002406468 0.7294965264 0.6083705774 0.0001302432 1.5445724659 1.5504794803 1.5762152762 0.0001297771 11.5181542298 11.5177569147 11.5177671122 136.4025283254 0.0000582833 0.0003937831 0.9856266869 0.5285362410 0.0909310267 0.0193108918
-84.8748911810 0.0007241667 0.9963907748 0.9998929496 0.0000145496 0.9992534557 0.8746334324 0.9706684337 0.4973179426 0.0010560209 0.0720357084 0.1548469407 0.0001111663 0.9571793433 0.4721800310 0.0002959565 0.0420876499 0.8850697419 0.8002387912 0.7295064920 0.6083778397 0.0001302480 1.5445962597 1.5504904429 1.5762957317 0.0001297725 11.5184657395 11.5180683738 11.5180785711 136.4026918932 0.0000582828 0.0003937901 0.9856260109 0.5285483562 0.0909784394 0.0193630785
-84.8747633648 0.0007241824 0.9963906727 0.9998929464 0.0000145499 0.9992534472 0.8746193473 0.9706697167 0.4972821497 0.0010560306 0.0719747508 0.1545557611 0.0001111677 0.9571697327 0.4724537856 0.0002959619 0.0420883816 0.8850671431 0.8002365866 0.7295188275 0.6083850803 0.0001302490 1.5446119547 1.5504915230 1.5763728305 0.0001297647 11.5183270597 11.5179296810 11.5179398782 136.4028560736 0.0000582834 0.0003937972 0.9856253336 0.5285531789 0.0910256595 0.0194169090
-84.8746348373 0.0007241983 0.9963905688 0.9998929431 0.0000145501 0.9992534386 0.8746053759 0.9706694958 0.4972599898 0.0010560406 0.0719087658 0.1542704575 0.0001111691 0.9571600072 0.4727236358 0.0002959674 0.0420891255 0.8850664636 0.8002346385 0.7295346530 0.6083923461 0.0001302592 1.5446757118 1.5505359073 1.5764960801 0.0001297641 11.5189112883 11.5185138427 11.5185240399 136.4030217396 0.0000582850 0.0003938045 0.9856246562 0.5285762620 0.0910726807 0.0194739695
-84.8745018857 0.0007242146 0.9963904631 0.9998929398 0.0000145503 0.9992534297 0.8745950319 0.9706703669 0.4972080529 0.0010560507 0.0718500488 0.1540002551 0.0001111705 0.9571501772 0.4729885189 0.0002959729 0.0420898820 0.8850655125 0.8002324308 0.7295543988 0.6083996874 0.0001302618 1.5447428045 1.5505870497 1.5766028797 0.0001297606 11.5185624196 11.5181650050 11.5181752026 136.4031859462 0.0000582868 0.0003938119 0.9856239796 0.5285831321 0.0911196153 0.0195142807
-84.8743685502 0.0007242311 0.9963903558 0.9998929364 0.0000145506 0.9992534207 0.8745839355 0.9706699983 0.4971670537 0.0010560610 0.0717914533 0.1537437843 0.0001111719 0.9571402531 0.4732427705 0.0002959786 0.0420906504 0.8850669114 0.8002302953 0.7295788722 0.6084071597 0.0001302737 1.5448464753 1.5506659301 1.5767621072 0.0001297623 11.5189648981 11.5185674457 11.5185776438 136.4033506606 0.0000582907 0.0003938193 0.9856233051 0.5286092655 0.0911663358 0.0195701887
-84.8742318719 0.0007242478 0.9963902467 0.9998929330 0.0000145508 0.9992534115 0.8745754632 0.9706694939 0.4971091920 0.0010560714 0.0717317009 0.1535028135 0.0001111734 0.9571302450 0.4734894181 0.0002959843 0.0420914308 0.8850688474 0.8002281363 0.7296092407 0.6084148256 0.0001302841 1.5449829845 1.5507816898 1.5769215566 0.0001297674 11.5189812541 11.5185838274 11.5185940263 136.4035126600 0.0000582947 0.0003938270 0.9856226335 0.5286309293 0.0912129244 0.0196020195
-84.8740937644 0.0007242648 0.9963901361 0.9998929295 0.0000145511 0.9992534022 0.8745663950 0.9706686741 0.4970472887 0.0010560820 0.0716771614 0.1532839521 0.0001111749 0.9571201626 0.4737195834 0.0002959901 0.0420922225 0.8850727815 0.8002257700 0.7296460517 0.6084227556 0.0001302986 1.5451392906 1.5509093462 1.5771172252 0.0001297738 11.5192099662 11.5188125424 11.5188227422 136.4036726261 0.0000583011 0.0003938347 0.9856219660 0.5286612252 0.0912593104 0.0196474317
-84.8739532953 0.0007242820 0.9963900239 0.9998929259 0.0000145514 0.9992533926 0.8745575238 0.9706667856 0.4969917641 0.0010560927 0.0716138092 0.1530812542 0.0001111764 0.9571100155 0.4739374603 0.0002959960 0.0420930254 0.8850786953 0.8002235731 0.7296910726 0.6084310328 0.0001303168 1.5453496908 1.5510918388 1.5773393025 0.0001297868 11.5194656645 11.5190682713 11.5190784725 136.4038280830 0.0000583083 0.0003938425 0.9856213036 0.5286974734 0.0913055446 0.0196748379
-84.8738100398 0.0007242995 0.9963899101 0.9998929223 0.0000145516 0.9992533829 0.8745486598 0.9706652940 0.4969179166 0.0010561036 0.0715572101 0.1529070070 0.0001111779 0.9570998129 0.4741345391 0.0002960020 0.0420938389 0.8850860360 0.8002209674 0.7297449723 0.6084397531 0.0001303331 1.5455726078 1.5512834904 1.5775740036 0.0001297991 11.5193181638 11.5189208435 11.5189310464 136.4039776417 0.0000583173 0.0003938505 0.9856206470 0.5287300121 0.0913515752 0.0197013181
-84.8736663310 0.0007243172 0.9963897951 0.9998929187 0.0000145519 0.9992533730 0.8745371758 0.9706618667 0.4968635037 0.0010561146 0.0714901138 0.1527534491 0.0001111794 0.9570895639 0.4743112294 0.0002960080 0.0420946621 0.8850966797 0.8002185088 0.7298097318 0.6084490315 0.0001303602 1.5458600714 1.5515351602 1.5778631053 0.0001298211 11.5198916055 11.5194943157 11.5195045205 136.4041207278 0.0000583282 0.0003938585 0.9856199974 0.5287833199 0.0913973312 0.0197245549
-84.8735186190 0.0007243350 0.9963896787 0.9998929150 0.0000145522 0.9992533629 0.8745257172 0.9706591432 0.4967869889 0.0010561257 0.0714269643 0.1526313495 0.0001111810 0.9570792771 0.4744636630 0.0002960141 0.0420954945 0.8851085718 0.8002155749 0.7298865766 0.6084590060 0.0001303807 1.5461637198 1.5518051228 1.5781448722 0.0001298420 11.5195214969 11.5191243450 11.5191345524 136.4042527523 0.0000583403 0.0003938666 0.9856193554 0.5288225331 0.0914428318 0.0197277762
-84.8733711385 0.0007243531 0.9963895612 0.9998929113 0.0000145524 0.9992533527 0.8745096604 0.9706546939 0.4967324348 0.0010561370 0.0713589089 0.1525382615 0.0001111826 0.9570689609 0.4745858678 0.0002960203 0.0420963345 0.8851243120 0.8002124758 0.7299772917 0.6084698454 0.0001304123 1.5465200965 1.5521195664 1.5784874730 0.0001298706 11.5199266877 11.5195296131 11.5195398231 136.4043739665 0.0000583552 0.0003938748 0.9856187222 0.5288839198 0.0914878740 0.0197407509
-84.8732208970 0.0007243712 0.9963894428 0.9998929076 0.0000145527 0.9992533424 0.8744923597 0.9706499826 0.4966659822 0.0010561483 0.0712899197 0.1524781752 0.0001111842 0.9570586233 0.4746789912 0.0002960265 0.0420971812 0.8851417745 0.8002088784 0.7300837710 0.6084817589 0.0001304419 1.5469126551 1.5524755060 1.5788272684 0.0001299034 11.5198427389 11.5194458216 11.5194560348 136.4044792744 0.0000583704 0.0003938831 0.9856180984 0.5289395581 0.0915324503 0.0197237308
-84.8730704604 0.0007243895 0.9963893236 0.9998929038 0.0000145530 0.9992533320 0.8744699405 0.9706443393 0.4966105580 0.0010561597 0.0712249068 0.1524563362 0.0001111858 0.9570482719 0.4747329627 0.0002960327 0.0420980331 0.8851626563 0.8002045487 0.7302073640 0.6084950052 0.0001304782 1.5473370745 1.5528552540 1.5792114373 0.0001299403 11.5201010810 11.5197042944 11.5197145111 136.4045676806 0.0000583889 0.0003938914 0.9856174848 0.5290087215 0.0915763683 0.0197167492
-84.8729184837 0.0007244079 0.9963892039 0.9998929000 0.0000145532 0.9992533215 0.8744440962 0.9706376033 0.4965658120 0.0010561711 0.0711556201 0.1524694381 0.0001111874 0.9570379137 0.4747509498 0.0002960390 0.0420988888 0.8851862125 0.8001995336 0.7303502261 0.6085099104 0.0001305169 1.5478067853 1.5532845172 1.5796039465 0.0001299843 11.5202236724 11.5198270670 11.5198372875 136.4046343078 0.0000584083 0.0003938997 0.9856168821 0.5290808991 0.0916195781 0.0196818123
-84.8727656782 0.0007244263 0.9963890839 0.9998928963 0.0000145535 0.9992533110 0.8744138031 0.9706306906 0.4965160560 0.0010561826 0.0710979733 0.1525281295 0.0001111890 0.9570275552 0.4747234300 0.0002960453 0.0420997465 0.8852124405 0.8001930971 0.7305131420 0.6085268849 0.0001305565 1.5482914605 1.5537264139 1.5800083432 0.0001300301 11.5201815095 11.5197851112 11.5197953361 136.4046768295 0.0000584300 0.0003939081 0.9856162910 0.5291545569 0.0916618936 0.0196424902
-84.8726133548 0.0007244447 0.9963889639 0.9998928925 0.0000145538 0.9992533005 0.8743783502 0.9706219088 0.4964901331 0.0010561940 0.0710374142 0.1526257367 0.0001111906 0.9570172023 0.4746522358 0.0002960516 0.0421006041 0.8852427914 0.8001855329 0.7306976737 0.6085464498 0.0001306043 1.5488210958 1.5542151357 1.5804309823 0.0001300860 11.5205888554 11.5201926575 11.5202028870 136.4046920653 0.0000584534 0.0003939165 0.9856157118 0.5292430936 0.0917031614 0.0195825890
-84.8724593647 0.0007244631 0.9963888442 0.9998928887 0.0000145541 0.9992532899 0.8743399601 0.9706133164 0.4964478056 0.0010562055 0.0709929799 0.1527735588 0.0001111922 0.9570068600 0.4745317562 0.0002960579 0.0421014599 0.8852764456 0.8001760460 0.7309037380 0.6085692681 0.0001306482 1.5493516997 1.5547112917 1.5808226571 0.0001301439 11.5202874338 11.5198915313 11.5199017661 136.4046757907 0.0000584785 0.0003939248 0.9856151451 0.5293224226 0.0917432369 0.0194917675
-84.8723076076 0.0007244813 0.9963887251 0.9998928849 0.0000145543 0.9992532795 0.8742966420 0.9706022317 0.4964309522 0.0010562168 0.0709518843 0.1529671416 0.0001111938 0.9569965328 0.4743604295 0.0002960641 0.0421023109 0.8853172450 0.8001651743 0.7311312318 0.6085961881 0.0001307053 1.5499246818 1.5552503730 1.5812358371 0.0001302151 11.5208717380 11.5204760856 11.5204863259 136.4046282060 0.0000585066 0.0003939331 0.9856145914 0.5294266734 0.0917818460 0.0193827738
-84.8721543741 0.0007244995 0.9963886071 0.9998928812 0.0000145546 0.9992532691 0.8742528872 0.9705905354 0.4963979162 0.0010562281 0.0709292294 0.1532147875 0.0001111953 0.9569862237 0.4741374778 0.0002960703 0.0421031552 0.8853653005 0.8001528216 0.7313786034 0.6086282978 0.0001307613 1.5505112325 1.5558157440 1.5816050238 0.0001302939 11.5206908784 11.5202956050 11.5203058520 136.4045457108 0.0000585379 0.0003939414 0.9856140506 0.5295260395 0.0918188885 0.0192183172
-84.8720038452 0.0007245174 0.9963884904 0.9998928775 0.0000145549 0.9992532589 0.8742077186 0.9705750454 0.4964061137 0.0010562393 0.0709175089 0.1535176305 0.0001111969 0.9569759355 0.4738588197 0.0002960765 0.0421039890 0.8854258598 0.8001401169 0.7316433084 0.6086669958 0.0001308386 1.5511790019 1.5564563184 1.5820507829 0.0001303915 11.5214148650 11.5210199392 11.5210301938 136.4044318208 0.0000585782 0.0003939495 0.9856135232 0.5296664640 0.0918540671 0.0190426802
-84.8718535674 0.0007245350 0.9963883757 0.9998928739 0.0000145552 0.9992532489 0.8741668722 0.9705560797 0.4964378067 0.0010562502 0.0709274682 0.1538840694 0.0001111984 0.9569656708 0.4735248775 0.0002960825 0.0421048094 0.8854995328 0.8001281623 0.7319218791 0.6087140880 0.0001309336 1.5519352679 1.5571854793 1.5825718904 0.0001305078 11.5219958029 11.5216013145 11.5216115789 136.4042851617 0.0000586319 0.0003939575 0.9856130091 0.5298400639 0.0918873363 0.0188379508
-84.8717077553 0.0007245522 0.9963882636 0.9998928704 0.0000145554 0.9992532392 0.8741317798 0.9705325339 0.4965241627 0.0010562610 0.0709536080 0.1543243782 0.0001111999 0.9569554331 0.4731288870 0.0002960884 0.0421056121 0.8855896568 0.8001187479 0.7322099617 0.6087719100 0.0001310600 1.5527410992 1.5579486066 1.5832383994 0.0001306416 11.5236882898 11.5232941584 11.5233044340 136.4041058841 0.0000587049 0.0003939654 0.9856125086 0.5300778779 0.0919186101 0.0186784793
-84.8715712369 0.0007245690 0.9963881544 0.9998928669 0.0000145557 0.9992532298 0.8741071614 0.9705094431 0.4966148877 0.0010562714 0.0710084070 0.1548573112 0.0001112014 0.9569452283 0.4726633253 0.0002960941 0.0421063938 0.8856939132 0.8001134571 0.7325039196 0.6088435104 0.0001311963 1.5531273546 1.5583214188 1.5836479988 0.0001307659 11.5270740054 11.5266799732 11.5266902585 136.4038858055 0.0000587857 0.0003939730 0.9856120218 0.5303403417 0.0919481525 0.0185717478
-84.8714567263 0.0007245853 0.9963880482 0.9998928636 0.0000145559 0.9992532208 0.8740915322 0.9704958101 0.4967576012 0.0010562816 0.0710908882 0.1555023125 0.0001112028 0.9569350628 0.4721119036 0.0002960997 0.0421071539 0.8858112205 0.8001138761 0.7328027891 0.6089329852 0.0001313028 1.5521742792 1.5574524361 1.5830330073 0.0001308201 11.5346297773 11.5342350491 11.5342453345 136.4036161892 0.0000588408 0.0003939804 0.9856115479 0.5305584907 0.0919766839 0.0185798002
-84.8713761066 0.0007246014 0.9963879438 0.9998928603 0.0000145561 0.9992532119 0.8740779332 0.9704950208 0.4969835253 0.0010562916 0.0712004142 0.1562648956 0.0001112042 0.9569249405 0.4714589513 0.0002961052 0.0421079022 0.8859375729 0.8001205570 0.7331129261 0.6090461735 0.0001313780 1.5496042359 1.5550695246 1.5811466204 0.0001307818 11.5504418708 11.5500450980 11.5500553683 136.4032947816 0.0000588410 0.0003939877 0.9856110833 0.5307340085 0.0920060479 0.0187568750
-84.8713068501 0.0007246177 0.9963878372 0.9998928569 0.0000145564 0.9992532028 0.8740584038 0.9704964754 0.4972785204 0.0010563018 0.0713127619 0.1571207266 0.0001112057 0.9569148576 0.4707055234 0.0002961108 0.0421086653 0.8860712188 0.8001331109 0.7334495380 0.6091932605 0.0001314466 1.5467997693 1.5524757574 1.5788603730 0.0001307331 11.5708513090 11.5704519774 11.5704622264 136.4029076008 0.0000587953 0.0003939951 0.9856106194 0.5308937268 0.0920405135 0.0188693971
-84.8710975137 0.0007246352 0.9963877237 0.9998928533 0.0000145567 0.9992531930 0.8740391136 0.9705740595 0.4975210367 0.0010563126 0.0714706680 0.1580215030 0.0001112072 0.9569048010 0.4698944419 0.0002961167 0.0421094776 0.8862198437 0.8001551920 0.7337823800 0.6093968932 0.0001308850 1.5432585623 1.5492617757 1.5752720137 0.0001302857 11.5316915374 11.5312949780 11.5313052196 136.4023116268 0.0000586672 0.0003940031 0.9856101447 0.5298008243 0.0920899693 0.0185975538
-84.8709274581 0.0007246529 0.9963876084 0.9998928497 0.0000145569 0.9992531829 0.8740273315 0.9706064896 0.4975433104 0.0010563237 0.0716699390 0.1589034542 0.0001112087 0.9568948123 0.4691121955 0.0002961228 0.0421103022 0.8863378504 0.8002025646 0.7339745710 0.6096750488 0.0001306588 1.5416365479 1.5477855314 1.5735786533 0.0001301067 11.5167835726 11.5163880979 11.5163983352 136.4017270546 0.0000586104 0.0003940111 0.9856096701 0.5293579077 0.0921736346 0.0184347507
-84.8707769080 0.0007246705 0.9963874934 0.9998928460 0.0000145572 0.9992531729 0.8740202458 0.9706098716 0.4975933890 0.0010563347 0.0718776152 0.1597227035 0.0001112103 0.9568849078 0.4684078988 0.0002961288 0.0421111245 0.8863939071 0.8002579327 0.7340489420 0.6099798887 0.0001306304 1.5411653934 1.5473567001 1.5730680165 0.0001300855 11.5150579716 11.5146627248 11.5146729610 136.4011870037 0.0000586028 0.0003940191 0.9856091991 0.5293018867 0.0923410959 0.0183553847
-84.8707634520 0.0007246721 0.9963874833 0.9998928457 0.0000145572 0.9992531720 0.8740196051 0.9706100144 0.4975958026 0.0010563356 0.0718956865 0.1597911689 0.0001112104 0.9568840438 0.4683500943 0.0002961293 0.0421111963 0.8863969870 0.8002624334 0.7340521817 0.6100045779 0.0001306287 1.5411373697 1.5473315479 1.5730344557 0.0001300848 11.5148864280 11.5144912101 11.5145014463 136.4011479127 0.0000586027 0.0003940198 0.9856091580 0.5292983911 0.0923611134 0.0183472607
