-83.3793476863 0.0392372422 0.8873543888 0.5067446388 
-83.3805233329 0.0392346443 0.8873716028 0.5067237469 
-83.3828758516 0.0392294462 0.8874060425 0.5066816827 
-83.3864076979 0.0392216436 0.8874577311 0.5066179537 
-83.3911225675 0.0392112296 0.8875267033 0.5065319871 
-83.3970254081 0.0391981952 0.8876130060 0.5064233088 
-83.4041222713 0.0391825296 0.8877166950 0.5062731944 
-83.4124214024 0.0391642174 0.8878378525 0.5061442277 
-83.4219310713 0.0391432439 0.8879765528 0.5060153800 
-83.4326607252 0.0391195921 0.8881328800 0.5058852212 
-83.4446208510 0.0390932436 0.8883069258 0.5057526223 
-83.4578229990 0.0390641779 0.8884987895 0.5056166666 
-83.4722798067 0.0390323728 0.8887085779 0.5054765706 
-83.4880050217 0.0389978044 0.8889364055 0.5053316179 
-83.5050135259 0.0389604469 0.8891823945 0.5051811016 
-83.5233213601 0.0389202725 0.8894466745 0.5050242732 
-83.5429457514 0.0388772516 0.8897293825 0.5048602945 
-83.5639051426 0.0388313527 0.8900306633 0.5046881913 
-83.5862192249 0.0387825422 0.8903506688 0.5045068082 
-83.6099089743 0.0387307846 0.8906895584 0.5043147726 
-83.6349966922 0.0386760424 0.8910474986 0.5041104817 
-83.6615060509 0.0386182760 0.8914246636 0.5038921478 
-83.6894621440 0.0385574434 0.8918212346 0.5036579783 
-83.7188915406 0.0384935008 0.8922374004 0.5034066626 
-83.7498223417 0.0384264017 0.8926733567 0.5031385216 
-83.7822842260 0.0383560977 0.8931293068 0.5028575971 
-83.7992963262 0.0383193014 0.8933676142 0.5027129007 
-83.8178870779 0.0382791278 0.8936275746 0.5025552406 
-83.8380743594 0.0382355483 0.8939093014 0.5023857257 
-83.8598775823 0.0381885319 0.8942129153 0.5022049341 
-83.8833177100 0.0381380453 0.8945385444 0.5020130421 
-83.9084172827 0.0380840529 0.8948863237 0.5018099133 
-83.9352004478 0.0380265169 0.8952563946 0.5015951516 
-83.9636929953 0.0379653970 0.8956489046 0.5013681244 
-83.9939223978 0.0379006508 0.8960640072 0.5011279592 
-84.0259178552 0.0378322334 0.8965018611 0.5008735167 
-84.0597103451 0.0377600976 0.8969626305 0.5006033421 
-84.0953326785 0.0376841935 0.8974464840 0.5003155925 
-84.1328195620 0.0376044690 0.8979535949 0.5000079421 
-84.1722076683 0.0375208696 0.8984841407 0.4996774621 
-84.2135357150 0.0374333378 0.8990383025 0.4993204803 
-84.2568445547 0.0373418139 0.8996162652 0.4989324352 
-84.3021772766 0.0372462351 0.9002182170 0.4985077658 
-84.3495793234 0.0371465359 0.9008443495 0.4980399359 
-84.3990986226 0.0370426478 0.9014948575 0.4975217672 
-84.4507857310 0.0369344993 0.9021699390 0.4969463688 
-84.5046940631 0.0368220151 0.9028697961 0.4963193684 
-84.5608804804 0.0367051157 0.9035946407 0.4957370428 
-84.6194036977 0.0365837206 0.9043446704 0.4953027751 
-84.6803224431 0.0364577522 0.9051200416 0.4950118189 
-83.7992963262 0.0383193014 0.8933676142 0.5027129007 
-83.8178870779 0.0382791278 0.8936275746 0.5025552406 
-83.8380743594 0.0382355483 0.8939093014 0.5023857257 
-83.8598775823 0.0381885319 0.8942129153 0.5022049341 
-83.8833177100 0.0381380453 0.8945385444 0.5020130421 
-83.9084172827 0.0380840529 0.8948863237 0.5018099133 
-83.9352004478 0.0380265169 0.8952563946 0.5015951516 
-83.9636929953 0.0379653970 0.8956489046 0.5013681244 
-83.9939223978 0.0379006508 0.8960640072 0.5011279592 
-84.0259178552 0.0378322334 0.8965018611 0.5008735167 
-84.0597103451 0.0377600976 0.8969626305 0.5006033421 
-84.0953326784 0.0376841935 0.8974464840 0.5003155925 
-84.1328195619 0.0376044690 0.8979535949 0.5000079421 
-84.1722076682 0.0375208696 0.8984841407 0.4996774621 
-84.2135357150 0.0374333378 0.8990383025 0.4993204803 
-84.2568445547 0.0373418139 0.8996162652 0.4989324352 
-84.3021772766 0.0372462351 0.9002182170 0.4985077658 
-84.3495793234 0.0371465359 0.9008443495 0.4980399359 
-84.3990986226 0.0370426478 0.9014948575 0.4975217672 
-84.4507857310 0.0369344993 0.9021699390 0.4969463688 
-84.5046940631 0.0368220151 0.9028697961 0.4963193684 
-84.5608804803 0.0367051157 0.9035946407 0.4957370428 
-84.6194036977 0.0365837206 0.9043446704 0.4953027751 
-84.6803224431 0.0364577522 0.9051200416 0.4950118189 
-84.6827508411 0.0364527389 0.9051509352 0.4950014842 
-84.6827508411 0.0364527389 0.9051509352 0.4950014842 
