-81.9648684487 0.0424797743 0.8654271390 0.5101451773 
-81.9648699310 0.0424797708 0.8654271591 0.5101384488 
-81.9648729192 0.0424797637 0.8654271998 0.5101250640 
-81.9648774605 0.0424797529 0.8654272619 0.5101051690 
-81.9648836249 0.0424797383 0.8654273467 0.5100789862 
-81.9648915047 0.0424797196 0.8654274558 0.5100468181 
-81.9649010601 0.0424796970 0.8654275885 0.5099930284 
-81.9649128427 0.0424796690 0.8654277547 0.5099561347 
-81.9649268222 0.0424796359 0.8654279539 0.5099197755 
-81.9649431245 0.0424795972 0.8654281883 0.5098840023 
-81.9649618736 0.0424795527 0.8654284602 0.5098488573 
-81.9649831921 0.0424795021 0.8654287717 0.5098143740 
-81.9650072008 0.0424794451 0.8654291250 0.5097805790 
-81.9650340184 0.0424793815 0.8654295222 0.5097474925 
-81.9650637622 0.0424793109 0.8654299654 0.5097151294 
-81.9650965473 0.0424792330 0.8654304567 0.5096835005 
-81.9651324869 0.0424791477 0.8654309980 0.5096526131 
-81.9651716925 0.0424790546 0.8654315915 0.5096224715 
-81.9652142737 0.0424789535 0.8654322389 0.5095930777 
-81.9652603380 0.0424788442 0.8654329423 0.5095644316 
-81.9653099914 0.0424787263 0.8654337036 0.5095365315 
-81.9653633379 0.0424785996 0.8654345245 0.5095093740 
-81.9654204797 0.0424784639 0.8654354069 0.5094829548 
-81.9654815172 0.0424783189 0.8654363525 0.5094572683 
-81.9655465492 0.0424781645 0.8654373632 0.5094323081 
-81.9656156728 0.0424780003 0.8654384406 0.5094080672 
-81.9656889835 0.0424778262 0.8654395865 0.5093845378 
-81.9657665751 0.0424776419 0.8654408024 0.5093617119 
-81.9658485399 0.0424774472 0.8654420900 0.5093395809 
-81.9659349688 0.0424772419 0.8654434510 0.5093181363 
-81.9660259509 0.0424770258 0.8654448869 0.5092973690 
-81.9661215744 0.0424767987 0.8654463991 0.5092772700 
-81.9662219256 0.0424765603 0.8654479894 0.5092578302 
-81.9663270900 0.0424763105 0.8654496591 0.5092390405 
-81.9664371513 0.0424760490 0.8654514097 0.5092208916 
-81.9665521923 0.0424757757 0.8654532427 0.5092033744 
-81.9666722946 0.0424754904 0.8654551595 0.5091864798 
-81.9667975385 0.0424751929 0.8654571615 0.5091701988 
-81.9669280032 0.0424748829 0.8654592501 0.5091545223 
-81.9670637671 0.0424745604 0.8654614266 0.5091394417 
-81.9672049072 0.0424742251 0.8654636925 0.5091249479 
-81.9673514999 0.0424738768 0.8654660489 0.5091110325 
-81.9675036203 0.0424735154 0.8654684973 0.5090976868 
-81.9676613430 0.0424731406 0.8654710389 0.5090849023 
-81.9678247414 0.0424727524 0.8654736749 0.5090726709 
-81.9679938883 0.0424723506 0.8654764068 0.5090609842 
-81.9681688557 0.0424719349 0.8654792356 0.5090498342 
-81.9683497148 0.0424715052 0.8654821626 0.5090392130 
-81.9685365361 0.0424710613 0.8654851890 0.5090291127 
-81.9687293895 0.0424706031 0.8654883161 0.5090195257 
-81.9689283444 0.0424701304 0.8654915449 0.5090104445 
-81.9691334693 0.0424696430 0.8654948768 0.5090018614 
-81.9693448325 0.0424691408 0.8654983128 0.5089937694 
-81.9695625016 0.0424686237 0.8655018541 0.5089861612 
-81.9697865437 0.0424680914 0.8655055019 0.5089790297 
-81.9700170257 0.0424675437 0.8655092572 0.5089723681 
-81.9702540138 0.0424669807 0.8655131213 0.5089661695 
-81.9704975740 0.0424664020 0.8655170952 0.5089604273 
-81.9707477719 0.0424658076 0.8655211800 0.5089551348 
-81.9710046729 0.0424651972 0.8655253769 0.5089502858 
-81.9712683420 0.0424645707 0.8655296869 0.5089458739 
-81.9715388442 0.0424639281 0.8655341112 0.5089418928 
-81.9718162439 0.0424632690 0.8655386508 0.5089383365 
-81.9721006056 0.0424625934 0.8655433068 0.5089351990 
-81.9723919938 0.0424619011 0.8655480803 0.5089324746 
-81.9726904725 0.0424611920 0.8655529723 0.5089301573 
-81.9729961059 0.0424604659 0.8655579840 0.5089282417 
-81.9733089581 0.0424597226 0.8655631164 0.5089267222 
-81.9736290932 0.0424589620 0.8655683705 0.5089255934 
-81.9739565753 0.0424581840 0.8655737475 0.5089248499 
-81.9742914684 0.0424573884 0.8655792484 0.5089244866 
-81.9746338367 0.0424565751 0.8655848743 0.5089244984 
-81.9749837446 0.0424557438 0.8655906262 0.5089248802 
-81.9753412564 0.0424548945 0.8655965052 0.5089256272 
-81.9757064367 0.0424540270 0.8656025123 0.5089267346 
-81.9760793503 0.0424531411 0.8656086487 0.5089281976 
-81.9764600621 0.0424522367 0.8656149154 0.5089300117 
-81.9768486374 0.0424513137 0.8656213135 0.5089321723 
-81.9772451415 0.0424503718 0.8656278441 0.5089346749 
-81.9776496402 0.0424494110 0.8656345081 0.5089375154 
-81.9780621997 0.0424484310 0.8656413068 0.5089406893 
-81.9784828863 0.0424474317 0.8656482412 0.5089441926 
-81.9789117668 0.0424464130 0.8656553124 0.5089480212 
-81.9793489084 0.0424453747 0.8656625215 0.5089521711 
-81.9797943787 0.0424443166 0.8656698696 0.5089566384 
-81.9802482457 0.0424432386 0.8656773578 0.5089614192 
-81.9807105780 0.0424421405 0.8656849872 0.5089665100 
-81.9811814446 0.0424410222 0.8656927590 0.5089719069 
-81.9816609151 0.0424398835 0.8657006742 0.5089776064 
-81.9821490595 0.0424387242 0.8657087341 0.5089836051 
-81.9826459485 0.0424375441 0.8657169398 0.5089898995 
-81.9831516534 0.0424363431 0.8657252923 0.5089964863 
-81.9836662461 0.0424351211 0.8657337930 0.5090033622 
-81.9841897991 0.0424338778 0.8657424429 0.5090105240 
-81.9847223856 0.0424326131 0.8657512433 0.5090179687 
-81.9852640795 0.0424313268 0.8657601953 0.5090256931 
-81.9858149555 0.0424300187 0.8657693001 0.5090336944 
-81.9863750889 0.0424286887 0.8657785590 0.5090419696 
-81.9869445559 0.0424273365 0.8657879732 0.5090505159 
-81.9875234333 0.0424259621 0.8657975440 0.5090593305 
-81.9881117990 0.0424245651 0.8658072725 0.5090684108 
-81.9887097315 0.0424231455 0.8658171600 0.5090777542 
-81.9893173103 0.0424217030 0.8658272079 0.5090873581 
-81.9899346157 0.0424202375 0.8658374174 0.5090972200 
-81.9905617289 0.0424187487 0.8658477898 0.5091073375 
-81.9911987321 0.0424172365 0.8658583265 0.5091177083 
-81.9918457085 0.0424157006 0.8658690287 0.5091283301 
-81.9925027421 0.0424141410 0.8658798979 0.5091392007 
-81.9931699182 0.0424125573 0.8658909353 0.5091503179 
-81.9938473228 0.0424109494 0.8659021424 0.5091616797 
-81.9945350432 0.0424093170 0.8659135206 0.5091732841 
-81.9952331676 0.0424076601 0.8659250713 0.5091851289 
-81.9959417854 0.0424059782 0.8659367959 0.5091972125 
-81.9966609872 0.0424042714 0.8659486958 0.5092095329 
-81.9973908645 0.0424025392 0.8659607726 0.5092220884 
-81.9981315102 0.0424007815 0.8659730276 0.5092348773 
-81.9988830183 0.0423989982 0.8659854625 0.5092478978 
-81.9996454840 0.0423971889 0.8659980787 0.5092611485 
-82.0004190038 0.0423953534 0.8660108778 0.5092746277 
-82.0012036754 0.0423934916 0.8660238613 0.5092883341 
-82.0019995978 0.0423916031 0.8660370309 0.5093022662 
-82.0028068715 0.0423896878 0.8660503880 0.5093164226 
-82.0036255980 0.0423877454 0.8660639344 0.5093308020 
-82.0044558803 0.0423857756 0.8660776716 0.5093454033 
-82.0052978230 0.0423837783 0.8660916014 0.5093602252 
-82.0061515318 0.0423817531 0.8661057254 0.5093752665 
-82.0070171140 0.0423796999 0.8661200454 0.5093905263 
-82.0078946783 0.0423776184 0.8661345630 0.5094060035 
-82.0087843348 0.0423755082 0.8661492801 0.5094216971 
-82.0096861954 0.0423733692 0.8661641983 0.5094376062 
-82.0106003733 0.0423712011 0.8661793195 0.5094537299 
-82.0115269831 0.0423690036 0.8661946456 0.5094700675 
-82.0124661414 0.0423667765 0.8662101783 0.5094866181 
-82.0134179661 0.0423645194 0.8662259196 0.5095033810 
-82.0143825767 0.0423622321 0.8662418713 0.5095203556 
-82.0153600947 0.0423599143 0.8662580354 0.5095375413 
-82.0163506429 0.0423575658 0.8662744139 0.5095549373 
-82.0173543460 0.0423551861 0.8662910086 0.5095725433 
-82.0183713304 0.0423527752 0.8663078217 0.5095903585 
-82.0194017242 0.0423503325 0.8663248551 0.5096083827 
-82.0204456575 0.0423478579 0.8663421109 0.5096266152 
-82.0215032620 0.0423453510 0.8663595913 0.5096450557 
-82.0225746712 0.0423428116 0.8663772982 0.5096637037 
-82.0236600207 0.0423402392 0.8663952339 0.5096825588 
-82.0247594479 0.0423376336 0.8664134005 0.5097016205 
-82.0258730920 0.0423349945 0.8664318003 0.5097208886 
-82.0270010944 0.0423323215 0.8664504355 0.5097403625 
-82.0281435982 0.0423296143 0.8664693084 0.5097600417 
-82.0293007487 0.0423268725 0.8664884211 0.5097799258 
-82.0304726933 0.0423240959 0.8665077762 0.5098000142 
-82.0316595812 0.0423212840 0.8665273759 0.5098203062 
-82.0328615640 0.0423184365 0.8665472227 0.5098408012 
-82.0340787953 0.0423155531 0.8665673189 0.5098614983 
-82.0353114308 0.0423126334 0.8665876671 0.5098823965 
-82.0365596286 0.0423096770 0.8666082697 0.5099034948 
-82.0378235489 0.0423066836 0.8666291292 0.5099247916 
-82.0391033542 0.0423036528 0.8666502483 0.5099462854 
-82.0403992093 0.0423005841 0.8666716295 0.5099679743 
-82.0417112812 0.0422974773 0.8666932755 0.5099898561 
-82.0430397397 0.0422943318 0.8667151889 0.5100119280 
-82.0443847567 0.0422911474 0.8667373724 0.5100341870 
-82.0457465065 0.0422879236 0.8667598289 0.5100566292 
-82.0471251663 0.0422846599 0.8667825610 0.5100792502 
-82.0485209154 0.0422813561 0.8668055717 0.5101020449 
-82.0499339361 0.0422780116 0.8668288638 0.5101250071 
-82.0513644132 0.0422746261 0.8668524401 0.5101481297 
-82.0528125343 0.0422711990 0.8668763037 0.5101714042 
-82.0542784896 0.0422677300 0.8669004575 0.5101948208 
-82.0557624725 0.0422642186 0.8669249047 0.5102183679 
-82.0572646790 0.0422606644 0.8669496482 0.5102420320 
-82.0587853084 0.0422570669 0.8669746912 0.5102657975 
-82.0603245629 0.0422534255 0.8670000369 0.5102896460 
-82.0618826480 0.0422497400 0.8670256885 0.5103135563 
-82.0634597726 0.0422460096 0.8670516493 0.5103375036 
-82.0650561487 0.0422422341 0.8670779227 0.5103614593 
-82.0666719923 0.0422384129 0.8671045119 0.5103853903 
-82.0683075228 0.0422345454 0.8671314206 0.5104092581 
-82.0699629636 0.0422306311 0.8671586521 0.5104330186 
-82.0716385422 0.0422266696 0.8671862101 0.5104566207 
-82.0733344901 0.0422226603 0.8672140982 0.5104800061 
-82.0750510437 0.0422186026 0.8672423201 0.5105031074 
-82.0767884439 0.0422144960 0.8672708796 0.5105258481 
-82.0785469366 0.0422103399 0.8672997806 0.5105481405 
-82.0803267732 0.0422061338 0.8673290270 0.5105698854 
-82.0821282110 0.0422018770 0.8673586229 0.5105909704 
-82.0839515131 0.0421975689 0.8673885724 0.5106112691 
-82.0857969495 0.0421932090 0.8674188798 0.5106306402 
-82.0876647973 0.0421887965 0.8674495495 0.5106489271 
-82.0895553414 0.0421843309 0.8674805860 0.5106659577 
-82.0914688748 0.0421798114 0.8675119939 0.5106815458 
-82.0934056999 0.0421752373 0.8675437779 0.5106954930 
-82.0953661288 0.0421706079 0.8675759432 0.5107075937 
-82.0973504842 0.0421659226 0.8676084947 0.5107176427 
-82.0993591003 0.0421611804 0.8676414378 0.5107254475 
-82.1013923240 0.0421563806 0.8676747781 0.5107308480 
-82.1034505151 0.0421515224 0.8677085213 0.5107337469 
-82.1055340478 0.0421466050 0.8677426734 0.5107341543 
-82.1076433109 0.0421416273 0.8677772407 0.5107322529 
-82.1097787085 0.0421365885 0.8678122296 0.5107284780 
-82.1119406586 0.0421314876 0.8678476470 0.5107235921 
-82.1141295916 0.0421263236 0.8678834996 0.5107186951 
-82.1152377635 0.0421237095 0.8679016480 0.5107164101 
-82.1163735478 0.0421210304 0.8679202480 0.5107130829 
-82.1175371698 0.0421182858 0.8679393032 0.5107089346 
-82.1187288621 0.0421154752 0.8679588173 0.5107041464 
-82.1199488645 0.0421125980 0.8679787941 0.5106988658 
-82.1211974233 0.0421096536 0.8679992377 0.5106932120 
-82.1224747912 0.0421066414 0.8680201521 0.5106872804 
-82.1237812271 0.0421035610 0.8680415414 0.5106811469 
-82.1251169955 0.0421004115 0.8680634100 0.5106748711 
-82.1264823671 0.0420971925 0.8680857621 0.5106684997 
-82.1278776180 0.0420939033 0.8681086022 0.5106620684 
-82.1293030301 0.0420905432 0.8681319349 0.5106556044 
-82.1307588910 0.0420871116 0.8681557647 0.5106491283 
-82.1322454939 0.0420836078 0.8681800963 0.5106426548 
-82.1337631376 0.0420800311 0.8682049346 0.5106361948 
-82.1353121266 0.0420763808 0.8682302843 0.5106297555 
-82.1368927713 0.0420726562 0.8682561506 0.5106233415 
-82.1385053877 0.0420688566 0.8682825383 0.5106169555 
-82.1401502976 0.0420649812 0.8683094528 0.5106105983 
-82.1418278288 0.0420610292 0.8683368991 0.5106042697 
-82.1435383151 0.0420570000 0.8683648826 0.5105979684 
-82.1452820962 0.0420528927 0.8683934087 0.5105916922 
-82.1470595180 0.0420487066 0.8684224830 0.5105854387 
-82.1488709325 0.0420444408 0.8684521110 0.5105792045 
-82.1507166980 0.0420400945 0.8684822984 0.5105729861 
-82.1525971790 0.0420356669 0.8685130510 0.5105667796 
-82.1545127467 0.0420311570 0.8685443748 0.5105605810 
-82.1564637786 0.0420265642 0.8685762756 0.5105543859 
-82.1584506587 0.0420218874 0.8686087596 0.5105481899 
-82.1604737778 0.0420171258 0.8686418330 0.5105419884 
-82.1625335335 0.0420122785 0.8686755020 0.5105357767 
-82.1646303302 0.0420073446 0.8687097730 0.5105295501 
-82.1667645791 0.0420023230 0.8687446526 0.5105233036 
-82.1689366987 0.0419972129 0.8687801473 0.5105170325 
-82.1711471144 0.0419920133 0.8688162638 0.5105107317 
-82.1733962590 0.0419867232 0.8688530090 0.5105043963 
-82.1756845725 0.0419813416 0.8688903897 0.5104980213 
-82.1780125024 0.0419758675 0.8689284131 0.5104916017 
-82.1803805037 0.0419702998 0.8689670861 0.5104851325 
-82.1827890391 0.0419646374 0.8690064162 0.5104786087 
-82.1852385789 0.0419588794 0.8690464106 0.5104720251 
-82.1877296015 0.0419530246 0.8690870769 0.5104653769 
-82.1902625929 0.0419470720 0.8691284227 0.5104586588 
-82.1928380474 0.0419410203 0.8691704556 0.5104518659 
-82.1954564674 0.0419348685 0.8692131835 0.5104449931 
-82.1981183637 0.0419286154 0.8692566144 0.5104380354 
-82.2008242553 0.0419222598 0.8693007564 0.5104309877 
-82.2035746699 0.0419158006 0.8693456176 0.5104238450 
-82.2063701437 0.0419092364 0.8693912064 0.5104166022 
-82.2092112217 0.0419025661 0.8694375313 0.5104092543 
-82.2120984579 0.0418957885 0.8694846008 0.5104017963 
-82.2150324151 0.0418889021 0.8695324237 0.5103942232 
-82.2180136653 0.0418819059 0.8695810087 0.5103865298 
-82.2210427899 0.0418747984 0.8696303650 0.5103787113 
-82.2241203794 0.0418675782 0.8696805015 0.5103707625 
-82.2272470341 0.0418602442 0.8697314276 0.5103626784 
-82.2304233636 0.0418527948 0.8697831526 0.5103544540 
-82.2336499877 0.0418452287 0.8698356860 0.5103460843 
-82.2369275359 0.0418375445 0.8698890376 0.5103375642 
-82.2402566476 0.0418297407 0.8699432170 0.5103288887 
-82.2436379727 0.0418218159 0.8699982343 0.5103200528 
-82.2470721712 0.0418137685 0.8700540996 0.5103110514 
-82.2505599138 0.0418055971 0.8701108231 0.5103018795 
-82.2541018817 0.0417973002 0.8701684151 0.5102925320 
-82.2576987669 0.0417888762 0.8702268863 0.5102830038 
-82.2613512722 0.0417803235 0.8702862472 0.5102732899 
-82.2650601119 0.0417716405 0.8703465088 0.5102633852 
-82.2688260111 0.0417628256 0.8704076820 0.5102532846 
-82.2726497065 0.0417538771 0.8704697780 0.5102429829 
-82.2765319464 0.0417447935 0.8705328080 0.5102324752 
-82.2804734908 0.0417355729 0.8705967836 0.5102217561 
-82.2844751117 0.0417262137 0.8706617164 0.5102108206 
-82.2885375929 0.0417167142 0.8707276181 0.5101996635 
-82.2926617307 0.0417070724 0.8707945007 0.5101882797 
-82.2968483337 0.0416972867 0.8708623763 0.5101766638 
-82.3010982232 0.0416873553 0.8709312573 0.5101648107 
-82.3054122332 0.0416772762 0.8710011560 0.5101527152 
-82.3097912106 0.0416670476 0.8710720851 0.5101403719 
-82.3142360156 0.0416566676 0.8711440574 0.5101277755 
-82.3187475217 0.0416461342 0.8712170859 0.5101149208 
-82.3233266158 0.0416354455 0.8712911837 0.5101018023 
-82.3279741987 0.0416245996 0.8713663641 0.5100884148 
-82.3326911850 0.0416135943 0.8714426406 0.5100747527 
-82.3374785036 0.0416024276 0.8715200270 0.5100608107 
-82.3423370974 0.0415910975 0.8715985371 0.5100465833 
-82.3472679243 0.0415796018 0.8716781850 0.5100320650 
-82.3522719565 0.0415679384 0.8717589848 0.5100172501 
-82.3573501815 0.0415561052 0.8718409511 0.5100021333 
-82.3625036019 0.0415440999 0.8719240984 0.5099867087 
-82.3677332356 0.0415319203 0.8720084416 0.5099709709 
-82.3730401164 0.0415195641 0.8720939957 0.5099549140 
-82.3784252936 0.0415070291 0.8721807759 0.5099385324 
-82.3838898329 0.0414943129 0.8722687975 0.5099218202 
-82.3894348163 0.0414814131 0.8723580763 0.5099047717 
-82.3950613422 0.0414683274 0.8724486279 0.5098873810 
-82.4007705261 0.0414550534 0.8725404685 0.5098696421 
-82.4065635005 0.0414415884 0.8726336141 0.5098515490 
-82.4124414150 0.0414279302 0.8727280813 0.5098330958 
-82.4184054371 0.0414140761 0.8728238866 0.5098142764 
-82.4244567520 0.0414000236 0.8729210469 0.5097950846 
-82.4305965631 0.0413857700 0.8730195793 0.5097755143 
-82.4368260922 0.0413713127 0.8731195010 0.5097555591 
-82.4431465796 0.0413566491 0.8732208295 0.5097352129 
-82.4495592848 0.0413417764 0.8733235824 0.5097144692 
-82.4560654864 0.0413266919 0.8734277778 0.5096933215 
-82.4626664827 0.0413113927 0.8735334337 0.5096717634 
-82.4693635914 0.0412958761 0.8736405685 0.5096497884 
-82.4761581509 0.0412801392 0.8737492007 0.5096273897 
-82.4830515197 0.0412641791 0.8738593493 0.5096045607 
-82.4900450771 0.0412479928 0.8739710332 0.5095812946 
-82.4971402234 0.0412315773 0.8740842718 0.5095575845 
-82.5043383805 0.0412149296 0.8741990844 0.5095334235 
-82.5116409919 0.0411980466 0.8743154909 0.5095088045 
-82.5190495230 0.0411809253 0.8744335113 0.5094837204 
-82.5265654618 0.0411635624 0.8745531656 0.5094581641 
-82.5341903190 0.0411459548 0.8746744745 0.5094321282 
-82.5419256283 0.0411280991 0.8747974585 0.5094056054 
-82.5497729471 0.0411099922 0.8749221387 0.5093785882 
-82.5577338562 0.0410916307 0.8750485361 0.5093510690 
-82.5658099609 0.0410730112 0.8751766721 0.5093230401 
-82.5740028909 0.0410541302 0.8753065686 0.5092944937 
-82.5823143011 0.0410349844 0.8754382473 0.5092654220 
-82.5907458714 0.0410155702 0.8755717305 0.5092358168 
-82.5992993077 0.0409958839 0.8757070405 0.5092056701 
-82.6079763419 0.0409759221 0.8758442000 0.5091749736 
-82.6167787325 0.0409556810 0.8759832320 0.5091437189 
-82.6257082650 0.0409351570 0.8761241595 0.5091118975 
-82.6347667523 0.0409143462 0.8762670062 0.5090795006 
-82.6439560351 0.0408932449 0.8764117955 0.5090465195 
-82.6532779825 0.0408718492 0.8765585515 0.5090129451 
-82.6627344922 0.0408501551 0.8767072984 0.5089787683 
-82.6723274913 0.0408281587 0.8768580607 0.5089439799 
-82.6820589363 0.0408058560 0.8770108631 0.5089085701 
-82.6919308141 0.0407832430 0.8771657306 0.5088725295 
-82.7019451422 0.0407603154 0.8773226884 0.5088358479 
-82.7121039691 0.0407370691 0.8774817621 0.5087985154 
-82.7224093751 0.0407134998 0.8776429775 0.5087605215 
-82.7328634725 0.0406896033 0.8778063606 0.5087218556 
-82.7434684066 0.0406653752 0.8779719378 0.5086825068 
-82.7542263556 0.0406408111 0.8781397357 0.5086424640 
-82.7651395315 0.0406159065 0.8783097810 0.5086017156 
-82.7762101810 0.0405906568 0.8784821011 0.5085602498 
-82.7874405852 0.0405650576 0.8786567232 0.5085180545 
-82.7988330610 0.0405391042 0.8788336750 0.5084751170 
-82.8103899614 0.0405127918 0.8790129845 0.5084314244 
-82.8221136759 0.0404861156 0.8791946800 0.5083869631 
-82.8340066313 0.0404590709 0.8793787898 0.5083417191 
-82.8460712926 0.0404316528 0.8795653428 0.5082956779 
-82.8583101630 0.0404038562 0.8797543680 0.5082488243 
-82.8707257852 0.0403756762 0.8799458947 0.5082011422 
-82.8833207417 0.0403471076 0.8801399525 0.5081526151 
-82.8960976556 0.0403181454 0.8803365711 0.5081032253 
-82.9090591912 0.0402887842 0.8805357808 0.5080529544 
-82.9222080549 0.0402590188 0.8807376119 0.5080017827 
-82.9355469959 0.0402288438 0.8809420950 0.5079496895 
-82.9490788066 0.0401982539 0.8811492611 0.5078966525 
-82.9628063241 0.0401672434 0.8813591414 0.5078426480 
-82.9767324300 0.0401358069 0.8815717673 0.5077876505 
-82.9908600521 0.0401039386 0.8817871706 0.5077316326 
-83.0051921649 0.0400716329 0.8820053831 0.5076745645 
-83.0197317900 0.0400388839 0.8822264373 0.5076164140 
-83.0344819979 0.0400056859 0.8824503655 0.5075571460 
-83.0494459081 0.0399720329 0.8826772005 0.5074967218 
-83.0646266902 0.0399379187 0.8829069754 0.5074350994 
-83.0800275652 0.0399033375 0.8831397235 0.5073722319 
-83.0956518060 0.0398682829 0.8833754782 0.5073080679 
-83.1115027387 0.0398327487 0.8836142735 0.5072425500 
-83.1275837436 0.0397967287 0.8838561433 0.5071756143 
-83.1438982563 0.0397602163 0.8841011219 0.5071071894 
-83.1604497685 0.0397232050 0.8843492439 0.5070371954 
-83.1772418297 0.0396856884 0.8846005441 0.5069655421 
-83.1942780480 0.0396476597 0.8848550575 0.5068921282 
-83.2115620915 0.0396091122 0.8851128194 0.5068168389 
-83.2290976897 0.0395700390 0.8853738654 0.5067395444 
-83.2468886346 0.0395304332 0.8856382312 0.5066600974 
-83.2649387825 0.0394902878 0.8859059528 0.5065783304 
-83.2832520554 0.0394495956 0.8861770666 0.5064940528 
-83.3018324423 0.0394083495 0.8864516090 0.5064070475 
-83.3206840016 0.0393665421 0.8867296169 0.5063170668 
-83.3398108623 0.0393241660 0.8870111271 0.5062238282 
-83.3592172261 0.0392812138 0.8872961770 0.5061270092 
-83.3789073697 0.0392376777 0.8875848042 0.5060262421 
-83.3988856467 0.0391935501 0.8878770463 0.5059211078 
-83.4191564904 0.0391488232 0.8881729415 0.5058111295 
-83.4397244159 0.0391034890 0.8884725281 0.5056957660 
-83.4605940234 0.0390575394 0.8887758446 0.5055744053 
-83.4817700008 0.0390109663 0.8890829302 0.5054463590 
-83.5032571275 0.0389637613 0.8893938239 0.5053108583 
-83.5250602773 0.0389159160 0.8897085654 0.5051670535 
-83.5471844230 0.0388674218 0.8900271947 0.5050140203 
-83.5696346401 0.0388182700 0.8903497521 0.5048507758 
-83.5924161117 0.0387684517 0.8906762783 0.5046763169 
-83.6155341332 0.0387179578 0.8910068146 0.5044897139 
-83.6389941191 0.0386667793 0.8913414027 0.5042903737 
-83.6628016122 0.0386149066 0.8916800848 0.5040788172 
-83.6869622973 0.0385623301 0.8920229041 0.5038583509 
-83.7114820027 0.0385090401 0.8923699044 0.5036362516 
-83.7363666598 0.0384550265 0.8927211294 0.5034213333 
-83.7616222469 0.0384002795 0.8930766223 0.5032201061 
-83.7872547644 0.0383447891 0.8934364249 0.5030357109 
-82.1152377635 0.0421237095 0.8679016480 0.5107164101 
-82.1163735478 0.0421210304 0.8679202480 0.5107130829 
-82.1175371698 0.0421182858 0.8679393032 0.5107089346 
-82.1187288621 0.0421154752 0.8679588173 0.5107041464 
-82.1199488645 0.0421125980 0.8679787941 0.5106988658 
-82.1211974233 0.0421096536 0.8679992377 0.5106932120 
-82.1224747912 0.0421066414 0.8680201521 0.5106872804 
-82.1237812271 0.0421035610 0.8680415414 0.5106811469 
-82.1251169955 0.0421004115 0.8680634100 0.5106748711 
-82.1264823671 0.0420971925 0.8680857621 0.5106684997 
-82.1278776180 0.0420939033 0.8681086022 0.5106620684 
-82.1293030301 0.0420905432 0.8681319349 0.5106556044 
-82.1307588910 0.0420871116 0.8681557647 0.5106491283 
-82.1322454939 0.0420836078 0.8681800963 0.5106426548 
-82.1337631376 0.0420800311 0.8682049346 0.5106361948 
-82.1353121266 0.0420763808 0.8682302843 0.5106297555 
-82.1368927713 0.0420726562 0.8682561506 0.5106233415 
-82.1385053877 0.0420688566 0.8682825383 0.5106169555 
-82.1401502976 0.0420649812 0.8683094528 0.5106105983 
-82.1418278288 0.0420610292 0.8683368991 0.5106042697 
-82.1435383151 0.0420570000 0.8683648826 0.5105979684 
-82.1452820962 0.0420528927 0.8683934087 0.5105916922 
-82.1470595180 0.0420487066 0.8684224830 0.5105854387 
-82.1488709325 0.0420444408 0.8684521110 0.5105792045 
-82.1507166980 0.0420400945 0.8684822984 0.5105729861 
-82.1525971790 0.0420356669 0.8685130510 0.5105667796 
-82.1545127467 0.0420311570 0.8685443748 0.5105605810 
-82.1564637786 0.0420265642 0.8685762756 0.5105543859 
-82.1584506587 0.0420218874 0.8686087596 0.5105481899 
-82.1604737778 0.0420171258 0.8686418330 0.5105419884 
-82.1625335335 0.0420122785 0.8686755020 0.5105357767 
-82.1646303302 0.0420073446 0.8687097730 0.5105295501 
-82.1667645791 0.0420023230 0.8687446526 0.5105233036 
-82.1689366987 0.0419972129 0.8687801473 0.5105170325 
-82.1711471144 0.0419920133 0.8688162638 0.5105107317 
-82.1733962590 0.0419867232 0.8688530090 0.5105043963 
-82.1756845725 0.0419813416 0.8688903897 0.5104980213 
-82.1780125024 0.0419758675 0.8689284131 0.5104916017 
-82.1803805037 0.0419702998 0.8689670861 0.5104851325 
-82.1827890391 0.0419646374 0.8690064162 0.5104786087 
-82.1852385789 0.0419588794 0.8690464106 0.5104720251 
-82.1877296015 0.0419530246 0.8690870769 0.5104653769 
-82.1902625929 0.0419470720 0.8691284227 0.5104586588 
-82.1928380474 0.0419410203 0.8691704556 0.5104518659 
-82.1954564674 0.0419348685 0.8692131835 0.5104449931 
-82.1981183637 0.0419286154 0.8692566144 0.5104380354 
-82.2008242553 0.0419222598 0.8693007564 0.5104309877 
-82.2035746699 0.0419158006 0.8693456176 0.5104238450 
-82.2063701437 0.0419092364 0.8693912064 0.5104166022 
-82.2092112217 0.0419025661 0.8694375313 0.5104092543 
-82.2120984579 0.0418957885 0.8694846008 0.5104017963 
-82.2150324151 0.0418889021 0.8695324237 0.5103942232 
-82.2180136653 0.0418819059 0.8695810087 0.5103865298 
-82.2210427899 0.0418747984 0.8696303650 0.5103787113 
-82.2241203794 0.0418675782 0.8696805015 0.5103707625 
-82.2272470341 0.0418602442 0.8697314276 0.5103626784 
-82.2304233636 0.0418527948 0.8697831526 0.5103544540 
-82.2336499877 0.0418452287 0.8698356860 0.5103460843 
-82.2369275359 0.0418375445 0.8698890376 0.5103375642 
-82.2402566476 0.0418297407 0.8699432170 0.5103288887 
-82.2436379727 0.0418218159 0.8699982343 0.5103200528 
-82.2470721712 0.0418137685 0.8700540996 0.5103110514 
-82.2505599138 0.0418055971 0.8701108231 0.5103018795 
-82.2541018817 0.0417973002 0.8701684151 0.5102925320 
-82.2576987669 0.0417888762 0.8702268863 0.5102830038 
-82.2613512722 0.0417803235 0.8702862472 0.5102732899 
-82.2650601119 0.0417716405 0.8703465088 0.5102633852 
-82.2688260111 0.0417628256 0.8704076820 0.5102532846 
-82.2726497065 0.0417538771 0.8704697780 0.5102429829 
-82.2765319464 0.0417447935 0.8705328080 0.5102324752 
-82.2804734908 0.0417355729 0.8705967836 0.5102217561 
-82.2844751117 0.0417262137 0.8706617164 0.5102108206 
-82.2885375929 0.0417167142 0.8707276181 0.5101996635 
-82.2926617307 0.0417070724 0.8707945007 0.5101882797 
-82.2968483337 0.0416972867 0.8708623763 0.5101766638 
-82.3010982232 0.0416873553 0.8709312573 0.5101648107 
-82.3054122332 0.0416772762 0.8710011560 0.5101527152 
-82.3097912106 0.0416670476 0.8710720851 0.5101403719 
-82.3142360156 0.0416566676 0.8711440574 0.5101277755 
-82.3187475217 0.0416461342 0.8712170859 0.5101149208 
-82.3233266158 0.0416354455 0.8712911837 0.5101018023 
-82.3279741987 0.0416245996 0.8713663641 0.5100884148 
-82.3326911850 0.0416135943 0.8714426406 0.5100747527 
-82.3374785036 0.0416024276 0.8715200270 0.5100608107 
-82.3423370974 0.0415910975 0.8715985371 0.5100465833 
-82.3472679242 0.0415796018 0.8716781850 0.5100320650 
-82.3522719565 0.0415679384 0.8717589848 0.5100172501 
-82.3573501815 0.0415561052 0.8718409511 0.5100021333 
-82.3625036019 0.0415440999 0.8719240984 0.5099867087 
-82.3677332356 0.0415319203 0.8720084416 0.5099709709 
-82.3730401164 0.0415195641 0.8720939957 0.5099549140 
-82.3784252936 0.0415070291 0.8721807759 0.5099385324 
-82.3838898329 0.0414943129 0.8722687975 0.5099218202 
-82.3894348163 0.0414814131 0.8723580763 0.5099047717 
-82.3950613422 0.0414683274 0.8724486279 0.5098873810 
-82.4007705261 0.0414550534 0.8725404685 0.5098696421 
-82.4065635005 0.0414415884 0.8726336141 0.5098515490 
-82.4124414150 0.0414279302 0.8727280813 0.5098330958 
-82.4184054371 0.0414140761 0.8728238866 0.5098142764 
-82.4244567520 0.0414000236 0.8729210469 0.5097950846 
-82.4305965631 0.0413857700 0.8730195793 0.5097755143 
-82.4368260922 0.0413713127 0.8731195010 0.5097555591 
-82.4431465796 0.0413566491 0.8732208295 0.5097352129 
-82.4495592848 0.0413417764 0.8733235824 0.5097144692 
-82.4560654864 0.0413266919 0.8734277778 0.5096933215 
-82.4626664827 0.0413113927 0.8735334337 0.5096717634 
-82.4693635914 0.0412958761 0.8736405685 0.5096497884 
-82.4761581509 0.0412801392 0.8737492007 0.5096273897 
-82.4830515197 0.0412641791 0.8738593493 0.5096045607 
-82.4900450771 0.0412479928 0.8739710332 0.5095812946 
-82.4971402234 0.0412315773 0.8740842718 0.5095575845 
-82.5043383805 0.0412149296 0.8741990844 0.5095334235 
-82.5116409918 0.0411980466 0.8743154909 0.5095088045 
-82.5190495230 0.0411809253 0.8744335113 0.5094837204 
-82.5265654618 0.0411635624 0.8745531656 0.5094581641 
-82.5341903190 0.0411459548 0.8746744745 0.5094321282 
-82.5419256283 0.0411280991 0.8747974585 0.5094056054 
-82.5497729471 0.0411099922 0.8749221387 0.5093785882 
-82.5577338562 0.0410916307 0.8750485361 0.5093510690 
-82.5658099609 0.0410730112 0.8751766721 0.5093230401 
-82.5740028909 0.0410541302 0.8753065686 0.5092944937 
-82.5823143011 0.0410349844 0.8754382473 0.5092654220 
-82.5907458714 0.0410155702 0.8755717305 0.5092358168 
-82.5992993077 0.0409958839 0.8757070405 0.5092056701 
-82.6079763419 0.0409759221 0.8758442000 0.5091749736 
-82.6167787325 0.0409556810 0.8759832320 0.5091437189 
-82.6257082650 0.0409351570 0.8761241595 0.5091118975 
-82.6347667523 0.0409143462 0.8762670062 0.5090795006 
-82.6439560351 0.0408932449 0.8764117955 0.5090465195 
-82.6532779825 0.0408718492 0.8765585515 0.5090129451 
-82.6627344922 0.0408501551 0.8767072984 0.5089787683 
-82.6723274913 0.0408281587 0.8768580607 0.5089439799 
-82.6820589363 0.0408058560 0.8770108631 0.5089085701 
-82.6919308141 0.0407832430 0.8771657306 0.5088725295 
-82.7019451422 0.0407603154 0.8773226884 0.5088358479 
-82.7121039691 0.0407370691 0.8774817621 0.5087985154 
-82.7224093751 0.0407134998 0.8776429775 0.5087605215 
-82.7328634725 0.0406896033 0.8778063606 0.5087218556 
-82.7434684066 0.0406653752 0.8779719378 0.5086825068 
-82.7542263555 0.0406408111 0.8781397357 0.5086424640 
-82.7651395315 0.0406159065 0.8783097810 0.5086017156 
-82.7762101810 0.0405906568 0.8784821011 0.5085602498 
-82.7874405852 0.0405650576 0.8786567232 0.5085180545 
-82.7988330610 0.0405391042 0.8788336750 0.5084751170 
-82.8103899614 0.0405127918 0.8790129845 0.5084314244 
-82.8221136759 0.0404861156 0.8791946800 0.5083869631 
-82.8340066313 0.0404590709 0.8793787898 0.5083417191 
-82.8460712926 0.0404316528 0.8795653428 0.5082956779 
-82.8583101630 0.0404038562 0.8797543680 0.5082488243 
-82.8707257852 0.0403756762 0.8799458947 0.5082011422 
-82.8833207417 0.0403471076 0.8801399525 0.5081526151 
-82.8960976555 0.0403181454 0.8803365711 0.5081032253 
-82.9090591912 0.0402887842 0.8805357808 0.5080529544 
-82.9222080549 0.0402590188 0.8807376119 0.5080017827 
-82.9355469959 0.0402288438 0.8809420950 0.5079496895 
-82.9490788066 0.0401982539 0.8811492611 0.5078966525 
-82.9628063241 0.0401672434 0.8813591414 0.5078426480 
-82.9767324300 0.0401358069 0.8815717673 0.5077876505 
-82.9908600521 0.0401039386 0.8817871706 0.5077316326 
-83.0051921648 0.0400716329 0.8820053831 0.5076745645 
-83.0197317900 0.0400388840 0.8822264373 0.5076164140 
-83.0344819979 0.0400056859 0.8824503655 0.5075571460 
-83.0494459081 0.0399720329 0.8826772005 0.5074967218 
-83.0646266902 0.0399379187 0.8829069754 0.5074350994 
-83.0800275652 0.0399033375 0.8831397235 0.5073722319 
-83.0956518060 0.0398682829 0.8833754782 0.5073080679 
-83.1115027387 0.0398327487 0.8836142735 0.5072425500 
-83.1275837436 0.0397967287 0.8838561433 0.5071756143 
-83.1438982563 0.0397602163 0.8841011219 0.5071071894 
-83.1604497685 0.0397232050 0.8843492439 0.5070371954 
-83.1772418297 0.0396856884 0.8846005441 0.5069655421 
-83.1942780480 0.0396476597 0.8848550575 0.5068921282 
-83.2115620915 0.0396091122 0.8851128194 0.5068168389 
-83.2290976897 0.0395700390 0.8853738654 0.5067395444 
-83.2468886346 0.0395304332 0.8856382312 0.5066600974 
-83.2649387825 0.0394902878 0.8859059528 0.5065783304 
-83.2832520553 0.0394495956 0.8861770666 0.5064940528 
-83.3018324423 0.0394083495 0.8864516090 0.5064070475 
-83.3206840016 0.0393665421 0.8867296169 0.5063170668 
-83.3398108623 0.0393241660 0.8870111271 0.5062238282 
-83.3592172261 0.0392812138 0.8872961770 0.5061270092 
-83.3789073696 0.0392376777 0.8875848042 0.5060262421 
-83.3988856467 0.0391935501 0.8878770463 0.5059211078 
-83.4191564903 0.0391488232 0.8881729415 0.5058111295 
-83.4397244159 0.0391034890 0.8884725281 0.5056957660 
-83.4605940234 0.0390575394 0.8887758446 0.5055744053 
-83.4817700008 0.0390109663 0.8890829302 0.5054463590 
-83.5032571275 0.0389637613 0.8893938239 0.5053108583 
-83.5250602773 0.0389159160 0.8897085654 0.5051670535 
-83.5471844230 0.0388674218 0.8900271947 0.5050140203 
-83.5696346401 0.0388182700 0.8903497521 0.5048507758 
-83.5924161117 0.0387684517 0.8906762783 0.5046763169 
-83.6155341332 0.0387179578 0.8910068146 0.5044897139 
-83.6389941191 0.0386667793 0.8913414027 0.5042903737 
-83.6628016122 0.0386149066 0.8916800848 0.5040788172 
-83.6869622973 0.0385623301 0.8920229041 0.5038583509 
-83.7114820027 0.0385090401 0.8923699044 0.5036362516 
-83.7363666598 0.0384550265 0.8927211294 0.5034213333 
-83.7616222469 0.0384002795 0.8930766223 0.5032201061 
-83.7872547644 0.0383447891 0.8934364249 0.5030357109 
-83.7909436300 0.0383368091 0.8934882784 0.5030152363 
-83.7909436300 0.0383368091 0.8934882784 0.5030152363 
