-82.2025270902 0.0419181578 0.8693808145 0.5151437538 
-82.2026012810 0.0419179836 0.8693820073 0.5151323075 
-82.2027498062 0.0419176349 0.8693843955 0.5151093995 
-82.2029729530 0.0419171109 0.8693879839 0.5150750271 
-82.2032711532 0.0419164108 0.8693927799 0.5150292511 
-82.2036449833 0.0419155331 0.8693987932 0.5149722629 
-82.2040949880 0.0419144766 0.8694060333 0.5148864051 
-82.2046227083 0.0419132376 0.8694145265 0.5148252563 
-82.2052287896 0.0419118147 0.8694242838 0.5147694764 
-82.2059140509 0.0419102060 0.8694353190 0.5147184745 
-82.2066793092 0.0419084095 0.8694476457 0.5146717761 
-82.2075253843 0.0419064233 0.8694612776 0.5146290042 
-82.2084531023 0.0419042456 0.8694762283 0.5145898619 
-82.2094632986 0.0419018744 0.8694925117 0.5145541157 
-82.2105568205 0.0418993078 0.8695101416 0.5145215816 
-82.2117345288 0.0418965437 0.8695291321 0.5144921130 
-82.2129973000 0.0418935801 0.8695494974 0.5144655916 
-82.2143460271 0.0418904150 0.8695712519 0.5144419201 
-82.2157816216 0.0418870462 0.8695944103 0.5144210170 
-82.2173050141 0.0418834717 0.8696189875 0.5144028124 
-82.2189171558 0.0418796893 0.8696449987 0.5143872451 
-82.2206190193 0.0418756967 0.8696724593 0.5143742606 
-82.2224115996 0.0418714916 0.8697013852 0.5143638093 
-82.2242959150 0.0418670717 0.8697317924 0.5143558457 
-82.2262730084 0.0418624347 0.8697636973 0.5143503273 
-82.2283439478 0.0418575780 0.8697971166 0.5143472140 
-82.2305098273 0.0418524993 0.8698320674 0.5143464674 
-82.2327717683 0.0418471958 0.8698685672 0.5143480509 
-82.2351309202 0.0418416651 0.8699066338 0.5143519287 
-82.2375884613 0.0418359045 0.8699462855 0.5143580661 
-82.2401455999 0.0418299111 0.8699875408 0.5143664293 
-82.2428035752 0.0418236823 0.8700304189 0.5143769846 
-82.2455636582 0.0418172150 0.8700749393 0.5143896982 
-82.2484271527 0.0418105064 0.8701211219 0.5144045363 
-82.2513953967 0.0418035534 0.8701689871 0.5144214639 
-82.2544697626 0.0417963529 0.8702185558 0.5144404447 
-82.2576516591 0.0417889018 0.8702698494 0.5144614400 
-82.2609425319 0.0417811967 0.8703228898 0.5144844081 
-82.2643438651 0.0417732344 0.8703776993 0.5145093025 
-82.2678571822 0.0417650114 0.8704343011 0.5145360712 
-82.2714840473 0.0417565242 0.8704927184 0.5145646542 
-82.2752260671 0.0417477691 0.8705529756 0.5145949811 
-82.2790848915 0.0417387426 0.8706150972 0.5146269685 
-82.2830622161 0.0417294407 0.8706791086 0.5146605161 
-82.2871597835 0.0417198595 0.8707450357 0.5146955020 
-82.2913793856 0.0417099952 0.8708129052 0.5147317771 
-82.2957228657 0.0416998434 0.8708827444 0.5147691581 
-82.3001921211 0.0416894001 0.8709545815 0.5148074192 
-82.3047891064 0.0416786608 0.8710284454 0.5148462820 
-82.3095158368 0.0416676210 0.8711043658 0.5148854045 
-82.3143743924 0.0416562761 0.8711823734 0.5149243679 
-82.3193669227 0.0416446214 0.8712624999 0.5149626641 
-82.3244956530 0.0416326518 0.8713447780 0.5149996841 
-82.3297628903 0.0416203622 0.8714292417 0.5150347116 
-82.3351710318 0.0416077474 0.8715159263 0.5150669294 
-82.3407225740 0.0415948017 0.8716048683 0.5150954496 
-82.3464201225 0.0415815194 0.8716961063 0.5151193950 
-82.3522664034 0.0415678943 0.8717896804 0.5151380757 
-82.3582642746 0.0415539203 0.8718856327 0.5151513503 
-82.3644167352 0.0415395906 0.8719840076 0.5151602872 
-82.3707269250 0.0415248982 0.8720848513 0.5151680077 
-82.3739624994 0.0415173665 0.8721365402 0.5151725324 
-82.3773606462 0.0415094576 0.8721908205 0.5151756097 
-82.3809231087 0.0415011678 0.8722477179 0.5151780457 
-82.3846517193 0.0414924930 0.8723072593 0.5151804136 
-82.3885483952 0.0414834290 0.8723694728 0.5151831107 
-82.3926151365 0.0414739712 0.8724343876 0.5151864058 
-82.3968540254 0.0414641152 0.8725020343 0.5151904744 
-82.4012672259 0.0414538562 0.8725724443 0.5151954261 
-82.4058569842 0.0414431892 0.8726456503 0.5152013252 
-82.4106256298 0.0414321091 0.8727216860 0.5152082043 
-82.4155755762 0.0414206106 0.8728005865 0.5152160751 
-82.4207093226 0.0414086882 0.8728823877 0.5152249350 
-82.4260294552 0.0413963363 0.8729671269 0.5152347717 
-82.4315386489 0.0413835490 0.8730548425 0.5152455661 
-82.4372396691 0.0413703202 0.8731455741 0.5152572950 
-82.4431353733 0.0413566438 0.8732393624 0.5152699314 
-82.4492287133 0.0413425133 0.8733362496 0.5152834463 
-82.4555227369 0.0413279220 0.8734362788 0.5152978087 
-82.4620205904 0.0413128631 0.8735394946 0.5153129863 
-82.4687255200 0.0412973296 0.8736459429 0.5153289456 
-82.4756408748 0.0412813143 0.8737556706 0.5153456520 
-82.4827701084 0.0412648095 0.8738687264 0.5153630702 
-82.4901167820 0.0412478077 0.8739851599 0.5153811638 
-82.4976845660 0.0412303010 0.8741050224 0.5153998958 
-82.5054772430 0.0412122811 0.8742283662 0.5154192281 
-82.5134987106 0.0411937397 0.8743552455 0.5154391219 
-82.5217529834 0.0411746682 0.8744857156 0.5154595371 
-82.5302441962 0.0411550577 0.8746198332 0.5154804326 
-82.5389766071 0.0411348991 0.8747576567 0.5155017662 
-82.5479545998 0.0411141830 0.8748992458 0.5155234938 
-82.5571826871 0.0410928999 0.8750446620 0.5155455698 
-82.5666655139 0.0410710398 0.8751939680 0.5155679464 
-82.5764078605 0.0410485925 0.8753472283 0.5155905734 
-82.5864146459 0.0410255478 0.8755045088 0.5156133975 
-82.5966909312 0.0410018947 0.8756658772 0.5156363620 
-82.6072419236 0.0409776225 0.8758314028 0.5156594056 
-82.6180729795 0.0409527197 0.8760011565 0.5156824617 
-82.6291896091 0.0409271747 0.8761752109 0.5157054570 
-82.6405974800 0.0409009758 0.8763536404 0.5157283102 
-82.6523024215 0.0408741107 0.8765365210 0.5157509298 
-82.6643104292 0.0408465668 0.8767239307 0.5157732116 
-82.6766276698 0.0408183314 0.8769159490 0.5157950359 
-82.6892604854 0.0407893913 0.8771126576 0.5158162635 
-82.7022153994 0.0407597328 0.8773141397 0.5158367311 
-82.7154991217 0.0407293423 0.8775204807 0.5158562452 
-82.7291185547 0.0406982053 0.8777317678 0.5158745753 
-82.7430807998 0.0406663074 0.8779480902 0.5158914452 
-82.7573931641 0.0406336335 0.8781695393 0.5159065228 
-82.7720631681 0.0406001682 0.8783962084 0.5159194083 
-82.7870985541 0.0405658958 0.8786281932 0.5159296217 
-82.8025072950 0.0405307999 0.8788655914 0.5159365889 
-82.8182976051 0.0404948640 0.8791085031 0.5159396306 
-82.8344779505 0.0404580709 0.8793570311 0.5159379553 
-82.8510570627 0.0404204030 0.8796112804 0.5159306657 
-82.8680439519 0.0403818422 0.8798713589 0.5159167905 
-82.8854479223 0.0403423697 0.8801373774 0.5158953668 
-82.9032785886 0.0403019663 0.8804094495 0.5158656223 
-82.9215458923 0.0402606123 0.8806876921 0.5158273477 
-82.9402601166 0.0402182870 0.8809722255 0.5157815791 
-82.9594318915 0.0401749695 0.8812631730 0.5157314697 
-82.9692520229 0.0401527981 0.8814119959 0.5157055070 
-82.9795462238 0.0401295685 0.8815678898 0.5156747719 
-82.9903204005 0.0401052689 0.8817309215 0.5156400477 
-83.0015807575 0.0400798872 0.8819011611 0.5156018749 
-83.0133337968 0.0400534107 0.8820786816 0.5155606107 
-83.0255863199 0.0400258261 0.8822635591 0.5155164772 
-83.0383454309 0.0399971195 0.8824558725 0.5154695975 
-83.0516185403 0.0399672766 0.8826557035 0.5154200245 
-83.0654133702 0.0399362824 0.8828631369 0.5153677615 
-83.0797379591 0.0399041213 0.8830782603 0.5153127769 
-83.0946006686 0.0398707772 0.8833011641 0.5152550146 
-83.1100101890 0.0398362335 0.8835319416 0.5151944016 
-83.1259755465 0.0398004728 0.8837706889 0.5151308520 
-83.1425061104 0.0397634773 0.8840175051 0.5150642712 
-83.1596115998 0.0397252285 0.8842724919 0.5149945570 
-83.1773020923 0.0396857073 0.8845357539 0.5149216019 
-83.1955880313 0.0396448939 0.8848073985 0.5148452937 
-83.2144802348 0.0396027680 0.8850875360 0.5147655162 
-83.2339899042 0.0395593086 0.8853762793 0.5146821498 
-83.2541286330 0.0395144941 0.8856737441 0.5145950720 
-83.2749084165 0.0394683021 0.8859800489 0.5145041576 
-83.2963416617 0.0394207098 0.8862953147 0.5144092788 
-83.3184411970 0.0393716934 0.8866196654 0.5143103056 
-83.3412202833 0.0393212287 0.8869532273 0.5142071058 
-83.3646926244 0.0392692906 0.8872961293 0.5140995449 
-83.3888723786 0.0392158535 0.8876485031 0.5139874862 
-83.4137741701 0.0391608909 0.8880104826 0.5138707905 
-83.4394131017 0.0391043756 0.8883822042 0.5137493157 
-83.4658047669 0.0390462798 0.8887638067 0.5136229166 
-83.4929652630 0.0389865748 0.8891554311 0.5134914434 
-83.5209112051 0.0389252313 0.8895572208 0.5133547412 
-83.5496597395 0.0388622191 0.8899693212 0.5132126484 
-83.5792285590 0.0387975074 0.8903918798 0.5130649944 
-83.6096359175 0.0387310644 0.8908250460 0.5129115969 
-83.6409006462 0.0386628577 0.8912689712 0.5127522588 
-83.6730421701 0.0385928539 0.8917238085 0.5125867634 
-83.7060805250 0.0385210191 0.8921897125 0.5124148686 
-83.7400363754 0.0384473182 0.8926668395 0.5122362999 
-83.7749310339 0.0383717155 0.8931553470 0.5120507408 
-83.8107864806 0.0382941746 0.8936553940 0.5118578218 
-83.8476253840 0.0382146577 0.8941671404 0.5116571050 
-83.8854711234 0.0381331268 0.8946907470 0.5114480672 
-83.9243478122 0.0380495426 0.8952263757 0.5112300767 
-83.9642803230 0.0379638649 0.8957741888 0.5110023661 
-84.0052943144 0.0378760528 0.8963343492 0.5107639986 
-84.0474162600 0.0377860643 0.8969070201 0.5105138276 
-84.0906734796 0.0376938565 0.8974923650 0.5102504479 
-84.1350941735 0.0375993856 0.8980905472 0.5099721403 
-84.1807074595 0.0375026065 0.8987017301 0.5096768093 
-84.2275434143 0.0374034735 0.8993260769 0.5093619213 
-84.2756331187 0.0373019395 0.8999637506 0.5090244541 
-84.3250087077 0.0371979563 0.9006149135 0.5086608849 
-84.3757034264 0.0370914747 0.9012797277 0.5082672626 
-84.4277516900 0.0369824440 0.9019583550 0.5078394228 
-84.4811891488 0.0368708124 0.9026509562 0.5073734305 
-84.5360527831 0.0367565267 0.9033576925 0.5068700315 
-84.5923812299 0.0366395315 0.9040787280 0.5063725280 
-84.6502144447 0.0365197703 0.9048142241 0.5059627174 
-84.7095923902 0.0363971882 0.9055643214 0.5056685569 
-84.7705549457 0.0362717321 0.9063291377 0.5054706291 
-82.9692520229 0.0401527981 0.8814119959 0.5157055070 
-82.9795462238 0.0401295685 0.8815678898 0.5156747719 
-82.9903204005 0.0401052689 0.8817309215 0.5156400477 
-83.0015807575 0.0400798872 0.8819011611 0.5156018749 
-83.0133337968 0.0400534107 0.8820786816 0.5155606107 
-83.0255863199 0.0400258261 0.8822635591 0.5155164772 
-83.0383454309 0.0399971195 0.8824558725 0.5154695975 
-83.0516185403 0.0399672766 0.8826557035 0.5154200245 
-83.0654133702 0.0399362824 0.8828631369 0.5153677615 
-83.0797379591 0.0399041213 0.8830782603 0.5153127769 
-83.0946006686 0.0398707772 0.8833011641 0.5152550146 
-83.1100101890 0.0398362335 0.8835319416 0.5151944016 
-83.1259755465 0.0398004728 0.8837706889 0.5151308520 
-83.1425061104 0.0397634773 0.8840175051 0.5150642712 
-83.1596115998 0.0397252285 0.8842724919 0.5149945570 
-83.1773020923 0.0396857073 0.8845357539 0.5149216019 
-83.1955880313 0.0396448939 0.8848073985 0.5148452937 
-83.2144802348 0.0396027680 0.8850875360 0.5147655162 
-83.2339899042 0.0395593086 0.8853762793 0.5146821498 
-83.2541286330 0.0395144941 0.8856737441 0.5145950720 
-83.2749084165 0.0394683021 0.8859800489 0.5145041576 
-83.2963416617 0.0394207098 0.8862953147 0.5144092788 
-83.3184411970 0.0393716934 0.8866196654 0.5143103056 
-83.3412202833 0.0393212287 0.8869532273 0.5142071058 
-83.3646926244 0.0392692906 0.8872961293 0.5140995449 
-83.3888723786 0.0392158535 0.8876485031 0.5139874862 
-83.4137741701 0.0391608909 0.8880104826 0.5138707905 
-83.4394131017 0.0391043756 0.8883822042 0.5137493157 
-83.4658047669 0.0390462798 0.8887638067 0.5136229166 
-83.4929652630 0.0389865748 0.8891554311 0.5134914434 
-83.5209112051 0.0389252313 0.8895572208 0.5133547412 
-83.5496597395 0.0388622191 0.8899693212 0.5132126484 
-83.5792285590 0.0387975074 0.8903918798 0.5130649944 
-83.6096359175 0.0387310644 0.8908250460 0.5129115969 
-83.6409006462 0.0386628577 0.8912689712 0.5127522588 
-83.6730421701 0.0385928539 0.8917238085 0.5125867634 
-83.7060805250 0.0385210191 0.8921897125 0.5124148686 
-83.7400363754 0.0384473182 0.8926668395 0.5122362999 
-83.7749310339 0.0383717155 0.8931553470 0.5120507408 
-83.8107864806 0.0382941746 0.8936553940 0.5118578218 
-83.8476253840 0.0382146577 0.8941671404 0.5116571050 
-83.8854711234 0.0381331268 0.8946907470 0.5114480672 
-83.9243478122 0.0380495426 0.8952263757 0.5112300767 
-83.9642803230 0.0379638649 0.8957741888 0.5110023661 
-84.0052943144 0.0378760528 0.8963343492 0.5107639986 
-84.0474162600 0.0377860643 0.8969070201 0.5105138276 
-84.0906734796 0.0376938565 0.8974923650 0.5102504479 
-84.1350941735 0.0375993856 0.8980905472 0.5099721403 
-84.1807074595 0.0375026065 0.8987017301 0.5096768093 
-84.2275434143 0.0374034735 0.8993260769 0.5093619213 
-84.2756331187 0.0373019395 0.8999637506 0.5090244541 
-84.3250087077 0.0371979563 0.9006149135 0.5086608849 
-84.3757034264 0.0370914747 0.9012797277 0.5082672626 
-84.4277516900 0.0369824440 0.9019583550 0.5078394228 
-84.4811891488 0.0368708124 0.9026509562 0.5073734305 
-84.5360527831 0.0367565267 0.9033576925 0.5068700315 
-84.5923812299 0.0366395315 0.9040787280 0.5063725280 
-84.6502144447 0.0365197703 0.9048142241 0.5059627174 
-84.7095923902 0.0363971882 0.9055643214 0.5056685569 
-84.7705549457 0.0362717321 0.9063291377 0.5054706291 
-82.3739624994 0.0415173665 0.8721365402 0.5151725324 
-82.3773606462 0.0415094576 0.8721908205 0.5151756097 
-82.3809231087 0.0415011678 0.8722477179 0.5151780457 
-82.3846517193 0.0414924930 0.8723072593 0.5151804136 
-82.3885483952 0.0414834290 0.8723694728 0.5151831107 
-82.3926151365 0.0414739712 0.8724343876 0.5151864058 
-82.3968540254 0.0414641152 0.8725020343 0.5151904744 
-82.4012672259 0.0414538562 0.8725724443 0.5151954261 
-82.4058569842 0.0414431892 0.8726456503 0.5152013252 
-82.4106256298 0.0414321091 0.8727216860 0.5152082043 
-82.4155755762 0.0414206106 0.8728005865 0.5152160751 
-82.4207093226 0.0414086882 0.8728823877 0.5152249350 
-82.4260294552 0.0413963363 0.8729671269 0.5152347717 
-82.4315386489 0.0413835490 0.8730548425 0.5152455661 
-82.4372396691 0.0413703202 0.8731455741 0.5152572950 
-82.4431353733 0.0413566438 0.8732393624 0.5152699314 
-82.4492287133 0.0413425133 0.8733362496 0.5152834463 
-82.4555227369 0.0413279220 0.8734362788 0.5152978087 
-82.4620205904 0.0413128631 0.8735394946 0.5153129863 
-82.4687255200 0.0412973296 0.8736459429 0.5153289456 
-82.4756408748 0.0412813143 0.8737556706 0.5153456520 
-82.4827701084 0.0412648095 0.8738687264 0.5153630702 
-82.4901167820 0.0412478077 0.8739851599 0.5153811638 
-82.4976845660 0.0412303010 0.8741050224 0.5153998958 
-82.5054772430 0.0412122811 0.8742283662 0.5154192281 
-82.5134987106 0.0411937397 0.8743552455 0.5154391219 
-82.5217529834 0.0411746682 0.8744857156 0.5154595371 
-82.5302441962 0.0411550577 0.8746198332 0.5154804326 
-82.5389766071 0.0411348991 0.8747576567 0.5155017662 
-82.5479545998 0.0411141830 0.8748992458 0.5155234938 
-82.5571826871 0.0410928999 0.8750446620 0.5155455698 
-82.5666655139 0.0410710398 0.8751939680 0.5155679464 
-82.5764078605 0.0410485925 0.8753472283 0.5155905734 
-82.5864146459 0.0410255478 0.8755045088 0.5156133975 
-82.5966909312 0.0410018947 0.8756658772 0.5156363620 
-82.6072419236 0.0409776225 0.8758314028 0.5156594056 
-82.6180729795 0.0409527197 0.8760011565 0.5156824617 
-82.6291896091 0.0409271747 0.8761752109 0.5157054570 
-82.6405974800 0.0409009758 0.8763536404 0.5157283102 
-82.6523024215 0.0408741107 0.8765365210 0.5157509298 
-82.6643104293 0.0408465668 0.8767239307 0.5157732116 
-82.6766276698 0.0408183314 0.8769159490 0.5157950359 
-82.6892604854 0.0407893913 0.8771126576 0.5158162635 
-82.7022153994 0.0407597328 0.8773141397 0.5158367311 
-82.7154991217 0.0407293423 0.8775204807 0.5158562452 
-82.7291185547 0.0406982053 0.8777317678 0.5158745753 
-82.7430807998 0.0406663074 0.8779480902 0.5158914452 
-82.7573931641 0.0406336335 0.8781695393 0.5159065228 
-82.7720631681 0.0406001682 0.8783962084 0.5159194083 
-82.7870985541 0.0405658958 0.8786281932 0.5159296217 
-82.8025072950 0.0405307999 0.8788655914 0.5159365889 
-82.8182976051 0.0404948640 0.8791085031 0.5159396306 
-82.8344779505 0.0404580709 0.8793570311 0.5159379553 
-82.8510570627 0.0404204030 0.8796112804 0.5159306657 
-82.8680439519 0.0403818422 0.8798713589 0.5159167905 
-82.8854479223 0.0403423697 0.8801373774 0.5158953668 
-82.9032785886 0.0403019663 0.8804094495 0.5158656223 
-82.9215458923 0.0402606123 0.8806876921 0.5158273477 
-82.9402601166 0.0402182870 0.8809722255 0.5157815791 
-82.9594318915 0.0401749695 0.8812631730 0.5157314697 
-82.9692520229 0.0401527981 0.8814119959 0.5157055070 
-82.9795462238 0.0401295685 0.8815678898 0.5156747719 
-82.9903204005 0.0401052689 0.8817309215 0.5156400477 
-83.0015807575 0.0400798872 0.8819011611 0.5156018749 
-83.0133337968 0.0400534107 0.8820786816 0.5155606107 
-83.0255863199 0.0400258261 0.8822635591 0.5155164772 
-83.0383454309 0.0399971195 0.8824558725 0.5154695975 
-83.0516185403 0.0399672766 0.8826557035 0.5154200245 
-83.0654133702 0.0399362824 0.8828631369 0.5153677615 
-83.0797379591 0.0399041213 0.8830782603 0.5153127769 
-83.0946006686 0.0398707772 0.8833011641 0.5152550146 
-83.1100101890 0.0398362335 0.8835319416 0.5151944016 
-83.1259755465 0.0398004728 0.8837706889 0.5151308520 
-83.1425061104 0.0397634773 0.8840175051 0.5150642712 
-83.1596115998 0.0397252285 0.8842724919 0.5149945570 
-83.1773020923 0.0396857073 0.8845357539 0.5149216019 
-83.1955880313 0.0396448939 0.8848073985 0.5148452937 
-83.2144802348 0.0396027680 0.8850875360 0.5147655162 
-83.2339899042 0.0395593086 0.8853762793 0.5146821498 
-83.2541286330 0.0395144941 0.8856737441 0.5145950720 
-83.2749084165 0.0394683021 0.8859800489 0.5145041576 
-83.2963416617 0.0394207098 0.8862953147 0.5144092788 
-83.3184411970 0.0393716934 0.8866196654 0.5143103056 
-83.3412202833 0.0393212287 0.8869532273 0.5142071058 
-83.3646926244 0.0392692906 0.8872961293 0.5140995449 
-83.3888723786 0.0392158535 0.8876485031 0.5139874862 
-83.4137741701 0.0391608909 0.8880104826 0.5138707905 
-83.4394131017 0.0391043756 0.8883822042 0.5137493157 
-83.4658047669 0.0390462798 0.8887638067 0.5136229166 
-83.4929652630 0.0389865748 0.8891554311 0.5134914434 
-83.5209112051 0.0389252313 0.8895572208 0.5133547412 
-83.5496597395 0.0388622191 0.8899693212 0.5132126484 
-83.5792285590 0.0387975074 0.8903918798 0.5130649944 
-83.6096359175 0.0387310644 0.8908250460 0.5129115969 
-83.6409006462 0.0386628577 0.8912689712 0.5127522588 
-83.6730421701 0.0385928539 0.8917238085 0.5125867634 
-83.7060805250 0.0385210191 0.8921897125 0.5124148686 
-83.7400363754 0.0384473182 0.8926668395 0.5122362999 
-83.7749310339 0.0383717155 0.8931553470 0.5120507408 
-83.8107864806 0.0382941746 0.8936553940 0.5118578218 
-83.8476253840 0.0382146577 0.8941671404 0.5116571050 
-83.8854711234 0.0381331268 0.8946907470 0.5114480672 
-83.9243478122 0.0380495426 0.8952263757 0.5112300767 
-83.9642803230 0.0379638649 0.8957741888 0.5110023661 
-84.0052943144 0.0378760528 0.8963343492 0.5107639986 
-84.0474162600 0.0377860643 0.8969070201 0.5105138276 
-84.0906734796 0.0376938565 0.8974923650 0.5102504479 
-84.1350941735 0.0375993856 0.8980905472 0.5099721403 
-84.1807074595 0.0375026065 0.8987017301 0.5096768093 
-84.2275434143 0.0374034735 0.8993260769 0.5093619213 
-84.2756331187 0.0373019395 0.8999637506 0.5090244541 
-84.3250087077 0.0371979563 0.9006149135 0.5086608849 
-84.3757034264 0.0370914747 0.9012797277 0.5082672626 
-84.4277516900 0.0369824440 0.9019583550 0.5078394228 
-84.4811891488 0.0368708124 0.9026509562 0.5073734305 
-84.5360527831 0.0367565267 0.9033576925 0.5068700315 
-84.5923812299 0.0366395315 0.9040787280 0.5063725280 
-84.6502144447 0.0365197703 0.9048142241 0.5059627174 
-84.7095923902 0.0363971882 0.9055643214 0.5056685569 
-84.7705549457 0.0362717321 0.9063291377 0.5054706291 
-82.9692520229 0.0401527981 0.8814119959 0.5157055070 
-82.9795462238 0.0401295685 0.8815678898 0.5156747719 
-82.9903204005 0.0401052689 0.8817309215 0.5156400477 
-83.0015807575 0.0400798872 0.8819011611 0.5156018749 
-83.0133337968 0.0400534107 0.8820786816 0.5155606107 
-83.0255863199 0.0400258261 0.8822635591 0.5155164772 
-83.0383454309 0.0399971195 0.8824558725 0.5154695975 
-83.0516185403 0.0399672766 0.8826557035 0.5154200245 
-83.0654133702 0.0399362824 0.8828631369 0.5153677615 
-83.0797379591 0.0399041213 0.8830782603 0.5153127769 
-83.0946006686 0.0398707772 0.8833011641 0.5152550146 
-83.1100101890 0.0398362335 0.8835319416 0.5151944016 
-83.1259755465 0.0398004728 0.8837706889 0.5151308520 
-83.1425061104 0.0397634773 0.8840175051 0.5150642712 
-83.1596115998 0.0397252285 0.8842724919 0.5149945570 
-83.1773020923 0.0396857073 0.8845357539 0.5149216019 
-83.1955880313 0.0396448939 0.8848073985 0.5148452937 
-83.2144802348 0.0396027680 0.8850875360 0.5147655162 
-83.2339899042 0.0395593086 0.8853762793 0.5146821498 
-83.2541286330 0.0395144941 0.8856737441 0.5145950720 
-83.2749084165 0.0394683021 0.8859800489 0.5145041576 
-83.2963416617 0.0394207098 0.8862953147 0.5144092788 
-83.3184411970 0.0393716934 0.8866196654 0.5143103056 
-83.3412202833 0.0393212287 0.8869532273 0.5142071058 
-83.3646926244 0.0392692906 0.8872961293 0.5140995449 
-83.3888723786 0.0392158535 0.8876485031 0.5139874862 
-83.4137741701 0.0391608909 0.8880104826 0.5138707905 
-83.4394131017 0.0391043756 0.8883822042 0.5137493157 
-83.4658047669 0.0390462798 0.8887638067 0.5136229166 
-83.4929652630 0.0389865748 0.8891554311 0.5134914434 
-83.5209112051 0.0389252313 0.8895572208 0.5133547412 
-83.5496597395 0.0388622191 0.8899693212 0.5132126484 
-83.5792285590 0.0387975074 0.8903918798 0.5130649944 
-83.6096359175 0.0387310644 0.8908250460 0.5129115969 
-83.6409006462 0.0386628577 0.8912689712 0.5127522588 
-83.6730421701 0.0385928539 0.8917238085 0.5125867634 
-83.7060805250 0.0385210191 0.8921897125 0.5124148686 
-83.7400363754 0.0384473182 0.8926668395 0.5122362999 
-83.7749310339 0.0383717155 0.8931553470 0.5120507408 
-83.8107864806 0.0382941746 0.8936553940 0.5118578218 
-83.8476253840 0.0382146577 0.8941671404 0.5116571050 
-83.8854711234 0.0381331268 0.8946907470 0.5114480672 
-83.9243478122 0.0380495426 0.8952263757 0.5112300767 
-83.9642803230 0.0379638649 0.8957741888 0.5110023661 
-84.0052943144 0.0378760528 0.8963343492 0.5107639986 
-84.0474162600 0.0377860643 0.8969070201 0.5105138276 
-84.0906734796 0.0376938565 0.8974923650 0.5102504479 
-84.1350941735 0.0375993856 0.8980905472 0.5099721403 
-84.1807074595 0.0375026065 0.8987017301 0.5096768093 
-84.2275434143 0.0374034735 0.8993260769 0.5093619213 
-84.2756331187 0.0373019395 0.8999637506 0.5090244541 
-84.3250087077 0.0371979563 0.9006149135 0.5086608849 
-84.3757034264 0.0370914747 0.9012797277 0.5082672626 
-84.4277516900 0.0369824440 0.9019583550 0.5078394228 
-84.4811891488 0.0368708124 0.9026509562 0.5073734305 
-84.5360527831 0.0367565267 0.9033576925 0.5068700315 
-84.5923812299 0.0366395315 0.9040787280 0.5063725280 
-84.6502144447 0.0365197703 0.9048142241 0.5059627174 
-84.7095923902 0.0363971882 0.9055643214 0.5056685569 
-84.7705549457 0.0362717321 0.9063291377 0.5054706291 
-84.7751808761 0.0362622283 0.9063871208 0.5054552117 
-84.7751808761 0.0362622283 0.9063871208 0.5054552117 
-84.7751808761 0.0362622283 0.9063871208 0.5054552117 
-84.7751808761 0.0362622283 0.9063871208 0.5054552117 
