-81.9312681190 0.0425597329 0.8648581814 0.5091692638 
-81.9312634295 0.0425597441 0.8648580927 0.5091552517 
-81.9312542329 0.0425597660 0.8648579185 0.5091269597 
-81.9312408982 0.0425597978 0.8648576655 0.5090839217 
-81.9312239887 0.0425598382 0.8648573439 0.5090256059 
-81.9312042710 0.0425598852 0.8648569674 0.5089515962 
-81.9311825454 0.0425599371 0.8648565506 0.5088431865 
-81.9311608472 0.0425599889 0.8648561301 0.5087632695 
-81.9311400321 0.0425600385 0.8648557213 0.5086908644 
-81.9311210437 0.0425600839 0.8648553414 0.5086246823 
-81.9311047470 0.0425601228 0.8648550058 0.5085637702 
-81.9310919408 0.0425601534 0.8648547290 0.5085074290 
-81.9310833672 0.0425601739 0.8648545243 0.5084551454 
-81.9310797180 0.0425601827 0.8648544042 0.5084065384 
-81.9310816403 0.0425601783 0.8648543804 0.5083613201 
-81.9310897398 0.0425601591 0.8648544637 0.5083192675 
-81.9311045850 0.0425601238 0.8648546644 0.5082802025 
-81.9311267086 0.0425600712 0.8648549920 0.5082439789 
-81.9311566108 0.0425600000 0.8648554556 0.5082104726 
-81.9311947603 0.0425599092 0.8648560635 0.5081795756 
-81.9312415967 0.0425597977 0.8648568238 0.5081511914 
-81.9312975316 0.0425596645 0.8648577437 0.5081252324 
-81.9313629501 0.0425595087 0.8648588302 0.5081016175 
-81.9314382123 0.0425593295 0.8648600897 0.5080802710 
-81.9315236543 0.0425591260 0.8648615283 0.5080611213 
-81.9316195893 0.0425588975 0.8648631516 0.5080441004 
-81.9317263089 0.0425586433 0.8648649649 0.5080291433 
-81.9318440842 0.0425583627 0.8648669728 0.5080161879 
-81.9319731664 0.0425580552 0.8648691801 0.5080051746 
-81.9321137881 0.0425577202 0.8648715908 0.5079960464 
-81.9322661641 0.0425573572 0.8648742087 0.5079887486 
-81.9324304923 0.0425569657 0.8648770374 0.5079832283 
-81.9326069545 0.0425565452 0.8648800802 0.5079794352 
-81.9327957169 0.0425560955 0.8648833399 0.5079773205 
-81.9329969315 0.0425556161 0.8648868194 0.5079768376 
-81.9332107361 0.0425551067 0.8648905210 0.5079779414 
-81.9334372553 0.0425545670 0.8648944469 0.5079805889 
-81.9336766015 0.0425539968 0.8648985991 0.5079847382 
-81.9339288747 0.0425533957 0.8649029795 0.5079903494 
-81.9341941638 0.0425527637 0.8649075895 0.5079973839 
-81.9344725470 0.0425521004 0.8649124306 0.5080058046 
-81.9347640920 0.0425514058 0.8649175038 0.5080155756 
-81.9350688570 0.0425506797 0.8649228103 0.5080266625 
-81.9353868910 0.0425499220 0.8649283508 0.5080390321 
-81.9357182340 0.0425491326 0.8649341261 0.5080526523 
-81.9360629180 0.0425483115 0.8649401367 0.5080674922 
-81.9364209667 0.0425474585 0.8649463829 0.5080835221 
-81.9367923967 0.0425465736 0.8649528650 0.5081007133 
-81.9371772175 0.0425456568 0.8649595832 0.5081190379 
-81.9375754316 0.0425447082 0.8649665374 0.5081384693 
-81.9379870354 0.0425437276 0.8649737276 0.5081589815 
-81.9384120192 0.0425427152 0.8649811535 0.5081805497 
-81.9388503675 0.0425416710 0.8649888148 0.5082031497 
-81.9393020598 0.0425405950 0.8649967111 0.5082267584 
-81.9397670700 0.0425394874 0.8650048419 0.5082513530 
-81.9402453675 0.0425383481 0.8650132065 0.5082769121 
-81.9407369171 0.0425371772 0.8650218044 0.5083034144 
-81.9412416793 0.0425359749 0.8650306347 0.5083308396 
-81.9417596107 0.0425347413 0.8650396967 0.5083591681 
-81.9422906639 0.0425334764 0.8650489894 0.5083883809 
-81.9428347881 0.0425321805 0.8650585119 0.5084184595 
-81.9433919289 0.0425308536 0.8650682632 0.5084493861 
-81.9439620290 0.0425294958 0.8650782421 0.5084811433 
-81.9445450280 0.0425281074 0.8650884476 0.5085137145 
-81.9451408628 0.0425266884 0.8650988785 0.5085470834 
-81.9457494676 0.0425252391 0.8651095335 0.5085812344 
-81.9463707741 0.0425237596 0.8651204114 0.5086161521 
-81.9470047120 0.0425222500 0.8651315109 0.5086518217 
-81.9476512086 0.0425207106 0.8651428305 0.5086882290 
-81.9483101893 0.0425191415 0.8651543691 0.5087253600 
-81.9489815777 0.0425175429 0.8651661250 0.5087632012 
-81.9496652958 0.0425159150 0.8651780970 0.5088017394 
-81.9503612638 0.0425142580 0.8651902834 0.5088409620 
-81.9510694005 0.0425125721 0.8652026828 0.5088808565 
-81.9517896234 0.0425108575 0.8652152937 0.5089214110 
-81.9525218489 0.0425091144 0.8652281145 0.5089626137 
-81.9532659920 0.0425073430 0.8652411437 0.5090044532 
-81.9540219668 0.0425055434 0.8652543797 0.5090469185 
-81.9547896865 0.0425037160 0.8652678208 0.5090899988 
-81.9555690634 0.0425018609 0.8652814655 0.5091336837 
-81.9563600091 0.0424999784 0.8652953121 0.5091779629 
-81.9571624343 0.0424980686 0.8653093589 0.5092228264 
-81.9579762494 0.0424961317 0.8653236045 0.5092682648 
-81.9588013642 0.0424941681 0.8653380469 0.5093142684 
-81.9596376877 0.0424921779 0.8653526847 0.5093608281 
-81.9604851290 0.0424901613 0.8653675161 0.5094079350 
-81.9613435966 0.0424881185 0.8653825395 0.5094555802 
-81.9622129988 0.0424860498 0.8653977530 0.5095037554 
-81.9630932435 0.0424839555 0.8654131552 0.5095524521 
-81.9639842388 0.0424818356 0.8654287442 0.5096016622 
-81.9648858925 0.0424796905 0.8654445184 0.5096513778 
-81.9657981121 0.0424775203 0.8654604761 0.5097015912 
-81.9667208056 0.0424753254 0.8654766156 0.5097522949 
-81.9676538806 0.0424731058 0.8654929351 0.5098034813 
-81.9685972449 0.0424708619 0.8655094331 0.5098551433 
-81.9695508066 0.0424685938 0.8655261077 0.5099072738 
-81.9705144737 0.0424663018 0.8655429574 0.5099598659 
-81.9714881544 0.0424639861 0.8655599805 0.5100129129 
-81.9724717574 0.0424616469 0.8655771752 0.5100664081 
-81.9734651913 0.0424592845 0.8655945399 0.5101203451 
-81.9744683652 0.0424568990 0.8656120729 0.5101747175 
-81.9754811885 0.0424544907 0.8656297726 0.5102295192 
-81.9765035707 0.0424520598 0.8656476373 0.5102847440 
-81.9775354221 0.0424496065 0.8656656653 0.5103403860 
-81.9785766529 0.0424471311 0.8656838551 0.5103964395 
-81.9796271741 0.0424446337 0.8657022049 0.5104528985 
-81.9806868970 0.0424421145 0.8657207133 0.5105097577 
-81.9817557332 0.0424395739 0.8657393784 0.5105670114 
-81.9828335949 0.0424370119 0.8657581988 0.5106246543 
-81.9839203950 0.0424344288 0.8657771729 0.5106826811 
-81.9850160464 0.0424318249 0.8657962989 0.5107410866 
-81.9861204630 0.0424292002 0.8658155755 0.5107998658 
-81.9872335590 0.0424265551 0.8658350010 0.5108590135 
-81.9883552493 0.0424238897 0.8658545738 0.5109185251 
-81.9894854490 0.0424212042 0.8658742924 0.5109783955 
-81.9906240743 0.0424184989 0.8658941552 0.5110386202 
-81.9917710416 0.0424157739 0.8659141608 0.5110991944 
-81.9929262680 0.0424130295 0.8659343076 0.5111601136 
-81.9940896712 0.0424102658 0.8659545941 0.5112213733 
-81.9952611696 0.0424074831 0.8659750189 0.5112829691 
-81.9964406821 0.0424046814 0.8659955804 0.5113448967 
-81.9976281283 0.0424018611 0.8660162771 0.5114071519 
-81.9988234285 0.0423990224 0.8660371076 0.5114697304 
-82.0000265034 0.0423961653 0.8660580706 0.5115326281 
-82.0012372747 0.0423932902 0.8660791644 0.5115958410 
-82.0024556645 0.0423903971 0.8661003878 0.5116593652 
-82.0036815955 0.0423874863 0.8661217392 0.5117231966 
-82.0049149915 0.0423845580 0.8661432174 0.5117873315 
-82.0061557764 0.0423816123 0.8661648208 0.5118517660 
-82.0074038751 0.0423786495 0.8661865482 0.5119164965 
-82.0086592132 0.0423756696 0.8662083982 0.5119815192 
-82.0099217168 0.0423726730 0.8662303695 0.5120468306 
-82.0111913129 0.0423696597 0.8662524606 0.5121124271 
-82.0124679290 0.0423666299 0.8662746703 0.5121783051 
-82.0137514934 0.0423635839 0.8662969973 0.5122444613 
-82.0150419349 0.0423605217 0.8663194403 0.5123108923 
-82.0163391833 0.0423574436 0.8663419979 0.5123775946 
-82.0176431688 0.0423543497 0.8663646690 0.5124445651 
-82.0189538225 0.0423512402 0.8663874522 0.5125118004 
-82.0202710761 0.0423481153 0.8664103464 0.5125792974 
-82.0215948620 0.0423449751 0.8664333502 0.5126470530 
-82.0229251132 0.0423418197 0.8664564624 0.5127150639 
-82.0242617636 0.0423386495 0.8664796820 0.5127833272 
-82.0256047476 0.0423354644 0.8665030075 0.5128518399 
-82.0269540005 0.0423322646 0.8665264380 0.5129205990 
-82.0283094580 0.0423290504 0.8665499721 0.5129896015 
-82.0296710567 0.0423258218 0.8665736088 0.5130588446 
-82.0310387339 0.0423225791 0.8665973469 0.5131283255 
-82.0324124276 0.0423193223 0.8666211853 0.5131980413 
-82.0337920763 0.0423160516 0.8666451228 0.5132679893 
-82.0351776194 0.0423127672 0.8666691583 0.5133381667 
-82.0365689968 0.0423094692 0.8666932908 0.5134085710 
-82.0379661494 0.0423061578 0.8667175191 0.5134791993 
-82.0393690183 0.0423028330 0.8667418423 0.5135500492 
-82.0407775458 0.0422994951 0.8667662592 0.5136211180 
-82.0421916745 0.0422961442 0.8667907687 0.5136924033 
-82.0436113479 0.0422927803 0.8668153700 0.5137639024 
-82.0450365101 0.0422894037 0.8668400618 0.5138356130 
-82.0464671058 0.0422860145 0.8668648433 0.5139075327 
-82.0479030805 0.0422826128 0.8668897135 0.5139796589 
-82.0493443803 0.0422791987 0.8669146713 0.5140519895 
-82.0507909521 0.0422757724 0.8669397157 0.5141245219 
-82.0522427433 0.0422723340 0.8669648459 0.5141972540 
-82.0536997020 0.0422688837 0.8669900609 0.5142701835 
-82.0551617771 0.0422654214 0.8670153597 0.5143433080 
-82.0566289180 0.0422619475 0.8670407414 0.5144166255 
-82.0581010749 0.0422584619 0.8670662051 0.5144901338 
-82.0595781985 0.0422549648 0.8670917499 0.5145638306 
-82.0610602404 0.0422514564 0.8671173750 0.5146377139 
-82.0625471527 0.0422479367 0.8671430793 0.5147117816 
-82.0640388882 0.0422444058 0.8671688622 0.5147860317 
-82.0655354002 0.0422408639 0.8671947227 0.5148604621 
-82.0670366430 0.0422373111 0.8672206600 0.5149350707 
-82.0685425712 0.0422337475 0.8672466732 0.5150098557 
-82.0700531402 0.0422301732 0.8672727616 0.5150848151 
-82.0715683061 0.0422265883 0.8672989243 0.5151599469 
-82.0730880257 0.0422229929 0.8673251605 0.5152352493 
-82.0746122563 0.0422193871 0.8673514695 0.5153107204 
-82.0761409558 0.0422157711 0.8673778506 0.5153863583 
-82.0776740830 0.0422121448 0.8674043028 0.5154621613 
-82.0792115971 0.0422085085 0.8674308255 0.5155381275 
-82.0807534581 0.0422048621 0.8674574180 0.5156142551 
-82.0822996266 0.0422012059 0.8674840795 0.5156905425 
-82.0838500638 0.0421975399 0.8675108093 0.5157669878 
-82.0854047317 0.0421938642 0.8675376067 0.5158435895 
-82.0869635927 0.0421901788 0.8675644710 0.5159203458 
-82.0885266100 0.0421864839 0.8675914016 0.5159972550 
-82.0900937474 0.0421827796 0.8676183977 0.5160743156 
-82.0916649695 0.0421790660 0.8676454588 0.5161515259 
-82.0932402413 0.0421753430 0.8676725841 0.5162288844 
-82.0948195285 0.0421716109 0.8676997731 0.5163063895 
-82.0964027977 0.0421678697 0.8677270251 0.5163840396 
-82.0979900157 0.0421641195 0.8677543395 0.5164618332 
-82.0995811504 0.0421603603 0.8677817157 0.5165397689 
-82.1011761701 0.0421565922 0.8678091531 0.5166178451 
-82.1027750437 0.0421528154 0.8678366511 0.5166960604 
-82.1043777410 0.0421490298 0.8678642092 0.5167744133 
-82.1059842321 0.0421452356 0.8678918269 0.5168529025 
-82.1075944882 0.0421414328 0.8679195035 0.5169315265 
-82.1092084807 0.0421376216 0.8679472385 0.5170102840 
-82.1108261820 0.0421338018 0.8679750315 0.5170891735 
-82.1124475650 0.0421299738 0.8680028819 0.5171681938 
-82.1140726032 0.0421261374 0.8680307892 0.5172473436 
-82.1157012710 0.0421222927 0.8680587530 0.5173266214 
-82.1173335433 0.0421184399 0.8680867727 0.5174060261 
-82.1189693957 0.0421145789 0.8681148479 0.5174855564 
-82.1206088044 0.0421107099 0.8681429781 0.5175652110 
-82.1222517465 0.0421068329 0.8681711630 0.5176449887 
-82.1238981996 0.0421029480 0.8681994020 0.5177248882 
-82.1255481419 0.0420990551 0.8682276947 0.5178049085 
-82.1272015526 0.0420951544 0.8682560409 0.5178850482 
-82.1288584114 0.0420912458 0.8682844399 0.5179653063 
-82.1305186986 0.0420873296 0.8683128916 0.5180456815 
-82.1321823955 0.0420834056 0.8683413954 0.5181261728 
-82.1338494839 0.0420794740 0.8683699511 0.5182067790 
-82.1355199463 0.0420755347 0.8683985584 0.5182874990 
-82.1371937660 0.0420715879 0.8684272167 0.5183683318 
-82.1388709271 0.0420676336 0.8684559260 0.5184492762 
-82.1405514143 0.0420636717 0.8684846858 0.5185303313 
-82.1422352132 0.0420597024 0.8685134958 0.5186114959 
-82.1439223100 0.0420557257 0.8685423558 0.5186927691 
-82.1456126917 0.0420517416 0.8685712655 0.5187741498 
-82.1473063462 0.0420477501 0.8686002246 0.5188556371 
-82.1490032621 0.0420437512 0.8686292329 0.5189372299 
-82.1507034287 0.0420397451 0.8686582901 0.5190189272 
-82.1524068361 0.0420357317 0.8686873961 0.5191007282 
-82.1541134754 0.0420317110 0.8687165507 0.5191826319 
-82.1558233384 0.0420276831 0.8687457535 0.5192646373 
-82.1575364177 0.0420236480 0.8687750046 0.5193467435 
-82.1592527068 0.0420196057 0.8688043036 0.5194289497 
-82.1609722000 0.0420155562 0.8688336505 0.5195112549 
-82.1626948925 0.0420114995 0.8688630451 0.5195936582 
-82.1644207804 0.0420074357 0.8688924873 0.5196761588 
-82.1661498607 0.0420033647 0.8689219769 0.5197587558 
-82.1678821312 0.0419992866 0.8689515140 0.5198414484 
-82.1696175908 0.0419952013 0.8689810983 0.5199242357 
-82.1713562391 0.0419911089 0.8690107299 0.5200071169 
-82.1730980769 0.0419870094 0.8690404088 0.5200900912 
-82.1748431059 0.0419829027 0.8690701347 0.5201731578 
-82.1765913286 0.0419787889 0.8690999078 0.5202563158 
-82.1783427488 0.0419746679 0.8691297281 0.5203395646 
-82.1800973711 0.0419705398 0.8691595956 0.5204229033 
-82.1818552012 0.0419664045 0.8691895102 0.5205063312 
-82.1836162459 0.0419622621 0.8692194721 0.5205898475 
-82.1853805131 0.0419581124 0.8692494813 0.5206734514 
-82.1871480117 0.0419539555 0.8692795380 0.5207571423 
-82.1889187519 0.0419497914 0.8693096421 0.5208409194 
-82.1906927448 0.0419456200 0.8693397939 0.5209247819 
-82.1924700028 0.0419414413 0.8693699934 0.5210087292 
-82.1942505396 0.0419372553 0.8694002409 0.5210927606 
-82.1960343700 0.0419330620 0.8694305365 0.5211768753 
-82.1978215101 0.0419288612 0.8694608803 0.5212610727 
-82.1996119772 0.0419246531 0.8694912727 0.5213453521 
-82.2014057899 0.0419204375 0.8695217139 0.5214297128 
-82.2032029683 0.0419162143 0.8695522041 0.5215141541 
-82.2050035336 0.0419119836 0.8695827436 0.5215986755 
-82.2068075087 0.0419077453 0.8696133327 0.5216832761 
-82.2086149176 0.0419034993 0.8696439718 0.5217679554 
-82.2104257861 0.0418992456 0.8696746611 0.5218527127 
-82.2122401411 0.0418949841 0.8697054010 0.5219375473 
-82.2140580114 0.0418907148 0.8697361921 0.5220224588 
-82.2158794271 0.0418864375 0.8697670346 0.5221074463 
-82.2177044200 0.0418821523 0.8697979290 0.5221925093 
-82.2195330237 0.0418778589 0.8698288758 0.5222776471 
-82.2213652732 0.0418735575 0.8698598755 0.5223628592 
-82.2232012053 0.0418692478 0.8698909286 0.5224481449 
-82.2250408588 0.0418649298 0.8699220357 0.5225335035 
-82.2268842740 0.0418606033 0.8699531973 0.5226189346 
-82.2287314932 0.0418562684 0.8699844140 0.5227044374 
-82.2305825606 0.0418519249 0.8700156866 0.5227900114 
-82.2324375224 0.0418475726 0.8700470156 0.5228756560 
-82.2342964268 0.0418432115 0.8700784018 0.5229613705 
-82.2361593239 0.0418388415 0.8701098459 0.5230471544 
-82.2380262661 0.0418344624 0.8701413487 0.5231330070 
-82.2398973078 0.0418300742 0.8701729109 0.5232189278 
-82.2417725059 0.0418256766 0.8702045334 0.5233049161 
-82.2436519193 0.0418212696 0.8702362170 0.5233909713 
-82.2455356093 0.0418168529 0.8702679628 0.5234770929 
-82.2474236398 0.0418124266 0.8702997716 0.5235632802 
-82.2493160770 0.0418079903 0.8703316443 0.5236495326 
-82.2512129897 0.0418035440 0.8703635821 0.5237358495 
-82.2531144493 0.0417990875 0.8703955860 0.5238222304 
-82.2550205298 0.0417946207 0.8704276570 0.5239086745 
-82.2569313082 0.0417901432 0.8704597964 0.5239951813 
-82.2588468641 0.0417856550 0.8704920053 0.5240817501 
-82.2607672801 0.0417811559 0.8705242850 0.5241683803 
-82.2626926419 0.0417766457 0.8705566367 0.5242550714 
-82.2646230381 0.0417721241 0.8705890617 0.5243418225 
-82.2665585605 0.0417675910 0.8706215616 0.5244286332 
-82.2684993044 0.0417630461 0.8706541376 0.5245155028 
-82.2704453681 0.0417584892 0.8706867912 0.5246024306 
-82.2723968535 0.0417539201 0.8707195240 0.5246894159 
-82.2743538662 0.0417493385 0.8707523376 0.5247764581 
-82.2763165152 0.0417447443 0.8707852337 0.5248635565 
-82.2782849134 0.0417401370 0.8708182138 0.5249507105 
-82.2802591774 0.0417355165 0.8708512799 0.5250379192 
-82.2822394280 0.0417308825 0.8708844336 0.5251251821 
-82.2842257899 0.0417262346 0.8709176770 0.5252124984 
-82.2862183921 0.0417215727 0.8709510119 0.5252998674 
-82.2882173679 0.0417168963 0.8709844403 0.5253872884 
-82.2902228549 0.0417122052 0.8710179645 0.5254747606 
-82.2922349956 0.0417074990 0.8710515864 0.5255622832 
-82.2942539370 0.0417027775 0.8710853083 0.5256498554 
-82.2962798309 0.0416980401 0.8711191326 0.5257374766 
-82.2983128343 0.0416932867 0.8711530617 0.5258251458 
-82.3003531090 0.0416885168 0.8711870979 0.5259128623 
-82.3024008226 0.0416837300 0.8712212438 0.5260006253 
-82.3044561475 0.0416789260 0.8712555021 0.5260884338 
-82.3065192624 0.0416741043 0.8712898755 0.5261762870 
-82.3085903512 0.0416692645 0.8713243667 0.5262641841 
-82.3106696040 0.0416644061 0.8713589787 0.5263521241 
-82.3127572170 0.0416595287 0.8713937144 0.5264401060 
-82.3148533927 0.0416546319 0.8714285770 0.5265281291 
-82.3169583401 0.0416497152 0.8714635695 0.5266161922 
-82.3190722748 0.0416447780 0.8714986954 0.5267042944 
-82.3211954193 0.0416398198 0.8715339580 0.5267924346 
-82.3233280033 0.0416348402 0.8715693607 0.5268806120 
-82.3254702635 0.0416298386 0.8716049073 0.5269688253 
-82.3276224445 0.0416248144 0.8716406014 0.5270570734 
-82.3297847983 0.0416197670 0.8716764468 0.5271453554 
-82.3319575850 0.0416146959 0.8717124476 0.5272336700 
-82.3341410729 0.0416096003 0.8717486079 0.5273220161 
-82.3363355387 0.0416044798 0.8717849318 0.5274103924 
-82.3385412679 0.0415993336 0.8718214238 0.5274987977 
-82.3407585548 0.0415941610 0.8718580883 0.5275872308 
-82.3429877030 0.0415889614 0.8718949299 0.5276756903 
-82.3452290257 0.0415837340 0.8719319535 0.5277641749 
-82.3474828457 0.0415784781 0.8719691640 0.5278526833 
-82.3497494960 0.0415731929 0.8720065665 0.5279412140 
-82.3520293200 0.0415678776 0.8720441662 0.5280297656 
-82.3543226716 0.0415625315 0.8720819685 0.5281183365 
-82.3566299160 0.0415571537 0.8721199790 0.5282069253 
-82.3589514295 0.0415517432 0.8721582035 0.5282955304 
-82.3612876002 0.0415462993 0.8721966479 0.5283841502 
-82.3636388283 0.0415408210 0.8722353184 0.5284727829 
-82.3660055261 0.0415353074 0.8722742211 0.5285614269 
-82.3683881191 0.0415297574 0.8723133628 0.5286500805 
-82.3707870456 0.0415241701 0.8723527499 0.5287387417 
-82.3732027577 0.0415185444 0.8723923895 0.5288274088 
-82.3756357212 0.0415128793 0.8724322888 0.5289160797 
-82.3780864165 0.0415071737 0.8724724549 0.5290047526 
-82.3805553387 0.0415014264 0.8725128956 0.5290934254 
-82.3830429983 0.0414956362 0.8725536186 0.5291820959 
-82.3855499212 0.0414898020 0.8725946319 0.5292707621 
-82.3880766500 0.0414839225 0.8726359439 0.5293594217 
-82.3906237434 0.0414779964 0.8726775632 0.5294480723 
-82.3931917777 0.0414720224 0.8727194985 0.5295367117 
-82.3957813468 0.0414659992 0.8727617588 0.5296253374 
-82.3983930628 0.0414599253 0.8728043537 0.5297139468 
-82.4010275565 0.0414537993 0.8728472927 0.5298025374 
-82.4036854782 0.0414476197 0.8728905858 0.5298911065 
-82.4063674982 0.0414413849 0.8729342432 0.5299796514 
-82.4090743072 0.0414350935 0.8729782754 0.5300681692 
-82.4118066170 0.0414287437 0.8730226935 0.5301566570 
-82.4145651614 0.0414223339 0.8730675085 0.5302451117 
-82.4173506966 0.0414158623 0.8731127320 0.5303335303 
-82.4201640018 0.0414093272 0.8731583761 0.5304219095 
-82.4230058803 0.0414027268 0.8732044528 0.5305102460 
-82.4258771598 0.0413960590 0.8732509749 0.5305985365 
-82.4287786933 0.0413893221 0.8732979553 0.5306867773 
-82.4317113600 0.0413825139 0.8733454076 0.5307749648 
-82.4346760658 0.0413756325 0.8733933456 0.5308630953 
-82.4376737445 0.0413686756 0.8734417834 0.5309511648 
-82.4407053582 0.0413616411 0.8734907359 0.5310391694 
-82.4437718985 0.0413545267 0.8735402180 0.5311271050 
-82.4468743872 0.0413473302 0.8735902454 0.5312149672 
-82.4500138775 0.0413400490 0.8736408342 0.5313027516 
-82.4531914545 0.0413326807 0.8736920009 0.5313904538 
-82.4564082366 0.0413252228 0.8737437625 0.5314780688 
-82.4596653763 0.0413176726 0.8737961366 0.5315655921 
-82.4629640610 0.0413100275 0.8738491412 0.5316530183 
-82.4663055148 0.0413022846 0.8739027951 0.5317403425 
-82.4696909987 0.0412944411 0.8739571173 0.5318275592 
-82.4731218124 0.0412864940 0.8740121277 0.5319146629 
-82.4765992954 0.0412784403 0.8740678465 0.5320016478 
-82.4801248275 0.0412702768 0.8741242948 0.5320885080 
-82.4836998313 0.0412620004 0.8741814942 0.5321752374 
-82.4873257722 0.0412536076 0.8742394670 0.5322618297 
-82.4910041605 0.0412450951 0.8742982359 0.5323482782 
-82.4947365528 0.0412364593 0.8743578246 0.5324345763 
-82.4985245528 0.0412276966 0.8744182575 0.5325207168 
-82.5023698132 0.0412188033 0.8744795596 0.5326066927 
-82.5062740374 0.0412097754 0.8745417565 0.5326924963 
-82.5102389804 0.0412006090 0.8746048750 0.5327781198 
-82.5142664509 0.0411913001 0.8746689423 0.5328635554 
-82.5183583129 0.0411818443 0.8747339865 0.5329487945 
-82.5225164870 0.0411722374 0.8748000367 0.5330338288 
-82.5267429527 0.0411624749 0.8748671227 0.5331186491 
-82.5310397496 0.0411525522 0.8749352753 0.5332032464 
-82.5354089800 0.0411424645 0.8750045260 0.5332876110 
-82.5398528099 0.0411322069 0.8750749076 0.5333717331 
-82.5443734719 0.0411217745 0.8751464534 0.5334556024 
-82.5489732664 0.0411111619 0.8752191982 0.5335392084 
-82.5536545644 0.0411003640 0.8752931774 0.5336225400 
-82.5584198092 0.0410893752 0.8753684277 0.5337055859 
-82.5632715187 0.0410781898 0.8754449868 0.5337883344 
-82.5682122881 0.0410668020 0.8755228935 0.5338707731 
-82.5732447916 0.0410552058 0.8756021877 0.5339528894 
-82.5783717854 0.0410433950 0.8756829105 0.5340346703 
-82.5835961102 0.0410313633 0.8757651044 0.5341161021 
-82.5889206934 0.0410191041 0.8758488128 0.5341971709 
-82.5943485522 0.0410066106 0.8759340807 0.5342778619 
-82.5998827963 0.0409938758 0.8760209542 0.5343581601 
-82.6055266304 0.0409808927 0.8761094808 0.5344380499 
-82.6112833580 0.0409676538 0.8761997094 0.5345175149 
-82.6171563835 0.0409541516 0.8762916904 0.5345965384 
-82.6231492160 0.0409403782 0.8763854756 0.5346751030 
-82.6292654722 0.0409263256 0.8764811182 0.5347531905 
-82.6355088802 0.0409119854 0.8765786731 0.5348307822 
-82.6418832824 0.0408973492 0.8766781967 0.5349078587 
-82.6483926395 0.0408824081 0.8767797472 0.5349843999 
-82.6550410340 0.0408671532 0.8768833842 0.5350603849 
-82.6618326744 0.0408515750 0.8769891693 0.5351357921 
-82.6687718985 0.0408356639 0.8770971657 0.5352105990 
-82.6758631780 0.0408194101 0.8772074385 0.5352847826 
-82.6831111225 0.0408028035 0.8773200545 0.5353583186 
-82.6905204840 0.0407858334 0.8774350826 0.5354311822 
-82.6980961612 0.0407684892 0.8775525937 0.5355033476 
-82.7058432043 0.0407507597 0.8776726606 0.5355747879 
-82.7137668196 0.0407326335 0.8777953582 0.5356454754 
-82.7218723748 0.0407140988 0.8779207636 0.5357153814 
-82.7301654039 0.0406951434 0.8780489558 0.5357844762 
-82.7386516122 0.0406757550 0.8781800165 0.5358527289 
-82.7473368825 0.0406559206 0.8783140294 0.5359201076 
-82.7562272799 0.0406356269 0.8784510806 0.5359865793 
-82.7653290586 0.0406148605 0.8785912585 0.5360521098 
-82.7746486669 0.0405936072 0.8787346543 0.5361166636 
-82.7841927542 0.0405718527 0.8788813615 0.5361802043 
-82.7939681771 0.0405495820 0.8790314762 0.5362426937 
-82.8039820064 0.0405267798 0.8791850972 0.5363040927 
-82.8142415335 0.0405034304 0.8793423262 0.5363643607 
-82.8247542780 0.0404795177 0.8795032674 0.5364234557 
-82.8355279947 0.0404550248 0.8796680280 0.5364813343 
-82.8465706817 0.0404299346 0.8798367183 0.5365379517 
-82.8578905878 0.0404042294 0.8800094513 0.5365932613 
-82.8694962210 0.0403778911 0.8801863432 0.5366472153 
-82.8813963566 0.0403509008 0.8803675136 0.5366997641 
-82.8936000466 0.0403232393 0.8805530848 0.5367508565 
-82.9061166279 0.0402948868 0.8807431829 0.5368004394 
-82.9189557323 0.0402658228 0.8809379369 0.5368484584 
-82.9321272960 0.0402360262 0.8811374796 0.5368948569 
-82.9456415694 0.0402054755 0.8813419472 0.5369395766 
-82.9595091281 0.0401741484 0.8815514793 0.5369825573 
-82.9737408827 0.0401420220 0.8817662194 0.5370237368 
-82.9883480909 0.0401090727 0.8819863145 0.5370630511 
-83.0033423685 0.0400752761 0.8822119156 0.5371004337 
-83.0187357013 0.0400406075 0.8824431774 0.5371358164 
-83.0345404579 0.0400050410 0.8826802588 0.5371691284 
-83.0507694020 0.0399685502 0.8829233223 0.5372002970 
-83.0674357060 0.0399311079 0.8831725349 0.5372292469 
-83.0845529649 0.0398926862 0.8834280675 0.5372559003 
-83.1021352101 0.0398532563 0.8836900954 0.5372801770 
-83.1201969247 0.0398127886 0.8839587980 0.5373019940 
-83.1387530585 0.0397712525 0.8842343592 0.5373212656 
-83.1578190442 0.0397286168 0.8845169674 0.5373379033 
-83.1774108135 0.0396848493 0.8848068151 0.5373518152 
-83.1975448148 0.0396399168 0.8851040999 0.5373629065 
-83.2182380304 0.0395937852 0.8854090235 0.5373710788 
-83.2395079956 0.0395464194 0.8857217926 0.5373762302 
-83.2613728171 0.0394977835 0.8860426184 0.5373782547 
-83.2838511936 0.0394478403 0.8863717169 0.5373770422 
-83.3069624361 0.0393965518 0.8867093088 0.5373724780 
-83.3307264895 0.0393438787 0.8870556198 0.5373644426 
-83.3551639550 0.0392897807 0.8874108803 0.5373528109 
-83.3802961133 0.0392342166 0.8877753255 0.5373374519 
-83.4061449487 0.0391771436 0.8881491958 0.5373182280 
-83.4327331743 0.0391185181 0.8885327360 0.5372949941 
-83.4600842584 0.0390582950 0.8889261962 0.5372675969 
-83.4882224514 0.0389964282 0.8893298313 0.5372358736 
-83.5171728147 0.0389328702 0.8897439008 0.5371996507 
-83.5469612501 0.0388675722 0.8901686694 0.5371587424 
-83.5776145306 0.0388004839 0.8906044063 0.5371129489 
-83.6091603332 0.0387315541 0.8910513855 0.5370620538 
-83.6416272721 0.0386607296 0.8915098859 0.5370058218 
-83.6750449347 0.0385879562 0.8919801908 0.5369439948 
-83.7094439180 0.0385131781 0.8924625879 0.5368762885 
-83.7448558675 0.0384363379 0.8929573696 0.5368023869 
-83.7813135180 0.0383573767 0.8934648324 0.5367219364 
-83.8188507366 0.0382762341 0.8939852771 0.5366345379 
-83.8575025667 0.0381928481 0.8945190083 0.5365397370 
-83.8973052767 0.0381071547 0.8950663345 0.5364370119 
-83.9382964090 0.0380190888 0.8956275680 0.5363257575 
-83.9805148336 0.0379285829 0.8962030245 0.5362052647 
-84.0240008043 0.0378355683 0.8967930227 0.5360746943 
-84.0687960189 0.0377399740 0.8973978847 0.5359330423 
-84.1149436834 0.0376417274 0.8980179351 0.5357790939 
-84.1624885816 0.0375407538 0.8986535010 0.5356113645 
-84.2114771498 0.0374369767 0.8993049121 0.5354280206 
-84.2619575590 0.0373303172 0.8999724997 0.5352267778 
-84.3139798048 0.0372206946 0.9006565973 0.5350047674 
-84.3675958077 0.0371080258 0.9013575397 0.5347583677 
-84.4228595249 0.0369922252 0.9020756636 0.5344829950 
-84.4798270778 0.0368732050 0.9028113067 0.5341728615 
-84.5385568969 0.0367508747 0.9035648084 0.5338207315 
-84.5991098889 0.0366251409 0.9043365097 0.5334177655 
-84.6615496290 0.0364959072 0.9051267538 0.5329536250 
-84.7259425757 0.0363630740 0.9059358860 0.5324168475 
-84.7923583589 0.0362265380 0.9067642554 0.5318016151 
-84.8608709326 0.0360861899 0.9076122268 0.5312181256 
-84.9315566407 0.0359419192 0.9084801523 0.5308288994 
-85.0044902290 0.0357936218 0.9093683176 0.5306205758 
-85.0074005450 0.0357877156 0.9094037814 0.5306105617 
