-83.8247241324 0.0008663364 0.9953115445 0.9998608503 0.0000167888 0.9987879988 0.6984820895 0.9607119310 0.3382001825 0.0011401539 0.0632879312 0.2292340792 0.0001231614 0.8006925672 0.2859702387 0.0003439033 0.0485771150 0.7058407071 0.4371208061 0.6461975672 0.3285621639 0.0001823735 1.4925613476 1.4781371327 1.5431366425 0.0001743708 11.5056998807 11.5053793931 11.5053946225 136.4218849027 0.0000722663 0.0004581902 0.7460162232 0.6121150027 0.1276579714 0.0131911875
-83.8246348614 0.0008663495 0.9953114413 0.9998608471 0.0000167890 0.9987879658 0.6984720612 0.9607082468 0.3382268293 0.0011401613 0.0632789929 0.2291821995 0.0001231624 0.8006888777 0.2860099394 0.0003439077 0.0485777033 0.7058453111 0.4371180596 0.6462061511 0.3285663707 0.0001823893 1.4925226798 1.4780946870 1.5431365594 0.0001743843 11.5056498212 11.5053294056 11.5053446368 136.4218909269 0.0000722801 0.0004581961 0.7460105786 0.6121358039 0.1276769075 0.0131953352
-83.8244567682 0.0008663758 0.9953112355 0.9998608408 0.0000167894 0.9987878999 0.6984518160 0.9607007405 0.3382812470 0.0011401760 0.0632612089 0.2290779933 0.0001231646 0.8006815175 0.2860897748 0.0003439164 0.0485788768 0.7058545836 0.4371132185 0.6462230482 0.3285756262 0.0001824215 1.4924450647 1.4780092776 1.5431367519 0.0001744118 11.5055681719 11.5052478999 11.5052631346 136.4219028134 0.0000723080 0.0004582078 0.7459993043 0.6121782384 0.1277140127 0.0132037411
-83.8241907371 0.0008664149 0.9953109279 0.9998608313 0.0000167900 0.9987878012 0.6984208817 0.9606890479 0.3383663035 0.0011401981 0.0632347223 0.2289203246 0.0001231678 0.8006705248 0.2862109115 0.0003439294 0.0485806299 0.7058684807 0.4371075880 0.6462476561 0.3285916080 0.0001824719 1.4923264527 1.4778782526 1.5431379215 0.0001744549 11.5054779964 11.5051579419 11.5051731822 136.4219203182 0.0000723511 0.0004582253 0.7459824304 0.6122444714 0.1277679122 0.0132167604
-83.8238380907 0.0008664669 0.9953105200 0.9998608187 0.0000167908 0.9987876700 0.6983780814 0.9606723346 0.3384885300 0.0011402274 0.0631996636 0.2287069422 0.0001231720 0.8006559576 0.2863757003 0.0003439467 0.0485829537 0.7058865428 0.4371029999 0.6462790065 0.3286167263 0.0001825442 1.4921614011 1.4776948815 1.5431412976 0.0001745168 11.5054287878 11.5051090317 11.5051242799 136.4219432899 0.0000724121 0.0004582485 0.7459600026 0.6123394695 0.1278368941 0.0132351911
-83.8233991635 0.0008665313 0.9953100137 0.9998608031 0.0000167918 0.9987875066 0.6983206427 0.9606494595 0.3386610480 0.0011402637 0.0631559344 0.2284318067 0.0001231772 0.8006378950 0.2865896212 0.0003439682 0.0485858363 0.7059077363 0.4371013795 0.6463159744 0.3286537356 0.0001826432 1.4919425058 1.4774500023 1.5431486729 0.0001746016 11.5054463575 11.5051269945 11.5051422533 136.4156590810 0.0000724947 0.0004582772 0.7459320831 0.6124694619 0.1279193178 0.0132601758
-83.8228820842 0.0008666074 0.9953094145 0.9998607847 0.0000167929 0.9987873119 0.6982553068 0.9606236774 0.3388496720 0.0011403066 0.0631128302 0.2281426137 0.0001231834 0.8006164435 0.2868131397 0.0003439935 0.0485892449 0.7059224594 0.4370935814 0.6463482820 0.3286850862 0.0001827553 1.4916861130 1.4771722420 1.5431530319 0.0001746977 11.5055188429 11.5051999032 11.5052151739 136.4156860984 0.0000725872 0.0004583112 0.7458987597 0.6126165025 0.1279930720 0.0132874933
-83.8222878505 0.0008666950 0.9953087248 0.9998607634 0.0000167943 0.9987870862 0.6981830674 0.9605961347 0.3390492562 0.0011403559 0.0630706332 0.2278433132 0.0001231905 0.8005917083 0.2870428591 0.0003440227 0.0485931637 0.7059318371 0.4370794860 0.6463768381 0.3287108253 0.0001828749 1.4914038531 1.4768746816 1.5431538830 0.0001748002 11.5056037025 11.5052852026 11.5053004860 136.4157116587 0.0000726853 0.0004583503 0.7458601181 0.6127733178 0.1280594494 0.0133159877
-83.8216189123 0.0008667936 0.9953079474 0.9998607395 0.0000167958 0.9987868301 0.6981052383 0.9605676984 0.3392541899 0.0011404115 0.0630295431 0.2275370737 0.0001231985 0.8005637966 0.2872761000 0.0003440555 0.0485975768 0.7059367030 0.4370592798 0.6464021906 0.3287312427 0.0001829981 1.4911055870 1.4765677392 1.5431512478 0.0001749058 11.5056879131 11.5053698570 11.5053851535 136.4157359763 0.0000727855 0.0004583944 0.7458162474 0.6129346444 0.1281194986 0.0133447704
-83.8208776799 0.0008669030 0.9953070847 0.9998607130 0.0000167974 0.9987865440 0.6980232407 0.9605390551 0.3394589686 0.0011404730 0.0629897058 0.2272267330 0.0001232074 0.8005328158 0.2875105431 0.0003440919 0.0486024685 0.7059376067 0.4370332674 0.6464246724 0.3287467400 0.0001831217 1.4907995258 1.4762595289 1.5431454241 0.0001750117 11.5057605440 11.5054429263 11.5054582359 136.4157592579 0.0000728853 0.0004584432 0.7457672384 0.6130964437 0.1281740762 0.0133731676
-83.8200664944 0.0008670226 0.9953061393 0.9998606840 0.0000167993 0.9987862285 0.6979384003 0.9605106993 0.3396587475 0.0011405404 0.0629512473 0.2269151348 0.0001232172 0.8004988732 0.2877439363 0.0003441317 0.0486078235 0.7059349006 0.4370017703 0.6464444860 0.3287577368 0.0001832437 1.4904925144 1.4759563319 1.5431369038 0.0001751161 11.5058277480 11.5055105551 11.5055258777 136.4157816517 0.0000729827 0.0004584967 0.7457131828 0.6132559389 0.1282238766 0.0134006796
-83.8191875924 0.0008671523 0.9953051136 0.9998606525 0.0000168012 0.9987858841 0.6978518469 0.9604830283 0.3398495655 0.0011406135 0.0629142566 0.2266048733 0.0001232277 0.8004620747 0.2879742973 0.0003441749 0.0486136274 0.7059288324 0.4369650861 0.6464617788 0.3287646214 0.0001833623 1.4901900932 1.4756629192 1.5431261854 0.0001752177 11.5058869057 11.5055701186 11.5055854537 136.4158032299 0.0000730763 0.0004585546 0.7456541719 0.6134109032 0.1282694822 0.0134269346
-83.8182430880 0.0008672918 0.9953040098 0.9998606187 0.0000168034 0.9987855111 0.6977644590 0.9604563147 0.3400285165 0.0011406920 0.0628788003 0.2262983726 0.0001232390 0.8004225242 0.2881998384 0.0003442213 0.0486198663 0.7059195905 0.4369234762 0.6464766692 0.3287677306 0.0001834763 1.4898964402 1.4753825827 1.5431137546 0.0001753153 11.5059368815 11.5056204773 11.5056358244 136.4158240066 0.0000731652 0.0004586169 0.7455902962 0.6135598383 0.1283113812 0.0134516870
-83.8172349619 0.0008674407 0.9953028301 0.9998605825 0.0000168057 0.9987851101 0.6976768479 0.9604307091 0.3401937639 0.0011407758 0.0628449288 0.2259978614 0.0001232511 0.8003803228 0.2884189547 0.0003442709 0.0486265273 0.7059073228 0.4368771653 0.6464892495 0.3287673472 0.0001835853 1.4896145771 1.4751174130 1.5431000857 0.0001754085 11.5059840466 11.5056679999 11.5056833584 136.4158439685 0.0000732487 0.0004586834 0.7455216443 0.6137019669 0.1283499828 0.0134747974
-83.8161650493 0.0008675987 0.9953015763 0.9998605441 0.0000168081 0.9987846815 0.6975894070 0.9604063087 0.3403443214 0.0011408648 0.0628126599 0.2257051315 0.0001232640 0.8003355685 0.2886304102 0.0003443235 0.0486335985 0.7058921596 0.4368263457 0.6464996082 0.3287637059 0.0001836886 1.4893465369 1.4748685843 1.5430855664 0.0001754969 11.5060259429 11.5057102271 11.5057255963 136.4158630970 0.0000733267 0.0004587541 0.7454483029 0.6138367583 0.1283856437 0.0134961977
-83.8150350414 0.0008677657 0.9953002504 0.9998605036 0.0000168107 0.9987842257 0.6975023529 0.9603831350 0.3404799066 0.0011409588 0.0627819928 0.2254216476 0.0001232775 0.8002883557 0.2888332323 0.0003443790 0.0486410689 0.7058742173 0.4367711830 0.6465078286 0.3287570016 0.0001837864 1.4890934568 1.4746364568 1.5430705295 0.0001755804 11.5060633187 11.5057479071 11.5057632864 136.4158813767 0.0000733990 0.0004588287 0.7453703559 0.6139641213 0.1284186702 0.0135158883
-83.8138464872 0.0008679414 0.9952988539 0.9998604609 0.0000168133 0.9987837430 0.6974157722 0.9603611622 0.3406007485 0.0011410577 0.0627529107 0.2251485471 0.0001232918 0.8002387748 0.2890266990 0.0003444375 0.0486489283 0.7058536031 0.4367118202 0.6465139915 0.3287473965 0.0001838786 1.4888558125 1.4744208269 1.5430552521 0.0001756593 11.5060968284 11.5057816950 11.5057970837 136.4158987990 0.0000734658 0.0004589072 0.7452878846 0.6140842214 0.1284493271 0.0135339152
-83.8126007992 0.0008681256 0.9952973884 0.9998604161 0.0000168162 0.9987832338 0.6973296637 0.9603403313 0.3407074221 0.0011411614 0.0627253840 0.2248866625 0.0001233068 0.8001869123 0.2892103146 0.0003444988 0.0486571676 0.7058304178 0.4366483824 0.6465181767 0.3287350276 0.0001839656 1.4886335455 1.4742210728 1.5430399507 0.0001757336 11.5061270730 11.5058121929 11.5058275904 136.4159153626 0.0000735273 0.0004589895 0.7452009673 0.6141974078 0.1284778443 0.0135503576
-83.8112992597 0.0008683181 0.9952958551 0.9998603693 0.0000168191 0.9987826985 0.6972439705 0.9603205675 0.3408007226 0.0011412697 0.0626993731 0.2246365654 0.0001233224 0.8001328508 0.2893837705 0.0003445629 0.0486657784 0.7058047588 0.4365809800 0.6465204661 0.3287200122 0.0001840477 1.4884261922 1.4740362724 1.5430247885 0.0001758037 11.5061516361 11.5058369860 11.5058523918 136.4159310724 0.0000735839 0.0004590755 0.7451096794 0.6143041040 0.1285044222 0.0135653175
-83.8099430335 0.0008685187 0.9952942554 0.9998603204 0.0000168222 0.9987821373 0.6971585900 0.9603017590 0.3408816214 0.0011413826 0.0626748390 0.2243986712 0.0001233387 0.8000766687 0.2895468466 0.0003446296 0.0486747533 0.7057767126 0.4365097119 0.6465209297 0.3287024512 0.0001841253 1.4882330499 1.4738653442 1.5430099163 0.0001758700 11.5061766005 11.5058621584 11.5058775718 136.4159459410 0.0000736360 0.0004591652 0.7450140933 0.6144049746 0.1285292308 0.0135789139
-83.8085331718 0.0008687274 0.9952925904 0.9998602697 0.0000168254 0.9987815506 0.6970734111 0.9602838231 0.3409510935 0.0011415000 0.0626517256 0.2241730720 0.0001233557 0.8000184405 0.2896995611 0.0003446991 0.0486840853 0.7057463653 0.4364346681 0.6465196396 0.3286824335 0.0001841988 1.4880533540 1.4737072598 1.5429954213 0.0001759327 11.5061990486 11.5058847942 11.5059002149 136.4159599903 0.0000736839 0.0004592584 0.7449142782 0.6145004699 0.1285524268 0.0135912543
-83.8070706245 0.0008689439 0.9952908609 0.9998602169 0.0000168288 0.9987809386 0.6969883213 0.9602666674 0.3410101102 0.0011416218 0.0626299737 0.2239597065 0.0001233733 0.7999582370 0.2898420346 0.0003447711 0.0486937684 0.7057137985 0.4363559312 0.6465166655 0.3286600379 0.0001842686 1.4878862504 1.4735609667 1.5429813718 0.0001759923 11.5062193018 11.5059052166 11.5059206440 136.4159732478 0.0000737281 0.0004593552 0.7448103008 0.6145911099 0.1285741478 0.0136024474
-83.8055562490 0.0008691681 0.9952890679 0.9998601623 0.0000168322 0.9987803017 0.6969032136 0.9602502032 0.3410596057 0.0011417479 0.0626095226 0.2237583921 0.0001233915 0.7998961251 0.2899744669 0.0003448457 0.0487037971 0.7056790899 0.4362735771 0.6465120751 0.3286353347 0.0001843351 1.4877308632 1.4734254469 1.5429678157 0.0001760491 11.5062376429 11.5059237096 11.5059391434 136.4159857441 0.0000737687 0.0004594554 0.7447022248 0.6146773929 0.1285945160 0.0136125972
-83.8039908180 0.0008694000 0.9952872123 0.9998601058 0.0000168358 0.9987796399 0.6968179903 0.9602343460 0.3411004611 0.0011418783 0.0625903108 0.2235688524 0.0001234103 0.7998321684 0.2900971178 0.0003449229 0.0487141663 0.7056423136 0.4361876757 0.6465059341 0.3286083872 0.0001843986 1.4875862962 1.4732997186 1.5429547775 0.0001761033 11.5062543078 11.5059405108 11.5059559505 136.4159975115 0.0000738063 0.0004595591 0.7445901113 0.6147597920 0.1286136401 0.0136218025
-83.8023750282 0.0008696394 0.9952852946 0.9998600475 0.0000168395 0.9987789536 0.6967325648 0.9602190188 0.3411334901 0.0011420129 0.0625722770 0.2233907408 0.0001234298 0.7997664270 0.2902102914 0.0003450025 0.0487248718 0.7056035402 0.4360982924 0.6464983057 0.3285792534 0.0001844595 1.4874517025 1.4731828818 1.5429422712 0.0001761553 11.5062694915 11.5059558163 11.5059712616 136.4160085835 0.0000738410 0.0004596661 0.7444740188 0.6148387382 0.1286316170 0.0136301537
-83.8007095074 0.0008698863 0.9952833156 0.9998599873 0.0000168433 0.9987782430 0.6966468627 0.9602041506 0.3411594393 0.0011421517 0.0625553609 0.2232236606 0.0001234498 0.7996989579 0.2903143230 0.0003450847 0.0487359094 0.7055628374 0.4360054881 0.6464892508 0.3285479863 0.0001845180 1.4873262608 1.4730740978 1.5429302965 0.0001762052 11.5062833575 11.5059697909 11.5059852416 136.4160189938 0.0000738732 0.0004597764 0.7443540036 0.6149146282 0.1286485339 0.0136377340
-83.7989948217 0.0008701405 0.9952812758 0.9998599252 0.0000168472 0.9987775082 0.6965608213 0.9601896773 0.3411789855 0.0011422946 0.0625395036 0.2230671815 0.0001234704 0.7996298149 0.2904095677 0.0003451692 0.0487472757 0.7055202694 0.4359093206 0.6464788279 0.3285146350 0.0001845745 1.4872092103 1.4729726089 1.5429188469 0.0001762534 11.5062960464 11.5059825763 11.5059980321 136.4160287763 0.0000739031 0.0004598901 0.7442301197 0.6149878182 0.1286644692 0.0136446188
-83.7972314813 0.0008704020 0.9952791756 0.9998598614 0.0000168512 0.9987767494 0.6964743887 0.9601755410 0.3411927406 0.0011424416 0.0625246480 0.2229208526 0.0001234917 0.7995590492 0.2904963922 0.0003452562 0.0487589674 0.7054758976 0.4358098443 0.6464670926 0.3284792454 0.0001846292 1.4870998358 1.4728777205 1.5429079077 0.0001763001 11.5063076801 11.5059942953 11.5060097559 136.4160379642 0.0000739310 0.0004600070 0.7441024189 0.6150586306 0.1286794936 0.0136508763
-83.7954199465 0.0008706708 0.9952770155 0.9998597958 0.0000168554 0.9987759669 0.6963875229 0.9601616902 0.3412012540 0.0011425926 0.0625107389 0.2227842129 0.0001235135 0.7994867093 0.2905751679 0.0003453457 0.0487709818 0.7054297802 0.4357071109 0.6464540981 0.3284418600 0.0001846823 1.4869974850 1.4727888130 1.5428974624 0.0001763454 11.5063183646 11.5060050549 11.5060205200 136.4160465903 0.0000739570 0.0004601271 0.7439709510 0.6151273520 0.1286936715 0.0136565676
-83.7935606329 0.0008709467 0.9952747960 0.9998597284 0.0000168596 0.9987751608 0.6963001907 0.9601480781 0.3412050192 0.0011427476 0.0624977237 0.2226567994 0.0001235359 0.7994128409 0.2906462653 0.0003454374 0.0487833162 0.7053819728 0.4356011700 0.6464398952 0.3284025192 0.0001847340 1.4869015476 1.4727053181 1.5428874888 0.0001763895 11.5063281936 11.5060149494 11.5060304189 136.4160546859 0.0000739813 0.0004602505 0.7438357640 0.6151942415 0.1287070611 0.0136617481
-83.7916539159 0.0008712298 0.9952725173 0.9998596593 0.0000168640 0.9987743312 0.6962123665 0.9601346635 0.3412044773 0.0011429066 0.0624855518 0.2225381532 0.0001235589 0.7993374877 0.2907100505 0.0003455316 0.0487959683 0.7053325279 0.4354920685 0.6464245319 0.3283612608 0.0001847844 1.4868114714 1.4726267309 1.5428779648 0.0001764326 11.5063372490 11.5060240616 11.5060395354 136.4160622815 0.0000740041 0.0004603770 0.7436969043 0.6152595286 0.1287197156 0.0136664671
-83.7897001352 0.0008715199 0.9952701797 0.9998595883 0.0000168685 0.9987734782 0.6961240315 0.9601214092 0.3412000228 0.0011430696 0.0624741753 0.2224278242 0.0001235824 0.7992606908 0.2907668817 0.0003456281 0.0488089363 0.7052814957 0.4353798519 0.6464080541 0.3283181208 0.0001848338 1.4867267453 1.4725525918 1.5428688659 0.0001764747 11.5063456046 11.5060324658 11.5060479437 136.4160694063 0.0000740255 0.0004605067 0.7435544163 0.6153234194 0.1287316836 0.0136707692
-83.7876995984 0.0008718171 0.9952677835 0.9998595157 0.0000168731 0.9987726021 0.6960351723 0.9601082823 0.3411920075 0.0011432365 0.0624635484 0.2223253741 0.0001236065 0.7991824894 0.2908171073 0.0003457269 0.0488222181 0.7052289238 0.4352645634 0.6463905052 0.3282731331 0.0001848823 1.4866469111 1.4724824921 1.5428601692 0.0001765161 11.5063533248 11.5060402271 11.5060557090 136.4160760879 0.0000740457 0.0004606395 0.7434083432 0.6153860960 0.1287430096 0.0136746941
-83.7856525847 0.0008721213 0.9952653289 0.9998594412 0.0000168778 0.9987717029 0.6959457800 0.9600952534 0.3411807456 0.0011434072 0.0624536279 0.2222303791 0.0001236312 0.7991029207 0.2908610643 0.0003458281 0.0488358122 0.7051748573 0.4351462451 0.6463719262 0.3282263303 0.0001849300 1.4865715474 1.4724160638 1.5428518508 0.0001765568 11.5063604672 11.5060474035 11.5060628892 136.4160823529 0.0000740648 0.0004607755 0.7432587267 0.6154477213 0.1287537344 0.0136782772
-83.7835593477 0.0008724325 0.9952628162 0.9998593651 0.0000168826 0.9987707808 0.6958558501 0.9600822963 0.3411665178 0.0011435819 0.0624443729 0.2221424312 0.0001236565 0.7990220201 0.2908990770 0.0003459316 0.0488497172 0.7051193391 0.4350249373 0.6463523563 0.3281777434 0.0001849770 1.4865002672 1.4723529711 1.5428438869 0.0001765969 11.5063670839 11.5060540476 11.5060695370 136.4160882263 0.0000740828 0.0004609146 0.7431056071 0.6155084416 0.1287638955 0.0136815508
-83.7814201187 0.0008727506 0.9952602455 0.9998592872 0.0000168875 0.9987698358 0.6957653810 0.9600693870 0.3411495752 0.0011437604 0.0624357446 0.2220611396 0.0001236823 0.7989398212 0.2909314568 0.0003460374 0.0488639318 0.7050624101 0.4349006791 0.6463318322 0.3281274019 0.0001850234 1.4864327127 1.4722929093 1.5428362537 0.0001766365 11.5063732209 11.5060602059 11.5060756989 136.4160937319 0.0000740999 0.0004610569 0.7429490235 0.6155683889 0.1287735274 0.0136845441
-83.7792351088 0.0008730757 0.9952576169 0.9998592075 0.0000168925 0.9987688681 0.6956743739 0.9600565051 0.3411301408 0.0011439428 0.0624277065 0.2219861309 0.0001237086 0.7988563558 0.2909585013 0.0003461455 0.0488784547 0.7050041088 0.4347735085 0.6463103889 0.3280753344 0.0001850694 1.4863685706 1.4722356108 1.5428289303 0.0001766757 11.5063789198 11.5060659202 11.5060814167 136.4160988921 0.0000741162 0.0004612022 0.7427890139 0.6156276779 0.1287826619 0.0136872826
-83.7770045118 0.0008734077 0.9952549305 0.9998591262 0.0000168976 0.9987678779 0.6955828321 0.9600436318 0.3411084143 0.0011441291 0.0624202242 0.2219170492 0.0001237356 0.7987716545 0.2909804948 0.0003462559 0.0488932850 0.7049444721 0.4346434622 0.6462880594 0.3280215682 0.0001851149 1.4863075485 1.4721808305 1.5428218961 0.0001767145 11.5063842181 11.5060712285 11.5060867285 136.4161037282 0.0000741318 0.0004613506 0.7426256152 0.6156864130 0.1287913285 0.0136897897
-83.7747285056 0.0008737466 0.9952521865 0.9998590431 0.0000169029 0.9987668651 0.6954907606 0.9600307502 0.3410845742 0.0011443191 0.0624132651 0.2218535564 0.0001237630 0.7986857461 0.2909977076 0.0003463685 0.0489084218 0.7048835350 0.4345105760 0.6462648750 0.3279661296 0.0001851601 1.4862493793 1.4721283452 1.5428151307 0.0001767531 11.5063891491 11.5060761644 11.5060916677 136.4161082600 0.0000741466 0.0004615020 0.7424588633 0.6157446876 0.1287995544 0.0136920866
-83.7724072547 0.0008740923 0.9952493850 0.9998589583 0.0000169082 0.9987658299 0.6953981658 0.9600178452 0.3410587804 0.0011445130 0.0624067986 0.2217953317 0.0001237911 0.7985986584 0.2910103971 0.0003464835 0.0489238641 0.7048213306 0.4343748848 0.6462408651 0.3279090440 0.0001852050 1.4861938140 1.4720779496 1.5428086144 0.0001767914 11.5063937437 11.5060807589 11.5060962655 136.4161125063 0.0000741608 0.0004616566 0.7422887932 0.6158025867 0.1288073648 0.0136941925
-83.7700409118 0.0008744449 0.9952465260 0.9998588718 0.0000169137 0.9987647724 0.6953050553 0.9600049038 0.3410311748 0.0011447106 0.0624007960 0.2217420714 0.0001238196 0.7985104175 0.2910188074 0.0003466007 0.0489396113 0.7047578906 0.4342364225 0.6462160578 0.3278503362 0.0001852497 1.4861406399 1.4720294679 1.5428023312 0.0001768295 11.5063980290 11.5060850396 11.5061005494 136.4161164849 0.0000741744 0.0004618142 0.7421154390 0.6158601831 0.1288147829 0.0136961242
-83.7676296191 0.0008748044 0.9952436095 0.9998587835 0.0000169192 0.9987636926 0.6952114371 0.9599919141 0.3410018845 0.0011449121 0.0623952302 0.2216934877 0.0001238488 0.7984210486 0.2910231698 0.0003467202 0.0489556626 0.7046932451 0.4340952225 0.6461904794 0.3277900297 0.0001852942 1.4860896569 1.4719827354 1.5427962647 0.0001768675 11.5064020301 11.5060890315 11.5061045446 136.4161202122 0.0000741875 0.0004619749 0.7419388340 0.6159175433 0.1288218305 0.0136978972
-83.7651735101 0.0008751706 0.9952406357 0.9998586936 0.0000169249 0.9987625907 0.6951173203 0.9599788649 0.3409710251 0.0011451173 0.0623900757 0.2216493092 0.0001238785 0.7983305756 0.2910237037 0.0003468420 0.0489720175 0.7046274226 0.4339513173 0.6461641548 0.3277281479 0.0001853386 1.4860406656 1.4719375930 1.5427903969 0.0001769054 11.5064057699 11.5060927581 11.5061082742 136.4161237039 0.0000742002 0.0004621386 0.7417590108 0.6159747311 0.1288285277 0.0136995261
-83.7626727107 0.0008755437 0.9952376046 0.9998586019 0.0000169307 0.9987614667 0.6950227139 0.9599657473 0.3409386968 0.0011453263 0.0623853086 0.2216092794 0.0001239087 0.7982390215 0.2910206163 0.0003469660 0.0489886755 0.7045604505 0.4338047387 0.6461371076 0.3276647131 0.0001853829 1.4859935175 1.4718939160 1.5427847168 0.0001769432 11.5064092686 11.5060962394 11.5061117586 136.4161269747 0.0000742124 0.0004623053 0.7415760013 0.6160317959 0.1288348932 0.0137010229
-83.7601273404 0.0008759237 0.9952345162 0.9998585085 0.0000169365 0.9987603208 0.6949276274 0.9599525521 0.3409049931 0.0011455391 0.0623809063 0.2215731562 0.0001239395 0.7981464082 0.2910141038 0.0003470922 0.0490056359 0.7044923546 0.4336555181 0.6461093600 0.3275997472 0.0001854271 1.4859480377 1.4718515673 1.5427792071 0.0001769810 11.5064125454 11.5060994950 11.5061150173 136.4161300382 0.0000742242 0.0004624751 0.7413898367 0.6160887908 0.1288409444 0.0137024000
-83.7575375134 0.0008763104 0.9952313704 0.9998584134 0.0000169425 0.9987591529 0.6948320704 0.9599392723 0.3408699941 0.0011457556 0.0623768477 0.2215407117 0.0001239708 0.7980527566 0.2910043513 0.0003472208 0.0490228983 0.7044231597 0.4335036861 0.6460809332 0.3275332715 0.0001854714 1.4859041039 1.4718104460 1.5427738586 0.0001770188 11.5064156169 11.5061025417 11.5061180670 136.4161329073 0.0000742356 0.0004626480 0.7412005479 0.6161457550 0.1288466975 0.0137036670
-83.7549033396 0.0008767039 0.9952281674 0.9998583166 0.0000169486 0.9987579632 0.6947360526 0.9599259007 0.3408337744 0.0011459759 0.0623731129 0.2215117309 0.0001240026 0.7979580867 0.2909915340 0.0003473515 0.0490404623 0.7043528895 0.4333492731 0.6460518470 0.3274653068 0.0001855157 1.4858615767 1.4717704420 1.5427686579 0.0001770566 11.5064184991 11.5061053954 11.5061209237 136.4161355942 0.0000742467 0.0004628238 0.7410081648 0.6162027301 0.1288521677 0.0137048340
-83.7522249256 0.0008771042 0.9952249071 0.9998582180 0.0000169548 0.9987567518 0.6946395833 0.9599124313 0.3407963996 0.0011461999 0.0623696832 0.2214860114 0.0001240351 0.7978624178 0.2909758167 0.0003474846 0.0490583274 0.7042815664 0.4331923087 0.6460221203 0.3273958734 0.0001855600 1.4858203400 1.4717314622 1.5427635941 0.0001770944 11.5064212059 11.5061080705 11.5061236017 136.4161381101 0.0000742575 0.0004630027 0.7408127172 0.6162597505 0.1288573690 0.0137059096
-83.7495023752 0.0008775113 0.9952215895 0.9998581178 0.0000169611 0.9987555186 0.6945426719 0.9598988590 0.3407579285 0.0011464277 0.0623665410 0.2214633627 0.0001240680 0.7977657681 0.2909573553 0.0003476198 0.0490764934 0.7042092120 0.4330328223 0.6459917709 0.3273249913 0.0001856044 1.4857802919 1.4716934248 1.5427586584 0.0001771323 11.5064237508 11.5061105802 11.5061261143 136.4161404656 0.0000742680 0.0004631846 0.7406142343 0.6163168463 0.1288623147 0.0137069014
-83.7467357904 0.0008779251 0.9952182147 0.9998580158 0.0000169675 0.9987542638 0.6944453277 0.9598851788 0.3407184144 0.0011466592 0.0623636700 0.2214436056 0.0001241015 0.7976681554 0.2909362967 0.0003477573 0.0490949597 0.7041358467 0.4328708429 0.6459608156 0.3272526798 0.0001856489 1.4857413299 1.4716562481 1.5427538406 0.0001771703 11.5064261456 11.5061129366 11.5061284736 136.4161426707 0.0000742783 0.0004633696 0.7404127448 0.6163740465 0.1288670171 0.0137078167
-83.7439252720 0.0008783458 0.9952147825 0.9998579121 0.0000169740 0.9987529875 0.6943475596 0.9598713861 0.3406779057 0.0011468944 0.0623610545 0.2214265713 0.0001241355 0.7975695966 0.2909127793 0.0003478971 0.0491137261 0.7040614903 0.4327063991 0.6459292704 0.3271789582 0.0001856935 1.4857033574 1.4716198574 1.5427491311 0.0001772084 11.5064284012 11.5061151507 11.5061306906 136.4161447346 0.0000742883 0.0004635575 0.7402082772 0.6164313775 0.1288714876 0.0137086624
-83.7410709205 0.0008787732 0.9952112931 0.9998578067 0.0000169806 0.9987516897 0.6942493762 0.9598574776 0.3406364445 0.0011471333 0.0623586802 0.2214121014 0.0001241701 0.7974701079 0.2908869335 0.0003480391 0.0491327922 0.7039861616 0.4325395191 0.6458971502 0.3271038451 0.0001857383 1.4856663007 1.4715841932 1.5427445233 0.0001772467 11.5064305279 11.5061172329 11.5061327757 136.4161466662 0.0000742981 0.0004637485 0.7400008594 0.6164888597 0.1288757372 0.0137094440
-83.7381728359 0.0008792073 0.9952077464 0.9998576995 0.0000169874 0.9987503704 0.6941507859 0.9598434499 0.3405940693 0.0011473759 0.0623565332 0.2214000467 0.0001242052 0.7973697048 0.2908588825 0.0003481833 0.0491521577 0.7039098785 0.4323702310 0.6458644695 0.3270273591 0.0001857832 1.4856300839 1.4715491943 1.5427400100 0.0001772850 11.5064325345 11.5061191922 11.5061347378 136.4161484736 0.0000743078 0.0004639425 0.7397905194 0.6165465134 0.1288797757 0.0137101669
-83.7352311192 0.0008796482 0.9952041423 0.9998575907 0.0000169942 0.9987490298 0.6940517968 0.9598293001 0.3405508150 0.0011476223 0.0623546008 0.2213902669 0.0001242409 0.7972684024 0.2908287418 0.0003483297 0.0491718221 0.7038326582 0.4321985624 0.6458312417 0.3269495184 0.0001858283 1.4855946372 1.4715148075 1.5427355840 0.0001773235 11.5064344300 11.5061210375 11.5061365859 136.4161501644 0.0000743172 0.0004641394 0.7395772843 0.6166043561 0.1288836128 0.0137108361
-83.7322458721 0.0008800959 0.9952004810 0.9998574801 0.0000170011 0.9987476679 0.6939524165 0.9598150256 0.3405067129 0.0011478723 0.0623528710 0.2213826304 0.0001242771 0.7971662151 0.2907966207 0.0003484784 0.0491917853 0.7037545174 0.4320245408 0.6457974796 0.3268703407 0.0001858735 1.4855598962 1.4714809800 1.5427312391 0.0001773621 11.5064362219 11.5061227763 11.5061383276 136.4161517458 0.0000743265 0.0004643394 0.7393611816 0.6166624043 0.1288872572 0.0137114562
-83.7292171980 0.0008805503 0.9951967622 0.9998573677 0.0000170081 0.9987462848 0.6938526524 0.9598006240 0.3404617917 0.0011481261 0.0623513324 0.2213770133 0.0001243138 0.7970631568 0.2907626218 0.0003486293 0.0492120467 0.7036754719 0.4318481935 0.6457631953 0.3267898437 0.0001859189 1.4855257978 1.4714476647 1.5427269683 0.0001774009 11.5064379178 11.5061244165 11.5061399705 136.4161532244 0.0000743356 0.0004645424 0.7391422381 0.6167206728 0.1288907173 0.0137120314
-83.7261452017 0.0008810114 0.9951929862 0.9998572537 0.0000170153 0.9987448805 0.6937525116 0.9597860935 0.3404160766 0.0011483835 0.0623499745 0.2213732993 0.0001243511 0.7969592407 0.2907268418 0.0003487825 0.0492326060 0.7035955368 0.4316695474 0.6457284003 0.3267080449 0.0001859645 1.4854922944 1.4714148220 1.5427227675 0.0001774399 11.5064395243 11.5061259646 11.5061415215 136.4161546067 0.0000743446 0.0004647484 0.7389204806 0.6167791730 0.1288940010 0.0137125653
-83.7230299908 0.0008814793 0.9951891527 0.9998571379 0.0000170225 0.9987434551 0.6936520006 0.9597714325 0.3403695904 0.0011486446 0.0623487872 0.2213713790 0.0001243889 0.7968544797 0.2906893718 0.0003489378 0.0492534630 0.7035147269 0.4314886295 0.6456931055 0.3266249615 0.0001860104 1.4854593368 1.4713824136 1.5427186314 0.0001774790 11.5064410472 11.5061274266 11.5061429862 136.4161558984 0.0000743535 0.0004649574 0.7386959356 0.6168379157 0.1288971154 0.0137130614
-83.7198716748 0.0008819539 0.9951852619 0.9998570205 0.0000170299 0.9987420087 0.6935511260 0.9597566396 0.3403223542 0.0011489094 0.0623477613 0.2213711499 0.0001244272 0.7967488862 0.2906502974 0.0003490954 0.0492746171 0.7034330561 0.4313054665 0.6456573213 0.3265406103 0.0001860564 1.4854268796 1.4713504045 1.5427145556 0.0001775183 11.5064424924 11.5061288083 11.5061443707 136.4161571050 0.0000743623 0.0004651694 0.7384686295 0.6168969107 0.1289000676 0.0137135228
-83.7166703667 0.0008824352 0.9951813136 0.9998569012 0.0000170373 0.9987405413 0.6934498935 0.9597417134 0.3402743870 0.0011491779 0.0623468880 0.2213725154 0.0001244661 0.7966424721 0.2906096994 0.0003492552 0.0492960679 0.7033505381 0.4311200849 0.6456210573 0.3264550084 0.0001861027 1.4853948811 1.4713187604 1.5427105356 0.0001775578 11.5064438652 11.5061301151 11.5061456803 136.4161582316 0.0000743709 0.0004653843 0.7382385887 0.6169561667 0.1289028640 0.0137139524
-83.7134261820 0.0008829232 0.9951773080 0.9998567803 0.0000170449 0.9987390530 0.6933483089 0.9597266531 0.3402257061 0.0011494500 0.0623461589 0.2213753849 0.0001245055 0.7965352488 0.2905676536 0.0003494172 0.0493178152 0.7032671857 0.4309325110 0.6455843230 0.3263681721 0.0001861491 1.4853633028 1.4712874519 1.5427065675 0.0001775976 11.5064451705 11.5061313520 11.5061469199 136.4161592831 0.0000743795 0.0004656023 0.7380058392 0.6170156912 0.1289055107 0.0137143528
-83.7101392402 0.0008834180 0.9951732450 0.9998566576 0.0000170525 0.9987375439 0.6932463775 0.9597114577 0.3401763272 0.0011497257 0.0623455664 0.2213796735 0.0001245455 0.7964272275 0.2905242314 0.0003495814 0.0493398584 0.7031830117 0.4307427714 0.6455471271 0.3262801182 0.0001861958 1.4853321088 1.4712564509 1.5427026476 0.0001776375 11.5064464128 11.5061325234 11.5061480941 136.4161602639 0.0000743879 0.0004658232 0.7377704071 0.6170754908 0.1289080134 0.0137147267
-83.7068096640 0.0008839194 0.9951691245 0.9998565332 0.0000170603 0.9987360140 0.6931441042 0.9596961265 0.3401262649 0.0011500052 0.0623451032 0.2213853012 0.0001245859 0.7963184189 0.2904795001 0.0003497479 0.0493621970 0.7030980280 0.4305508920 0.6455094779 0.3261908628 0.0001862428 1.4853012658 1.4712257308 1.5426987725 0.0001776776 11.5064475961 11.5061336336 11.5061492070 136.4161611781 0.0000743963 0.0004660471 0.7375323184 0.6171355716 0.1289103777 0.0137150762
-83.7034375802 0.0008844275 0.9951649466 0.9998564071 0.0000170682 0.9987344634 0.6930414938 0.9596806588 0.3400755324 0.0011502882 0.0623447626 0.2213921929 0.0001246270 0.7962088333 0.2904335228 0.0003499165 0.0493848306 0.7030122464 0.4303568991 0.6454713834 0.3261004223 0.0001862900 1.4852707423 1.4711952655 1.5426949389 0.0001777179 11.5064487243 11.5061346863 11.5061502624 136.4161620295 0.0000744046 0.0004662740 0.7372915989 0.6171959391 0.1289126084 0.0137154035
-83.7000231198 0.0008849423 0.9951607113 0.9998562792 0.0000170761 0.9987328921 0.6929385505 0.9596650542 0.3400241422 0.0011505749 0.0623445381 0.2214002784 0.0001246685 0.7960984807 0.2903863592 0.0003500873 0.0494077587 0.7029256781 0.4301608187 0.6454328512 0.3260088127 0.0001863374 1.4852405087 1.4711650325 1.5426911439 0.0001777584 11.5064498005 11.5061356848 11.5061512637 136.4161628217 0.0000744129 0.0004665038 0.7370482745 0.6172565984 0.1289147106 0.0137157109
-83.6965664179 0.0008854638 0.9951564186 0.9998561496 0.0000170842 0.9987313002 0.6928352785 0.9596493122 0.3399721058 0.0011508652 0.0623444237 0.2214094916 0.0001247105 0.7959873706 0.2903380650 0.0003502604 0.0494309808 0.7028383340 0.4299626767 0.6453938883 0.3259160499 0.0001863851 1.4852105365 1.4711350086 1.5426873850 0.0001777992 11.5064508271 11.5061366314 11.5061522130 136.4161635579 0.0000744210 0.0004667366 0.7368023711 0.6173175540 0.1289166886 0.0137160002
-83.6930676144 0.0008859919 0.9951520685 0.9998560182 0.0000170924 0.9987296879 0.6927316814 0.9596334323 0.3399194342 0.0011511591 0.0623444139 0.2214197709 0.0001247531 0.7958755124 0.2902886925 0.0003504356 0.0494544963 0.7027502246 0.4297624992 0.6453545017 0.3258221500 0.0001864330 1.4851807981 1.4711051712 1.5426836593 0.0001778401 11.5064518047 11.5061375268 11.5061531111 136.4161642411 0.0000744292 0.0004669724 0.7365539143 0.6173788106 0.1289185469 0.0137162734
-83.6895268537 0.0008865267 0.9951476611 0.9998558852 0.0000171007 0.9987280550 0.6926277625 0.9596174142 0.3398661384 0.0011514566 0.0623445034 0.2214310593 0.0001247963 0.7957629151 0.2902382904 0.0003506130 0.0494783045 0.7026613602 0.4295603120 0.6453146976 0.3257271285 0.0001864812 1.4851512657 1.4710754975 1.5426799644 0.0001778813 11.5064527297 11.5061383675 11.5061539546 136.4161648739 0.0000744373 0.0004672111 0.7363029301 0.6174403729 0.1289202894 0.0137165326
-83.6859442853 0.0008870681 0.9951431962 0.9998557504 0.0000171090 0.9987264018 0.6925235244 0.9596012572 0.3398122305 0.0011517577 0.0623446876 0.2214433050 0.0001248399 0.7956495875 0.2901869032 0.0003507927 0.0495024050 0.7025717504 0.4293561409 0.6452744823 0.3256310013 0.0001865296 1.4851219089 1.4710459615 1.5426762975 0.0001779227 11.5064535891 11.5061391404 11.5061547302 136.4161654590 0.0000744453 0.0004674528 0.7360494442 0.6175022466 0.1289219199 0.0137167802
-83.6823200637 0.0008876161 0.9951386740 0.9998556138 0.0000171175 0.9987247284 0.6924189682 0.9595849600 0.3397577280 0.0011520624 0.0623449621 0.2214564616 0.0001248841 0.7955355378 0.2901345702 0.0003509745 0.0495267970 0.7024814048 0.4291500119 0.6452338611 0.3255337840 0.0001865783 1.4850926907 1.4710165305 1.5426726562 0.0001779644 11.5064543442 11.5061398070 11.5061553995 136.4161659990 0.0000744533 0.0004676974 0.7357934824 0.6175644410 0.1289234421 0.0137170191
-83.6786543489 0.0008881708 0.9951340945 0.9998554756 0.0000171261 0.9987230346 0.6923140918 0.9595685215 0.3397026586 0.0011523706 0.0623453229 0.2214704849 0.0001249287 0.7954207743 0.2900813271 0.0003511584 0.0495514799 0.7023903317 0.4289419506 0.6451928386 0.3254354919 0.0001866273 1.4850635794 1.4709871753 1.5426690409 0.0001780063 11.5064548979 11.5061402703 11.5061558655 136.4161664971 0.0000744614 0.0004679449 0.7355350707 0.6176269643 0.1289248596 0.0137172529
-83.6749473075 0.0008887320 0.9951294577 0.9998553355 0.0000171348 0.9987213207 0.6922088909 0.9595519372 0.3396470468 0.0011526824 0.0623457655 0.2214853179 0.0001249739 0.7953053049 0.2900272164 0.0003513446 0.0495764529 0.7022985373 0.4287319835 0.6451514140 0.3253361403 0.0001866766 1.4850346234 1.4709579400 1.5426654615 0.0001780484 11.5064581864 11.5061434660 11.5061590640 136.4161669590 0.0000744693 0.0004681954 0.7352742350 0.6176898512 0.1289261758 0.0137174791
-83.6711991085 0.0008892999 0.9951247636 0.9998551938 0.0000171436 0.9987195868 0.6921033744 0.9595352306 0.3395908573 0.0011529978 0.0623462770 0.2215008184 0.0001250197 0.7951891372 0.2899723635 0.0003515329 0.0496017153 0.7022060332 0.4285201365 0.6451095972 0.3252357444 0.0001867261 1.4850058858 1.4709289012 1.5426618991 0.0001780907 11.5064585833 11.5061437683 11.5061593690 136.4161673904 0.0000744772 0.0004684487 0.7350110012 0.6177529450 0.1289273997 0.0137176877
-83.6674099291 0.0008898743 0.9951200123 0.9998550503 0.0000171525 0.9987178328 0.6919975453 0.9595183906 0.3395341024 0.0011533167 0.0623468555 0.2215169668 0.0001250659 0.7950722786 0.2899167871 0.0003517233 0.0496272663 0.7021128278 0.4283064353 0.6450673933 0.3251343192 0.0001867758 1.4849773194 1.4709000077 1.5426583619 0.0001781332 11.5064590985 11.5061441868 11.5061597902 136.4161677932 0.0000744851 0.0004687050 0.7347453954 0.6178163259 0.1289285332 0.0137178841
-83.6635799512 0.0008904553 0.9951152039 0.9998549052 0.0000171614 0.9987160589 0.6918914052 0.9595014164 0.3394767914 0.0011536391 0.0623474985 0.2215337384 0.0001251127 0.7949547363 0.2898605093 0.0003519160 0.0496531052 0.7020189292 0.4280909050 0.6450248080 0.3250318797 0.0001868258 1.4849488920 1.4708712297 1.5426548477 0.0001781760 11.5064596932 11.5061446828 11.5061602889 136.4161681683 0.0000744930 0.0004689642 0.7344774437 0.6178800018 0.1289295783 0.0137180711
-83.6597093627 0.0008910428 0.9951103383 0.9998547582 0.0000171705 0.9987142651 0.6917849554 0.9594843081 0.3394189321 0.0011539650 0.0623482035 0.2215511055 0.0001251599 0.7948365172 0.2898035544 0.0003521108 0.0496792310 0.7019243460 0.4278735713 0.6449818461 0.3249284412 0.0001868760 1.4849205826 1.4708425493 1.5426513548 0.0001782189 11.5064603277 11.5061452165 11.5061608254 136.4161685165 0.0000745008 0.0004692263 0.7342071725 0.6179439748 0.1289305374 0.0137182501
-83.6557983575 0.0008916368 0.9951054157 0.9998546096 0.0000171797 0.9987124515 0.6916781970 0.9594670662 0.3393605315 0.0011542944 0.0623489678 0.2215690392 0.0001252077 0.7947176282 0.2897459476 0.0003523077 0.0497056428 0.7018290863 0.4276544599 0.6449385123 0.3248240189 0.0001869264 1.4848923779 1.4708139543 1.5426478818 0.0001782621 11.5064609759 11.5061457621 11.5061613736 136.4161688391 0.0000745086 0.0004694913 0.7339346081 0.6180082448 0.1289314129 0.0137184223
-83.6518471352 0.0008922374 0.9951004361 0.9998544592 0.0000171890 0.9987106183 0.6915711307 0.9594496913 0.3393015965 0.0011546273 0.0623497888 0.2215875106 0.0001252560 0.7945980758 0.2896877142 0.0003525067 0.0497323397 0.7017331580 0.4274335969 0.6448948107 0.3247186283 0.0001869772 1.4848642666 1.4707854361 1.5426444276 0.0001783054 11.5064616230 11.5061463046 11.5061619189 136.4161691374 0.0000745164 0.0004697592 0.7336597770 0.6180728107 0.1289322070 0.0137185882
-83.6478559020 0.0008928444 0.9950953995 0.9998543071 0.0000171984 0.9987087655 0.6914637570 0.9594321840 0.3392421337 0.0011549637 0.0623506640 0.2216064916 0.0001253048 0.7944778664 0.2896288789 0.0003527079 0.0497593208 0.7016365688 0.4272110082 0.6448507452 0.3246122849 0.0001870281 1.4848362395 1.4707569867 1.5426409911 0.0001783490 11.5064622619 11.5061468371 11.5061624541 136.4161694127 0.0000745241 0.0004700299 0.7333827058 0.6181376710 0.1289329221 0.0137187487
-83.6438248702 0.0008934579 0.9950903061 0.9998541532 0.0000172079 0.9987068931 0.6913560763 0.9594145452 0.3391821497 0.0011553035 0.0623515909 0.2216259549 0.0001253541 0.7943570061 0.2895694655 0.0003529112 0.0497865850 0.7015393261 0.4269867202 0.6448063195 0.3245050040 0.0001870793 1.4848082884 1.4707285996 1.5426375716 0.0001783929 11.5064628895 11.5061473563 11.5061629760 136.4161696662 0.0000745319 0.0004703035 0.7331034212 0.6182028239 0.1289335604 0.0137189043
-83.6397542585 0.0008940778 0.9950851560 0.9998539977 0.0000172175 0.9987050013 0.6912480885 0.9593967757 0.3391216511 0.0011556468 0.0623525673 0.2216458745 0.0001254039 0.7942355011 0.2895094969 0.0003531167 0.0498141313 0.7014414370 0.4267607591 0.6447615369 0.3243968009 0.0001871308 1.4847804062 1.4707002689 1.5426341681 0.0001784369 11.5064635037 11.5061478604 11.5061634828 136.4161698994 0.0000745396 0.0004705799 0.7328219503 0.6182682674 0.1289341242 0.0137190555
-83.6356442920 0.0008947042 0.9950799492 0.9998538404 0.0000172272 0.9987030902 0.6911397935 0.9593788763 0.3390606445 0.0011559935 0.0623535908 0.2216662256 0.0001254542 0.7941133571 0.2894489950 0.0003533242 0.0498419586 0.7013429085 0.4265331511 0.6447164007 0.3242876911 0.0001871825 1.4847525867 1.4706719893 1.5426307803 0.0001784811 11.5064641046 11.5061483492 11.5061639743 136.4161701133 0.0000745473 0.0004708592 0.7325383199 0.6183339991 0.1289346156 0.0137192026
-83.6314952025 0.0008953370 0.9950746858 0.9998536814 0.0000172369 0.9987011598 0.6910311909 0.9593608480 0.3389991366 0.0011563435 0.0623546593 0.2216869845 0.0001255050 0.7939905799 0.2893879806 0.0003535338 0.0498700657 0.7012437476 0.4263039226 0.6446709140 0.3241776898 0.0001872344 1.4847248240 1.4706437561 1.5426274072 0.0001785256 11.5064646922 11.5061488230 11.5061644509 136.4161703091 0.0000745551 0.0004711413 0.7322525574 0.6184000165 0.1289350366 0.0137193462
-83.6273072285 0.0008959761 0.9950693660 0.9998535207 0.0000172468 0.9986992103 0.6909222803 0.9593426918 0.3389371340 0.0011566970 0.0623557709 0.2217081286 0.0001255563 0.7938671750 0.2893264738 0.0003537455 0.0498984514 0.7011439607 0.4260730999 0.6446250797 0.3240668123 0.0001872866 1.4846971133 1.4706155651 1.5426240486 0.0001785702 11.5064652667 11.5061492819 11.5061649125 136.4161704880 0.0000745628 0.0004714263 0.7319646901 0.6184663171 0.1289353893 0.0137194865
-83.6230806152 0.0008966216 0.9950639898 0.9998533583 0.0000172568 0.9986972417 0.6908130607 0.9593244085 0.3388746435 0.0011570539 0.0623569237 0.2217296365 0.0001256081 0.7937431477 0.2892644935 0.0003539593 0.0499271146 0.7010435546 0.4258407096 0.6445789005 0.3239550738 0.0001873391 1.4846694497 1.4705874122 1.5426207039 0.0001786151 11.5064658289 11.5061497267 11.5061653601 136.4161706509 0.0000745705 0.0004717140 0.7316747456 0.6185328981 0.1289356756 0.0137196240
-83.6188156145 0.0008972734 0.9950585574 0.9998531942 0.0000172669 0.9986952542 0.6907035314 0.9593059992 0.3388116720 0.0011574141 0.0623581158 0.2217514877 0.0001256604 0.7936185034 0.2892020579 0.0003541752 0.0499560539 0.7009425355 0.4256067782 0.6445323791 0.3238424896 0.0001873917 1.4846418291 1.4705592941 1.5426173727 0.0001786602 11.5064663793 11.5061501581 11.5061657941 136.4161707988 0.0000745781 0.0004720045 0.7313827517 0.6185997567 0.1289358974 0.0137197588
-83.6145124856 0.0008979316 0.9950530689 0.9998530284 0.0000172770 0.9986932478 0.6905936910 0.9592874649 0.3387482265 0.0011577776 0.0623593454 0.2217736629 0.0001257132 0.7934932471 0.2891391841 0.0003543932 0.0499852681 0.7008409099 0.4253713323 0.6444855180 0.3237290749 0.0001874446 1.4846142476 1.4705312073 1.5426140546 0.0001787055 11.5064669187 11.5061505767 11.5061662154 136.4161709327 0.0000745858 0.0004722978 0.7310887362 0.6186668899 0.1289360566 0.0137198913
-83.6101714943 0.0008985960 0.9950475245 0.9998528608 0.0000172873 0.9986912226 0.6904835384 0.9592688068 0.3386843141 0.0011581445 0.0623606111 0.2217961434 0.0001257665 0.7933673838 0.2890758888 0.0003546132 0.0500147556 0.7007386837 0.4251343986 0.6444383196 0.3236148451 0.0001874978 1.4845867018 1.4705031490 1.5426107494 0.0001787510 11.5064674479 11.5061509834 11.5061666249 136.4161710534 0.0000745935 0.0004725939 0.7307927274 0.6187342947 0.1289361549 0.0137200218
-83.6057929138 0.0008992666 0.9950419242 0.9998526916 0.0000172977 0.9986891788 0.6903730719 0.9592500258 0.3386199420 0.0011585146 0.0623619112 0.2218189116 0.0001258202 0.7932409184 0.2890121877 0.0003548352 0.0500445153 0.7006358631 0.4248960039 0.6443907861 0.3234998154 0.0001875511 1.4845591884 1.4704751161 1.5426074566 0.0001787967 11.5064679673 11.5061513785 11.5061670228 136.4161711618 0.0000746012 0.0004728928 0.7304947536 0.6188019681 0.1289361940 0.0137201504
-83.6013770245 0.0008999435 0.9950362683 0.9998525207 0.0000173081 0.9986871165 0.6902622899 0.9592311231 0.3385551177 0.0011588880 0.0623632442 0.2218419505 0.0001258745 0.7931138556 0.2889480959 0.0003550593 0.0500745454 0.7005324539 0.4246561752 0.6443429196 0.3233840010 0.0001876047 1.4845317046 1.4704471063 1.5426041761 0.0001788426 11.5064684776 11.5061517630 11.5061674099 136.4161712587 0.0000746088 0.0004731943 0.7301948433 0.6188699068 0.1289361756 0.0137202774
-83.5969241139 0.0009006265 0.9950305568 0.9998523480 0.0000173187 0.9986850358 0.6901511905 0.9592120998 0.3384898488 0.0011592647 0.0623646088 0.2218652438 0.0001259292 0.7929861999 0.2888836279 0.0003552854 0.0501048447 0.7004284621 0.4244149394 0.6442947222 0.3232674172 0.0001876586 1.4845042477 1.4704191172 1.5426009075 0.0001788886 11.5064689794 11.5061521375 11.5061677871 136.4161713448 0.0000746165 0.0004734986 0.7298930254 0.6189381078 0.1289361015 0.0137204030
-83.5924344769 0.0009013157 0.9950247901 0.9998521737 0.0000173293 0.9986829368 0.6900397716 0.9591929571 0.3384241430 0.0011596446 0.0623660035 0.2218887759 0.0001259844 0.7928579560 0.2888187976 0.0003555135 0.0501354114 0.7003238934 0.4241723236 0.6442461957 0.3231500795 0.0001877126 1.4844768154 1.4703911468 1.5425976509 0.0001789349 11.5064694735 11.5061525025 11.5061681549 136.4161714210 0.0000746242 0.0004738056 0.7295893288 0.6190065677 0.1289359731 0.0137205273
-83.5879084159 0.0009020110 0.9950189682 0.9998519978 0.0000173401 0.9986808195 0.6899280311 0.9591736961 0.3383580083 0.0011600277 0.0623674271 0.2219125319 0.0001260401 0.7927291282 0.2887536185 0.0003557436 0.0501662440 0.7002187533 0.4239283551 0.6441973420 0.3230320030 0.0001877669 1.4844494054 1.4703631931 1.5425944060 0.0001789814 11.5064699604 11.5061528588 11.5061685139 136.4161714878 0.0000746318 0.0004741153 0.7292837829 0.6190752832 0.1289357921 0.0137206507
-83.5833462408 0.0009027124 0.9950130913 0.9998518201 0.0000173509 0.9986786843 0.6898159664 0.9591543180 0.3382914529 0.0011604140 0.0623688783 0.2219364972 0.0001260962 0.7925997208 0.2886881034 0.0003559757 0.0501973407 0.7001130475 0.4236830611 0.6441481626 0.3229132032 0.0001878214 1.4844220158 1.4703352541 1.5425911725 0.0001790281 11.5064704407 11.5061532068 11.5061688647 136.4161715459 0.0000746395 0.0004744277 0.7289764170 0.6191442511 0.1289355600 0.0137207731
-83.5787482690 0.0009034199 0.9950071597 0.9998516408 0.0000173618 0.9986765310 0.6897035750 0.9591348240 0.3382244852 0.0011608034 0.0623703559 0.2219606577 0.0001261528 0.7924697380 0.2886222647 0.0003562097 0.0502286999 0.7000067814 0.4234364692 0.6440986593 0.3227936955 0.0001878761 1.4843946447 1.4703073282 1.5425879506 0.0001790749 11.5064709149 11.5061535473 11.5061692079 136.4161715961 0.0000746471 0.0004747428 0.7286672609 0.6192134680 0.1289352783 0.0137208948
-83.5741148259 0.0009041333 0.9950011735 0.9998514598 0.0000173728 0.9986743600 0.6895908541 0.9591152154 0.3381571139 0.0011611960 0.0623718588 0.2219849998 0.0001262098 0.7923391839 0.2885561147 0.0003564457 0.0502603199 0.6998999603 0.4231886068 0.6440488335 0.3226734953 0.0001879310 1.4843672906 1.4702794139 1.5425847402 0.0001791220 11.5064713834 11.5061538805 11.5061695438 136.4161716388 0.0000746548 0.0004750604 0.7283563446 0.6192829305 0.1289349485 0.0137210159
-83.5694462442 0.0009048527 0.9949951331 0.9998512771 0.0000173839 0.9986721713 0.6894778008 0.9590954933 0.3380893480 0.0011615917 0.0623733858 0.2220095101 0.0001262674 0.7922080626 0.2884896650 0.0003566837 0.0502921987 0.6997925896 0.4229395017 0.6439986865 0.3225526180 0.0001879862 1.4843399519 1.4702515096 1.5425815411 0.0001791692 11.5064718470 11.5061542074 11.5061698735 136.4161716748 0.0000746625 0.0004753808 0.7280436983 0.6193526353 0.1289345721 0.0137211365
-83.5647428648 0.0009055781 0.9949890385 0.9998510928 0.0000173951 0.9986699651 0.6893644119 0.9590756591 0.3380211967 0.0011619905 0.0623749358 0.2220341757 0.0001263253 0.7920763780 0.2884229271 0.0003569236 0.0503243344 0.6996846746 0.4226891816 0.6439482197 0.3224310791 0.0001880415 1.4843126266 1.4702236136 1.5425783532 0.0001792166 11.5064723062 11.5061545284 11.5061701972 136.4161717047 0.0000746701 0.0004757037 0.7277293525 0.6194225790 0.1289341504 0.0137212568
-83.5600050362 0.0009063094 0.9949828901 0.9998509069 0.0000174064 0.9986677414 0.6892506841 0.9590557139 0.3379526695 0.0011623924 0.0623765078 0.2220589838 0.0001263838 0.7919441340 0.2883559121 0.0003571654 0.0503567252 0.6995762203 0.4224376746 0.6438974342 0.3223088942 0.0001880971 1.4842853142 1.4701957249 1.5425751767 0.0001792642 11.5064727614 11.5061548439 11.5061705154 136.4161717289 0.0000746778 0.0004760292 0.7274133379 0.6194927583 0.1289336851 0.0137213769
-83.5552331152 0.0009070465 0.9949766880 0.9998507193 0.0000174178 0.9986655005 0.6891366139 0.9590356591 0.3378837763 0.0011627972 0.0623781007 0.2220839216 0.0001264426 0.7918113344 0.2882886312 0.0003574092 0.0503893690 0.6994672320 0.4221850086 0.6438463311 0.3221860787 0.0001881528 1.4842580136 1.4701678424 1.5425720116 0.0001793120 11.5064732130 11.5061551545 11.5061708287 136.4161717481 0.0000746854 0.0004763573 0.7270956857 0.6195631696 0.1289331774 0.0137214970
-83.5504274664 0.0009077894 0.9949704327 0.9998505301 0.0000174293 0.9986632425 0.6890221977 0.9590154959 0.3378145273 0.0011632051 0.0623797136 0.2221089768 0.0001265020 0.7916779829 0.2882210949 0.0003576548 0.0504222638 0.6993577146 0.4219312118 0.6437949116 0.3220626485 0.0001882088 1.4842307238 1.4701399650 1.5425688579 0.0001793600 11.5064736617 11.5061554607 11.5061711376 136.4161717628 0.0000746931 0.0004766879 0.7267764271 0.6196338097 0.1289326287 0.0137216170
-83.5455884627 0.0009085380 0.9949641242 0.9998503393 0.0000174408 0.9986609675 0.6889074315 0.9589952257 0.3377449330 0.0011636160 0.0623813453 0.2221341370 0.0001265617 0.7915440833 0.2881533141 0.0003579023 0.0504554074 0.6992476731 0.4216763127 0.6437431764 0.3219386190 0.0001882650 1.4842034439 1.4701120915 1.5425657157 0.0001794081 11.5064741075 11.5061557627 11.5061714424 136.4161717735 0.0000747008 0.0004770210 0.7264555937 0.6197046750 0.1289320406 0.0137217372
-83.5407164851 0.0009092924 0.9949577630 0.9998501468 0.0000174525 0.9986586757 0.6887923114 0.9589748497 0.3376750043 0.0011640298 0.0623829948 0.2221593896 0.0001266219 0.7914096392 0.2880852993 0.0003581516 0.0504887977 0.6991371124 0.4214203397 0.6436911265 0.3218140060 0.0001883213 1.4841761733 1.4700842211 1.5425625853 0.0001794564 11.5064745514 11.5061560615 11.5061717439 136.4161717809 0.0000747084 0.0004773567 0.7261332173 0.6197757623 0.1289314143 0.0137218576
-83.5358119230 0.0009100525 0.9949513493 0.9998499528 0.0000174642 0.9986563672 0.6886768330 0.9589543694 0.3376047526 0.0011644465 0.0623846612 0.2221847222 0.0001266825 0.7912746541 0.2880170611 0.0003584028 0.0505224325 0.6990260376 0.4211633214 0.6436387626 0.3216888252 0.0001883779 1.4841489113 1.4700563528 1.5425594668 0.0001795049 11.5064749937 11.5061563573 11.5061720425 136.4161717855 0.0000747161 0.0004776948 0.7258093302 0.6198470681 0.1289307512 0.0137219784
-83.5308751740 0.0009108182 0.9949448835 0.9998497571 0.0000174760 0.9986540422 0.6885609920 0.9589337859 0.3375341896 0.0011648661 0.0623863434 0.2222101224 0.0001267436 0.7911391316 0.2879486098 0.0003586559 0.0505563094 0.6989144533 0.4209052867 0.6435860854 0.3215630924 0.0001884347 1.4841216571 1.4700284856 1.5425563601 0.0001795535 11.5064754347 11.5061566505 11.5061723385 136.4161717878 0.0000747238 0.0004780355 0.7254839649 0.6199185892 0.1289300528 0.0137220995
-83.5259066442 0.0009115894 0.9949383657 0.9998495599 0.0000174879 0.9986517009 0.6884447837 0.9589131007 0.3374633276 0.0011652886 0.0623880405 0.2222355774 0.0001268051 0.7910030752 0.2878799561 0.0003589107 0.0505904261 0.6988023643 0.4206462643 0.6435330954 0.3214368235 0.0001884916 1.4840944103 1.4700006188 1.5425532657 0.0001796023 11.5064758751 11.5061569420 11.5061726327 136.4161717884 0.0000747315 0.0004783785 0.7251571540 0.6199903222 0.1289293205 0.0137222212
-83.5209067483 0.0009123662 0.9949317965 0.9998493610 0.0000174999 0.9986493434 0.6883282034 0.9588923151 0.3373921792 0.0011657138 0.0623897513 0.2222610742 0.0001268670 0.7908664884 0.2878111106 0.0003591673 0.0506247802 0.6986897755 0.4203862834 0.6434797934 0.3213100344 0.0001885487 1.4840671703 1.4699727512 1.5425501836 0.0001796513 11.5064763154 11.5061572320 11.5061729254 136.4161717879 0.0000747392 0.0004787240 0.7248289307 0.6200622640 0.1289285556 0.0137223436
-83.5158759094 0.0009131484 0.9949251761 0.9998491606 0.0000175119 0.9986469699 0.6882112458 0.9588714304 0.3373207575 0.0011661419 0.0623914748 0.2222865997 0.0001269293 0.7907293746 0.2877420841 0.0003594257 0.0506593692 0.6985766916 0.4201253733 0.6434261795 0.3211827410 0.0001886061 1.4840399369 1.4699448822 1.5425471141 0.0001797004 11.5064767557 11.5061575209 11.5061732170 136.4161717868 0.0000747469 0.0004790718 0.7244993283 0.6201344111 0.1289277595 0.0137224667
-83.5108145592 0.0009139361 0.9949185049 0.9998489587 0.0000175241 0.9986445806 0.6880939059 0.9588504481 0.3372490764 0.0011665727 0.0623932100 0.2223121404 0.0001269920 0.7905917373 0.2876728874 0.0003596859 0.0506941905 0.6984631172 0.4198635632 0.6433722544 0.3210549594 0.0001886636 1.4840127095 1.4699170109 1.5425440575 0.0001797497 11.5064771969 11.5061578095 11.5061735085 136.4161717857 0.0000747546 0.0004794221 0.7241683807 0.6202067604 0.1289269337 0.0137225905
-83.5057231383 0.0009147291 0.9949117832 0.9998487552 0.0000175363 0.9986421757 0.6879761782 0.9588293694 0.3371771500 0.0011670063 0.0623949558 0.2223376824 0.0001270551 0.7904535798 0.2876035316 0.0003599478 0.0507292415 0.6983490571 0.4196008828 0.6433180182 0.3209267055 0.0001887212 1.4839854879 1.4698891366 1.5425410142 0.0001797992 11.5064776392 11.5061580981 11.5061737998 136.4161717853 0.0000747623 0.0004797746 0.7238361217 0.6202793088 0.1289260796 0.0137227154
-83.5006020959 0.0009155274 0.9949050115 0.9998485502 0.0000175486 0.9986397553 0.6878580570 0.9588081957 0.3371049931 0.0011674425 0.0623967109 0.2223632113 0.0001271186 0.7903149055 0.2875340281 0.0003602114 0.0507645196 0.6982345158 0.4193373618 0.6432634713 0.3207979956 0.0001887791 1.4839582716 1.4698612585 1.5425379843 0.0001798488 11.5064780834 11.5061583875 11.5061740919 136.4161717863 0.0000747700 0.0004801295 0.7235025858 0.6203520531 0.1289251987 0.0137228412
-83.4954518901 0.0009163309 0.9948981901 0.9998483436 0.0000175610 0.9986373196 0.6877395365 0.9587869285 0.3370326213 0.0011678814 0.0623984744 0.2223887122 0.0001271825 0.7901757179 0.2874643886 0.0003604767 0.0508000220 0.6981194980 0.4190730300 0.6432086137 0.3206688459 0.0001888371 1.4839310605 1.4698333758 1.5425349683 0.0001798986 11.5064785298 11.5061586779 11.5061743851 136.4161717892 0.0000747777 0.0004804867 0.7231678076 0.6204249903 0.1289242924 0.0137229683
-83.4902729879 0.0009171397 0.9948913194 0.9998481355 0.0000175734 0.9986348689 0.6876206105 0.9587655690 0.3369600506 0.0011683229 0.0624002448 0.2224141697 0.0001272468 0.7900360203 0.2873946250 0.0003607437 0.0508357459 0.6980040082 0.4188079174 0.6431534456 0.3205392725 0.0001888954 1.4839038542 1.4698054875 1.5425319664 0.0001799485 11.5064789791 11.5061589703 11.5061746803 136.4161717947 0.0000747854 0.0004808461 0.7228318221 0.6204981174 0.1289233623 0.0137230966
-83.4850658651 0.0009179535 0.9948844000 0.9998479259 0.0000175860 0.9986324032 0.6875012727 0.9587441186 0.3368872978 0.0011687669 0.0624020210 0.2224395677 0.0001273115 0.7898958161 0.2873247499 0.0003610123 0.0508716884 0.6978880511 0.4185420544 0.6430979670 0.3204092919 0.0001889537 1.4838766523 1.4697775928 1.5425289792 0.0001799986 11.5064794317 11.5061592649 11.5061749777 136.4161718037 0.0000747931 0.0004812078 0.7224946648 0.6205714314 0.1289224098 0.0137232262
-83.4798310067 0.0009187724 0.9948774321 0.9998477149 0.0000175986 0.9986299229 0.6873815166 0.9587225787 0.3368143803 0.0011692135 0.0624038017 0.2224648892 0.0001273766 0.7897551088 0.2872547759 0.0003612826 0.0509078466 0.6977716313 0.4182754712 0.6430421780 0.3202789204 0.0001890123 1.4838494545 1.4697496906 1.5425260070 0.0001800488 11.5064798884 11.5061595627 11.5061752782 136.4161718168 0.0000748008 0.0004815716 0.7221563712 0.6206449295 0.1289214365 0.0137233574
-83.4745689068 0.0009195963 0.9948704164 0.9998475023 0.0000176112 0.9986274282 0.6872613353 0.9587009507 0.3367413165 0.0011696626 0.0624055854 0.2224901167 0.0001274420 0.7896139017 0.2871847167 0.0003615544 0.0509442175 0.6976547534 0.4180081985 0.6429860784 0.3201481746 0.0001890710 1.4838222603 1.4697217799 1.5425230501 0.0001800991 11.5064803496 11.5061598639 11.5061755822 136.4161718349 0.0000748086 0.0004819376 0.7218169774 0.6207186090 0.1289204441 0.0137234902
-83.4692800684 0.0009204251 0.9948633531 0.9998472883 0.0000176240 0.9986249192 0.6871407219 0.9586792359 0.3366681254 0.0011701142 0.0624073708 0.2225152315 0.0001275078 0.7894721985 0.2871145860 0.0003618279 0.0509807979 0.6975374218 0.4177402669 0.6429296681 0.3200170709 0.0001891299 1.4837950693 1.4696938595 1.5425201093 0.0001801497 11.5064808161 11.5061601697 11.5061758908 136.4161718588 0.0000748163 0.0004823058 0.7214765199 0.6207924672 0.1289194341 0.0137236249
-83.4639650041 0.0009212587 0.9948562430 0.9998470729 0.0000176368 0.9986223961 0.6870196690 0.9586574356 0.3365948268 0.0011705681 0.0624091562 0.2225402142 0.0001275740 0.7893300025 0.2870443986 0.0003621029 0.0510175848 0.6974196413 0.4174717075 0.6428729469 0.3198856259 0.0001891890 1.4837678801 1.4696659278 1.5425171845 0.0001802003 11.5064812884 11.5061604803 11.5061762042 136.4161718895 0.0000748241 0.0004826761 0.7211350354 0.6208665016 0.1289184083 0.0137237615
-83.4586242353 0.0009220971 0.9948490863 0.9998468560 0.0000176497 0.9986198592 0.6868981691 0.9586355512 0.3365214416 0.0011710244 0.0624109400 0.2225650441 0.0001276405 0.7891873173 0.2869741697 0.0003623795 0.0510545749 0.6973014163 0.4172025512 0.6428159146 0.3197538564 0.0001892482 1.4837406925 1.4696379836 1.5425142766 0.0001802511 11.5064817673 11.5061607967 11.5061765233 136.4161719278 0.0000748319 0.0004830485 0.7207925609 0.6209407098 0.1289173684 0.0137239003
-83.4532582930 0.0009229403 0.9948418837 0.9998466377 0.0000176627 0.9986173087 0.6867762144 0.9586135839 0.3364479914 0.0011714831 0.0624127206 0.2225896994 0.0001277074 0.7890441466 0.2869039154 0.0003626576 0.0510917648 0.6971827516 0.4169328295 0.6427585709 0.3196217792 0.0001893076 1.4837135055 1.4696100253 1.5425113860 0.0001803020 11.5064822538 11.5061611199 11.5061768493 136.4161719748 0.0000748396 0.0004834229 0.7204491340 0.6210150894 0.1289163161 0.0137240414
-83.4478677175 0.0009237881 0.9948346356 0.9998464180 0.0000176758 0.9986147449 0.6866537967 0.9585915351 0.3363744987 0.0011719440 0.0624144961 0.2226141573 0.0001277746 0.7889004940 0.2868336526 0.0003629371 0.0511291513 0.6970636518 0.4166625738 0.6427009154 0.3194894111 0.0001893671 1.4836863179 1.4695820511 1.5425085131 0.0001803531 11.5064827482 11.5061614502 11.5061771824 136.4161720317 0.0000748474 0.0004837993 0.7201047925 0.6210896383 0.1289152533 0.0137241850
-83.4424530587 0.0009246404 0.9948273427 0.9998461969 0.0000176889 0.9986121680 0.6865309079 0.9585694060 0.3363009875 0.0011724072 0.0624162646 0.2226383932 0.0001278421 0.7887563631 0.2867633991 0.0003632182 0.0511667308 0.6969441215 0.4163918157 0.6426429478 0.3193567690 0.0001894268 1.4836591281 1.4695540587 1.5425056585 0.0001804043 11.5064832518 11.5061617890 11.5061775241 136.4161720994 0.0000748552 0.0004841777 0.7197595746 0.6211643547 0.1289141819 0.0137243314
-83.4370148757 0.0009254972 0.9948200055 0.9998459745 0.0000177021 0.9986095781 0.6864075392 0.9585471979 0.3362274823 0.0011728726 0.0624180241 0.2226623813 0.0001279100 0.7886117580 0.2866931739 0.0003635007 0.0512044999 0.6968241654 0.4161205873 0.6425846677 0.3192238700 0.0001894866 1.4836319340 1.4695260456 1.5425028224 0.0001804557 11.5064837652 11.5061621369 11.5061778747 136.4161721794 0.0000748630 0.0004845580 0.7194135189 0.6212392366 0.1289131039 0.0137244809
-83.4315537374 0.0009263584 0.9948126246 0.9998457507 0.0000177153 0.9986069756 0.6862836817 0.9585249119 0.3361540090 0.0011733402 0.0624197724 0.2226860943 0.0001279782 0.7884666823 0.2866229968 0.0003637846 0.0512424549 0.6967037883 0.4158489205 0.6425260746 0.3190907313 0.0001895467 1.4836047334 1.4694980090 1.5425000055 0.0001805072 11.5064842893 11.5061624949 11.5061782356 136.4161722728 0.0000748709 0.0004849403 0.7190666645 0.6213142826 0.1289120214 0.0137246337
-83.4260702222 0.0009272240 0.9948052005 0.9998455255 0.0000177286 0.9986043608 0.6861593263 0.9585025493 0.3360805949 0.0011738098 0.0624215071 0.2227095030 0.0001280467 0.7883211402 0.2865528889 0.0003640698 0.0512805922 0.6965829949 0.4155768476 0.6424671681 0.3189573700 0.0001896068 1.4835775232 1.4694699455 1.5424972080 0.0001805588 11.5064848254 11.5061628643 11.5061786078 136.4161723812 0.0000748787 0.0004853244 0.7187190505 0.6213894915 0.1289109364 0.0137247902
-83.4205649181 0.0009280938 0.9947977339 0.9998452991 0.0000177420 0.9986017338 0.6860344634 0.9584801111 0.3360072683 0.0011742815 0.0624232259 0.2227325764 0.0001281155 0.7881751357 0.2864828728 0.0003643565 0.0513189080 0.6964617901 0.4153044012 0.6424079477 0.3188238034 0.0001896671 1.4835502997 1.4694418511 1.5424944304 0.0001806106 11.5064853746 11.5061632463 11.5061789926 136.4161725060 0.0000748866 0.0004857104 0.7183707169 0.6214648622 0.1289098512 0.0137249508
-83.4150384231 0.0009289677 0.9947902254 0.9998450713 0.0000177554 0.9985990950 0.6859090833 0.9584575984 0.3359340588 0.0011747552 0.0624249261 0.2227552815 0.0001281846 0.7880286730 0.2864129720 0.0003646444 0.0513573986 0.6963401788 0.4150316139 0.6423484128 0.3186900490 0.0001897276 1.4835230584 1.4694137213 1.5424916728 0.0001806625 11.5064859378 11.5061636417 11.5061793908 136.4161726488 0.0000748944 0.0004860981 0.7180217037 0.6215403942 0.1289087682 0.0137251159
-83.4094913449 0.0009298457 0.9947826757 0.9998448423 0.0000177689 0.9985964446 0.6857831757 0.9584350122 0.3358609976 0.0011752308 0.0624266050 0.2227775834 0.0001282540 0.7878817565 0.2863432120 0.0003649337 0.0513960599 0.6962181660 0.4147585187 0.6422885629 0.3185561243 0.0001897882 1.4834957938 1.4693855506 1.5424889354 0.0001807145 11.5064865164 11.5061640521 11.5061798041 136.4161728115 0.0000749023 0.0004864876 0.7176720516 0.6216160872 0.1289076897 0.0137252859
-83.4039243008 0.0009307277 0.9947750855 0.9998446120 0.0000177825 0.9985937828 0.6856567304 0.9584123534 0.3357881173 0.0011757084 0.0624282594 0.2227994447 0.0001283238 0.7877343907 0.2862736197 0.0003652242 0.0514348880 0.6960957566 0.4144851488 0.6422283976 0.3184220470 0.0001898490 1.4834684993 1.4693573330 1.5424862183 0.0001807666 11.5064871119 11.5061644789 11.5061802337 136.4161729957 0.0000749103 0.0004868788 0.7173218015 0.6216919414 0.1289066183 0.0137254616
-83.3983379186 0.0009316136 0.9947674554 0.9998443805 0.0000177961 0.9985911100 0.6855297365 0.9583896228 0.3357154519 0.0011761878 0.0624298864 0.2228208256 0.0001283937 0.7875865802 0.2862042236 0.0003655160 0.0514738789 0.6959729559 0.4142115375 0.6421679163 0.3182878347 0.0001899099 1.4834411669 1.4693290609 1.5424835214 0.0001808189 11.5064877258 11.5061649238 11.5061806815 136.4161732036 0.0000749182 0.0004872717 0.7169709948 0.6217679576 0.1289055567 0.0137256434
-83.3927328357 0.0009325033 0.9947597861 0.9998441477 0.0000178097 0.9985884265 0.6854021829 0.9583668213 0.3356430375 0.0011766690 0.0624314824 0.2228416837 0.0001284640 0.7874383297 0.2861350543 0.0003658090 0.0515130284 0.6958497692 0.4139377184 0.6421071184 0.3181535053 0.0001899710 1.4834137868 1.4693007255 1.5424808443 0.0001808714 11.5064883594 11.5061653882 11.5061811487 136.4161734373 0.0000749262 0.0004876663 0.7166196733 0.6218441371 0.1289045076 0.0137258322
-83.3871096998 0.0009333967 0.9947520783 0.9998439138 0.0000178235 0.9985857325 0.6852740583 0.9583439493 0.3355709114 0.0011771520 0.0624330438 0.2228619739 0.0001285345 0.7872896444 0.2860661443 0.0003661032 0.0515523322 0.6957262016 0.4136637255 0.6420460035 0.3180190769 0.0001900323 1.4833863476 1.4692723170 1.5424781867 0.0001809240 11.5064890147 11.5061658739 11.5061816374 136.4161736990 0.0000749342 0.0004880624 0.7162678793 0.6219204818 0.1289034741 0.0137260288
-83.3814691688 0.0009342937 0.9947443329 0.9998436787 0.0000178372 0.9985830284 0.6851453509 0.9583210074 0.3354991133 0.0011776366 0.0624345668 0.2228816480 0.0001286053 0.7871405292 0.2859975284 0.0003663985 0.0515917861 0.6956022588 0.4133895927 0.6419845712 0.3178845675 0.0001900937 1.4833588341 1.4692438227 1.5424755476 0.0001809767 11.5064896936 11.5061663831 11.5061821494 136.4161739912 0.0000749422 0.0004884601 0.7159156553 0.6219969948 0.1289024591 0.0137262342
-83.3758119109 0.0009351943 0.9947365506 0.9998434424 0.0000178510 0.9985803144 0.6850160486 0.9582979959 0.3354276845 0.0011781229 0.0624360472 0.2229006545 0.0001286763 0.7869909897 0.2859292437 0.0003666949 0.0516313856 0.6954779463 0.4131153544 0.6419228209 0.3177499953 0.0001901553 1.4833312307 1.4692152295 1.5424729259 0.0001810295 11.5064903984 11.5061669181 11.5061826873 136.4161743167 0.0000749503 0.0004888593 0.7155630446 0.6220736795 0.1289014660 0.0137264496
-83.3701386049 0.0009360982 0.9947287321 0.9998432050 0.0000178649 0.9985775908 0.6848861391 0.9582749149 0.3353566683 0.0011786108 0.0624374805 0.2229189388 0.0001287476 0.7868410313 0.2858613298 0.0003669925 0.0516711263 0.6953532699 0.4128410453 0.6418607525 0.3176153788 0.0001902170 1.4833035183 1.4691865213 1.5424703204 0.0001810825 11.5064911309 11.5061674807 11.5061832528 136.4161746781 0.0000749584 0.0004892599 0.7152100908 0.6221505405 0.1289004982 0.0137266762
-83.3644499399 0.0009370054 0.9947208782 0.9998429665 0.0000178788 0.9985748581 0.6847556096 0.9582517645 0.3352861103 0.0011791002 0.0624388621 0.2229364423 0.0001288191 0.7866906600 0.2857938289 0.0003672910 0.0517110036 0.6952282356 0.4125667001 0.6417983655 0.3174807365 0.0001902789 1.4832756732 1.4691576793 1.5424677291 0.0001811357 11.5064918939 11.5061680738 11.5061838488 136.4161750786 0.0000749666 0.0004896620 0.7148568378 0.6222275836 0.1288995593 0.0137269156
-83.3587466160 0.0009379159 0.9947129899 0.9998427269 0.0000178928 0.9985721164 0.6846244470 0.9582285443 0.3352160586 0.0011795910 0.0624401868 0.2229531025 0.0001288908 0.7865398817 0.2857267865 0.0003675906 0.0517510129 0.6951028494 0.4122923542 0.6417356597 0.3173460869 0.0001903410 1.4832476686 1.4691286817 1.5424651497 0.0001811890 11.5064926901 11.5061687001 11.5061844781 136.4161755214 0.0000749748 0.0004900654 0.7145033302 0.6223048160 0.1288986531 0.0137271694
-83.3530293440 0.0009388295 0.9947050679 0.9998424863 0.0000179068 0.9985693661 0.6844926380 0.9582052538 0.3351465634 0.0011800833 0.0624414492 0.2229688531 0.0001289628 0.7863887030 0.2856602509 0.0003678911 0.0517911493 0.6949771176 0.4120180427 0.6416726352 0.3172114490 0.0001904033 1.4832194728 1.4690995035 1.5424625792 0.0001812424 11.5064935224 11.5061693628 11.5061851437 136.4161760101 0.0000749831 0.0004904701 0.7141496129 0.6223822462 0.1288977838 0.0137274398
-83.3472988459 0.0009397460 0.9946971130 0.9998422447 0.0000179209 0.9985666077 0.6843601688 0.9581818921 0.3350776776 0.0011805769 0.0624426436 0.2229836227 0.0001290349 0.7862371304 0.2855942740 0.0003681926 0.0518314080 0.6948510469 0.4117438015 0.6416092917 0.3170768417 0.0001904658 1.4831910481 1.4690701149 1.5424600141 0.0001812960 11.5064943942 11.5061700653 11.5061858492 136.4161765483 0.0000749915 0.0004908762 0.7137957314 0.6224598848 0.1288969555 0.0137277290
-83.3415558548 0.0009406654 0.9946891263 0.9998420020 0.0000179350 0.9985638413 0.6842270256 0.9581584581 0.3350094570 0.0011810718 0.0624437636 0.2229973355 0.0001291073 0.7860851709 0.2855289113 0.0003684950 0.0518717842 0.6947246440 0.4114696666 0.6415456297 0.3169422842 0.0001905284 1.4831623509 1.4690404818 1.5424574500 0.0001813498 11.5064953092 11.5061708112 11.5061865981 136.4161771402 0.0000749999 0.0004912834 0.7134417318 0.6225377441 0.1288961729 0.0137280396
-83.3358011155 0.0009415877 0.9946811086 0.9998417584 0.0000179491 0.9985610674 0.6840931940 0.9581349501 0.3349419600 0.0011815679 0.0624448026 0.2230099105 0.0001291798 0.7859328317 0.2854642223 0.0003687983 0.0519122728 0.6945979159 0.4111956743 0.6414816492 0.3168077959 0.0001905913 1.4831333301 1.4690105647 1.5424548815 0.0001814038 11.5064962715 11.5061716049 11.5061873948 136.4161777900 0.0000750085 0.0004916918 0.7130876605 0.6226158389 0.1288954408 0.0137283749
-83.3300353846 0.0009425125 0.9946730609 0.9998415138 0.0000179633 0.9985582863 0.6839586597 0.9581113662 0.3348752482 0.0011820652 0.0624457534 0.2230212612 0.0001292525 0.7857801207 0.2854002708 0.0003691024 0.0519528686 0.6944708700 0.4109218612 0.6414173510 0.3166733962 0.0001906544 1.4831039265 1.4689803179 1.5424523025 0.0001814580 11.5064972850 11.5061724503 11.5061882432 136.4161785024 0.0000750171 0.0004921014 0.7127335645 0.6226941866 0.1288947642 0.0137287383
-83.3242594307 0.0009434399 0.9946649841 0.9998412683 0.0000179775 0.9985554984 0.6838234078 0.9580877036 0.3348093864 0.0011825635 0.0624466086 0.2230312952 0.0001293254 0.7856270458 0.2853371250 0.0003694073 0.0519935664 0.6943435140 0.4106482642 0.6413527356 0.3165391050 0.0001907178 1.4830740714 1.4689496885 1.5424497055 0.0001815124 11.5064983543 11.5061733523 11.5061891482 136.4161792823 0.0000750259 0.0004925120 0.7123794914 0.6227728075 0.1288941487 0.0137291340
-83.3184740348 0.0009443697 0.9946568791 0.9998410219 0.0000179918 0.9985527041 0.6836874236 0.9580639594 0.3347444428 0.0011830629 0.0624473597 0.2230399140 0.0001293984 0.7854736156 0.2852748583 0.0003697129 0.0520343609 0.6942158560 0.4103749209 0.6412878041 0.3164049421 0.0001907814 1.4830436854 1.4689186156 1.5424470819 0.0001815670 11.5064994838 11.5061743153 11.5061901143 136.4161801350 0.0000750348 0.0004929236 0.7120254894 0.6228517253 0.1288935999 0.0137295668
-83.3126799911 0.0009453018 0.9946487471 0.9998407747 0.0000180061 0.9985499037 0.6835506920 0.9580401296 0.3346804891 0.0011835632 0.0624479982 0.2230470127 0.0001294716 0.7853198388 0.2852135488 0.0003700193 0.0520752467 0.6940879044 0.4101018687 0.6412225578 0.3162709278 0.0001908453 1.4830126768 1.4688870290 1.5424444216 0.0001816219 11.5065006769 11.5061753427 11.5061911449 136.4161810661 0.0000750439 0.0004933362 0.7116716072 0.6229309677 0.1288931240 0.0137300420
-83.3068781067 0.0009462361 0.9946405891 0.9998405266 0.0000180204 0.9985470976 0.6834131979 0.9580162097 0.3346176012 0.0011840645 0.0624485147 0.2230524799 0.0001295450 0.7851657250 0.2851532803 0.0003703263 0.0521162181 0.6939596679 0.4098291458 0.6411569983 0.3161370824 0.0001909096 1.4829809398 1.4688548487 1.5424417127 0.0001816771 11.5065019337 11.5061764351 11.5061922404 136.4161820818 0.0000750531 0.0004937496 0.7113178941 0.6230105665 0.1288927275 0.0137305661
-83.3010692029 0.0009471724 0.9946324061 0.9998402778 0.0000180347 0.9985442862 0.6832749256 0.9579921941 0.3345558605 0.0011845665 0.0624488992 0.2230561983 0.0001296184 0.7850112841 0.2850941412 0.0003706339 0.0521572696 0.6938311561 0.4095567906 0.6410911274 0.3160034267 0.0001909742 1.4829483509 1.4688219807 1.5424389412 0.0001817325 11.5065032456 11.5061775837 11.5061933922 136.4161831885 0.0000750626 0.0004941640 0.7109644001 0.6230905591 0.1288924174 0.0137311465
-83.2952541153 0.0009481107 0.9946241992 0.9998400282 0.0000180491 0.9985414700 0.6831358584 0.9579680759 0.3344953577 0.0011850693 0.0624491413 0.2230580445 0.0001296920 0.7848565264 0.2850362246 0.0003709421 0.0521983954 0.6937023785 0.4092848421 0.6410249473 0.3158699816 0.0001910391 1.4829147630 1.4687883115 1.5424360916 0.0001817883 11.5065045798 11.5061787562 11.5061945679 136.4161843939 0.0000750723 0.0004945791 0.7106111757 0.6231709917 0.1288922011 0.0137317923
-83.2894336949 0.0009490507 0.9946159695 0.9998397778 0.0000180635 0.9985386493 0.6829959770 0.9579438468 0.3344361983 0.0011855727 0.0624492299 0.2230578852 0.0001297657 0.7847014630 0.2849796300 0.0003712509 0.0522395894 0.6935733448 0.4090133396 0.6409584597 0.3157367683 0.0001911045 1.4828800146 1.4687537149 1.5424331481 0.0001818444 11.5065058445 11.5061798609 11.5061956759 136.4161857068 0.0000750824 0.0004949950 0.7102582722 0.6232519152 0.1288920865 0.0137325142
-83.2836088096 0.0009499923 0.9946077183 0.9998395268 0.0000180779 0.9985358246 0.6828552602 0.9579194949 0.3343784874 0.0011860768 0.0624491517 0.2230555617 0.0001298395 0.7845461055 0.2849244737 0.0003715602 0.0522808458 0.6934440631 0.4087423234 0.6408916622 0.3156038080 0.0001911704 1.4828440084 1.4687181296 1.5424301024 0.0001819009 11.5065099860 11.5061838439 11.5061996622 136.4161871390 0.0000750927 0.0004954115 0.7099057416 0.6233334111 0.1288920822 0.0137333181
-83.2777803409 0.0009509355 0.9945994467 0.9998392751 0.0000180923 0.9985329963 0.6827137014 0.9578950355 0.3343222745 0.0011865814 0.0624488845 0.2230508163 0.0001299134 0.7843904663 0.2848709674 0.0003718699 0.0523221583 0.6933145484 0.4084718339 0.6408245636 0.3154711223 0.0001912367 1.4828066390 1.4686815097 1.5424269151 0.0001819578 11.5065113856 11.5061850872 11.5062009089 136.4161887038 0.0000751033 0.0004958286 0.7095536366 0.6234153764 0.1288922032 0.0137342033
-83.2719491902 0.0009518800 0.9945911559 0.9998390228 0.0000181068 0.9985301648 0.6825712888 0.9578704473 0.3342676612 0.0011870864 0.0624484154 0.2230435018 0.0001299873 0.7842345584 0.2848192265 0.0003721800 0.0523635205 0.6931848130 0.4082019118 0.6407571694 0.3153387331 0.0001913035 1.4827676632 1.4686436592 1.5424235697 0.0001820152 11.5065130614 11.5061866090 11.5062024341 136.4161904113 0.0000751143 0.0004962463 0.7092020106 0.6234979534 0.1288924579 0.0137351863
-83.2661162766 0.0009528257 0.9945828471 0.9998387699 0.0000181212 0.9985273306 0.6824280106 0.9578457181 0.3342147491 0.0011875918 0.0624477300 0.2230334518 0.0001300613 0.7840783956 0.2847693818 0.0003724904 0.0524049261 0.6930548706 0.4079325978 0.6406894859 0.3152066629 0.0001913709 1.4827268283 1.4686043907 1.5424200370 0.0001820730 11.5065149863 11.5061883823 11.5062042109 136.4161922713 0.0000751257 0.0004966644 0.7088509180 0.6235812192 0.1288928558 0.0137362822
-83.2602825389 0.0009537725 0.9945745218 0.9998385165 0.0000181357 0.9985244942 0.6822838562 0.9578208353 0.3341636412 0.0011880975 0.0624468121 0.2230204825 0.0001301354 0.7839219925 0.2847215794 0.0003728012 0.0524463684 0.6929247360 0.4076639333 0.6406215207 0.3150749344 0.0001914389 1.4826838659 1.4685635046 1.5424162844 0.0001821314 11.5065171331 11.5061903805 11.5062062127 136.4161942950 0.0000751376 0.0004970830 0.7085004138 0.6236652535 0.1288934074 0.0137375064
-83.2544489366 0.0009547202 0.9945661812 0.9998382625 0.0000181502 0.9985216559 0.6821388168 0.9577957852 0.3341144419 0.0011886034 0.0624456443 0.2230043936 0.0001302095 0.7837653647 0.2846759801 0.0003731122 0.0524878407 0.6927944251 0.4073959609 0.6405532818 0.3149435713 0.0001915077 1.4826384834 1.4685207889 1.5424122757 0.0001821904 11.5065194900 11.5061925917 11.5062084276 136.4161964950 0.0000751501 0.0004975019 0.7081505541 0.6237501421 0.1288941239 0.0137388756
-83.2486164515 0.0009556686 0.9945578266 0.9998380081 0.0000181647 0.9985188164 0.6819928855 0.9577705530 0.3340672566 0.0011891094 0.0624442074 0.2229849687 0.0001302837 0.7836085287 0.2846327596 0.0003734234 0.0525293358 0.6926639553 0.4071287238 0.6404847783 0.3148125978 0.0001915772 1.4825903589 1.4684760103 1.5424079714 0.0001822501 11.5065220576 11.5061950173 11.5062108570 136.4161988852 0.0000751631 0.0004979210 0.7078013959 0.6238359794 0.1288950177 0.0137404082
-83.2427860894 0.0009566176 0.9945494596 0.9998377533 0.0000181792 0.9985159761 0.6818460581 0.9577451221 0.3340221909 0.0011896154 0.0624424810 0.2229619759 0.0001303578 0.7834515018 0.2845921087 0.0003737347 0.0525708467 0.6925333447 0.4068622661 0.6404160206 0.3146820386 0.0001916477 1.4825391381 1.4684289122 1.5424033276 0.0001823106 11.5065248463 11.5061976679 11.5062135114 136.4162014810 0.0000751769 0.0004983404 0.7074529970 0.6239228694 0.1288961019 0.0137421243
-83.2369588817 0.0009575670 0.9945410815 0.9998374982 0.0000181937 0.9985131355 0.6816983338 0.9577194743 0.3339793489 0.0011901214 0.0624404426 0.2229351669 0.0001304320 0.7832943027 0.2845542342 0.0003740462 0.0526123659 0.6924026133 0.4065966327 0.6403470205 0.3145519190 0.0001917191 1.4824844323 1.4683792150 1.5423982967 0.0001823719 11.5065278719 11.5062005597 11.5062164072 136.4162042990 0.0000751914 0.0004987599 0.7071054165 0.6240109257 0.1288973904 0.0137440463
-83.2311358872 0.0009585166 0.9945326940 0.9998372427 0.0000182082 0.9985102951 0.6815497157 0.9576935898 0.3339388324 0.0011906272 0.0624380684 0.2229042766 0.0001305061 0.7831369510 0.2845193601 0.0003743577 0.0526538860 0.6922717825 0.4063318690 0.6402777918 0.3144222647 0.0001917916 1.4824258077 1.4683266079 1.5423928252 0.0001824341 11.5065311543 11.5062037130 11.5062195647 136.4162073576 0.0000752068 0.0004991795 0.7067587145 0.6241002748 0.1288988983 0.0137461990
-83.2253181947 0.0009594664 0.9945242985 0.9998369869 0.0000182227 0.9985074554 0.6814002118 0.9576674472 0.3339007367 0.0011911328 0.0624353326 0.2228690228 0.0001305802 0.7829794678 0.2844877285 0.0003746691 0.0526953990 0.6921408758 0.4060680216 0.6402083502 0.3142931023 0.0001918653 1.4823628036 1.4682707616 1.5423868575 0.0001824973 11.5065347165 11.5062071514 11.5062230072 136.4162106768 0.0000752231 0.0004995990 0.7064129521 0.6241910512 0.1289006413 0.0137486089
-83.2195069246 0.0009604159 0.9945158966 0.9998367309 0.0000182372 0.9985046170 0.6812498364 0.9576410238 0.3338651482 0.0011916380 0.0624322074 0.2228291058 0.0001306543 0.7828218752 0.2844596014 0.0003749805 0.0527368969 0.6920099187 0.4058051379 0.6401387136 0.3141644590 0.0001919403 1.4822949253 1.4682113210 1.5423803346 0.0001825616 11.5065385832 11.5062109001 11.5062267603 136.4162142786 0.0000752405 0.0005000184 0.7060681920 0.6242833999 0.1289026364 0.0137513052
-83.2137032318 0.0009613652 0.9945074902 0.9998364747 0.0000182517 0.9985017805 0.6810986104 0.9576142946 0.3338321430 0.0011921428 0.0624286631 0.2227842080 0.0001307283 0.7826641970 0.2844352616 0.0003752917 0.0527783713 0.6918789392 0.4055432662 0.6400689028 0.3140363627 0.0001920168 1.4822216178 1.4681478933 1.5423731902 0.0001826272 11.5065427832 11.5062149883 11.5062308531 136.4162181869 0.0000752591 0.0005004376 0.7057244979 0.6243774815 0.1289049015 0.0137543201
-83.2079083087 0.0009623140 0.9944990808 0.9998362184 0.0000182662 0.9984989465 0.6809465639 0.9575872344 0.3338017769 0.0011926470 0.0624246675 0.2227339943 0.0001308023 0.7825064584 0.2844150143 0.0003756027 0.0528198136 0.6917479680 0.4052824559 0.6399989419 0.3139088422 0.0001920948 1.4821423252 1.4680800822 1.5423653610 0.0001826941 11.5065473462 11.5062194465 11.5062353160 136.4162224282 0.0000752789 0.0005008565 0.7053819351 0.6244734590 0.1289074555 0.0137576870
-83.2021233874 0.0009632620 0.9944906704 0.9998359620 0.0000182807 0.9984961154 0.6807937373 0.9575598164 0.3337740846 0.0011931506 0.0624201866 0.2226781125 0.0001308762 0.7823486862 0.2843991887 0.0003759134 0.0528612148 0.6916170391 0.4050227574 0.6399288583 0.3137819270 0.0001921746 1.4820564396 1.4680074573 1.5423567785 0.0001827624 11.5065523054 11.5062243083 11.5062401828 136.4162270313 0.0000753002 0.0005012750 0.7050405701 0.6245715096 0.1289103186 0.0137614425
-83.1963497435 0.0009642091 0.9944822608 0.9998357056 0.0000182951 0.9984932880 0.6806401832 0.9575320131 0.3337490697 0.0011936534 0.0624151836 0.2226161951 0.0001309499 0.7821909089 0.2843881388 0.0003762238 0.0529025657 0.6914861900 0.4047642226 0.6398586839 0.3136556479 0.0001922562 1.4819633318 1.4679295714 1.5423473744 0.0001828324 11.5065576954 11.5062296090 11.5062454887 136.4162320281 0.0000753230 0.0005016931 0.7047004712 0.6246718173 0.1289135117 0.0137656254
-83.1905886989 0.0009651551 0.9944738540 0.9998354493 0.0000183096 0.9984904648 0.6804859691 0.9575037976 0.3337266950 0.0011941553 0.0624096197 0.2225478613 0.0001310236 0.7820331570 0.2843822442 0.0003765337 0.0529438566 0.6913554625 0.4045069043 0.6397884557 0.3135300366 0.0001923398 1.4818623728 1.4678459800 1.5423370850 0.0001829041 11.5065635530 11.5062353862 11.5062512713 136.4162374537 0.0000753476 0.0005021106 0.7043617084 0.6247745672 0.1289170572 0.0137702757
-83.1848416256 0.0009660996 0.9944654520 0.9998351931 0.0000183240 0.9984876466 0.6803311803 0.9574751436 0.3337068727 0.0011946561 0.0624034534 0.2224727206 0.0001310971 0.7818754627 0.2843819113 0.0003768432 0.0529850774 0.6912249030 0.4042508570 0.6397182165 0.3134051259 0.0001924257 1.4817529280 1.4677562321 1.5423258508 0.0001829777 11.5065699170 11.5062416793 11.5062575700 136.4162433468 0.0000753739 0.0005025274 0.7040243532 0.6248799473 0.1289209783 0.0137754348
-83.1791099489 0.0009670425 0.9944570569 0.9998349370 0.0000183384 0.9984848339 0.6801759225 0.9574460264 0.3336894509 0.0011951559 0.0623966414 0.2223903787 0.0001311704 0.7817178604 0.2843875721 0.0003771520 0.0530262177 0.6910945637 0.4039961363 0.6396480159 0.3132809500 0.0001925139 1.4816343789 1.4676598867 1.5423136206 0.0001830532 11.5065768283 11.5062485296 11.5062644262 136.4162497498 0.0000754022 0.0005029435 0.7036884792 0.6249881432 0.1289252995 0.0137811455
-83.1733951511 0.0009679836 0.9944486711 0.9998346813 0.0000183527 0.9984820275 0.6800203257 0.9574164246 0.3336741960 0.0011956544 0.0623891383 0.2223004447 0.0001312436 0.7815603868 0.2843996835 0.0003774602 0.0530672666 0.6909645034 0.4037427998 0.6395779123 0.3131575445 0.0001926045 1.4815061555 1.4675565324 1.5423003580 0.0001831309 11.5065843277 11.5062559788 11.5062718817 136.4162567098 0.0000754327 0.0005033587 0.7033541618 0.6250993297 0.1289300461 0.0137874497
-83.1676987754 0.0009689225 0.9944402968 0.9998344258 0.0000183670 0.9984792280 0.6798645485 0.9573863215 0.3336607739 0.0011961515 0.0623808973 0.2222025424 0.0001313166 0.7814030806 0.2844187244 0.0003777677 0.0531082128 0.6908347883 0.4034909062 0.6395079735 0.3130349465 0.0001926978 1.4813677649 1.4674458076 1.5422860475 0.0001832108 11.5065924578 11.5062640701 11.5062799795 136.4162642786 0.0000754653 0.0005037729 0.7030214785 0.6252136645 0.1289352444 0.0137943882
-83.1620224287 0.0009698590 0.9944319364 0.9998341707 0.0000183813 0.9984764362 0.6797087821 0.9573557069 0.3336487281 0.0011966470 0.0623718713 0.2220963249 0.0001313893 0.7812459832 0.2844451908 0.0003780743 0.0531490444 0.6907054940 0.4032405163 0.6394382799 0.3129131948 0.0001927939 1.4812188185 1.4673274124 1.5422706997 0.0001832931 11.5066012605 11.5062728457 11.5062887619 136.4162725132 0.0000755003 0.0005041859 0.7026905089 0.6253312815 0.1289409213 0.0138019994
-83.1563677850 0.0009707928 0.9944235924 0.9998339161 0.0000183955 0.9984736528 0.6795532554 0.9573245791 0.3336374523 0.0011971409 0.0623620139 0.2219814941 0.0001314619 0.7810891382 0.2844795881 0.0003783800 0.0531897490 0.6905767070 0.4029916925 0.6393689261 0.3127923301 0.0001928927 1.4810590826 1.4672011412 1.5422543616 0.0001833777 11.5066107775 11.5062823478 11.5062982712 136.4162814763 0.0000755378 0.0005045977 0.7023613348 0.6254522798 0.1289471045 0.0138103173
-83.1507365883 0.0009717236 0.9944152677 0.9998336621 0.0000184097 0.9984708787 0.6793982401 0.9572929483 0.3336261597 0.0011976329 0.0623512818 0.2218578263 0.0001315341 0.7809325921 0.2845224195 0.0003786847 0.0532303138 0.6904485266 0.4027444990 0.6393000251 0.3126723952 0.0001929944 1.4808885450 1.4670669210 1.5422371299 0.0001834648 11.5066210476 11.5062926157 11.5063085465 136.4162912365 0.0000755777 0.0005050082 0.7020340403 0.6255767082 0.1289538217 0.0138193693
-83.1451306544 0.0009726511 0.9944069648 0.9998334087 0.0000184238 0.9984681146 0.6792440552 0.9572608389 0.3336138505 0.0011981228 0.0623396375 0.2217252053 0.0001316061 0.7807763937 0.2845741698 0.0003789883 0.0532707253 0.6903210685 0.4024990019 0.6392317118 0.3125534350 0.0001930990 1.4807074703 1.4669248402 1.5422191622 0.0001835543 11.5066321077 11.5063036860 11.5063196247 136.4163018682 0.0000756202 0.0005054171 0.7017087116 0.6257045538 0.1289611008 0.0138291738
-83.1395518724 0.0009735749 0.9943986867 0.9998331561 0.0000184379 0.9984653613 0.6790910715 0.9572282938 0.3335992750 0.0011986107 0.0623270540 0.2215836638 0.0001316778 0.7806205947 0.2846352816 0.0003792906 0.0533109695 0.6901944673 0.4022552691 0.6391641489 0.3124354973 0.0001932063 1.4805164849 1.4667751949 1.5422006942 0.0001836462 11.5066439890 11.5063155900 11.5063315368 136.4163134519 0.0000756652 0.0005058244 0.7013854374 0.6258357250 0.1289689691 0.0138397374
-83.1340022043 0.0009744948 0.9943904363 0.9998329043 0.0000184519 0.9984626197 0.6789397145 0.9571953775 0.3335808978 0.0011990961 0.0623135215 0.2214334340 0.0001317491 0.7804652492 0.2847061238 0.0003795916 0.0533510318 0.6900688821 0.4020133704 0.6390975335 0.3123186326 0.0001933163 1.4803166725 1.4666185380 1.5421820595 0.0001837404 11.5066567173 11.5063283530 11.5063443083 136.4163260727 0.0000757126 0.0005062299 0.7010643087 0.6259700320 0.1289774529 0.0138510510
-83.1284836840 0.0009754104 0.9943822169 0.9998326534 0.0000184659 0.9984598906 0.6787904651 0.9571621811 0.3335568627 0.0011995790 0.0622990566 0.2212750091 0.0001318201 0.7803104141 0.2847869497 0.0003798911 0.0533908972 0.6899445015 0.4017733771 0.6390321071 0.3122028949 0.0001934287 1.4801096913 1.4664557374 1.5421637131 0.0001838366 11.5066703093 11.5063419911 11.5063579551 136.4163398193 0.0000757623 0.0005066334 0.7007454183 0.6261071655 0.1289865766 0.0138630858
-83.1229984140 0.0009763213 0.9943740316 0.9998324036 0.0000184797 0.9984571750 0.6786438564 0.9571288259 0.3335249689 0.0012000592 0.0622837159 0.2211092134 0.0001318906 0.7801561485 0.2848778415 0.0003801891 0.0534305499 0.6898215513 0.4015353620 0.6389681667 0.3120883422 0.0001935432 1.4798978887 1.4662880295 1.5421462563 0.0001839346 11.5066847716 11.5063565094 11.5063724824 136.4163547804 0.0000758140 0.0005070348 0.7004288612 0.6262466776 0.1289963623 0.0138757888
-83.1175485596 0.0009772271 0.9943658838 0.9998321549 0.0000184935 0.9984544738 0.6785004648 0.9570954678 0.3334826614 0.0012005365 0.0622676158 0.2209372818 0.0001319608 0.7800025137 0.2849786408 0.0003804853 0.0534699739 0.6897003045 0.4012993985 0.6389060816 0.3119750373 0.0001936591 1.4796844529 1.4661170874 1.5421304680 0.0001840340 11.5067000985 11.5063719008 11.5063878829 136.4163710402 0.0000758675 0.0005074339 0.7001147340 0.6263879577 0.1290068281 0.0138890776
-83.1121363406 0.0009781275 0.9943577768 0.9998319074 0.0000185072 0.9984517879 0.6783608930 0.9570623008 0.3334270512 0.0012010107 0.0622509579 0.2207609432 0.0001320305 0.7798495728 0.2850888619 0.0003807797 0.0535091527 0.6895810934 0.4010655606 0.6388463143 0.3118630488 0.0001937760 1.4794735768 1.4659450935 1.5421173409 0.0001841341 11.5067162681 11.5063881410 11.5064041324 136.4163886701 0.0000759222 0.0005078306 0.6998031348 0.6265302104 0.1290179873 0.0139028345
-83.1067640199 0.0009790221 0.9943497142 0.9998316613 0.0000185208 0.9984491183 0.6782257420 0.9570295566 0.3333549878 0.0012014816 0.0622340629 0.2205825034 0.0001320997 0.7796973903 0.2852075880 0.0003810722 0.0535480692 0.6894643259 0.4008339211 0.6387894482 0.3117524527 0.0001938929 1.4792705674 1.4657747707 1.5421081071 0.0001842343 11.5067332424 11.5064051893 11.5064211900 136.4164077174 0.0000759777 0.0005082247 0.6994941621 0.6266724509 0.1290298466 0.0139169026
-83.1014338885 0.0009799104 0.9943416996 0.9998314167 0.0000185344 0.9984464658 0.6780955692 0.9569975043 0.3332631916 0.0012019489 0.0622174073 0.2204049191 0.0001321685 0.7795460316 0.2853333512 0.0003813627 0.0535867065 0.6893505053 0.4006045498 0.6387362257 0.3116433349 0.0001940090 1.4790820252 1.4656094515 1.5421042796 0.0001843339 11.5067509644 11.5064229853 11.5064389953 136.4164281882 0.0000760331 0.0005086160 0.6991879149 0.6268134918 0.1290424041 0.0139310802
-83.0961482463 0.0009807921 0.9943337366 0.9998311736 0.0000185478 0.9984438316 0.6779708301 0.9569664420 0.3331484898 0.0012024125 0.0622016471 0.2202318519 0.0001322366 0.7793955620 0.2854639996 0.0003816509 0.0536250473 0.6892402555 0.4003775101 0.6386875966 0.3115357937 0.0001941231 1.4789158767 1.4654530606 1.5421076669 0.0001844319 11.5067693598 11.5064414507 11.5064574697 136.4164500248 0.0000760877 0.0005090043 0.6988844914 0.6269519681 0.1290556475 0.0139451203
-83.0909093796 0.0009816668 0.9943258287 0.9998309323 0.0000185611 0.9984412164 0.6778518036 0.9569366827 0.3330081600 0.0012028722 0.0621875877 0.2200676918 0.0001323043 0.7792460463 0.2855965607 0.0003819368 0.0536630745 0.6891343503 0.4001528532 0.6386447832 0.3114299455 0.0001942339 1.4787813552 1.4653100716 1.5421203753 0.0001845272 11.5067883389 11.5064604915 11.5064765192 136.4164730768 0.0000761405 0.0005093895 0.6985839882 0.6270863771 0.1290695509 0.0139587313
-83.0857195354 0.0009825340 0.9943179796 0.9998306928 0.0000185743 0.9984386214 0.6777385021 0.9569085343 0.3328403910 0.0012033278 0.0621760213 0.2199175375 0.0001323713 0.7790975476 0.2857271108 0.0003822202 0.0537007712 0.6890337448 0.3999306080 0.6386093632 0.3113259310 0.0001943401 1.4786888093 1.4651853915 1.5421447694 0.0001846187 11.5068078021 11.5064800034 11.5064960393 136.4164970663 0.0000761906 0.0005097713 0.6982864990 0.6272151455 0.1290840721 0.0139715832
-83.0805808921 0.0009833935 0.9943101926 0.9998304552 0.0000185874 0.9984360473 0.6776305771 0.9568822747 0.3326448255 0.0012037791 0.0621673505 0.2197871271 0.0001324377 0.7789501267 0.2858506711 0.0003825010 0.0537381210 0.6889396036 0.3997107624 0.6385833735 0.3112239268 0.0001944405 1.4786492975 1.4650841801 1.5421833656 0.0001847055 11.5068276465 11.5064998791 11.5065159226 136.4165215510 0.0000762368 0.0005101498 0.6979921135 0.6273367060 0.1290991488 0.0139833145
-83.0754955313 0.0009842448 0.9943024712 0.9998302196 0.0000186003 0.9984334951 0.6775272353 0.9568581349 0.3324230830 0.0012042258 0.0621610720 0.2196827156 0.0001325034 0.7788038410 0.2859611501 0.0003827791 0.0537751081 0.6888533107 0.3994932292 0.6385694346 0.3111241613 0.0001945338 1.4786739943 1.4650116846 1.5422386289 0.0001847864 11.5068477695 11.5065200115 11.5065360618 136.4165458880 0.0000762780 0.0005105245 0.6977009162 0.6274495257 0.1291146948 0.0139935340
-83.0704654081 0.0009850875 0.9942948186 0.9998299861 0.0000186131 0.9984309657 0.6774271943 0.9568363124 0.3321790862 0.0012046679 0.0621555400 0.2196109059 0.0001325685 0.7786587442 0.2860513585 0.0003830544 0.0538117177 0.6887764344 0.3992777812 0.6385708849 0.3110269398 0.0001946186 1.4787735513 1.4649732700 1.5423126461 0.0001848603 11.5068680604 11.5065402848 11.5065563410 136.4165692022 0.0000763128 0.0005108955 0.6974129847 0.6275519704 0.1291305948 0.0140017971
-83.0654923229 0.0009859214 0.9942872377 0.9998297549 0.0000186258 0.9984284598 0.6773287103 0.9568170569 0.3319189179 0.0012051051 0.0621485187 0.2195784499 0.0001326328 0.7785148855 0.2861131219 0.0003833268 0.0538479361 0.6887105975 0.3990639305 0.6385919022 0.3109326836 0.0001946931 1.4789579226 1.4649750725 1.5424066839 0.0001849255 11.5068883637 11.5065605370 11.5065765980 136.4165903618 0.0000763396 0.0005112626 0.6971283883 0.6276417749 0.1291466995 0.0140075168
-83.0605778893 0.0009867462 0.9942797314 0.9998295260 0.0000186384 0.9984259781 0.6772297161 0.9568008913 0.3316498986 0.0012055374 0.0621383422 0.2195920459 0.0001326965 0.7783723094 0.2861375085 0.0003835962 0.0538837510 0.6886571801 0.3988507038 0.6386375560 0.3108419898 0.0001947537 1.4792375552 1.4650259828 1.5425206911 0.0001849792 11.5069084061 11.5065804820 11.5065965463 136.4166079655 0.0000763552 0.0005116256 0.6968471863 0.6277147791 0.1291628189 0.0140097444
-83.0557234839 0.0009875617 0.9942723020 0.9998292995 0.0000186508 0.9984235214 0.6771280925 0.9567890397 0.3313786166 0.0012059645 0.0621247851 0.2196581717 0.0001327594 0.7782310552 0.2861151822 0.0003838625 0.0539191520 0.6886167973 0.3986362483 0.6387136915 0.3107557250 0.0001947935 1.4796273499 1.4651419172 1.5426529181 0.0001850153 11.5069277320 11.5065996389 11.5066157042 136.4166203517 0.0000763534 0.0005119844 0.6965694262 0.6277625176 0.1291787148 0.0140067338
-83.0509301491 0.0009883676 0.9942649514 0.9998290754 0.0000186630 0.9984210900 0.6770220748 0.9567840649 0.3311079254 0.0012063864 0.0621091530 0.2197830069 0.0001328215 0.7780911550 0.2860368678 0.0003841256 0.0539541318 0.6885886650 0.3984172371 0.6388264861 0.3106751707 0.0001947989 1.4801542690 1.4653527846 1.5427999650 0.0001850221 11.5069459074 11.5066175240 11.5066335866 136.4166256407 0.0000763230 0.0005123391 0.6962951406 0.6277686577 0.1291940912 0.0139952623
-83.0461983849 0.0009891638 0.9942576805 0.9998288538 0.0000186751 0.9984186844 0.6769107686 0.9567903855 0.3308337607 0.0012068031 0.0620938880 0.2199725460 0.0001328829 0.7779526302 0.2858938771 0.0003843856 0.0539886871 0.6885705912 0.3981883207 0.6389814767 0.3106022517 0.0001947477 1.4808658508 1.4657092272 1.5429578734 0.0001849804 11.5069639247 11.5066350483 11.5066511019 136.4166218442 0.0000762452 0.0005126894 0.6960243422 0.6277062334 0.1292085842 0.0139700133
-83.0415277483 0.0009899505 0.9942504890 0.9998286347 0.0000186871 0.9984163046 0.6767947413 0.9568135209 0.3305443901 0.0012072146 0.0620820870 0.2202331478 0.0001329435 0.7778154847 0.2856785347 0.0003846424 0.0540228224 0.6885615774 0.3979428272 0.6391819063 0.3105398908 0.0001946128 1.4818273978 1.4662775252 1.5431254094 0.0001848672 11.5069893555 11.5066596832 11.5066757187 136.4166071150 0.0000760975 0.0005130355 0.6957570165 0.6275424990 0.1292217524 0.0139241621
-83.0369162394 0.0009907281 0.9942433745 0.9998284179 0.0000186989 0.9984139505 0.6766766321 0.9568561540 0.3302263016 0.0012076212 0.0620770440 0.2205732190 0.0001330034 0.7776796967 0.2853840220 0.0003848962 0.0540565523 0.6885691720 0.3976774484 0.6394265594 0.3104925628 0.0001943825 1.4830780488 1.4670986021 1.5433074401 0.0001846725 11.5070555292 11.5067247105 11.5067407172 136.4165803093 0.0000758684 0.0005133776 0.6954931131 0.6272628328 0.1292330788 0.0138530092
-83.0323598224 0.0009914970 0.9942363323 0.9998282033 0.0000187106 0.9984116215 0.6765614348 0.9569119461 0.3298762144 0.0012080231 0.0620819366 0.2210075445 0.0001330626 0.7775452157 0.2850023732 0.0003851471 0.0540899037 0.6886167460 0.3974020962 0.6397081192 0.3104671681 0.0001940907 1.4844903604 1.4680916669 1.5434910663 0.0001844256 11.5072469216 11.5069147190 11.5069306900 136.4165419855 0.0000755833 0.0005137158 0.6952325403 0.6269079563 0.1292420162 0.0137595083
-83.0278526590 0.0009922582 0.9942293562 0.9998279908 0.0000187222 0.9984093165 0.6764544675 0.9569583330 0.3295257202 0.0012084207 0.0621003708 0.2215647342 0.0001331212 0.7774119750 0.2845178760 0.0003853955 0.0541229126 0.6887334548 0.3971455383 0.6400145226 0.3104744622 0.0001938510 1.4853802703 1.4688437683 1.5435228281 0.0001842232 11.5078493746 11.5075159256 11.5075318658 136.4164947737 0.0000753328 0.0005140506 0.6949751722 0.6266157710 0.1292481054 0.0136599670
-83.0233874156 0.0009930124 0.9942224402 0.9998277800 0.0000187337 0.9984070346 0.6763525697 0.9569190348 0.3294575363 0.0012088146 0.0621367368 0.2222802713 0.0001331792 0.7772799251 0.2839001914 0.0003856416 0.0541556122 0.6889257331 0.3969415797 0.6403383524 0.3105318403 0.0001940236 1.4840630512 1.4681894081 1.5430732501 0.0001843720 11.5098721672 11.5095387757 11.5095547273 136.4164389922 0.0000753998 0.0005143823 0.6947208750 0.6268252197 0.1292513922 0.0136205513
-83.0189649548 0.0009937595 0.9942155855 0.9998275710 0.0000187450 0.9984047759 0.6762387702 0.9567898975 0.3301172093 0.0012092045 0.0621787917 0.2231483750 0.0001332367 0.7771491126 0.2831255305 0.0003858853 0.0541879974 0.6891709036 0.3968028891 0.6406976046 0.3106734094 0.0001945696 1.4815250496 1.4665800211 1.5424375634 0.0001848382 11.5131644843 11.5128323388 11.5128483403 136.4163676706 0.0000757245 0.0005147108 0.6944695909 0.6274875237 0.1292539838 0.0136575853
-83.0145944079 0.0009944985 0.9942088001 0.9998273642 0.0000187563 0.9984025413 0.6761188785 0.9567622964 0.3306978813 0.0012095901 0.0622443382 0.2240955198 0.0001332935 0.7770196933 0.2822494284 0.0003861264 0.0542200277 0.6894682082 0.3967954061 0.6410231289 0.3109926051 0.0001945768 1.4804994795 1.4660634287 1.5419796556 0.0001848337 11.5068217055 11.5064903067 11.5065063215 136.4162773360 0.0000757319 0.0005150357 0.6942213379 0.6274987049 0.1292639243 0.0136411158
-83.0102797048 0.0009952288 0.9942020893 0.9998271596 0.0000187674 0.9984003315 0.6760104724 0.9567435566 0.3306935928 0.0012099710 0.0623256145 0.2250029659 0.0001333496 0.7768918396 0.2814184447 0.0003863646 0.0542516758 0.6895796670 0.3969667801 0.6411063295 0.3114693076 0.0001946234 1.4803018219 1.4659379961 1.5418852169 0.0001848721 11.5061300358 11.5057987570 11.5058147762 136.4161878319 0.0000757368 0.0005153568 0.6939761197 0.6275553926 0.1293042435 0.0136366327
-83.0101739685 0.0009952467 0.9942019247 0.9998271545 0.0000187676 0.9984002773 0.6760078842 0.9567432971 0.3306926736 0.0012099803 0.0623276422 0.2250242326 0.0001333510 0.7768887057 0.2813990846 0.0003863705 0.0542524517 0.6895801942 0.3969705602 0.6411065809 0.3114801080 0.0001946236 1.4803019837 1.4659385855 1.5418840983 0.0001848723 11.5061154386 11.5057841592 11.5058001784 136.4161860149 0.0000757361 0.0005153647 0.6939701081 0.6275556536 0.1293059896 0.0136363473
