-84.1376014851 0.0008212294 0.9957379011 0.9998719787 0.0000159938 0.9991922336 0.9040708953 0.9672631839 0.6383618340 0.0011143606 0.0422627159 0.1011218703 0.0001194169 0.9666682190 0.6085607739 0.0003288281 0.0465461579 0.9541955259 0.8374244704 0.8833051915 0.7595107788 0.0001338206 1.4720024615 1.4651992593 1.5277612789 0.0001335272 11.5088660837 11.5085546454 11.5085648498 136.4285096102 0.0000711460 0.0004375265 0.9894546612 0.5351941948 0.1826055757 0.0122235542
-84.1375760905 0.0008212329 0.9957378767 0.9998719779 0.0000159938 0.9991922314 0.9040911563 0.9672629132 0.6383705856 0.0011143626 0.0422598811 0.1010959918 0.0001194172 0.9666710472 0.6086283700 0.0003288293 0.0465463186 0.9542024717 0.8374259773 0.8833198199 0.7595212207 0.0001338200 1.4719971930 1.4651959221 1.5277587527 0.0001335267 11.5088232258 11.5085117959 11.5085220003 136.4285108179 0.0000711462 0.0004375281 0.9894546802 0.5351930681 0.1826100457 0.0122235530
-84.1375253158 0.0008212400 0.9957378281 0.9998719763 0.0000159939 0.9991922269 0.9041316851 0.9672623650 0.6383878825 0.0011143667 0.0422542470 0.1010444879 0.0001194178 0.9666767043 0.6087630292 0.0003288317 0.0465466400 0.9542162831 0.8374290270 0.8833488835 0.7595421930 0.0001338189 1.4719867919 1.4651892921 1.5277538059 0.0001335259 11.5087421321 11.5084307187 11.5084409231 136.4285132139 0.0000711466 0.0004375312 0.9894547183 0.5351909387 0.1826189947 0.0122235558
-84.1374491888 0.0008212507 0.9957377551 0.9998719739 0.0000159941 0.9991922202 0.9041925053 0.9672615281 0.6384133860 0.0011143729 0.0422458817 0.1009678475 0.0001194186 0.9666851913 0.6089637278 0.0003288352 0.0465471219 0.9542367981 0.8374336870 0.8833920059 0.7595738628 0.0001338173 1.4719714820 1.4651794256 1.5277466331 0.0001335247 11.5086292314 11.5083178423 11.5083280466 136.4285167599 0.0000711473 0.0004375360 0.9894547755 0.5351880166 0.1826324449 0.0122235743
-84.1373477516 0.0008212648 0.9957376579 0.9998719707 0.0000159943 0.9991922113 0.9042736747 0.9672603781 0.6384467425 0.0011143811 0.0422348819 0.1008667760 0.0001194198 0.9666965101 0.6092290028 0.0003288400 0.0465477640 0.9542637717 0.8374400490 0.8834486448 0.7596164563 0.0001338156 1.4719515903 1.4651663911 1.5277375261 0.0001335234 11.5084974735 11.5081861155 11.5081963197 136.4285214037 0.0000711483 0.0004375423 0.9894548519 0.5351846822 0.1826504395 0.0122236268
-84.1372196355 0.0008212826 0.9957375364 0.9998719667 0.0000159946 0.9991922002 0.9043753216 0.9672588774 0.6384876950 0.0011143914 0.0422213650 0.1007421503 0.0001194213 0.9667106632 0.6095570680 0.0003288459 0.0465485660 0.9542968777 0.8374482166 0.8835181236 0.7596702260 0.0001338139 1.4719274593 1.4651502253 1.5277268365 0.0001335221 11.5083649157 11.5080535944 11.5080637984 136.4222149482 0.0000711498 0.0004375502 0.9894549479 0.5351814683 0.1826730544 0.0122237382
-84.1370682491 0.0008213037 0.9957373913 0.9998719619 0.0000159949 0.9991921869 0.9044973075 0.9672570673 0.6385294211 0.0011144037 0.0422060609 0.1006006613 0.0001194230 0.9667276416 0.6099330342 0.0003288530 0.0465495246 0.9543333223 0.8374566653 0.8835958160 0.7597268836 0.0001338127 1.4719019011 1.4651322907 1.5277161145 0.0001335211 11.5082592591 11.5079479744 11.5079581784 136.4222214592 0.0000711519 0.0004375597 0.9894550643 0.5351790471 0.1826976357 0.0122239350
-84.1368922315 0.0008213283 0.9957372225 0.9998719563 0.0000159952 0.9991921714 0.9046394859 0.9672549709 0.6385721728 0.0011144180 0.0421890071 0.1004427800 0.0001194251 0.9667474520 0.6103559553 0.0003288613 0.0465506394 0.9543730926 0.8374653831 0.8836816733 0.7597863676 0.0001338117 1.4718752655 1.4651129976 1.5277053228 0.0001335204 11.5081756423 11.5078643945 11.5078745983 136.4222287842 0.0000711544 0.0004375706 0.9894552014 0.5351770647 0.1827241403 0.0122241856
-84.1366916456 0.0008213564 0.9957370300 0.9998719500 0.0000159956 0.9991921538 0.9048017301 0.9672526011 0.6386161849 0.0011144343 0.0421702363 0.1002689646 0.0001194274 0.9667701025 0.6108249379 0.0003288707 0.0465519101 0.9544161928 0.8374743577 0.8837756918 0.7598486312 0.0001338108 1.4718477900 1.4650926405 1.5276944212 0.0001335199 11.5081133169 11.5078021060 11.5078123096 136.4222369089 0.0000711572 0.0004375832 0.9894553595 0.5351753026 0.1827525313 0.0122244672
-84.1364665531 0.0008213879 0.9957368141 0.9998719428 0.0000159961 0.9991921340 0.9049839357 0.9672499682 0.6386616747 0.0011144526 0.0421497753 0.1000796320 0.0001194300 0.9667956018 0.6113392055 0.0003288813 0.0465533362 0.9544626414 0.8374835770 0.8838779027 0.7599136416 0.0001338099 1.4718196441 1.4650714429 1.5276833654 0.0001335194 11.5080723716 11.5077611974 11.5077714008 136.4222458199 0.0000711603 0.0004375972 0.9894555388 0.5351735871 0.1827827781 0.0122247621
-84.1362170121 0.0008214228 0.9957365746 0.9998719349 0.0000159966 0.9991921121 0.9051860250 0.9672470935 0.6387088430 0.0011144728 0.0421276442 0.0998751311 0.0001194329 0.9668239600 0.6118981572 0.0003288930 0.0465549174 0.9545124689 0.8374930303 0.8839883649 0.7599813789 0.0001338090 1.4717909407 1.4650495889 1.5276720854 0.0001335190 11.5080433745 11.5077322375 11.5077424407 136.4222555027 0.0000711635 0.0004376128 0.9894557396 0.5351715950 0.1828148577 0.0122250529
-84.1359430815 0.0008214611 0.9957363118 0.9998719263 0.0000159972 0.9991920880 0.9054079345 0.9672439838 0.6387578878 0.0011144951 0.0421038596 0.0996557838 0.0001194361 0.9668551879 0.6125012703 0.0003289058 0.0465566533 0.9545657135 0.8375027087 0.8841071525 0.7600518345 0.0001338078 1.4717617625 1.4650272190 1.5276605313 0.0001335185 11.5080261634 11.5077150639 11.5077252669 136.4222659469 0.0000711667 0.0004376299 0.9894559621 0.5351691978 0.1828487508 0.0122253274
-84.1356448181 0.0008215028 0.9957360255 0.9998719168 0.0000159978 0.9991920618 0.9056496159 0.9672406484 0.6388090051 0.0011145193 0.0420784345 0.0994218699 0.0001194395 0.9668892975 0.6131481348 0.0003289198 0.0465585436 0.9546224189 0.8375126056 0.8842343506 0.7601250105 0.0001338064 1.4717321781 1.4650044590 1.5276486508 0.0001335178 11.5080181383 11.5077070769 11.5077172796 136.4222771429 0.0000711700 0.0004376485 0.9894562065 0.5351662340 0.1828844429 0.0122255737
-84.1353222779 0.0008215479 0.9957357159 0.9998719066 0.0000159984 0.9991920334 0.9059110330 0.9672370955 0.6388623946 0.0011145455 0.0420513784 0.0991736329 0.0001194433 0.9669263014 0.6138384387 0.0003289350 0.0465605880 0.9546826322 0.8375227166 0.8843700510 0.7602009184 0.0001338046 1.4717022491 1.4649814176 1.5276363961 0.0001335170 11.5080171073 11.5077060843 11.5077162867 136.4222890828 0.0000711733 0.0004376687 0.9894564732 0.5351625561 0.1829219227 0.0122257813
-84.1349755152 0.0008215965 0.9957353830 0.9998718956 0.0000159992 0.9991920029 0.9061921592 0.9672333311 0.6389182640 0.0011145736 0.0420226981 0.0989112869 0.0001194473 0.9669662134 0.6145719523 0.0003289513 0.0465627861 0.9547464019 0.8375330394 0.8845143493 0.7602795783 0.0001338024 1.4716720081 1.4649581807 1.5276237202 0.0001335160 11.5080212843 11.5077103005 11.5077205024 136.4223017603 0.0000711765 0.0004376903 0.9894567625 0.5351580431 0.1829611823 0.0122259414
-84.1346045839 0.0008216484 0.9957350268 0.9998718838 0.0000159999 0.9991919703 0.9064929760 0.9672293558 0.6389768297 0.0011146038 0.0419923985 0.0986350231 0.0001194516 0.9670090478 0.6153485123 0.0003289687 0.0465651376 0.9548137769 0.8375435738 0.8846673430 0.7603610181 0.0001337997 1.4716414941 1.4649348271 1.5276105897 0.0001335148 11.5080321661 11.5077212219 11.5077314234 136.4223151717 0.0000711796 0.0004377135 0.9894570746 0.5351526443 0.1830022157 0.0122260464
-84.1342095346 0.0008217037 0.9957346475 0.9998718713 0.0000160007 0.9991919355 0.9068134763 0.9672251810 0.6390383162 0.0011146359 0.0419604810 0.0983449981 0.0001194562 0.9670548201 0.6161680511 0.0003289872 0.0465676423 0.9548848059 0.8375543209 0.8848291331 0.7604452728 0.0001337965 1.4716107246 1.4649114202 1.5275969540 0.0001335133 11.5080432200 11.5077323162 11.5077425171 136.4223293117 0.0000711826 0.0004377382 0.9894574098 0.5351461630 0.1830450206 0.0122260880
-84.1337904186 0.0008217623 0.9957342450 0.9998718580 0.0000160016 0.9991918986 0.9071536527 0.9672208047 0.6391029631 0.0011146699 0.0419269475 0.0980413775 0.0001194610 0.9671035464 0.6170304935 0.0003290069 0.0465702997 0.9549595361 0.8375652835 0.8849998202 0.7605323833 0.0001337928 1.4715797065 1.4648880014 1.5275827849 0.0001335114 11.5080562090 11.5077453465 11.5077555468 136.4223441783 0.0000711853 0.0004377644 0.9894577685 0.5351385797 0.1830895944 0.0122260616
-84.1333472851 0.0008218244 0.9957338194 0.9998718439 0.0000160025 0.9991918597 0.9075134985 0.9672162279 0.6391710219 0.0011147059 0.0418917985 0.0977243201 0.0001194662 0.9671552436 0.6179357909 0.0003290277 0.0465731097 0.9550380135 0.8375764652 0.8851795059 0.7606223962 0.0001337885 1.4715484275 1.4648645931 1.5275680486 0.0001335093 11.5080705004 11.5077596797 11.5077698794 136.4223597688 0.0000711879 0.0004377921 0.9894581510 0.5351298349 0.1831359360 0.0122259633
-84.1328801824 0.0008218898 0.9957333708 0.9998718291 0.0000160035 0.9991918186 0.9078930064 0.9672114505 0.6392427553 0.0011147439 0.0418550342 0.0973939807 0.0001194716 0.9672099291 0.6188839138 0.0003290497 0.0465760719 0.9551202826 0.8375878709 0.8853682923 0.7607153628 0.0001337836 1.4715168770 1.4648412145 1.5275527157 0.0001335068 11.5080856177 11.5077748396 11.5077850385 136.4223760810 0.0000711903 0.0004378213 0.9894585576 0.5351198818 0.1831840452 0.0122257898
-84.1323891572 0.0008219585 0.9957328991 0.9998718135 0.0000160045 0.9991917754 0.9082921661 0.9672064718 0.6393184381 0.0011147838 0.0418166537 0.0970505122 0.0001194773 0.9672676213 0.6198748452 0.0003290727 0.0465791861 0.9552063869 0.8375995056 0.8855662825 0.7608113389 0.0001337780 1.4714850118 1.4648178618 1.5275367519 0.0001335039 11.5081012050 11.5077904704 11.5078006685 136.4223931130 0.0000711925 0.0004378520 0.9894589886 0.5351086805 0.1832339225 0.0122255392
-84.1318742552 0.0008220306 0.9957324044 0.9998717972 0.0000160055 0.9991917301 0.9087109645 0.9672012908 0.6393983545 0.0011148256 0.0417766561 0.0966940670 0.0001194832 0.9673283392 0.6209085762 0.0003290969 0.0465824519 0.9552963686 0.8376113755 0.8857735809 0.7609103839 0.0001337719 1.4714527988 1.4647945364 1.5275201266 0.0001335007 11.5081169967 11.5078063062 11.5078165034 136.4224108626 0.0000711944 0.0004378841 0.9894594445 0.5350961956 0.1832855692 0.0122252095
-84.1313355212 0.0008221061 0.9957318867 0.9998717801 0.0000160066 0.9991916827 0.9091493847 0.9671959018 0.6394827982 0.0011148694 0.0417350395 0.0963247978 0.0001194895 0.9673921022 0.6219851031 0.0003291223 0.0465858693 0.9553902690 0.8376234866 0.8859902927 0.7610125609 0.0001337651 1.4714202076 1.4647712371 1.5275028169 0.0001334970 11.5081360447 11.5078253988 11.5078355950 136.4224293291 0.0000711961 0.0004379178 0.9894599256 0.5350824518 0.1833389872 0.0122247996
-84.1307729967 0.0008221849 0.9957313461 0.9998717622 0.0000160078 0.9991916332 0.9096074131 0.9671903117 0.6395720686 0.0011149151 0.0416918002 0.0959428389 0.0001194960 0.9674589306 0.6231044739 0.0003291487 0.0465894379 0.9554881293 0.8376358455 0.8862165268 0.7611179360 0.0001337575 1.4713871944 1.4647479711 1.5274847773 0.0001334930 11.5081523413 11.5078417408 11.5078519360 136.4224485084 0.0000711976 0.0004379530 0.9894604322 0.5350673053 0.1833941800 0.0122243056
-84.1301867240 0.0008222670 0.9957307827 0.9998717436 0.0000160090 0.9991915816 0.9100850271 0.9671845152 0.6396664777 0.0011149628 0.0416469357 0.0955483494 0.0001195028 0.9675288451 0.6242666829 0.0003291762 0.0465931575 0.9555899897 0.8376484590 0.8864523929 0.7612265780 0.0001337493 1.4713537109 1.4647247289 1.5274659805 0.0001334886 11.5081683782 11.5078578239 11.5078680180 136.4224683987 0.0000711988 0.0004379897 0.9894609648 0.5350507761 0.1834511505 0.0122237265
-84.1295767433 0.0008223525 0.9957301963 0.9998717242 0.0000160102 0.9991915279 0.9105821979 0.9671785115 0.6397663432 0.0011150123 0.0416004434 0.0951414936 0.0001195099 0.9676018667 0.6254717158 0.0003292049 0.0465970278 0.9556958901 0.8376613340 0.8866980021 0.7613385583 0.0001337404 1.4713197206 1.4647015111 1.5274463941 0.0001334837 11.5081840720 11.5078735646 11.5078837576 136.4224889963 0.0000711997 0.0004380278 0.9894615238 0.5350328240 0.1835099019 0.0122230601
-84.1289430943 0.0008224413 0.9957295872 0.9998717041 0.0000160115 0.9991914722 0.9110988900 0.9671722945 0.6398719899 0.0011150638 0.0415523205 0.0947224410 0.0001195172 0.9676780172 0.6267195485 0.0003292347 0.0466010487 0.9558058700 0.8376744773 0.8869534672 0.7614539507 0.0001337308 1.4712851835 1.4646783205 1.5274259915 0.0001334784 11.5082024400 11.5078919799 11.5079021716 136.4225102985 0.0000712004 0.0004380674 0.9894621095 0.5350134751 0.1835704377 0.0122223046
-84.1282858134 0.0008225334 0.9957289552 0.9998716832 0.0000160129 0.9991914144 0.9116350675 0.9671658709 0.6399837468 0.0011151173 0.0415025626 0.0942913477 0.0001195249 0.9677573185 0.6280101940 0.0003292656 0.0466052199 0.9559199692 0.8376878959 0.8872189051 0.7615728311 0.0001337204 1.4712500609 1.4646551736 1.5274047274 0.0001334726 11.5082180944 11.5079076824 11.5079178728 136.4225322997 0.0000712008 0.0004381085 0.9894627224 0.5349925913 0.1836327629 0.0122214553
-84.1276049372 0.0008226288 0.9957283005 0.9998716615 0.0000160143 0.9991913545 0.9121906814 0.9671592366 0.6401019570 0.0011151726 0.0414511668 0.0938483953 0.0001195328 0.9678397930 0.6293436042 0.0003292976 0.0466095414 0.9560382274 0.8377015969 0.8874944335 0.7616952777 0.0001337093 1.4712142998 1.4646320613 1.5273825683 0.0001334663 11.5082331778 11.5079228145 11.5079330035 136.4225549958 0.0000712009 0.0004381511 0.9894633629 0.5349701740 0.1836968819 0.0122205106
-84.1269005006 0.0008227275 0.9957276230 0.9998716391 0.0000160157 0.9991912925 0.9127656720 0.9671523901 0.6402269706 0.0011152299 0.0413981301 0.0933937735 0.0001195409 0.9679254633 0.6307197104 0.0003293307 0.0466140128 0.9561606841 0.8377155872 0.8877801723 0.7618213705 0.0001336973 1.4711778540 1.4646089902 1.5273594789 0.0001334596 11.5082476875 11.5079373735 11.5079475609 136.4225783814 0.0000712007 0.0004381952 0.9894640316 0.5349461927 0.1837627990 0.0122194678
-84.1261725378 0.0008228296 0.9957269228 0.9998716160 0.0000160172 0.9991912285 0.9133599680 0.9671453258 0.6403591464 0.0011152891 0.0413434498 0.0929276790 0.0001195494 0.9680143521 0.6321384236 0.0003293650 0.0466186340 0.9562873788 0.8377298738 0.8880762427 0.7619511916 0.0001336846 1.4711406731 1.4645859611 1.5273354272 0.0001334523 11.5082650983 11.5079548337 11.5079650196 136.4226024520 0.0000712002 0.0004382407 0.9894647288 0.5349206713 0.1838305188 0.0122183247
-84.1254210792 0.0008229349 0.9957261999 0.9998715921 0.0000160188 0.9991911624 0.9139734942 0.9671380516 0.6404988500 0.0011153502 0.0412871212 0.0924502930 0.0001195581 0.9681064826 0.6335996914 0.0003294003 0.0466234049 0.9564183519 0.8377444635 0.8883827705 0.7620848252 0.0001336711 1.4711027079 1.4645629901 1.5273103596 0.0001334446 11.5082792805 11.5079690661 11.5079792504 136.4226272000 0.0000711993 0.0004382878 0.9894654550 0.5348934534 0.1839000477 0.0122170760
-84.1246461558 0.0008230436 0.9957254543 0.9998715674 0.0000160204 0.9991910943 0.9146061569 0.9671305633 0.6406464619 0.0011154132 0.0412291418 0.0919618262 0.0001195671 0.9682018775 0.6351033839 0.0003294368 0.0466283253 0.9565536433 0.8377593634 0.8886998819 0.7622223574 0.0001336566 1.4710639012 1.4645400795 1.5272842398 0.0001334362 11.5082927537 11.5079825901 11.5079927726 136.4226526199 0.0000711981 0.0004383362 0.9894662108 0.5348645464 0.1839713906 0.0122157193
-84.1238477973 0.0008231556 0.9957246860 0.9998715420 0.0000160220 0.9991910241 0.9152578476 0.9671228554 0.6408023717 0.0011154781 0.0411695091 0.0914624973 0.0001195764 0.9683005600 0.6366493435 0.0003294743 0.0466333950 0.9566932931 0.8377745801 0.8890277046 0.7623638763 0.0001336414 1.4710241961 1.4645172329 1.5272570314 0.0001334273 11.5083088946 11.5079987818 11.5080089624 136.4226787057 0.0000711966 0.0004383862 0.9894669966 0.5348339737 0.1840445529 0.0122142521
-84.1230260295 0.0008232708 0.9957238951 0.9998715158 0.0000160237 0.9991909518 0.9159284498 0.9671149359 0.6409669779 0.0011155449 0.0411082193 0.0909525108 0.0001195859 0.9684025529 0.6382374418 0.0003295130 0.0466386140 0.9568373422 0.8377901207 0.8893663702 0.7625094725 0.0001336252 1.4709835369 1.4644944719 1.5272286772 0.0001334178 11.5083219757 11.5080119143 11.5080220930 136.4227054490 0.0000711946 0.0004384377 0.9894678130 0.5348015814 0.1841195413 0.0122126686
-84.1221808787 0.0008233894 0.9957230815 0.9998714889 0.0000160254 0.9991908775 0.9166178257 0.9671068011 0.6411406967 0.0011156137 0.0410452705 0.0904320989 0.0001195957 0.9685078788 0.6398674705 0.0003295528 0.0466439822 0.9569858313 0.8378059919 0.8897160103 0.7626592385 0.0001336082 1.4709418502 1.4644717953 1.5271991325 0.0001334077 11.5083342293 11.5080242196 11.5080343962 136.4227328429 0.0000711923 0.0004384906 0.9894686604 0.5347673713 0.1841963613 0.0122109661
-84.1213123697 0.0008235113 0.9957222453 0.9998714613 0.0000160272 0.9991908012 0.9173258188 0.9670984460 0.6413239548 0.0011156843 0.0409806613 0.0899015022 0.0001196058 0.9686165601 0.6415391871 0.0003295936 0.0466494993 0.9571388011 0.8378222006 0.8900767576 0.7628132693 0.0001335902 1.4708990828 1.4644492203 1.5271683587 0.0001333970 11.5083491491 11.5080391910 11.5080493655 136.4227608805 0.0000711895 0.0004385449 0.9894695396 0.5347313605 0.1842750185 0.0122091410
-84.1204205232 0.0008236364 0.9957213865 0.9998714329 0.0000160290 0.9991907228 0.9180522618 0.9670898793 0.6415171912 0.0011157569 0.0409143892 0.0893609464 0.0001196161 0.9687286187 0.6432523754 0.0003296356 0.0466551654 0.9572962929 0.8378387537 0.8904487481 0.7629716624 0.0001335712 1.4708551616 1.4644267656 1.5271362903 0.0001333856 11.5083608685 11.5080509625 11.5080611347 136.4227895522 0.0000711864 0.0004386008 0.9894704510 0.5346933927 0.1843555201 0.0122071875
-84.1195053602 0.0008237649 0.9957205051 0.9998714037 0.0000160309 0.9991906423 0.9187969623 0.9670810975 0.6417208643 0.0011158313 0.0408464538 0.0888106850 0.0001196268 0.9688440762 0.6450067319 0.0003296787 0.0466609803 0.9574583479 0.8378556585 0.8908321170 0.7631345180 0.0001335512 1.4708100107 1.4644044417 1.5271028785 0.0001333735 11.5083716528 11.5080617991 11.5080719689 136.4228188499 0.0000711827 0.0004386581 0.9894713953 0.5346534646 0.1844378718 0.0122051020
-84.1185669005 0.0008238966 0.9957196011 0.9998713738 0.0000160328 0.9991905599 0.9195597057 0.9670720962 0.6419354459 0.0011159077 0.0407768556 0.0882509797 0.0001196377 0.9689629532 0.6468019146 0.0003297229 0.0466669441 0.9576250071 0.8378729220 0.8912269994 0.7633019389 0.0001335303 1.4707635727 1.4643822729 1.5270680795 0.0001333607 11.5083852840 11.5080754823 11.5080856496 136.4228487659 0.0000711786 0.0004387169 0.9894723730 0.5346115930 0.1845220793 0.0122028802
-84.1176051589 0.0008240316 0.9957186745 0.9998713431 0.0000160348 0.9991904754 0.9203402655 0.9670628850 0.6421614225 0.0011159859 0.0407055942 0.0876820745 0.0001196488 0.9690852699 0.6486376090 0.0003297682 0.0466730566 0.9577963122 0.8378905519 0.8916335330 0.7634740310 0.0001335083 1.4707157661 1.4643602871 1.5270318205 0.0001333472 11.5083953072 11.5080855576 11.5080957224 136.4228792891 0.0000711740 0.0004387771 0.9894733848 0.5345676067 0.1846081499 0.0122005153
-84.1166201517 0.0008241700 0.9957177253 0.9998713117 0.0000160369 0.9991903889 0.9211383862 0.9670534570 0.6423993014 0.0011160661 0.0406326719 0.0871042437 0.0001196603 0.9692110453 0.6505134025 0.0003298146 0.0466793178 0.9579723043 0.8379085557 0.8920518533 0.7636509032 0.0001334853 1.4706665281 1.4643385124 1.5269940586 0.0001333329 11.5084072644 11.5080975667 11.5081077289 136.4229104118 0.0000711689 0.0004388388 0.9894744314 0.5345215536 0.1846960894 0.0121980032
-84.1156118901 0.0008243116 0.9957167535 0.9998712795 0.0000160389 0.9991903003 0.9219537959 0.9670438195 0.6426496054 0.0011161481 0.0405580908 0.0865177500 0.0001196720 0.9693402978 0.6524288907 0.0003298620 0.0466857276 0.9581530250 0.8379269417 0.8924820972 0.7638326678 0.0001334611 1.4706157671 1.4643169789 1.5269547221 0.0001333179 11.5084165364 11.5081068906 11.5081170499 136.4229421224 0.0000711632 0.0004389020 0.9894755134 0.5344732990 0.1847859047 0.0121953373
-84.1145803853 0.0008244565 0.9957157591 0.9998712466 0.0000160410 0.9991902097 0.9227861935 0.9670339711 0.6429128821 0.0011162320 0.0404818558 0.0859228789 0.0001196840 0.9694730441 0.6543835851 0.0003299106 0.0466922862 0.9583385151 0.8379457182 0.8929243990 0.7640194404 0.0001334359 1.4705633947 1.4642957117 1.5269137532 0.0001333019 11.5084245791 11.5081149849 11.5081251413 136.4229744109 0.0000711570 0.0004389667 0.9894766316 0.5344228200 0.1848776016 0.0121925127
-84.1135256464 0.0008246047 0.9957147421 0.9998712129 0.0000160432 0.9991901171 0.9236352506 0.9670239075 0.6431896974 0.0011163179 0.0404039732 0.0853199246 0.0001196962 0.9696092999 0.6563769463 0.0003299603 0.0466989934 0.9585288152 0.8379648942 0.8933788912 0.7642113404 0.0001334095 1.4705093278 1.4642747429 1.5268710982 0.0001332852 11.5084350841 11.5081255409 11.5081356943 136.4230072675 0.0000711502 0.0004390328 0.9894777867 0.5343701326 0.1849711856 0.0121895246
-84.1124476779 0.0008247561 0.9957137025 0.9998711785 0.0000160454 0.9991900225 0.9245006216 0.9670136381 0.6434806378 0.0011164056 0.0403244495 0.0847091651 0.0001197088 0.9697490795 0.6584084525 0.0003300111 0.0467058494 0.9587239662 0.8379844792 0.8938457059 0.7644084910 0.0001333820 1.4704534549 1.4642541073 1.5268266764 0.0001332675 11.5084420391 11.5081325467 11.5081426969 136.4230406790 0.0000711427 0.0004391004 0.9894789794 0.5343150810 0.1850666638 0.0121863658
-84.1113464842 0.0008249109 0.9957126403 0.9998711433 0.0000160477 0.9991899259 0.9253819273 0.9670031605 0.6437863151 0.0011164953 0.0402432948 0.0840909055 0.0001197215 0.9698923953 0.6604774781 0.0003300630 0.0467128541 0.9589240080 0.8380044834 0.8943249710 0.7646110195 0.0001333534 1.4703956889 1.4642338466 1.5267804307 0.0001332490 11.5084477035 11.5081382613 11.5081484083 136.4230746343 0.0000711346 0.0004391694 0.9894802105 0.5342576603 0.1851640415 0.0121830308
-84.1102220677 0.0008250690 0.9957115555 0.9998711074 0.0000160500 0.9991898272 0.9262787589 0.9669924697 0.6441073643 0.0011165868 0.0401605214 0.0834654578 0.0001197346 0.9700392580 0.6625833460 0.0003301160 0.0467200076 0.9591289796 0.8380249178 0.8948168102 0.7648190573 0.0001333237 1.4703359306 1.4642139992 1.5267323036 0.0001332295 11.5084563390 11.5081469462 11.5081570897 136.4231091223 0.0000711258 0.0004392399 0.9894814808 0.5341979017 0.1852633238 0.0121795148
-84.1090744253 0.0008252304 0.9957104480 0.9998710707 0.0000160524 0.9991897266 0.9271906914 0.9669815772 0.6444444407 0.0011166802 0.0400761419 0.0828331116 0.0001197480 0.9701896763 0.6647254095 0.0003301701 0.0467273099 0.9593389203 0.8380457940 0.8953213455 0.7650327405 0.0001332927 1.4702740778 1.4641946269 1.5266822128 0.0001332090 11.5084605162 11.5081511722 11.5081613122 136.4231441283 0.0000711162 0.0004393119 0.9894827912 0.5341356301 0.1853645174 0.0121758087
-84.1079035550 0.0008253950 0.9957093179 0.9998710333 0.0000160548 0.9991896239 0.9281172635 0.9669704741 0.6447982286 0.0011167756 0.0399901734 0.0821941884 0.0001197616 0.9703436567 0.6669028996 0.0003302254 0.0467347613 0.9595538680 0.8380671249 0.8958386917 0.7652522095 0.0001332607 1.4702100298 1.4641757760 1.5266301069 0.0001331875 11.5084670988 11.5081578025 11.5081679388 136.4231796412 0.0000711059 0.0004393853 0.9894841426 0.5340709313 0.1854676274 0.0121719079
-84.1067094487 0.0008255630 0.9957081650 0.9998709951 0.0000160572 0.9991895192 0.9290579954 0.9669591697 0.6451694352 0.0011168728 0.0399026341 0.0815489906 0.0001197754 0.9705012035 0.6691150670 0.0003302817 0.0467423617 0.9597738603 0.8380889243 0.8963689601 0.7654776101 0.0001332275 1.4701436655 1.4641575069 1.5265759030 0.0001331649 11.5084696628 11.5081604135 11.5081705460 136.4232156455 0.0000710948 0.0004394603 0.9894855358 0.5340036638 0.1855726598 0.0121678041
-84.1054920988 0.0008257343 0.9957069895 0.9998709561 0.0000160597 0.9991894125 0.9300123716 0.9669476556 0.6455587983 0.0011169719 0.0398135467 0.0808978483 0.0001197896 0.9706623180 0.6713610480 0.0003303391 0.0467501113 0.9599989334 0.8381112074 0.8969122538 0.7657090929 0.0001331931 1.4700748734 1.4641398711 1.5265195480 0.0001331413 11.5084740165 11.5081648129 11.5081749415 136.4232521286 0.0000710829 0.0004395366 0.9894869718 0.5339339137 0.1856796194 0.0121634924
-84.1042514922 0.0008259088 0.9957057912 0.9998709164 0.0000160623 0.9991893038 0.9309798563 0.9669359392 0.6459670813 0.0011170730 0.0397229359 0.0802410759 0.0001198040 0.9708269993 0.6736399869 0.0003303976 0.0467580102 0.9602291231 0.8381339905 0.8974686702 0.7659468139 0.0001331577 1.4700035118 1.4641229228 1.5264609592 0.0001331165 11.5084748263 11.5081656674 11.5081757919 136.4232890741 0.0000710701 0.0004396145 0.9894884515 0.5338615740 0.1857885119 0.0121589654
-84.1029876147 0.0008260867 0.9957045702 0.9998708759 0.0000160649 0.9991891931 0.9319598785 0.9669240164 0.6463950792 0.0011171759 0.0396308308 0.0795790106 0.0001198187 0.9709952429 0.6759509236 0.0003304573 0.0467660587 0.9604644632 0.8381572917 0.8980382969 0.7661909349 0.0001331212 1.4699294573 1.4641067258 1.5264000771 0.0001330906 11.5084738935 11.5081647780 11.5081748984 136.4233264667 0.0000710564 0.0004396939 0.9894899761 0.5337866850 0.1858993416 0.0121542174
-84.1017004500 0.0008262680 0.9957033264 0.9998708347 0.0000160675 0.9991890803 0.9329518365 0.9669118796 0.6468436165 0.0011172808 0.0395372646 0.0789119952 0.0001198337 0.9711670412 0.6782928400 0.0003305180 0.0467742569 0.9607049865 0.8381811307 0.8986212113 0.7664416231 0.0001330837 1.4698525729 1.4640913356 1.5263368445 0.0001330636 11.5084755552 11.5081664813 11.5081765975 136.4233642917 0.0000710418 0.0004397747 0.9894915465 0.5337093362 0.1860121125 0.0121492437
-84.1003899759 0.0008264525 0.9957020597 0.9998707927 0.0000160702 0.9991889656 0.9339551135 0.9668995371 0.6473135430 0.0011173876 0.0394422720 0.0782403479 0.0001198489 0.9713423836 0.6806647507 0.0003305799 0.0467826050 0.9609507248 0.8382055291 0.8992174826 0.7666990523 0.0001330453 1.4697727173 1.4640768348 1.5262711817 0.0001330354 11.5084723873 11.5081633539 11.5081734657 136.4234025302 0.0000710261 0.0004398570 0.9894931639 0.5336294258 0.1861268302 0.0121440354
-84.0990561711 0.0008266404 0.9957007702 0.9998707499 0.0000160730 0.9991888489 0.9349690563 0.9668869757 0.6478057433 0.0011174962 0.0393458934 0.0775644166 0.0001198645 0.9715212552 0.6830655430 0.0003306429 0.0467911032 0.9612017080 0.8382305105 0.8998271662 0.7669634022 0.0001330060 1.4696897475 1.4640632867 1.5262030421 0.0001330059 11.5084713680 11.5081623731 11.5081724804 136.4234411671 0.0000710095 0.0004399407 0.9894948294 0.5335471257 0.1862434984 0.0121385888
-84.0976990078 0.0008268316 0.9956994578 0.9998707064 0.0000160758 0.9991887301 0.9359929975 0.9668742010 0.6483211293 0.0011176068 0.0392481717 0.0768845261 0.0001198803 0.9717036377 0.6854941323 0.0003307070 0.0467997518 0.9614579648 0.8382561009 0.9004503067 0.7672348593 0.0001329658 1.4696035027 1.4640507732 1.5261323503 0.0001329753 11.5084657701 11.5081568124 11.5081669151 136.4234801823 0.0000709918 0.0004400260 0.9894965442 0.5334623851 0.1863621221 0.0121328960
-84.0963184588 0.0008270261 0.9956981224 0.9998706620 0.0000160786 0.9991886094 0.9370262360 0.9668611985 0.6488606477 0.0011177193 0.0391491552 0.0762010279 0.0001198963 0.9718895083 0.6879493151 0.0003307722 0.0468085510 0.9617195220 0.8382823287 0.9010869327 0.7675136169 0.0001329250 1.4695138308 1.4640393651 1.5260590643 0.0001329433 11.5084618656 11.5081529429 11.5081630409 136.4235195591 0.0000709730 0.0004401127 0.9894983096 0.5333754048 0.1864827049 0.0121269533
-84.0949144909 0.0008272240 0.9956967639 0.9998706170 0.0000160815 0.9991884866 0.9380680580 0.9668479698 0.6494252733 0.0011178338 0.0390488948 0.0755142519 0.0001199127 0.9720788401 0.6904299121 0.0003308385 0.0468175011 0.9619864050 0.8383092252 0.9017370596 0.7677998752 0.0001328835 1.4694205479 1.4640291430 1.5259831147 0.0001329102 11.5084536444 11.5081447550 11.5081548483 136.4235592764 0.0000709531 0.0004402010 0.9895001270 0.5332862005 0.1866052513 0.0121207539
-84.0934870712 0.0008274252 0.9956953825 0.9998705711 0.0000160845 0.9991883619 0.9391177201 0.9668344988 0.6500160160 0.0011179501 0.0389474469 0.0748245511 0.0001199293 0.9722716013 0.6929346349 0.0003309060 0.0468266024 0.9622586367 0.8383368245 0.9024006843 0.7680938420 0.0001328417 1.4693234909 1.4640201858 1.5259044658 0.0001328757 11.5084466614 11.5081378031 11.5081478916 136.4235993155 0.0000709320 0.0004402907 0.9895019976 0.5331950121 0.1867297648 0.0121142943
-84.0920361612 0.0008276298 0.9956939779 0.9998705245 0.0000160874 0.9991882351 0.9401744682 0.9668207825 0.6506339137 0.0011180684 0.0388448707 0.0741322595 0.0001199462 0.9724677555 0.6954622153 0.0003309745 0.0468358553 0.9625362389 0.8383651642 0.9030777874 0.7683957325 0.0001327995 1.4692224524 1.4640125726 1.5258230565 0.0001328400 11.5084356313 11.5081268023 11.5081368859 136.4236396542 0.0000709097 0.0004403819 0.9895039230 0.5331019332 0.1868562498 0.0121075691
-84.0905617228 0.0008278378 0.9956925501 0.9998704771 0.0000160905 0.9991881063 0.9412375227 0.9668068021 0.6512800394 0.0011181886 0.0387412306 0.0734377306 0.0001199633 0.9726672611 0.6980112869 0.0003310442 0.0468452600 0.9628192308 0.8383942850 0.9037683286 0.7687057698 0.0001327572 1.4691172501 1.4640063819 1.5257388582 0.0001328030 11.5084253930 11.5081165910 11.5081266697 136.4236802721 0.0000708862 0.0004404746 0.9895059046 0.5330072580 0.1869847095 0.0121005756
-84.0890637131 0.0008280491 0.9956910991 0.9998704289 0.0000160936 0.9991879756 0.9423060957 0.9667925495 0.6519554929 0.0011183107 0.0386365935 0.0727413008 0.0001199808 0.9728700712 0.7005805000 0.0003311151 0.0468548169 0.9631076301 0.8384242319 0.9044722486 0.7690241852 0.0001327150 1.4690076588 1.4640016934 1.5256518217 0.0001327648 11.5084113791 11.5081026020 11.5081126758 136.4237211454 0.0000708614 0.0004405689 0.9895079441 0.5329111659 0.1871151481 0.0120933096
-84.0875420885 0.0008282639 0.9956896248 0.9998703800 0.0000160967 0.9991878428 0.9433793778 0.9667780061 0.6526614079 0.0011184348 0.0385310314 0.0720433229 0.0001199985 0.9730761335 0.7031684184 0.0003311870 0.0468645263 0.9634014517 0.8384550538 0.9051894645 0.7693512183 0.0001326732 1.4688934624 1.4639985835 1.5255619198 0.0001327254 11.5083949147 11.5080861606 11.5080962295 136.4237622511 0.0000708353 0.0004406646 0.9895100430 0.5328139763 0.1872475691 0.0120857690
-84.0859968044 0.0008284820 0.9956881272 0.9998703302 0.0000160999 0.9991877080 0.9444565441 0.9667631462 0.6533989452 0.0011185609 0.0384246199 0.0713441517 0.0001200165 0.9732853897 0.7057735621 0.0003312601 0.0468743888 0.9637007084 0.8384868039 0.9059198690 0.7696871173 0.0001326319 1.4687744394 1.4639971293 1.5254691371 0.0001326848 11.5083804666 11.5080717330 11.5080817970 136.4238035663 0.0000708078 0.0004407618 0.9895122033 0.5327161009 0.1873819754 0.0120779531
-84.0844278116 0.0008287035 0.9956866061 0.9998702797 0.0000161031 0.9991875711 0.9455367738 0.9667479587 0.6541692857 0.0011186888 0.0383174358 0.0706441133 0.0001200348 0.9734977761 0.7083945124 0.0003313344 0.0468844045 0.9640054112 0.8385195405 0.9066633316 0.7700321393 0.0001325915 1.4686503455 1.4639974269 1.5253734392 0.0001326431 11.5083606107 11.5080518958 11.5080619549 136.4238450642 0.0000707790 0.0004408606 0.9895144266 0.5326178038 0.1875183721 0.0120698577
-84.0828350635 0.0008289285 0.9956850615 0.9998702284 0.0000161064 0.9991874323 0.9466192273 0.9667324086 0.6549736380 0.0011188188 0.0382095610 0.0699435591 0.0001200534 0.9737132225 0.7110297386 0.0003314098 0.0468945740 0.9643155680 0.8385533267 0.9074196935 0.7703865504 0.0001325522 1.4685209424 1.4639995481 1.5252748298 0.0001326003 11.5083425160 11.5080338173 11.5080438718 136.4238867215 0.0000707488 0.0004409608 0.9895167150 0.5325196351 0.1876567625 0.0120614841
-84.0812185087 0.0008291569 0.9956834933 0.9998701763 0.0000161098 0.9991872914 0.9477030739 0.9667164783 0.6558132236 0.0011189506 0.0381010780 0.0692428124 0.0001200722 0.9739316532 0.7136777759 0.0003314863 0.0469048976 0.9646311848 0.8385882312 0.9081887698 0.7707506262 0.0001325144 1.4683859703 1.4640035909 1.5251732906 0.0001325564 11.5083191450 11.5080104611 11.5080205108 136.4239285098 0.0000707171 0.0004410626 0.9895190704 0.5324219682 0.1877971520 0.0120528295
-84.0795780993 0.0008293887 0.9956819015 0.9998701234 0.0000161131 0.9991871485 0.9487874697 0.9667001268 0.6566892812 0.0011190845 0.0379920737 0.0685422197 0.0001200913 0.9741529856 0.7163370580 0.0003315640 0.0469153757 0.9649522646 0.8386243284 0.9089703443 0.7711246518 0.0001324786 1.4682451848 1.4640096376 1.5250688432 0.0001325116 11.5082973122 11.5079886407 11.5079986860 136.4239704040 0.0000706841 0.0004411659 0.9895214950 0.5323254533 0.1879395446 0.0120438956
-84.0779137839 0.0008296239 0.9956802860 0.9998700697 0.0000161166 0.9991870036 0.9498715844 0.9666833295 0.6576030530 0.0011192203 0.0378826351 0.0678420995 0.0001201107 0.9743771314 0.7190060897 0.0003316428 0.0469260088 0.9652788078 0.8386616988 0.9097641723 0.7715089219 0.0001324449 1.4680982905 1.4640177737 1.5249614824 0.0001324660 11.5082703518 11.5079616914 11.5079717324 136.4240123744 0.0000706495 0.0004412708 0.9895239911 0.5322305832 0.1880839462 0.0120346819
-84.0762255153 0.0008298626 0.9956786466 0.9998700151 0.0000161201 0.9991868567 0.9509545807 0.9666660394 0.6585557816 0.0011193581 0.0377728524 0.0671427921 0.0001201304 0.9746039956 0.7216832859 0.0003317227 0.0469367972 0.9656108113 0.8387004292 0.9105699751 0.7719037415 0.0001324139 1.4679450332 1.4640280843 1.5248512461 0.0001324196 11.5082447448 11.5079360938 11.5079461307 136.4240543942 0.0000706135 0.0004413772 0.9895265609 0.5321381075 0.1882303618 0.0120251911
-84.0745132440 0.0008301048 0.9956769834 0.9998699598 0.0000161236 0.9991867077 0.9520356395 0.9666482242 0.6595486937 0.0011194979 0.0376628156 0.0664446095 0.0001201504 0.9748334773 0.7243671381 0.0003318039 0.0469477413 0.9659482692 0.8387406134 0.9113874433 0.7723094254 0.0001323861 1.4677851115 1.4640406645 1.5247381503 0.0001323726 11.5082141777 11.5079055350 11.5079155681 136.4240964320 0.0000705760 0.0004414851 0.9895292070 0.5320486446 0.1883787983 0.0120154234
-84.0727769261 0.0008303504 0.9956752962 0.9998699037 0.0000161272 0.9991865567 0.9531139410 0.9666298308 0.6605829941 0.0011196396 0.0375526172 0.0657478838 0.0001201706 0.9750654690 0.7270560601 0.0003318862 0.0469588416 0.9662911711 0.8387823517 0.9122162314 0.7727262987 0.0001323618 1.4676182525 1.4640555941 1.5246222476 0.0001323251 11.5081848226 11.5078761869 11.5078862165 136.4241384596 0.0000705370 0.0004415945 0.9895319320 0.5319630472 0.1885292620 0.0120053830
-84.0710165173 0.0008305995 0.9956735850 0.9998698468 0.0000161308 0.9991864037 0.9541886883 0.9666108202 0.6616598408 0.0011197833 0.0374423483 0.0650529195 0.0001201912 0.9752998578 0.7297485486 0.0003319696 0.0469700983 0.9666395032 0.8388257522 0.9130559610 0.7731546972 0.0001323416 1.4674441557 1.4640729771 1.5245035747 0.0001322773 11.5081506977 11.5078420686 11.5078520951 136.4241804441 0.0000704964 0.0004417055 0.9895347386 0.5318820512 0.1886817612 0.0119950709
-84.0692319799 0.0008308521 0.9956718498 0.9998697891 0.0000161345 0.9991862486 0.9552590892 0.9665911338 0.6627803339 0.0011199290 0.0373321018 0.0643600389 0.0001202120 0.9755365245 0.7324430343 0.0003320542 0.0469815118 0.9669932459 0.8388709299 0.9139062163 0.7735949668 0.0001323260 1.4672625509 1.4640929023 1.5243822038 0.0001322293 11.5081176927 11.5078090696 11.5078190933 136.4242223555 0.0000704543 0.0004418181 0.9895376297 0.5318066082 0.1888363039 0.0119844919
-84.0674232776 0.0008311082 0.9956700903 0.9998697305 0.0000161382 0.9991860914 0.9563243797 0.9665707259 0.6639454831 0.0011200767 0.0372219689 0.0636695373 0.0001202331 0.9757753449 0.7351380371 0.0003321400 0.0469930824 0.9673523747 0.8389180075 0.9147665471 0.7740474641 0.0001323156 1.4670731290 1.4641154736 1.5242581888 0.0001321814 11.5080801353 11.5077715186 11.5077815400 136.4242641599 0.0000704106 0.0004419322 0.9895406084 0.5317375688 0.1889929004 0.0119736479
-84.0655903828 0.0008313678 0.9956683067 0.9998696712 0.0000161420 0.9991859323 0.9573838053 0.9665495342 0.6651561861 0.0011202264 0.0371120412 0.0629817264 0.0001202545 0.9760161894 0.7378320224 0.0003322270 0.0470048104 0.9677168578 0.8389671156 0.9156364651 0.7745125564 0.0001323108 1.4668756420 1.4641407978 1.5241316231 0.0001321336 11.5080436598 11.5077350497 11.5077450694 136.4243058256 0.0000703654 0.0004420478 0.9895436777 0.5316759691 0.1891515609 0.0119625436
-84.0637332714 0.0008316309 0.9956664987 0.9998696110 0.0000161459 0.9991857710 0.9584366439 0.9665275086 0.6664131870 0.0011203781 0.0370024080 0.0622968910 0.0001202762 0.9762589243 0.7405235513 0.0003323151 0.0470166961 0.9680866564 0.8390183918 0.9165154471 0.7749906213 0.0001323122 1.4666697932 1.4641689918 1.5240025810 0.0001320863 11.5080028791 11.5076942770 11.5077042954 136.4243473174 0.0000703187 0.0004421651 0.9895468410 0.5316227600 0.1893122983 0.0119511815
-84.0618519297 0.0008318975 0.9956646665 0.9998695500 0.0000161498 0.9991856077 0.9594821875 0.9665045843 0.6677170447 0.0011205318 0.0368931588 0.0616153308 0.0001202981 0.9765034114 0.7432111409 0.0003324044 0.0470287395 0.9684617222 0.8390719818 0.9174029317 0.7754820469 0.0001323204 1.4664553508 1.4642001726 1.5238711723 0.0001320396 11.5079632005 11.5076546077 11.5076646255 136.4243886023 0.0000702703 0.0004422838 0.9895501018 0.5315790485 0.1894751257 0.0119395663
-84.0599463499 0.0008321677 0.9956628099 0.9998694882 0.0000161537 0.9991854423 0.9605197642 0.9664807099 0.6690680778 0.0011206875 0.0367843796 0.0609373192 0.0001203204 0.9767495100 0.7458934095 0.0003324949 0.0470409410 0.9688419965 0.8391280379 0.9182983230 0.7759872317 0.0001323360 1.4662320493 1.4642344787 1.5237374924 0.0001319938 11.5079194960 11.5076109149 11.5076209327 136.4244296440 0.0000702204 0.0004424042 0.9895534637 0.5315458641 0.1896400590 0.0119277000
-84.0580165371 0.0008324413 0.9956609288 0.9998694255 0.0000161577 0.9991852749 0.9615487199 0.9664558218 0.6704663236 0.0011208452 0.0366761559 0.0602631430 0.0001203429 0.9769970759 0.7485689411 0.0003325865 0.0470533004 0.9692274083 0.8391867198 0.9192009882 0.7765065841 0.0001323596 1.4659996945 1.4642720506 1.5236016694 0.0001319492 11.5078769722 11.5075684055 11.5075784241 136.4244704082 0.0000701689 0.0004425261 0.9895569306 0.5315243628 0.1898071149 0.0119155865
-84.0560625048 0.0008327185 0.9956590233 0.9998693620 0.0000161617 0.9991851054 0.9625684397 0.9664298703 0.6719114731 0.0011210049 0.0365685695 0.0595930633 0.0001203658 0.9772459647 0.7512364257 0.0003326793 0.0470658178 0.9696178724 0.8392481931 0.9201102613 0.7770405224 0.0001323916 1.4657580683 1.4643130573 1.5234638187 0.0001319060 11.5078307324 11.5075221838 11.5075322040 136.4245108574 0.0000701157 0.0004426495 0.9895605063 0.5315156271 0.1899763134 0.0119032269
-84.0540842816 0.0008329992 0.9956570934 0.9998692977 0.0000161658 0.9991849338 0.9635783290 0.9664027969 0.6734028241 0.0011211666 0.0364617008 0.0589273535 0.0001203889 0.9774960300 0.7538945266 0.0003327733 0.0470784932 0.9700132871 0.8393126296 0.9210254417 0.7775894743 0.0001324326 1.4655070296 1.4643576704 1.5233240865 0.0001318645 11.5077858077 11.5074772813 11.5074873038 136.4245509564 0.0000700610 0.0004427745 0.9895641949 0.5315208390 0.1901476753 0.0118906238
-84.0520819073 0.0008332834 0.9956551390 0.9998692326 0.0000161700 0.9991847602 0.9645778345 0.9663745576 0.6749392145 0.0011213302 0.0363556261 0.0582662616 0.0001204123 0.9777471275 0.7565420171 0.0003328685 0.0470913263 0.9704135324 0.8393802054 0.9219457986 0.7781538765 0.0001324833 1.4652464082 1.4644060896 1.5231826048 0.0001318250 11.5077375044 11.5074290055 11.5074390313 136.4245906667 0.0000700046 0.0004429011 0.9895680007 0.5315411119 0.1903212255 0.0118777767
-84.0500554398 0.0008335711 0.9956531601 0.9998691667 0.0000161742 0.9991845845 0.9655664253 0.9663451031 0.6765189799 0.0011214959 0.0362504200 0.0576100472 0.0001204360 0.9779991134 0.7591776497 0.0003329648 0.0471043170 0.9708184667 0.8394511012 0.9228705697 0.7787341738 0.0001325440 1.4649761390 1.4644585307 1.5230395377 0.0001317878 11.5076907016 11.5073822359 11.5073922659 136.4246299523 0.0000699465 0.0004430293 0.9895719281 0.5315776205 0.1904969902 0.0118646865
-84.0480049507 0.0008338623 0.9956511568 0.9998690999 0.0000161784 0.9991844067 0.9665436126 0.9663143991 0.6781399024 0.0011216636 0.0361461524 0.0569589446 0.0001204599 0.9782518482 0.7618002891 0.0003330623 0.0471174647 0.9712279254 0.8395254999 0.9237989665 0.7793308190 0.0001326153 1.4646961256 1.4645152369 1.5228950348 0.0001317533 11.5076408772 11.5073324518 11.5073424869 136.4246687739 0.0000698868 0.0004431590 0.9895759815 0.5316314756 0.1906749997 0.0118513504
-84.0459305324 0.0008341571 0.9956491291 0.9998690323 0.0000161827 0.9991842268 0.9675089309 0.9662824083 0.6797991946 0.0011218332 0.0360428912 0.0563131995 0.0001204842 0.9785051959 0.7644087826 0.0003331610 0.0471307691 0.9716417175 0.8396035865 0.9247301739 0.7799442717 0.0001326977 1.4644063829 1.4645764715 1.5227492761 0.0001317217 11.5075927797 11.5072844021 11.5072944433 136.4247070946 0.0000698253 0.0004432902 0.9895801656 0.5317038235 0.1908552866 0.0118377668
-84.0438322942 0.0008344552 0.9956470771 0.9998689639 0.0000161871 0.9991840448 0.9684619570 0.9662491083 0.6814934849 0.0011220048 0.0359406993 0.0556730325 0.0001205087 0.9787590277 0.7670020908 0.0003332608 0.0471442295 0.9720596242 0.8396855457 0.9256633556 0.7805749973 0.0001327916 1.4641069136 1.4646425383 1.5226024308 0.0001316934 11.5075420268 11.5072337059 11.5072437544 136.4247448746 0.0000697620 0.0004434230 0.9895844850 0.5317957410 0.1910378880 0.0118239301
-84.0417103691 0.0008347569 0.9956450008 0.9998688947 0.0000161915 0.9991838608 0.9694022906 0.9662144745 0.6832188553 0.0011221783 0.0358396372 0.0550386750 0.0001205335 0.9790132211 0.7695791581 0.0003333618 0.0471578452 0.9724813959 0.8397715612 0.9265976545 0.7812234660 0.0001328973 1.4637978281 1.4647137494 1.5224546923 0.0001316687 11.5074932554 11.5071850009 11.5071950577 136.4247820764 0.0000696969 0.0004435573 0.9895889446 0.5319082993 0.1912228438 0.0118098363
-84.0395649100 0.0008350620 0.9956429004 0.9998688247 0.0000161959 0.9991836747 0.9703295728 0.9661784957 0.6849708849 0.0011223538 0.0357397606 0.0544103341 0.0001205586 0.9792676641 0.7721390409 0.0003334639 0.0471716153 0.9729067514 0.8398618136 0.9275321989 0.7818901517 0.0001330152 1.4634792439 1.4647904742 1.5223062486 0.0001316480 11.5074421919 11.5071340149 11.5071440810 136.4248186600 0.0000696300 0.0004436932 0.9895935490 0.5320425024 0.1914101990 0.0117954766
-84.0373960962 0.0008353705 0.9956407759 0.9998687539 0.0000162004 0.9991834865 0.9712434664 0.9661411575 0.6867447570 0.0011225313 0.0356411224 0.0537882271 0.0001205840 0.9795222539 0.7746807789 0.0003335672 0.0471855387 0.9733353754 0.8399564788 0.9284661027 0.7825755302 0.0001331455 1.4631513957 1.4648730863 1.5221573097 0.0001316317 11.5073933776 11.5070852898 11.5070953665 136.4248545873 0.0000695611 0.0004438305 0.9895983031 0.5321993077 0.1916000020 0.0117808440
-84.0352041301 0.0008356825 0.9956386275 0.9998686822 0.0000162050 0.9991832963 0.9721436735 0.9661024548 0.6885353709 0.0011227106 0.0355437706 0.0531725479 0.0001206097 0.9797769016 0.7772035207 0.0003336716 0.0471996142 0.9737669191 0.8400557265 0.9293984724 0.7832800778 0.0001332884 1.4628145316 1.4649620151 1.5220080799 0.0001316201 11.5073426153 11.5070346301 11.5070447186 136.4248898179 0.0000694903 0.0004439694 0.9896032114 0.5323795878 0.1917923072 0.0117659272
-84.0329892437 0.0008359977 0.9956364554 0.9998686098 0.0000162096 0.9991831040 0.9730299161 0.9660623769 0.6903375088 0.0011228919 0.0354477504 0.0525635002 0.0001206356 0.9800315303 0.7797063953 0.0003337771 0.0472138405 0.9742009988 0.8401597186 0.9303284080 0.7840042693 0.0001334440 1.4624690509 1.4650577057 1.5218587882 0.0001316136 11.5072943664 11.5069864982 11.5069965996 136.4249243137 0.0000694173 0.0004441098 0.9896082787 0.5325841156 0.1919871727 0.0117507160
-84.0307516948 0.0008363164 0.9956342597 0.9998685365 0.0000162142 0.9991829096 0.9739019523 0.9660209180 0.6921459944 0.0011230750 0.0353531022 0.0519612648 0.0001206618 0.9802860800 0.7821886362 0.0003338837 0.0472282159 0.9746371972 0.8402686072 0.9312550098 0.7847485760 0.0001336124 1.4621153754 1.4651606555 1.5217096576 0.0001316125 11.5072444794 11.5069367441 11.5069468595 136.4249580343 0.0000693422 0.0004442516 0.9896135092 0.5328135506 0.1921846634 0.0117351965
-84.0284917738 0.0008366383 0.9956320407 0.9998684625 0.0000162189 0.9991827132 0.9747595571 0.9659780631 0.6939558840 0.0011232600 0.0352598637 0.0513660326 0.0001206882 0.9805405053 0.7846494521 0.0003339914 0.0472427388 0.9750750641 0.8403825336 0.9321773792 0.7855134632 0.0001337933 1.4617541016 1.4652713675 1.5215609336 0.0001316173 11.5071973496 11.5068897643 11.5068998949 136.4249909416 0.0000692649 0.0004443949 0.9896189071 0.5330683808 0.1923848488 0.0117193562
-84.0262098000 0.0008369635 0.9956297987 0.9998683877 0.0000162236 0.9991825147 0.9756025380 0.9659337976 0.6957626229 0.0011234468 0.0351680678 0.0507779718 0.0001207150 0.9807947804 0.7870881513 0.0003341002 0.0472574072 0.9755141192 0.8405016263 0.9330946264 0.7862993880 0.0001339864 1.4613858717 1.4653904008 1.5214128562 0.0001316283 11.5071488418 11.5068414253 11.5068515723 136.4250229952 0.0000691852 0.0004445397 0.9896244760 0.5333489311 0.1925878059 0.0117031789
-84.0239061277 0.0008372918 0.9956275339 0.9998683122 0.0000162284 0.9991823142 0.9764307157 0.9658880970 0.6975622071 0.0011236354 0.0350777450 0.0501972609 0.0001207419 0.9810488958 0.7895040103 0.0003342101 0.0472722188 0.9759538539 0.8406260005 0.9340058708 0.7871067958 0.0001341913 1.4610115541 1.4655183220 1.5212656897 0.0001316459 11.5071032996 11.5067960718 11.5068062362 136.4250541572 0.0000691031 0.0004446858 0.9896302193 0.5336552528 0.1927936172 0.0116866500
-84.0215811430 0.0008376234 0.9956252466 0.9998682359 0.0000162333 0.9991821117 0.9772439392 0.9658409345 0.6993512892 0.0011238258 0.0349889212 0.0496240562 0.0001207692 0.9813028634 0.7918963990 0.0003343210 0.0472871714 0.9763937357 0.8407557561 0.9349102483 0.7879361178 0.0001344074 1.4606320871 1.4656557448 1.5211196903 0.0001316704 11.5070565762 11.5067495590 11.5067597419 136.4250843879 0.0000690184 0.0004448334 0.9896361397 0.5339871620 0.1930023731 0.0116697517
-84.0192352696 0.0008379580 0.9956229372 0.9998681588 0.0000162381 0.9991819072 0.9780420659 0.9657922760 0.7011272698 0.0011240179 0.0349016200 0.0490585246 0.0001207967 0.9815567125 0.7942646484 0.0003344330 0.0473022623 0.9768332112 0.8408909776 0.9358069121 0.7887877671 0.0001346335 1.4602486761 1.4658032733 1.5209751333 0.0001317022 11.5070129771 11.5067061937 11.5067163959 136.4251136497 0.0000689311 0.0004449824 0.9896422391 0.5343440644 0.1932141708 0.0116524686
-84.0168689644 0.0008382957 0.9956206060 0.9998680810 0.0000162431 0.9991817007 0.9788249774 0.9657420872 0.7028883239 0.0011242117 0.0348158608 0.0485008108 0.0001208244 0.9818104944 0.7966081761 0.0003345459 0.0473174887 0.9772717117 0.8410317328 0.9366950393 0.7896621353 0.0001348685 1.4598626654 1.4659615687 1.5208322898 0.0001317415 11.5069683192 11.5066617946 11.5066720170 136.4251419037 0.0000688410 0.0004451327 0.9896485186 0.5347250187 0.1934291162 0.0116347816
-84.0144827242 0.0008386363 0.9956182536 0.9998680025 0.0000162480 0.9991814922 0.9795925585 0.9656903334 0.7046334145 0.0011244072 0.0347316609 0.0479510706 0.0001208524 0.9820642778 0.7989263532 0.0003346599 0.0473328474 0.9777086573 0.8411780724 0.9375738315 0.7905595879 0.0001351108 1.4594757315 1.4661312727 1.5206914463 0.0001317885 11.5069268800 11.5066206407 11.5066308839 136.4251691134 0.0000687480 0.0004452843 0.9896549784 0.5351285007 0.1936473228 0.0116166748
-84.0120770800 0.0008389798 0.9956158804 0.9998679234 0.0000162530 0.9991812818 0.9803447138 0.9656369878 0.7063622477 0.0011246043 0.0346490339 0.0474094376 0.0001208806 0.9823181523 0.8012186313 0.0003347748 0.0473483353 0.9781434627 0.8413300295 0.9384425210 0.7914804605 0.0001353583 1.4590897392 1.4663130548 1.5205528757 0.0001318434 11.5068844144 11.5065784886 11.5065887532 136.4251952409 0.0000686520 0.0004454371 0.9896616173 0.5355524586 0.1938689140 0.0115981297
-84.0096526031 0.0008393262 0.9956134868 0.9998678435 0.0000162581 0.9991810695 0.9810813456 0.9655820353 0.7080752234 0.0011248030 0.0345679915 0.0468760566 0.0001209090 0.9825722233 0.8034844078 0.0003348906 0.0473639487 0.9785755415 0.8414876192 0.9393003706 0.7924250538 0.0001356085 1.4587070008 1.4665075781 1.5204168715 0.0001319062 11.5068451868 11.5065396042 11.5065498903 136.4252202512 0.0000685528 0.0004455913 0.9896684328 0.5359940554 0.1940940215 0.0115791305
-84.0072098987 0.0008396753 0.9956110735 0.9998677630 0.0000162632 0.9991808553 0.9818023717 0.9655254813 0.7097733472 0.0011250032 0.0344885420 0.0463510502 0.0001209377 0.9828266151 0.8057231559 0.0003350074 0.0473796839 0.9790043128 0.8416508383 0.9401466795 0.7933936286 0.0001358583 1.4583300935 1.4667155105 1.5202837058 0.0001319770 11.5068048654 11.5064996573 11.5065099648 136.4252441083 0.0000684505 0.0004457466 0.9896754208 0.5364497041 0.1943227881 0.0115596600
-84.0047496108 0.0008400270 0.9956086409 0.9998676818 0.0000162683 0.9991806392 0.9825077027 0.9654673613 0.7114581480 0.0011252048 0.0344106922 0.0458345523 0.0001209665 0.9830814637 0.8079342881 0.0003351250 0.0473955369 0.9794292048 0.8418196655 0.9409807824 0.7943864004 0.0001361042 1.4579621510 1.4669374958 1.5201536658 0.0001320553 11.5067677115 11.5064629101 11.5064732386 136.4252667796 0.0000683448 0.0004459031 0.9896825753 0.5369147601 0.1945553658 0.0115397042
-84.0022724144 0.0008403813 0.9956061898 0.9998676000 0.0000162735 0.9991804213 0.9831972600 0.9654077502 0.7131315734 0.0011254079 0.0343344458 0.0453266737 0.0001209956 0.9833369207 0.8101172896 0.0003352435 0.0474115035 0.9798496608 0.8419940609 0.9418020544 0.7954035341 0.0001363416 1.4576066931 1.4671741716 1.5200270136 0.0001321409 11.5067292906 11.5064249296 11.5064352783 136.4252882317 0.0000682356 0.0004460608 0.9896898884 0.5373835482 0.1947919190 0.0115192483
-83.9997790190 0.0008407380 0.9956037207 0.9998675176 0.0000162787 0.9991802016 0.9838709541 0.9653467755 0.7147958996 0.0011256123 0.0342598056 0.0448275368 0.0001210249 0.9835931435 0.8122715797 0.0003353628 0.0474275794 0.9802651428 0.8421739660 0.9426099094 0.7964451375 0.0001365654 1.4572679164 1.4674261404 1.5199040233 0.0001322331 11.5066938680 11.5063899812 11.5064003487 136.4253084351 0.0000681229 0.0004462195 0.9896973496 0.5378490557 0.1950326222 0.0114982814
-83.9972701589 0.0008410971 0.9956012343 0.9998674346 0.0000162839 0.9991799802 0.9845287023 0.9652846277 0.7164536296 0.0011258181 0.0341867711 0.0443372399 0.0001210543 0.9838502995 0.8143966504 0.0003354829 0.0474437599 0.9806751361 0.8423593038 0.9434038046 0.7975112559 0.0001367695 1.4569505327 1.4676939826 1.5197849380 0.0001323309 11.5066568940 11.5063535160 11.5063639004 136.4253273606 0.0000680065 0.0004463793 0.9897049462 0.5383029257 0.1952776634 0.0114767919
-83.9947465940 0.0008414585 0.9955987314 0.9998673511 0.0000162892 0.9991797571 0.9851704076 0.9652215788 0.7181074114 0.0011260250 0.0341153415 0.0438558920 0.0001210840 0.9841085545 0.8164919253 0.0003356037 0.0474600405 0.9810791524 0.8425499788 0.9441832376 0.7986018655 0.0001369472 1.4566600684 1.4679782356 1.5196700097 0.0001324331 11.5066226703 11.5063198346 11.5063302335 136.4253449835 0.0000678865 0.0004465401 0.9897126625 0.5387351488 0.1955272420 0.0114547728
-83.9922090977 0.0008418220 0.9955962127 0.9998672670 0.0000162945 0.9991795323 0.9857959779 0.9651579906 0.7197599499 0.0011262332 0.0340455132 0.0433835770 0.0001211138 0.9843680768 0.8185569038 0.0003357252 0.0474764164 0.9814767330 0.8427458768 0.9449477501 0.7997168670 0.0001370904 1.4564026803 1.4682794072 1.5195594547 0.0001325380 11.5065865077 11.5062842474 11.5062946573 136.4253612801 0.0000677627 0.0004467018 0.9897204798 0.5391340926 0.1957815716 0.0114322164
-83.9896584546 0.0008421875 0.9955936789 0.9998671825 0.0000162998 0.9991793059 0.9864053050 0.9650943357 0.7214139407 0.0011264425 0.0339772823 0.0429203885 0.0001211437 0.9846290238 0.8205910182 0.0003358474 0.0474928828 0.9818674512 0.8429468648 0.9456969244 0.8008560788 0.0001371903 1.4561854439 1.4685979624 1.5194534970 0.0001326434 11.5065527829 11.5062511284 11.5062615452 136.4253762325 0.0000676350 0.0004468644 0.9897283762 0.5394862362 0.1960408786 0.0114091189
-83.9870954450 0.0008425550 0.9955911308 0.9998670974 0.0000163052 0.9991790780 0.9869982856 0.9650312064 0.7230720000 0.0011266528 0.0339106426 0.0424663927 0.0001211739 0.9848915465 0.8225937837 0.0003359703 0.0475094350 0.9822509142 0.8431527912 0.9464303862 0.8020192316 0.0001372371 1.4560161836 1.4689343682 1.5193523288 0.0001327468 11.5065166667 11.5062156456 11.5062260642 136.4253898251 0.0000675034 0.0004470279 0.9897363262 0.5397761953 0.1963054048 0.0113854752
-83.9845208385 0.0008429243 0.9955885691 0.9998670119 0.0000163106 0.9991788485 0.9875748012 0.9649693338 0.7247366174 0.0011268642 0.0338455879 0.0420216638 0.0001212041 0.9851557740 0.8245646541 0.0003360937 0.0475260683 0.9826267642 0.8433634857 0.9471478003 0.8032059609 0.0001372200 1.4559036966 1.4692890774 1.5192561543 0.0001328450 11.5064826241 11.5061822593 11.5061926735 136.4254020491 0.0000673678 0.0004471922 0.9897443010 0.5399865896 0.1965754053 0.0113612818
-83.9819353743 0.0008432954 0.9955859945 0.9998669260 0.0000163160 0.9991786176 0.9881347416 0.9649095963 0.7264101068 0.0011270764 0.0337821101 0.0415862463 0.0001212345 0.9854218189 0.8265031796 0.0003362177 0.0475427785 0.9829946796 0.8435787591 0.9478488721 0.8044158020 0.0001371275 1.4558575582 1.4696625779 1.5191651461 0.0001329342 11.5064457158 11.5061460243 11.5061564270 136.4254129002 0.0000672282 0.0004473573 0.9897522679 0.5400980625 0.1968511517 0.0113365319
-83.9793397510 0.0008436681 0.9955834078 0.9998668396 0.0000163215 0.9991783854 0.9886779863 0.9648530325 0.7280945762 0.0011272896 0.0337202017 0.0411601904 0.0001212651 0.9856897596 0.8284088596 0.0003363423 0.0475595614 0.9833543745 0.8437984037 0.9485333432 0.8056481837 0.0001369474 1.4558883488 1.4700554732 1.5190795182 0.0001330099 11.5064105355 11.5061115264 11.5061219092 136.4254223824 0.0000670844 0.0004475230 0.9897601906 0.5400893156 0.1971329301 0.0113112153
-83.9767345748 0.0008440424 0.9955808095 0.9998667529 0.0000163269 0.9991781518 0.9892044315 0.9648007990 0.7297918995 0.0011275037 0.0336598536 0.0407435126 0.0001212957 0.9859596466 0.8302813096 0.0003364674 0.0475764133 0.9837055994 0.8440221928 0.9492009916 0.8069024235 0.0001366800 1.4559993667 1.4704685239 1.5189994740 0.0001330672 11.5063720110 11.5060736843 11.5060840385 136.4254305065 0.0000669363 0.0004476895 0.9897680293 0.5399396811 0.1974210435 0.0112853125
-83.9741203039 0.0008444182 0.9955782004 0.9998666657 0.0000163324 0.9991779170 0.9897139743 0.9647537791 0.7315037047 0.0011277185 0.0336010580 0.0403362326 0.0001213265 0.9862314840 0.8321201124 0.0003365930 0.0475933313 0.9840481398 0.8442498816 0.9498516267 0.8081777232 0.0001363568 1.4561749435 1.4709027684 1.5189252850 0.0001331023 11.5063348993 11.5060372446 11.5060475645 136.4254372942 0.0000667838 0.0004478566 0.9897757409 0.5396466495 0.1977158098 0.0112587947
-83.9714973203 0.0008447955 0.9955755807 0.9998665782 0.0000163379 0.9991776810 0.9902065442 0.9647124050 0.7332313609 0.0011279341 0.0335438065 0.0399383324 0.0001213574 0.9865052362 0.8339249945 0.0003367190 0.0476103125 0.9843818155 0.8444812069 0.9504850887 0.8094731653 0.0001360032 1.4564021390 1.4713596839 1.5188572690 0.0001331133 11.5062939930 11.5059969923 11.5060072751 136.4254427764 0.0000666264 0.0004480244 0.9897832790 0.5392278113 0.1980175647 0.0112316133
-83.9688659598 0.0008451741 0.9955729511 0.9998664904 0.0000163434 0.9991774439 0.9906820911 0.9646767995 0.7349759811 0.0011281504 0.0334880928 0.0395497938 0.0001213884 0.9867808085 0.8356956745 0.0003368456 0.0476273548 0.9847064788 0.8447158878 0.9511012420 0.8107877102 0.0001356352 1.4566733963 1.4718413186 1.5187958730 0.0001330996 11.5062542705 11.5059578979 11.5059681428 136.4254469986 0.0000664637 0.0004481928 0.9897905950 0.5387087244 0.1983266585 0.0112036990
-83.9662265130 0.0008455541 0.9955703118 0.9998664022 0.0000163490 0.9991772057 0.9911406240 0.9646469139 0.7367384196 0.0011283675 0.0334339107 0.0391705565 0.0001214195 0.9870580559 0.8374320513 0.0003369725 0.0476444561 0.9850220136 0.8449536264 0.9516999748 0.8121201948 0.0001352622 1.4569852421 1.4723505681 1.5187416837 0.0001330613 11.5062103168 11.5059145409 11.5059247479 136.4254500186 0.0000662950 0.0004483617 0.9897976384 0.5381148715 0.1986434593 0.0111749467
-83.9635792372 0.0008459354 0.9955676632 0.9998663136 0.0000163545 0.9991769665 0.9915822036 0.9646226120 0.7385192782 0.0011285853 0.0333812575 0.0388005575 0.0001214507 0.9873367626 0.8391340474 0.0003370999 0.0476616147 0.9853283329 0.8451941085 0.9522811908 0.8134693326 0.0001348894 1.4573374792 1.4728913616 1.5186955277 0.0001329989 11.5061674022 11.5058721854 11.5058823550 136.4254519132 0.0000661195 0.0004485312 0.9898043579 0.5374682728 0.1989683493 0.0111452132
-83.9609243547 0.0008463180 0.9955650055 0.9998662247 0.0000163601 0.9991767264 0.9920069907 0.9646037581 0.7403189026 0.0011288037 0.0333301310 0.0384396876 0.0001214820 0.9876166542 0.8408018094 0.0003372277 0.0476788293 0.9856253774 0.8454370049 0.9528448080 0.8148337141 0.0001345185 1.4577327823 1.4734690238 1.5186585066 0.0001329128 11.5061198657 11.5058251653 11.5058352982 136.4254527759 0.0000659358 0.0004487013 0.9898107024 0.5367855316 0.1993017277 0.0111143004
-83.9582620617 0.0008467018 0.9955623390 0.9998661356 0.0000163657 0.9991764853 0.9924152455 0.9645902525 0.7421373792 0.0011290228 0.0332805335 0.0380878355 0.0001215134 0.9878973764 0.8424355419 0.0003373559 0.0476960985 0.9859131126 0.8456819730 0.9533907500 0.8162118099 0.0001341497 1.4581765053 1.4740905171 1.5186321244 0.0001328034 11.5060733089 11.5057790755 11.5057891725 136.4254527243 0.0000657424 0.0004488720 0.9898166219 0.5360781695 0.1996440064 0.0110819526
-83.9555925228 0.0008470869 0.9955596638 0.9998660460 0.0000163713 0.9991762435 0.9928073880 0.9645820951 0.7439745185 0.0011292425 0.0332324684 0.0377448429 0.0001215449 0.9881785123 0.8440357184 0.0003374845 0.0477134213 0.9861915279 0.8459286584 0.9539189438 0.8176019746 0.0001337813 1.4586767738 1.4747648830 1.5186183578 0.0001326705 11.5060217549 11.5057279329 11.5057379942 136.4254518989 0.0000655372 0.0004490431 0.9898220698 0.5353525572 0.1999956123 0.0110478383
-83.9529158771 0.0008474731 0.9955569802 0.9998659562 0.0000163769 0.9991760008 0.9931840055 0.9645793894 0.7458298354 0.0011294629 0.0331859432 0.0374105564 0.0001215765 0.9884595614 0.8456028950 0.0003376136 0.0477307970 0.9864606325 0.8461766970 0.9544293110 0.8190024520 0.0001334109 1.4592446245 1.4755034916 1.5186198172 0.0001325135 11.5059713247 11.5056778495 11.5056878752 136.4254504705 0.0000653176 0.0004492148 0.9898270039 0.5346111685 0.2003569826 0.0110115502
-83.9502322293 0.0008478606 0.9955542882 0.9998658661 0.0000163826 0.9991757574 0.9935459283 0.9645823922 0.7477025193 0.0011296839 0.0331409657 0.0370847860 0.0001216082 0.9887399643 0.8471379231 0.0003377430 0.0477482249 0.9867204540 0.8464257177 0.9549217669 0.8204113818 0.0001330351 1.4598943913 1.4763205743 1.5186398655 0.0001323313 11.5059157195 11.5056225167 11.5056325063 136.4254486401 0.0000650805 0.0004493870 0.9898313888 0.5338527305 0.2007285662 0.0109725878
-83.9475416515 0.0008482493 0.9955515879 0.9998657756 0.0000163882 0.9991755133 0.9938942452 0.9645914948 0.7495914098 0.0011299056 0.0330975473 0.0367673718 0.0001216399 0.9890190833 0.8486417181 0.0003378728 0.0477657049 0.9869710336 0.8466753447 0.9553962131 0.8218268076 0.0001326500 1.4606441220 1.4772335544 1.5186828468 0.0001321221 11.5058619212 11.5055689023 11.5055788550 136.4254466478 0.0000648221 0.0004495597 0.9898351993 0.5330733798 0.2011108183 0.0109303576
-83.9448441705 0.0008486392 0.9955488792 0.9998656849 0.0000163939 0.9991752686 0.9942303952 0.9646072756 0.7514949696 0.0011301278 0.0330556976 0.0364581557 0.0001216718 0.9892962380 0.8501154464 0.0003380030 0.0477832370 0.9872124225 0.8469251996 0.9558525410 0.8232466851 0.0001322508 1.4615164361 1.4782639404 1.5187543079 0.0001318831 11.5058032805 11.5055103411 11.5055202553 136.4254447733 0.0000645378 0.0004497330 0.9898384248 0.5322663618 0.2015042012 0.0108841464
-83.9421397673 0.0008490303 0.9955461622 0.9998655938 0.0000163996 0.9991750232 0.9945561820 0.9646304856 0.7534112851 0.0011303507 0.0330154282 0.0361570822 0.0001217038 0.9895706876 0.8515601892 0.0003381336 0.0478008216 0.9874446741 0.8471749037 0.9562906309 0.8246688911 0.0001318321 1.4625396847 1.4794383548 1.5188613926 0.0001316112 11.5057483100 11.5054553237 11.5054651972 136.4254433468 0.0000642220 0.0004499067 0.9898410763 0.5314226097 0.2019091775 0.0108331015
-83.9394283522 0.0008494226 0.9955434367 0.9998655024 0.0000164053 0.9991747772 0.9948738630 0.9646621286 0.7553380774 0.0011305743 0.0329767481 0.0358642067 0.0001217358 0.9898416797 0.8529770307 0.0003382645 0.0478184595 0.9876678380 0.8474240782 0.9567103668 0.8260912318 0.0001313917 1.4637475568 1.4807910984 1.5190133639 0.0001313016 11.5056939437 11.5054007573 11.5054105873 136.4254427519 0.0000638677 0.0004500810 0.9898431971 0.5305310045 0.2023262106 0.0107761479
-83.9367096891 0.0008498162 0.9955407025 0.9998654107 0.0000164111 0.9991745305 0.9951861348 0.9647029628 0.7572727839 0.0011307985 0.0329396676 0.0355798442 0.0001217679 0.9901084499 0.8543665950 0.0003383959 0.0478361522 0.9878819512 0.8476723429 0.9571116542 0.8275114503 0.0001309575 1.4651647828 1.4823684047 1.5192225047 0.0001309508 11.5056398836 11.5053463109 11.5053560970 136.4254434352 0.0000634652 0.0004502559 0.9898448773 0.5296019077 0.2027557580 0.0107118613
-83.9339833271 0.0008502111 0.9955379592 0.9998653187 0.0000164168 0.9991742833 0.9954960398 0.9647518939 0.7592127339 0.0011310233 0.0329042041 0.0353047417 0.0001218002 0.9903702290 0.8557284964 0.0003385278 0.0478539016 0.9880870296 0.8479193136 0.9574944499 0.8289272307 0.0001306030 1.4667991437 1.4842360808 1.5195055836 0.0001305625 11.5055954256 11.5053012475 11.5053109963 136.4254459171 0.0000630009 0.0004504313 0.9898462700 0.5287160110 0.2031982661 0.0106382383
-83.9312484694 0.0008506073 0.9955352066 0.9998652263 0.0000164226 0.9991740355 0.9958067668 0.9648024429 0.7611555330 0.0011312489 0.0328703889 0.0350402372 0.0001218325 0.9906262895 0.8570608312 0.0003386600 0.0478717097 0.9882830679 0.8481645948 0.9578588173 0.8303361996 0.0001304837 1.4686199862 1.4864931453 1.5198865603 0.0001301618 11.5055607766 11.5052657668 11.5052754992 136.4254507993 0.0000624536 0.0004506073 0.9898476044 0.5280977645 0.2036541677 0.0105523002
-83.9285037039 0.0008510049 0.9955324444 0.9998651335 0.0000164283 0.9991737870 0.9961210568 0.9648333912 0.7630999770 0.0011314752 0.0328382893 0.0347885243 0.0001218650 0.9908759353 0.8583590118 0.0003387928 0.0478895775 0.9884700468 0.8484077711 0.9582049980 0.8317359216 0.0001309101 1.4705039131 1.4892912964 1.5204010242 0.0001298337 11.5055417932 11.5052458258 11.5052555919 136.4254587788 0.0000617912 0.0004507839 0.9898491809 0.5282704153 0.2041238746 0.0104496146
-83.9257466645 0.0008514038 0.9955296726 0.9998650404 0.0000164341 0.9991735378 0.9964400775 0.9647879344 0.7650480600 0.0011317022 0.0328080423 0.0345527981 0.0001218975 0.9911184940 0.8596145106 0.0003389259 0.0479075027 0.9886479601 0.8486483958 0.9585335196 0.8331238896 0.0001323894 1.4721706187 1.4928579858 1.5211026771 0.0001298092 11.5055447392 11.5052481477 11.5052580455 136.4254706549 0.0000609660 0.0004509610 0.9898513336 0.5302569341 0.2046077705 0.0103239168
-83.9229757435 0.0008518038 0.9955268928 0.9998649470 0.0000164400 0.9991732879 0.9967614925 0.9645613407 0.7670092347 0.0011319298 0.0327799014 0.0343371208 0.0001219302 0.9913532710 0.8608135998 0.0003390594 0.0479254733 0.9888168637 0.8488859779 0.9588453490 0.8344975131 0.0001349869 1.4735243883 1.4975018026 1.5220685981 0.0001305199 11.5055954277 11.5052998478 11.5053099817 136.4254873395 0.0000599168 0.0004511386 0.9898543461 0.5349081384 0.2051062032 0.0101676341
-83.9202068417 0.0008522042 0.9955241092 0.9998648535 0.0000164458 0.9991730375 0.9970769096 0.9642563397 0.7690083018 0.0011321575 0.0327542305 0.0341456587 0.0001219628 0.9915795105 0.8619372006 0.0003391930 0.0479434610 0.9889769566 0.8491199693 0.9591421302 0.8358541192 0.0001344337 1.4775537627 1.5035283783 1.5233885572 0.0001315530 11.5057379574 11.5054459154 11.5054559834 136.4255098533 0.0000585912 0.0004513164 0.9898583339 0.5364119372 0.2056194804 0.0099749476
-83.9174628537 0.0008526045 0.9955213257 0.9998647600 0.0000164516 0.9991727868 0.9973696271 0.9644885721 0.7710950689 0.0011323851 0.0327310563 0.0339813705 0.0001219955 0.9917962263 0.8629624515 0.0003393266 0.0479614446 0.9891286761 0.8493497492 0.9594265220 0.8371910060 0.0001306631 1.4859400192 1.5108990999 1.5250892283 0.0001303589 11.5060476358 11.5057554157 11.5057651367 136.4255393133 0.0000570178 0.0004514942 0.9898631340 0.5292315828 0.2061478671 0.0097507426
-83.9147131634 0.0008530055 0.9955185382 0.9998646663 0.0000164574 0.9991725359 0.9976159049 0.9648449242 0.7733481209 0.0011326131 0.0327083213 0.0338447429 0.0001220282 0.9920016282 0.8638669669 0.0003394604 0.0479794526 0.9892727211 0.8495745855 0.9597025185 0.8385056459 0.0001305525 1.4931547878 1.5186761615 1.5269594990 0.0001286122 11.5066107971 11.5063128080 11.5063225079 136.4255769079 0.0000553990 0.0004516722 0.9898682609 0.5269996030 0.2066915873 0.0095255187
-83.9119211637 0.0008534075 0.9955157427 0.9998645723 0.0000164633 0.9991722844 0.9977950859 0.9642240198 0.7758542365 0.0011328415 0.0326841926 0.0337337151 0.0001220610 0.9921913659 0.8646358138 0.0003395945 0.0479975072 0.9894097271 0.8497935424 0.9599748711 0.8397962473 0.0001330629 1.4954128665 1.5254250568 1.5286027466 0.0001309124 11.5070369076 11.5067447172 11.5067546342 136.4256237528 0.0000540195 0.0004518506 0.9898729803 0.5341406236 0.2072508338 0.0093411333
-83.9091810685 0.0008538094 0.9955129480 0.9998644783 0.0000164691 0.9991720328 0.9979055286 0.9648323085 0.7786898325 0.0011330699 0.0326630286 0.0336454602 0.0001220937 0.9923537513 0.8652689932 0.0003397286 0.0480155541 0.9895401519 0.8500056327 0.9602436255 0.8410629214 0.0001295616 1.5034282050 1.5308124678 1.5299258686 0.0001281440 11.5053811337 11.5050833451 11.5050929433 136.4256806085 0.0000529335 0.0004520290 0.9898764865 0.5253977008 0.2078257019 0.0091963244
-83.9064034070 0.0008542123 0.9955101459 0.9998643840 0.0000164750 0.9991717806 0.9979648595 0.9646275703 0.7819549403 0.0011332987 0.0326475563 0.0335778480 0.0001221266 0.9924682685 0.8657914818 0.0003398630 0.0480336442 0.9896691246 0.8502131486 0.9604902079 0.8423084224 0.0001287563 1.5065359317 1.5337359765 1.5308216924 0.0001287446 11.5009453538 11.5006515419 11.5006610712 136.4257490770 0.0000523756 0.0004522079 0.9898781603 0.5252556590 0.2084159694 0.0090926764
-83.9036304610 0.0008546158 0.9955073394 0.9998642895 0.0000164808 0.9991715282 0.9979945613 0.9647432966 0.7840969801 0.0011335278 0.0326368963 0.0335272032 0.0001221594 0.9925312518 0.8662534718 0.0003399976 0.0480517609 0.9897885651 0.8504206058 0.9606870014 0.8435335945 0.0001291696 1.5079388586 1.5338945667 1.5310967758 0.0001281099 11.4990722136 11.4987767289 11.4987862917 136.4258338451 0.0000523771 0.0004523870 0.9898780328 0.5248915753 0.2090215847 0.0090482243
-83.9008421473 0.0008550200 0.9955045283 0.9998641949 0.0000164867 0.9991712756 0.9980110073 0.9646088310 0.7861445082 0.0011337573 0.0326291180 0.0334876668 0.0001221924 0.9925654863 0.8666959677 0.0003401324 0.0480699041 0.9898839636 0.8506239756 0.9608353196 0.8447276688 0.0001321325 1.5060086076 1.5338500770 1.5310721954 0.0001284960 11.4989595642 11.4986641401 11.4986739733 136.4259390177 0.0000523768 0.0004525663 0.9898765934 0.5292795299 0.2096443056 0.0090399165
-83.8980688502 0.0008554242 0.9955017160 0.9998641002 0.0000164926 0.9991710228 0.9980219974 0.9646541722 0.7880737679 0.0011339867 0.0326229618 0.0334549974 0.0001222253 0.9925884811 0.8671357280 0.0003402673 0.0480880475 0.9899603928 0.8508176621 0.9609512571 0.8458613555 0.0001306305 1.5069487097 1.5337941589 1.5310140106 0.0001281763 11.4989690651 11.4986743463 11.4986840365 136.4260713056 0.0000523764 0.0004527457 0.9898737712 0.5268602795 0.2102863883 0.0090381196
-83.8952923944 0.0008558285 0.9954989022 0.9998640054 0.0000164984 0.9991707699 0.9980305195 0.9646420210 0.7897805706 0.0011342161 0.0326177799 0.0334267729 0.0001222582 0.9926072831 0.8675791893 0.0003404021 0.0481061949 0.9900248448 0.8509977411 0.9610473766 0.8469069517 0.0001299893 1.5072547259 1.5337535758 1.5309671082 0.0001281038 11.4989905501 11.4986968010 11.4987064285 136.4262445412 0.0000523751 0.0004529251 0.9898701059 0.5259297963 0.2109432430 0.0090366457
-83.8952313243 0.0008558374 0.9954988403 0.9998640033 0.0000164986 0.9991707643 0.9980306895 0.9646415993 0.7898156029 0.0011342212 0.0326176739 0.0334261903 0.0001222589 0.9926076721 0.8675890142 0.0003404051 0.0481065941 0.9900261639 0.8510015414 0.9610493299 0.8469289008 0.0001299780 1.5072594627 1.5337527685 1.5309661451 0.0001281030 11.4989911253 11.4986973982 11.4987070246 136.4262489536 0.0000523750 0.0004529291 0.9898700210 0.5259141266 0.2109577198 0.0090366158
