-81.8582452446 0.0427340646 0.8635837415 0.5066580483 
-81.8582311624 0.0427340983 0.8635834867 0.5066443888 
-81.8582031297 0.0427341654 0.8635829794 0.5066169926 
-81.8581614111 0.0427342652 0.8635822245 0.5065757444 
-81.8581064061 0.0427343968 0.8635812291 0.5065205638 
-81.8580386508 0.0427345590 0.8635800032 0.5064515017 
-81.8579586446 0.0427347504 0.8635785556 0.5063504062 
-81.8578679143 0.0427349675 0.8635769143 0.5062742560 
-81.8577670019 0.0427352090 0.8635750890 0.5062030091 
-81.8576565765 0.0427354733 0.8635730918 0.5061358658 
-81.8575372625 0.0427357588 0.8635709342 0.5060722001 
-81.8574096464 0.0427360641 0.8635686268 0.5060115264 
-81.8572742811 0.0427363881 0.8635661796 0.5059534701 
-81.8571316904 0.0427367293 0.8635636021 0.5058977412 
-81.8569823716 0.0427370866 0.8635609033 0.5058441129 
-81.8568267980 0.0427374589 0.8635580918 0.5057924053 
-81.8566654207 0.0427378451 0.8635551757 0.5057424722 
-81.8564986703 0.0427382441 0.8635521630 0.5056941919 
-81.8563269585 0.0427386550 0.8635490610 0.5056474608 
-81.8561506788 0.0427390769 0.8635458769 0.5056021877 
-81.8559702081 0.0427395088 0.8635426174 0.5055582913 
-81.8557859072 0.0427399498 0.8635392892 0.5055156971 
-81.8555981221 0.0427403992 0.8635358985 0.5054743357 
-81.8554071846 0.0427408562 0.8635324512 0.5054341420 
-81.8552134133 0.0427413199 0.8635289532 0.5053950539 
-81.8550171142 0.0427417897 0.8635254100 0.5053570115 
-81.8548185816 0.0427422648 0.8635218269 0.5053199572 
-81.8546180986 0.0427427446 0.8635182090 0.5052838349 
-81.8544159380 0.0427432284 0.8635145612 0.5052485901 
-81.8542123629 0.0427437156 0.8635108884 0.5052141700 
-81.8540076274 0.0427442056 0.8635071951 0.5051805230 
-81.8538019773 0.0427446978 0.8635034856 0.5051475990 
-81.8535956503 0.0427451916 0.8634997645 0.5051153495 
-81.8533888773 0.0427456865 0.8634960357 0.5050837275 
-81.8531818823 0.0427461819 0.8634923033 0.5050526877 
-81.8529748835 0.0427466773 0.8634885714 0.5050221867 
-81.8527680935 0.0427471723 0.8634848436 0.5049921835 
-81.8525617200 0.0427476662 0.8634811239 0.5049626395 
-81.8523559660 0.0427481587 0.8634774157 0.5049335193 
-81.8521510308 0.0427486492 0.8634737228 0.5049047913 
-81.8519471098 0.0427491372 0.8634700486 0.5048764287 
-81.8517443954 0.0427496224 0.8634663967 0.5048484105 
-81.8515430768 0.0427501043 0.8634627704 0.5048207228 
-81.8513433408 0.0427505824 0.8634591732 0.5047933611 
-81.8511453715 0.0427510562 0.8634556083 0.5047663324 
-81.8509493506 0.0427515254 0.8634520790 0.5047396578 
-81.8507554571 0.0427519895 0.8634485886 0.5047133764 
-81.8505638672 0.0427524481 0.8634451402 0.5046875491 
-81.8503747539 0.0427529008 0.8634417370 0.5046622635 
-81.8501882859 0.0427533471 0.8634383820 0.5046376386 
-81.8500046267 0.0427537868 0.8634350782 0.5046138305 
-81.8498239335 0.0427542193 0.8634318284 0.5045910369 
-81.8496463546 0.0427546444 0.8634286353 0.5045694993 
-81.8494720278 0.0427550616 0.8634255014 0.5045495030 
-81.8493010770 0.0427554709 0.8634224289 0.5045313692 
-81.8491336090 0.0427558717 0.8634194198 0.5045154382 
-81.8489697100 0.0427562641 0.8634164755 0.5045020402 
-81.8488094418 0.0427566477 0.8634135973 0.5044914492 
-81.8486528386 0.0427570226 0.8634107857 0.5044838227 
-81.8484999047 0.0427573887 0.8634080408 0.5044791319 
-81.8483506141 0.0427577460 0.8634053620 0.5044770904 
-81.8482019397 0.0427581019 0.8634026951 0.5044771031 
-81.8479035510 0.0427588162 0.8633973438 0.5044799233 
-81.8476099456 0.0427595191 0.8633920791 0.5044846360 
-81.8473208529 0.0427602111 0.8633868961 0.5044902077 
-81.8470359964 0.0427608930 0.8633817898 0.5044959893 
-81.8467551017 0.0427615655 0.8633767550 0.5045015857 
-81.8464779010 0.0427622291 0.8633717870 0.5045067590 
-81.8462041359 0.0427628845 0.8633668809 0.5045113633 
-81.8459335587 0.0427635323 0.8633620321 0.5045153038 
-81.8456659338 0.0427641730 0.8633572365 0.5045185147 
-81.8454010377 0.0427648072 0.8633524898 0.5045209457 
-81.8451386605 0.0427654353 0.8633477882 0.5045225554 
-81.8448786054 0.0427660579 0.8633431280 0.5045233070 
-81.8446206896 0.0427666754 0.8633385060 0.5045231667 
-81.8443647445 0.0427672882 0.8633339190 0.5045221014 
-81.8441106161 0.0427678967 0.8633293641 0.5045200788 
-81.8438581653 0.0427685011 0.8633248389 0.5045170659 
-81.8436072686 0.0427691018 0.8633203409 0.5045130292 
-81.8433578178 0.0427696991 0.8633158682 0.5045079343 
-81.8431097214 0.0427702931 0.8633114191 0.5045017454 
-81.8428629041 0.0427708841 0.8633069922 0.5044944255 
-81.8426173079 0.0427714722 0.8633025864 0.5044859360 
-81.8423728925 0.0427720575 0.8632982009 0.5044762368 
-81.8421296357 0.0427726399 0.8632938353 0.5044652860 
-81.8418875341 0.0427732197 0.8632894895 0.5044530400 
-81.8416466036 0.0427737966 0.8632851637 0.5044394536 
-81.8414068804 0.0427743707 0.8632808585 0.5044244796 
-81.8411684212 0.0427749417 0.8632765750 0.5044080688 
-81.8409313044 0.0427755095 0.8632723145 0.5043901706 
-81.8406956305 0.0427760739 0.8632680789 0.5043707322 
-81.8404615232 0.0427766345 0.8632638703 0.5043496994 
-81.8402291301 0.0427771911 0.8632596914 0.5043270162 
-81.8399986238 0.0427777431 0.8632555454 0.5043026256 
-81.8397702023 0.0427782902 0.8632514357 0.5042764693 
-81.8395440906 0.0427788317 0.8632473664 0.5042484887 
-81.8393205414 0.0427793671 0.8632433422 0.5042186253 
-81.8390998359 0.0427798957 0.8632393681 0.5041868217 
-81.8388822853 0.0427804167 0.8632354497 0.5041530229 
-81.8386682312 0.0427809294 0.8632315932 0.5041171785 
-81.8384580469 0.0427814328 0.8632278054 0.5040792446 
-81.8382521384 0.0427819260 0.8632240937 0.5040391877 
-81.8380509448 0.0427824079 0.8632204661 0.5039969890 
-81.8378549390 0.0427828774 0.8632169311 0.5039526505 
-81.8376646283 0.0427833332 0.8632134979 0.5039062034 
-81.8374805539 0.0427837741 0.8632101764 0.5038577183 
-81.8373032907 0.0427841987 0.8632069770 0.5038073186 
-81.8371334460 0.0427846055 0.8632039109 0.5037551974 
-81.8369716569 0.0427849931 0.8632009895 0.5037016375 
-81.8368185874 0.0427853597 0.8631982249 0.5036470345 
-81.8366749229 0.0427857039 0.8631956298 0.5035919211 
-81.8365413637 0.0427860238 0.8631932167 0.5035369889 
-81.8364186152 0.0427863179 0.8631909985 0.5034831016 
-81.8363073763 0.0427865843 0.8631889880 0.5034312897 
-81.8362083247 0.0427868216 0.8631871976 0.5033827161 
-81.8361221002 0.0427870282 0.8631856388 0.5033386036 
-81.8360492868 0.0427872026 0.8631843223 0.5033001281 
-81.8359903949 0.0427873437 0.8631832574 0.5032683037 
-81.8359458469 0.0427874504 0.8631824518 0.5032438979 
-81.8359159664 0.0427875220 0.8631819115 0.5032274097 
-81.8359009714 0.0427875579 0.8631816403 0.5032191100 
-81.8482019397 0.0427581019 0.8634026951 0.5044771031 
-81.8479035510 0.0427588162 0.8633973438 0.5044799233 
-81.8476099456 0.0427595191 0.8633920791 0.5044846360 
-81.8473208529 0.0427602111 0.8633868961 0.5044902077 
-81.8470359964 0.0427608930 0.8633817898 0.5044959893 
-81.8467551017 0.0427615655 0.8633767550 0.5045015857 
-81.8464779010 0.0427622291 0.8633717870 0.5045067590 
-81.8462041359 0.0427628845 0.8633668809 0.5045113633 
-81.8459335587 0.0427635323 0.8633620321 0.5045153038 
-81.8456659338 0.0427641730 0.8633572365 0.5045185147 
-81.8454010377 0.0427648072 0.8633524898 0.5045209457 
-81.8451386605 0.0427654353 0.8633477882 0.5045225554 
-81.8448786054 0.0427660579 0.8633431280 0.5045233070 
-81.8446206896 0.0427666754 0.8633385060 0.5045231667 
-81.8443647445 0.0427672882 0.8633339190 0.5045221014 
-81.8441106161 0.0427678967 0.8633293641 0.5045200788 
-81.8438581653 0.0427685011 0.8633248389 0.5045170659 
-81.8436072686 0.0427691018 0.8633203409 0.5045130292 
-81.8433578178 0.0427696991 0.8633158682 0.5045079343 
-81.8431097214 0.0427702931 0.8633114191 0.5045017454 
-81.8428629041 0.0427708841 0.8633069922 0.5044944255 
-81.8426173079 0.0427714722 0.8633025864 0.5044859360 
-81.8423728925 0.0427720575 0.8632982009 0.5044762368 
-81.8421296357 0.0427726399 0.8632938353 0.5044652860 
-81.8418875341 0.0427732197 0.8632894895 0.5044530400 
-81.8416466036 0.0427737966 0.8632851637 0.5044394536 
-81.8414068804 0.0427743707 0.8632808585 0.5044244796 
-81.8411684212 0.0427749417 0.8632765750 0.5044080688 
-81.8409313044 0.0427755095 0.8632723145 0.5043901706 
-81.8406956305 0.0427760739 0.8632680789 0.5043707322 
-81.8404615232 0.0427766345 0.8632638703 0.5043496994 
-81.8402291301 0.0427771911 0.8632596914 0.5043270162 
-81.8399986238 0.0427777431 0.8632555454 0.5043026256 
-81.8397702023 0.0427782902 0.8632514357 0.5042764693 
-81.8395440906 0.0427788317 0.8632473664 0.5042484887 
-81.8393205414 0.0427793671 0.8632433422 0.5042186253 
-81.8390998359 0.0427798957 0.8632393681 0.5041868217 
-81.8388822853 0.0427804167 0.8632354497 0.5041530229 
-81.8386682312 0.0427809294 0.8632315932 0.5041171785 
-81.8384580469 0.0427814328 0.8632278054 0.5040792446 
-81.8382521384 0.0427819260 0.8632240937 0.5040391877 
-81.8380509448 0.0427824079 0.8632204661 0.5039969890 
-81.8378549390 0.0427828774 0.8632169311 0.5039526505 
-81.8376646283 0.0427833332 0.8632134979 0.5039062034 
-81.8374805539 0.0427837741 0.8632101764 0.5038577183 
-81.8373032907 0.0427841987 0.8632069770 0.5038073186 
-81.8371334460 0.0427846055 0.8632039109 0.5037551974 
-81.8369716569 0.0427849931 0.8632009895 0.5037016375 
-81.8368185874 0.0427853597 0.8631982249 0.5036470345 
-81.8366749229 0.0427857039 0.8631956298 0.5035919211 
-81.8365413637 0.0427860238 0.8631932167 0.5035369889 
-81.8364186152 0.0427863179 0.8631909985 0.5034831016 
-81.8363073763 0.0427865843 0.8631889880 0.5034312897 
-81.8362083247 0.0427868216 0.8631871976 0.5033827161 
-81.8361221003 0.0427870282 0.8631856388 0.5033386036 
-81.8360492868 0.0427872026 0.8631843223 0.5033001281 
-81.8359903949 0.0427873437 0.8631832574 0.5032683037 
-81.8359458469 0.0427874504 0.8631824518 0.5032438979 
-81.8359159664 0.0427875220 0.8631819115 0.5032274097 
-81.8359009714 0.0427875579 0.8631816403 0.5032191100 
