-81.8726542943 0.0426996085 0.8638386536 0.5072802009 
-81.8726407882 0.0426996408 0.8638384098 0.5072667138 
-81.8726139068 0.0426997051 0.8638379245 0.5072396626 
-81.8725739123 0.0426998007 0.8638372024 0.5071989325 
-81.8725212009 0.0426999268 0.8638362508 0.5071444439 
-81.8724563040 0.0427000819 0.8638350794 0.5070762480 
-81.8723797152 0.0427002651 0.8638336970 0.5069762150 
-81.8722929556 0.0427004725 0.8638321312 0.5069012595 
-81.8721965588 0.0427007030 0.8638303919 0.5068313634 
-81.8720911839 0.0427009550 0.8638284908 0.5067657293 
-81.8719774440 0.0427012270 0.8638264392 0.5067037331 
-81.8718559126 0.0427015176 0.8638242474 0.5066448918 
-81.8717271285 0.0427018255 0.8638219251 0.5065888328 
-81.8715915994 0.0427021496 0.8638194817 0.5065352687 
-81.8714498052 0.0427024886 0.8638169257 0.5064839755 
-81.8713022001 0.0427028416 0.8638142654 0.5064347759 
-81.8711492145 0.0427032074 0.8638115087 0.5063875271 
-81.8709912568 0.0427035851 0.8638086627 0.5063421111 
-81.8708287144 0.0427039738 0.8638057347 0.5062984279 
-81.8706619553 0.0427043725 0.8638027312 0.5062563911 
-81.8704913287 0.0427047805 0.8637996586 0.5062159243 
-81.8703171660 0.0427051970 0.8637965228 0.5061769589 
-81.8701397818 0.0427056212 0.8637933296 0.5061394323 
-81.8699594747 0.0427060524 0.8637900842 0.5061032871 
-81.8697765277 0.0427064898 0.8637867919 0.5060684703 
-81.8695912094 0.0427069330 0.8637834575 0.5060349332 
-81.8694037739 0.0427073812 0.8637800856 0.5060026310 
-81.8692144622 0.0427078339 0.8637766805 0.5059715234 
-81.8690235019 0.0427082906 0.8637732463 0.5059415750 
-81.8688311084 0.0427087507 0.8637697869 0.5059127562 
-81.8686374849 0.0427092137 0.8637663060 0.5058850439 
-81.8684428228 0.0427096792 0.8637628070 0.5058584231 
-81.8682473021 0.0427101468 0.8637592932 0.5058328882 
-81.8680510913 0.0427106161 0.8637557676 0.5058084445 
-81.8678543477 0.0427110866 0.8637522330 0.5057851104 
-81.8676572172 0.0427115580 0.8637486921 0.5057629185 
-81.8674598341 0.0427120301 0.8637451472 0.5057419164 
-81.8672623205 0.0427125024 0.8637416006 0.5057221652 
-81.8670647860 0.0427129748 0.8637380542 0.5057037333 
-81.8668673264 0.0427134471 0.8637345097 0.5056866818 
-81.8666700236 0.0427139189 0.8637309686 0.5056710369 
-81.8665160538 0.0427142872 0.8637282057 0.5056596928 
-81.8662758049 0.0427148618 0.8637238953 0.5056431023 
-81.8660359569 0.0427154354 0.8637195927 0.5056277443 
-81.8657965635 0.0427160079 0.8637152989 0.5056133600 
-81.8655576664 0.0427165793 0.8637110146 0.5055997657 
-81.8653192986 0.0427171494 0.8637067404 0.5055868306 
-81.8650814851 0.0427177182 0.8637024767 0.5055744596 
-81.8648442441 0.0427182856 0.8636982237 0.5055625802 
-81.8646075882 0.0427188517 0.8636939818 0.5055511342 
-81.8643715250 0.0427194163 0.8636897509 0.5055400718 
-81.8641360574 0.0427199795 0.8636855312 0.5055293488 
-81.8639011844 0.0427205413 0.8636813224 0.5055189240 
-81.8636669015 0.0427211017 0.8636771247 0.5055087586 
-81.8634332015 0.0427216607 0.8636729376 0.5054988153 
-81.8632000743 0.0427222183 0.8636687612 0.5054890579 
-81.8629675081 0.0427227746 0.8636645950 0.5054794510 
-81.8627354894 0.0427233296 0.8636604388 0.5054699597 
-81.8625040035 0.0427238833 0.8636562924 0.5054605501 
-81.8622730349 0.0427244358 0.8636521554 0.5054511884 
-81.8620425679 0.0427249871 0.8636480275 0.5054418415 
-81.8618125869 0.0427255372 0.8636439083 0.5054324769 
-81.8615830766 0.0427260862 0.8636397976 0.5054230626 
-81.8613540228 0.0427266342 0.8636356951 0.5054135675 
-81.8611254126 0.0427271811 0.8636316005 0.5054039612 
-81.8608972346 0.0427277269 0.8636275136 0.5053942149 
-81.8606694795 0.0427282718 0.8636234341 0.5053843011 
-81.8604421404 0.0427288156 0.8636193620 0.5053741948 
-81.8602152131 0.0427293585 0.8636152970 0.5053638740 
-81.8599886964 0.0427299004 0.8636112392 0.5053533204 
-81.8597625922 0.0427304413 0.8636071885 0.5053425212 
-81.8595369059 0.0427309813 0.8636031451 0.5053314707 
-81.8593116466 0.0427315202 0.8635991090 0.5053201725 
-81.8590868265 0.0427320580 0.8635950805 0.5053086419 
-81.8588624615 0.0427325948 0.8635910598 0.5052969099 
-81.8586385703 0.0427331305 0.8635870471 0.5052850263 
-81.8584151741 0.0427336650 0.8635830430 0.5052730636 
-81.8581922955 0.0427341982 0.8635790477 0.5052611188 
-81.8579699577 0.0427347302 0.8635750616 0.5052493104 
-81.8577481823 0.0427352608 0.8635710851 0.5052377624 
-81.8575269877 0.0427357901 0.8635671185 0.5052265649 
-81.8573546416 0.0427362024 0.8635640275 0.5052178413 
-81.8570860995 0.0427368450 0.8635592105 0.5052038573 
-81.8568183340 0.0427374857 0.8635544066 0.5051896015 
-81.8565513734 0.0427381245 0.8635496164 0.5051747242 
-81.8562852577 0.0427387612 0.8635448404 0.5051589864 
-81.8560200418 0.0427393959 0.8635400797 0.5051422221 
-81.8557557979 0.0427400282 0.8635353355 0.5051243099 
-81.8554926172 0.0427406580 0.8635306093 0.5051051537 
-81.8552306114 0.0427412849 0.8635259033 0.5050846712 
-81.8549699142 0.0427419088 0.8635212198 0.5050627865 
-81.8547106823 0.0427425292 0.8635165615 0.5050394267 
-81.8544530968 0.0427431456 0.8635119318 0.5050145200 
-81.8541973643 0.0427437576 0.8635073343 0.5049879946 
-81.8539437183 0.0427443646 0.8635027732 0.5049597783 
-81.8536924203 0.0427449660 0.8634982532 0.5049297986 
-81.8534437614 0.0427455611 0.8634937797 0.5048979829 
-81.8531980635 0.0427461492 0.8634893583 0.5048642594 
-81.8529556805 0.0427467293 0.8634849955 0.5048285576 
-81.8527169999 0.0427473005 0.8634806984 0.5047908107 
-81.8524824439 0.0427478619 0.8634764744 0.5047509568 
-81.8522524708 0.0427484123 0.8634723320 0.5047089429 
-81.8520275764 0.0427489506 0.8634682801 0.5046647285 
-81.8518082945 0.0427494755 0.8634643284 0.5046182921 
-81.8515951979 0.0427499855 0.8634604873 0.5045696385 
-81.8513888992 0.0427504793 0.8634567679 0.5045188098 
-81.8511900498 0.0427509553 0.8634531820 0.5044658992 
-81.8509993399 0.0427514118 0.8634497421 0.5044110687 
-81.8508174960 0.0427518470 0.8634464614 0.5043545716 
-81.8506452780 0.0427522593 0.8634433538 0.5042967791 
-81.8504834741 0.0427526466 0.8634404336 0.5042382096 
-81.8503328933 0.0427530070 0.8634377154 0.5041795591 
-81.8501943555 0.0427533387 0.8634352142 0.5041217233 
-81.8500686779 0.0427536395 0.8634329449 0.5040658037 
-81.8499566585 0.0427539077 0.8634309219 0.5040130807 
-81.8498590552 0.0427541413 0.8634291590 0.5039649404 
-81.8497765645 0.0427543388 0.8634276689 0.5039227541 
-81.8497097987 0.0427544986 0.8634264628 0.5038877327 
-81.8496592664 0.0427546196 0.8634255499 0.5038608089 
-81.8496253583 0.0427547008 0.8634249373 0.5038425940 
-81.8496083380 0.0427547415 0.8634246297 0.5038334194 
-81.8573546416 0.0427362024 0.8635640275 0.5052178413 
-81.8570860995 0.0427368450 0.8635592105 0.5052038573 
-81.8568183340 0.0427374857 0.8635544066 0.5051896015 
-81.8565513734 0.0427381245 0.8635496164 0.5051747242 
-81.8562852577 0.0427387612 0.8635448404 0.5051589864 
-81.8560200418 0.0427393959 0.8635400797 0.5051422221 
-81.8557557979 0.0427400282 0.8635353355 0.5051243099 
-81.8554926172 0.0427406580 0.8635306093 0.5051051537 
-81.8552306114 0.0427412849 0.8635259033 0.5050846712 
-81.8549699142 0.0427419088 0.8635212198 0.5050627865 
-81.8547106823 0.0427425292 0.8635165615 0.5050394267 
-81.8544530968 0.0427431456 0.8635119318 0.5050145200 
-81.8541973643 0.0427437576 0.8635073343 0.5049879946 
-81.8539437183 0.0427443646 0.8635027732 0.5049597783 
-81.8536924203 0.0427449660 0.8634982532 0.5049297986 
-81.8534437614 0.0427455611 0.8634937797 0.5048979829 
-81.8531980635 0.0427461492 0.8634893583 0.5048642594 
-81.8529556805 0.0427467293 0.8634849955 0.5048285576 
-81.8527169999 0.0427473005 0.8634806984 0.5047908107 
-81.8524824439 0.0427478619 0.8634764744 0.5047509568 
-81.8522524708 0.0427484123 0.8634723320 0.5047089429 
-81.8520275764 0.0427489506 0.8634682801 0.5046647285 
-81.8518082945 0.0427494755 0.8634643284 0.5046182921 
-81.8515951979 0.0427499855 0.8634604873 0.5045696385 
-81.8513888992 0.0427504793 0.8634567679 0.5045188098 
-81.8511900498 0.0427509553 0.8634531820 0.5044658992 
-81.8509993399 0.0427514118 0.8634497421 0.5044110687 
-81.8508174960 0.0427518470 0.8634464614 0.5043545716 
-81.8506452780 0.0427522593 0.8634433538 0.5042967791 
-81.8504834741 0.0427526466 0.8634404336 0.5042382096 
-81.8503328933 0.0427530070 0.8634377154 0.5041795591 
-81.8501943555 0.0427533387 0.8634352142 0.5041217233 
-81.8500686779 0.0427536395 0.8634329449 0.5040658037 
-81.8499566585 0.0427539077 0.8634309219 0.5040130807 
-81.8498590552 0.0427541413 0.8634291590 0.5039649404 
-81.8497765645 0.0427543388 0.8634276689 0.5039227541 
-81.8497097987 0.0427544986 0.8634264628 0.5038877327 
-81.8496592664 0.0427546196 0.8634255499 0.5038608089 
-81.8496253583 0.0427547008 0.8634249373 0.5038425940 
-81.8496083380 0.0427547415 0.8634246297 0.5038334194 
-81.8665160538 0.0427142872 0.8637282057 0.5056596928 
-81.8662758049 0.0427148618 0.8637238953 0.5056431023 
-81.8660359569 0.0427154354 0.8637195927 0.5056277443 
-81.8657965635 0.0427160079 0.8637152989 0.5056133600 
-81.8655576664 0.0427165793 0.8637110146 0.5055997657 
-81.8653192986 0.0427171494 0.8637067404 0.5055868306 
-81.8650814851 0.0427177182 0.8637024767 0.5055744596 
-81.8648442441 0.0427182856 0.8636982237 0.5055625802 
-81.8646075882 0.0427188517 0.8636939818 0.5055511342 
-81.8643715250 0.0427194163 0.8636897509 0.5055400718 
-81.8641360574 0.0427199795 0.8636855312 0.5055293488 
-81.8639011844 0.0427205413 0.8636813224 0.5055189240 
-81.8636669015 0.0427211017 0.8636771247 0.5055087586 
-81.8634332015 0.0427216607 0.8636729376 0.5054988153 
-81.8632000743 0.0427222183 0.8636687612 0.5054890579 
-81.8629675081 0.0427227746 0.8636645950 0.5054794510 
-81.8627354894 0.0427233296 0.8636604388 0.5054699597 
-81.8625040035 0.0427238833 0.8636562924 0.5054605501 
-81.8622730349 0.0427244358 0.8636521554 0.5054511884 
-81.8620425679 0.0427249871 0.8636480275 0.5054418415 
-81.8618125869 0.0427255372 0.8636439083 0.5054324769 
-81.8615830766 0.0427260862 0.8636397976 0.5054230626 
-81.8613540228 0.0427266342 0.8636356951 0.5054135675 
-81.8611254126 0.0427271811 0.8636316005 0.5054039612 
-81.8608972346 0.0427277269 0.8636275136 0.5053942149 
-81.8606694795 0.0427282718 0.8636234341 0.5053843011 
-81.8604421404 0.0427288156 0.8636193620 0.5053741948 
-81.8602152131 0.0427293585 0.8636152970 0.5053638740 
-81.8599886964 0.0427299004 0.8636112392 0.5053533204 
-81.8597625922 0.0427304413 0.8636071885 0.5053425212 
-81.8595369059 0.0427309813 0.8636031451 0.5053314707 
-81.8593116466 0.0427315202 0.8635991090 0.5053201725 
-81.8590868265 0.0427320580 0.8635950805 0.5053086419 
-81.8588624615 0.0427325948 0.8635910598 0.5052969099 
-81.8586385703 0.0427331305 0.8635870471 0.5052850263 
-81.8584151741 0.0427336650 0.8635830430 0.5052730636 
-81.8581922955 0.0427341982 0.8635790477 0.5052611188 
-81.8579699577 0.0427347302 0.8635750616 0.5052493104 
-81.8577481823 0.0427352608 0.8635710851 0.5052377624 
-81.8575269877 0.0427357901 0.8635671185 0.5052265649 
-81.8573546416 0.0427362024 0.8635640275 0.5052178413 
-81.8570860995 0.0427368450 0.8635592105 0.5052038573 
-81.8568183340 0.0427374857 0.8635544066 0.5051896015 
-81.8565513734 0.0427381245 0.8635496164 0.5051747242 
-81.8562852577 0.0427387612 0.8635448404 0.5051589864 
-81.8560200418 0.0427393959 0.8635400797 0.5051422221 
-81.8557557979 0.0427400282 0.8635353355 0.5051243099 
-81.8554926172 0.0427406580 0.8635306093 0.5051051537 
-81.8552306114 0.0427412849 0.8635259033 0.5050846712 
-81.8549699142 0.0427419088 0.8635212198 0.5050627865 
-81.8547106823 0.0427425292 0.8635165615 0.5050394267 
-81.8544530968 0.0427431456 0.8635119318 0.5050145200 
-81.8541973643 0.0427437576 0.8635073343 0.5049879946 
-81.8539437183 0.0427443646 0.8635027732 0.5049597783 
-81.8536924203 0.0427449660 0.8634982532 0.5049297986 
-81.8534437614 0.0427455611 0.8634937797 0.5048979829 
-81.8531980635 0.0427461492 0.8634893583 0.5048642594 
-81.8529556805 0.0427467293 0.8634849955 0.5048285576 
-81.8527169999 0.0427473005 0.8634806984 0.5047908107 
-81.8524824439 0.0427478619 0.8634764744 0.5047509568 
-81.8522524708 0.0427484123 0.8634723320 0.5047089429 
-81.8520275764 0.0427489506 0.8634682801 0.5046647285 
-81.8518082945 0.0427494755 0.8634643284 0.5046182921 
-81.8515951979 0.0427499855 0.8634604873 0.5045696385 
-81.8513888992 0.0427504793 0.8634567679 0.5045188098 
-81.8511900498 0.0427509553 0.8634531820 0.5044658992 
-81.8509993399 0.0427514118 0.8634497421 0.5044110687 
-81.8508174960 0.0427518470 0.8634464614 0.5043545716 
-81.8506452780 0.0427522593 0.8634433538 0.5042967791 
-81.8504834741 0.0427526466 0.8634404336 0.5042382096 
-81.8503328933 0.0427530070 0.8634377154 0.5041795591 
-81.8501943555 0.0427533387 0.8634352142 0.5041217233 
-81.8500686779 0.0427536395 0.8634329449 0.5040658037 
-81.8499566585 0.0427539077 0.8634309219 0.5040130807 
-81.8498590552 0.0427541413 0.8634291590 0.5039649404 
-81.8497765645 0.0427543388 0.8634276689 0.5039227541 
-81.8497097987 0.0427544986 0.8634264628 0.5038877327 
-81.8496592664 0.0427546196 0.8634255499 0.5038608089 
-81.8496253583 0.0427547008 0.8634249373 0.5038425940 
-81.8496083380 0.0427547415 0.8634246297 0.5038334194 
-81.8573546416 0.0427362024 0.8635640275 0.5052178413 
-81.8570860995 0.0427368450 0.8635592105 0.5052038573 
-81.8568183340 0.0427374857 0.8635544066 0.5051896015 
-81.8565513734 0.0427381245 0.8635496164 0.5051747242 
-81.8562852577 0.0427387612 0.8635448404 0.5051589864 
-81.8560200418 0.0427393959 0.8635400797 0.5051422221 
-81.8557557979 0.0427400282 0.8635353355 0.5051243099 
-81.8554926172 0.0427406580 0.8635306093 0.5051051537 
-81.8552306114 0.0427412849 0.8635259033 0.5050846712 
-81.8549699142 0.0427419088 0.8635212198 0.5050627865 
-81.8547106823 0.0427425292 0.8635165615 0.5050394267 
-81.8544530968 0.0427431456 0.8635119318 0.5050145200 
-81.8541973643 0.0427437576 0.8635073343 0.5049879946 
-81.8539437183 0.0427443646 0.8635027732 0.5049597783 
-81.8536924203 0.0427449660 0.8634982532 0.5049297986 
-81.8534437614 0.0427455611 0.8634937797 0.5048979829 
-81.8531980635 0.0427461492 0.8634893583 0.5048642594 
-81.8529556805 0.0427467293 0.8634849955 0.5048285576 
-81.8527169999 0.0427473005 0.8634806984 0.5047908107 
-81.8524824439 0.0427478619 0.8634764744 0.5047509568 
-81.8522524708 0.0427484123 0.8634723320 0.5047089429 
-81.8520275764 0.0427489506 0.8634682801 0.5046647285 
-81.8518082945 0.0427494755 0.8634643284 0.5046182921 
-81.8515951980 0.0427499855 0.8634604873 0.5045696385 
-81.8513888992 0.0427504793 0.8634567679 0.5045188098 
-81.8511900498 0.0427509553 0.8634531820 0.5044658992 
-81.8509993399 0.0427514118 0.8634497421 0.5044110687 
-81.8508174960 0.0427518470 0.8634464614 0.5043545716 
-81.8506452780 0.0427522593 0.8634433538 0.5042967791 
-81.8504834741 0.0427526466 0.8634404336 0.5042382096 
-81.8503328933 0.0427530070 0.8634377154 0.5041795591 
-81.8501943555 0.0427533387 0.8634352142 0.5041217233 
-81.8500686780 0.0427536395 0.8634329449 0.5040658037 
-81.8499566585 0.0427539077 0.8634309219 0.5040130807 
-81.8498590552 0.0427541413 0.8634291590 0.5039649404 
-81.8497765645 0.0427543388 0.8634276689 0.5039227541 
-81.8497097987 0.0427544986 0.8634264628 0.5038877327 
-81.8496592664 0.0427546196 0.8634255499 0.5038608089 
-81.8496253583 0.0427547008 0.8634249373 0.5038425940 
-81.8496083380 0.0427547415 0.8634246297 0.5038334194 
