-82.2646091448 0.0417728040 0.8702918189 0.5118468742 
-82.2647725099 0.0417724216 0.8702944474 0.5118340497 
-82.2650994668 0.0417716564 0.8702997082 0.5118083240 
-82.2655904704 0.0417705071 0.8703076087 0.5117695824 
-82.2662462053 0.0417689724 0.8703181601 0.5117177440 
-82.2670675886 0.0417670500 0.8703313777 0.5116528570 
-82.2680555966 0.0417647377 0.8703472772 0.5115569717 
-82.2692123259 0.0417620307 0.8703658938 0.5114864159 
-82.2705389889 0.0417589263 0.8703872471 0.5114213644 
-82.2720370219 0.0417554210 0.8704113601 0.5113610150 
-82.2737079146 0.0417515116 0.8704382568 0.5113047333 
-82.2755532180 0.0417471945 0.8704679618 0.5112520197 
-82.2775745490 0.0417424660 0.8705005006 0.5112024781 
-82.2797735960 0.0417373224 0.8705358997 0.5111557891 
-82.2821521226 0.0417317596 0.8705741865 0.5111116866 
-82.2847119712 0.0417257735 0.8706153898 0.5110699384 
-82.2874550663 0.0417193597 0.8706595392 0.5110303312 
-82.2903834179 0.0417125137 0.8707066658 0.5109926567 
-82.2934991245 0.0417052309 0.8707568015 0.5109567007 
-82.2968043764 0.0416975063 0.8708099799 0.5109222323 
-82.3003014596 0.0416893348 0.8708662357 0.5108889949 
-82.3039927596 0.0416807110 0.8709256051 0.5108566972 
-82.3078807654 0.0416716294 0.8709881257 0.5108250068 
-82.3119680752 0.0416620842 0.8710538366 0.5107935464 
-82.3162574008 0.0416520694 0.8711227785 0.5107618972 
-82.3207515745 0.0416415787 0.8711949940 0.5107296150 
-82.3254535555 0.0416306055 0.8712705271 0.5106962688 
-82.3303664365 0.0416191429 0.8713494241 0.5106615176 
-82.3354934507 0.0416071838 0.8714317331 0.5106252472 
-82.3408379769 0.0415947206 0.8715175043 0.5105877825 
-82.3464035404 0.0415817457 0.8716067900 0.5105501364 
-82.3499777727 0.0415734150 0.8716641139 0.5105272690 
-82.3546426438 0.0415625447 0.8717389186 0.5104987083 
-82.3595631230 0.0415510815 0.8718178042 0.5104704987 
-82.3647427388 0.0415390176 0.8719008223 0.5104429141 
-82.3701851803 0.0415263451 0.8719880267 0.5104161112 
-82.3758942988 0.0415130554 0.8720794736 0.5103901668 
-82.3818741098 0.0414991398 0.8721752212 0.5103651041 
-82.3881287957 0.0414845891 0.8722753298 0.5103409120 
-82.3946627090 0.0414693937 0.8723798622 0.5103175560 
-82.4014803762 0.0414535439 0.8724888832 0.5102949862 
-82.4085865013 0.0414370294 0.8726024600 0.5102731407 
-82.4159859700 0.0414198395 0.8727206622 0.5102519477 
-82.4236838543 0.0414019633 0.8728435617 0.5102313259 
-82.4316854166 0.0413833894 0.8729712326 0.5102111834 
-82.4399961152 0.0413641060 0.8731037519 0.5101914162 
-82.4486216090 0.0413441009 0.8732411987 0.5101719054 
-82.4575677630 0.0413233615 0.8733836548 0.5101525138 
-82.4668406545 0.0413018746 0.8735312046 0.5101330812 
-82.4764465788 0.0412796269 0.8736839351 0.5101134192 
-82.4863920563 0.0412566043 0.8738419359 0.5100933048 
-82.4966838397 0.0412327925 0.8740052997 0.5100724737 
-82.5073289221 0.0412081766 0.8741741217 0.5100506144 
-82.5183345454 0.0411827411 0.8743485002 0.5100273642 
-82.5297082098 0.0411564702 0.8745285365 0.5100023111 
-82.5414576847 0.0411293474 0.8747143350 0.5099750076 
-82.5535910191 0.0411013557 0.8749060034 0.5099450056 
-82.5661165540 0.0410724776 0.8751036528 0.5099119308 
-82.5790429339 0.0410426948 0.8753073975 0.5098756173 
-82.5923791170 0.0410119887 0.8755173557 0.5098363227 
-82.6061343817 0.0409803398 0.8757336489 0.5097949886 
-82.6151101539 0.0409596999 0.8758746489 0.5097680040 
-82.6269594057 0.0409324671 0.8760606392 0.5097314053 
-82.6393072628 0.0409041059 0.8762542642 0.5096930611 
-82.6521634384 0.0408745964 0.8764556482 0.5096531955 
-82.6655380520 0.0408439176 0.8766649200 0.5096119108 
-82.6794416376 0.0408120480 0.8768822130 0.5095692284 
-82.6938851527 0.0407789648 0.8771076647 0.5095251170 
-82.7088799894 0.0407446450 0.8773414172 0.5094795111 
-82.7244379851 0.0407090643 0.8775836173 0.5094323227 
-82.7405714344 0.0406721977 0.8778344160 0.5093834474 
-82.7572931022 0.0406340194 0.8780939689 0.5093327684 
-82.7746162361 0.0405945026 0.8783624364 0.5092801576 
-82.7925545810 0.0405536197 0.8786399832 0.5092254761 
-82.8111223929 0.0405113422 0.8789267788 0.5091685729 
-82.8303344545 0.0404676404 0.8792229974 0.5091092839 
-82.8502060909 0.0404224840 0.8795288177 0.5090474285 
-82.8707531862 0.0403758415 0.8798444233 0.5089828073 
-82.8919922013 0.0403276804 0.8801700023 0.5089151969 
-82.9139401919 0.0402779673 0.8805057479 0.5088443449 
-82.9366148283 0.0402266677 0.8808518576 0.5087699637 
-82.9600344158 0.0401737458 0.8812085340 0.5086917233 
-82.9842179163 0.0401191651 0.8815759845 0.5086092442 
-83.0091849719 0.0400628877 0.8819544211 0.5085220920 
-83.0349559289 0.0400048746 0.8823440608 0.5084297769 
-83.0615518646 0.0399450857 0.8827451255 0.5083317629 
-83.0889946146 0.0398834795 0.8831578418 0.5082274991 
-83.1173068020 0.0398200133 0.8835824414 0.5081164868 
-83.1465118675 0.0397546434 0.8840191608 0.5079984084 
-83.1766340989 0.0396873242 0.8844682414 0.5078733389 
-83.2076986570 0.0396180093 0.8849299294 0.5077420081 
-83.2286181281 0.0395713943 0.8852400271 0.5076524721 
-83.2570683499 0.0395080796 0.8856607456 0.5075278420 
-83.2866728269 0.0394422954 0.8860972689 0.5073961063 
-83.3174601904 0.0393739899 0.8865498589 0.5072572546 
-83.3494603129 0.0393031095 0.8870187842 0.5071111463 
-83.3827043469 0.0392295986 0.8875043194 0.5069575496 
-83.4172247667 0.0391533996 0.8880067455 0.5067961662 
-83.4530554133 0.0390744531 0.8885263492 0.5066266423 
-83.4902315421 0.0389926976 0.8890634229 0.5064485727 
-83.5287898727 0.0389080693 0.8896182641 0.5062614964 
-83.5687686422 0.0388205028 0.8901911754 0.5060648878 
-83.6102076617 0.0387299301 0.8907824640 0.5058581422 
-83.6531483759 0.0386362813 0.8913924412 0.5056405538 
-83.6976339266 0.0385394843 0.8920214224 0.5054112877 
-83.7437092205 0.0384394646 0.8926697261 0.5051693404 
-83.7914210024 0.0383361455 0.8933376740 0.5049134881 
-83.8408179328 0.0382294481 0.8940255902 0.5046422184 
-83.8919506735 0.0381192907 0.8947338008 0.5043536411 
-83.9448719798 0.0380055897 0.8954626335 0.5040453726 
-83.9996368027 0.0378882585 0.8962124169 0.5037143907 
-84.0563024015 0.0377672080 0.8969834806 0.5033568581 
-84.1149284705 0.0376423466 0.8977761538 0.5029679237 
-84.1755772807 0.0375135796 0.8985907661 0.5025415368 
-84.2383138417 0.0373808095 0.8994276464 0.5020703684 
-84.3032060827 0.0372439356 0.9002871231 0.5015460382 
-84.3703250550 0.0371028537 0.9011695239 0.5009599044 
-84.4397451954 0.0369574561 0.9020751761 0.5003111644 
-84.5115450955 0.0368076301 0.9030044141 0.4996926843 
-84.5858060749 0.0366532613 0.9039575559 0.4992391767 
-84.6626093753 0.0364942395 0.9049348622 0.4989502216 
-83.2286181281 0.0395713943 0.8852400271 0.5076524721 
-83.2570683499 0.0395080796 0.8856607456 0.5075278420 
-83.2866728269 0.0394422954 0.8860972689 0.5073961063 
-83.3174601904 0.0393739899 0.8865498589 0.5072572546 
-83.3494603129 0.0393031095 0.8870187842 0.5071111463 
-83.3827043469 0.0392295986 0.8875043194 0.5069575496 
-83.4172247667 0.0391533996 0.8880067455 0.5067961662 
-83.4530554133 0.0390744531 0.8885263492 0.5066266423 
-83.4902315421 0.0389926976 0.8890634229 0.5064485727 
-83.5287898727 0.0389080693 0.8896182641 0.5062614964 
-83.5687686422 0.0388205028 0.8901911754 0.5060648878 
-83.6102076617 0.0387299301 0.8907824640 0.5058581422 
-83.6531483759 0.0386362813 0.8913924412 0.5056405538 
-83.6976339266 0.0385394843 0.8920214224 0.5054112877 
-83.7437092205 0.0384394646 0.8926697261 0.5051693404 
-83.7914210024 0.0383361455 0.8933376740 0.5049134881 
-83.8408179328 0.0382294481 0.8940255902 0.5046422184 
-83.8919506735 0.0381192907 0.8947338008 0.5043536411 
-83.9448719798 0.0380055897 0.8954626335 0.5040453726 
-83.9996368027 0.0378882585 0.8962124169 0.5037143907 
-84.0563024015 0.0377672080 0.8969834806 0.5033568581 
-84.1149284705 0.0376423466 0.8977761538 0.5029679237 
-84.1755772807 0.0375135796 0.8985907661 0.5025415368 
-84.2383138417 0.0373808095 0.8994276464 0.5020703684 
-84.3032060827 0.0372439356 0.9002871231 0.5015460382 
-84.3703250550 0.0371028537 0.9011695239 0.5009599044 
-84.4397451954 0.0369574561 0.9020751761 0.5003111644 
-84.5115450955 0.0368076301 0.9030044141 0.4996926843 
-84.5858060749 0.0366532613 0.9039575559 0.4992391767 
-84.6626093753 0.0364942395 0.9049348622 0.4989502216 
-82.6151101539 0.0409596999 0.8758746489 0.5097680040 
-82.6269594057 0.0409324671 0.8760606392 0.5097314053 
-82.6393072628 0.0409041059 0.8762542642 0.5096930611 
-82.6521634384 0.0408745964 0.8764556482 0.5096531955 
-82.6655380520 0.0408439176 0.8766649200 0.5096119108 
-82.6794416376 0.0408120480 0.8768822130 0.5095692284 
-82.6938851527 0.0407789648 0.8771076647 0.5095251170 
-82.7088799894 0.0407446450 0.8773414172 0.5094795111 
-82.7244379851 0.0407090643 0.8775836173 0.5094323227 
-82.7405714344 0.0406721977 0.8778344160 0.5093834474 
-82.7572931022 0.0406340194 0.8780939689 0.5093327684 
-82.7746162361 0.0405945026 0.8783624364 0.5092801576 
-82.7925545810 0.0405536197 0.8786399832 0.5092254761 
-82.8111223929 0.0405113422 0.8789267788 0.5091685729 
-82.8303344545 0.0404676404 0.8792229974 0.5091092839 
-82.8502060909 0.0404224840 0.8795288177 0.5090474285 
-82.8707531862 0.0403758415 0.8798444233 0.5089828073 
-82.8919922013 0.0403276804 0.8801700023 0.5089151969 
-82.9139401919 0.0402779673 0.8805057479 0.5088443449 
-82.9366148283 0.0402266677 0.8808518576 0.5087699637 
-82.9600344158 0.0401737458 0.8812085340 0.5086917233 
-82.9842179163 0.0401191651 0.8815759845 0.5086092442 
-83.0091849719 0.0400628877 0.8819544211 0.5085220920 
-83.0349559289 0.0400048746 0.8823440608 0.5084297769 
-83.0615518646 0.0399450857 0.8827451255 0.5083317629 
-83.0889946146 0.0398834795 0.8831578418 0.5082274991 
-83.1173068020 0.0398200133 0.8835824414 0.5081164868 
-83.1465118675 0.0397546434 0.8840191608 0.5079984084 
-83.1766340989 0.0396873242 0.8844682414 0.5078733389 
-83.2076986570 0.0396180093 0.8849299294 0.5077420081 
-83.2286181281 0.0395713943 0.8852400271 0.5076524721 
-83.2570683499 0.0395080796 0.8856607456 0.5075278420 
-83.2866728269 0.0394422954 0.8860972689 0.5073961063 
-83.3174601904 0.0393739899 0.8865498589 0.5072572546 
-83.3494603129 0.0393031095 0.8870187842 0.5071111463 
-83.3827043469 0.0392295986 0.8875043194 0.5069575496 
-83.4172247667 0.0391533996 0.8880067455 0.5067961662 
-83.4530554133 0.0390744531 0.8885263492 0.5066266423 
-83.4902315421 0.0389926976 0.8890634229 0.5064485727 
-83.5287898727 0.0389080693 0.8896182641 0.5062614964 
-83.5687686422 0.0388205028 0.8901911754 0.5060648878 
-83.6102076617 0.0387299301 0.8907824640 0.5058581422 
-83.6531483759 0.0386362813 0.8913924412 0.5056405538 
-83.6976339266 0.0385394843 0.8920214224 0.5054112877 
-83.7437092205 0.0384394646 0.8926697261 0.5051693404 
-83.7914210024 0.0383361455 0.8933376740 0.5049134881 
-83.8408179328 0.0382294481 0.8940255902 0.5046422184 
-83.8919506735 0.0381192907 0.8947338008 0.5043536411 
-83.9448719798 0.0380055897 0.8954626335 0.5040453726 
-83.9996368027 0.0378882585 0.8962124169 0.5037143907 
-84.0563024015 0.0377672080 0.8969834806 0.5033568581 
-84.1149284705 0.0376423466 0.8977761538 0.5029679237 
-84.1755772807 0.0375135796 0.8985907661 0.5025415368 
-84.2383138417 0.0373808095 0.8994276464 0.5020703684 
-84.3032060827 0.0372439356 0.9002871231 0.5015460382 
-84.3703250550 0.0371028537 0.9011695239 0.5009599044 
-84.4397451954 0.0369574561 0.9020751761 0.5003111644 
-84.5115450955 0.0368076301 0.9030044141 0.4996926843 
-84.5858060749 0.0366532613 0.9039575559 0.4992391767 
-84.6626093753 0.0364942395 0.9049348622 0.4989502216 
-83.2286181281 0.0395713943 0.8852400271 0.5076524721 
-83.2570683499 0.0395080796 0.8856607456 0.5075278420 
-83.2866728269 0.0394422954 0.8860972689 0.5073961063 
-83.3174601904 0.0393739899 0.8865498589 0.5072572546 
-83.3494603129 0.0393031095 0.8870187842 0.5071111463 
-83.3827043469 0.0392295986 0.8875043194 0.5069575496 
-83.4172247667 0.0391533996 0.8880067455 0.5067961662 
-83.4530554133 0.0390744531 0.8885263492 0.5066266423 
-83.4902315421 0.0389926976 0.8890634229 0.5064485727 
-83.5287898727 0.0389080693 0.8896182641 0.5062614964 
-83.5687686422 0.0388205028 0.8901911754 0.5060648878 
-83.6102076617 0.0387299301 0.8907824640 0.5058581422 
-83.6531483759 0.0386362813 0.8913924412 0.5056405538 
-83.6976339266 0.0385394843 0.8920214224 0.5054112877 
-83.7437092205 0.0384394646 0.8926697261 0.5051693404 
-83.7914210024 0.0383361455 0.8933376740 0.5049134881 
-83.8408179328 0.0382294481 0.8940255902 0.5046422184 
-83.8919506735 0.0381192907 0.8947338008 0.5043536411 
-83.9448719798 0.0380055897 0.8954626335 0.5040453726 
-83.9996368027 0.0378882585 0.8962124169 0.5037143907 
-84.0563024015 0.0377672080 0.8969834806 0.5033568581 
-84.1149284705 0.0376423466 0.8977761538 0.5029679237 
-84.1755772807 0.0375135796 0.8985907661 0.5025415368 
-84.2383138417 0.0373808095 0.8994276464 0.5020703684 
-84.3032060827 0.0372439356 0.9002871231 0.5015460382 
-84.3703250550 0.0371028537 0.9011695239 0.5009599044 
-84.4397451954 0.0369574561 0.9020751761 0.5003111644 
-84.5115450955 0.0368076301 0.9030044141 0.4996926843 
-84.5858060749 0.0366532613 0.9039575559 0.4992391767 
-84.6626093753 0.0364942395 0.9049348622 0.4989502216 
-82.3499777727 0.0415734150 0.8716641139 0.5105272690 
-82.3546426438 0.0415625447 0.8717389186 0.5104987083 
-82.3595631230 0.0415510815 0.8718178042 0.5104704987 
-82.3647427388 0.0415390176 0.8719008223 0.5104429141 
-82.3701851803 0.0415263451 0.8719880267 0.5104161112 
-82.3758942988 0.0415130554 0.8720794736 0.5103901668 
-82.3818741098 0.0414991398 0.8721752212 0.5103651041 
-82.3881287957 0.0414845891 0.8722753298 0.5103409120 
-82.3946627090 0.0414693937 0.8723798622 0.5103175560 
-82.4014803762 0.0414535439 0.8724888832 0.5102949862 
-82.4085865013 0.0414370294 0.8726024600 0.5102731407 
-82.4159859700 0.0414198395 0.8727206622 0.5102519477 
-82.4236838543 0.0414019633 0.8728435617 0.5102313259 
-82.4316854166 0.0413833894 0.8729712326 0.5102111834 
-82.4399961152 0.0413641060 0.8731037519 0.5101914162 
-82.4486216090 0.0413441009 0.8732411987 0.5101719054 
-82.4575677630 0.0413233615 0.8733836548 0.5101525138 
-82.4668406545 0.0413018746 0.8735312046 0.5101330812 
-82.4764465788 0.0412796269 0.8736839351 0.5101134192 
-82.4863920563 0.0412566043 0.8738419359 0.5100933048 
-82.4966838397 0.0412327925 0.8740052997 0.5100724737 
-82.5073289221 0.0412081766 0.8741741217 0.5100506144 
-82.5183345453 0.0411827411 0.8743485002 0.5100273642 
-82.5297082098 0.0411564702 0.8745285365 0.5100023111 
-82.5414576847 0.0411293474 0.8747143350 0.5099750076 
-82.5535910191 0.0411013557 0.8749060034 0.5099450056 
-82.5661165540 0.0410724776 0.8751036528 0.5099119308 
-82.5790429339 0.0410426948 0.8753073975 0.5098756173 
-82.5923791170 0.0410119887 0.8755173557 0.5098363227 
-82.6061343817 0.0409803398 0.8757336489 0.5097949886 
-82.6151101539 0.0409596999 0.8758746489 0.5097680040 
-82.6269594057 0.0409324671 0.8760606392 0.5097314053 
-82.6393072628 0.0409041059 0.8762542642 0.5096930611 
-82.6521634384 0.0408745964 0.8764556482 0.5096531955 
-82.6655380520 0.0408439176 0.8766649200 0.5096119108 
-82.6794416376 0.0408120480 0.8768822130 0.5095692284 
-82.6938851527 0.0407789648 0.8771076647 0.5095251170 
-82.7088799894 0.0407446450 0.8773414172 0.5094795111 
-82.7244379851 0.0407090643 0.8775836173 0.5094323227 
-82.7405714344 0.0406721977 0.8778344160 0.5093834474 
-82.7572931022 0.0406340194 0.8780939689 0.5093327684 
-82.7746162361 0.0405945026 0.8783624364 0.5092801576 
-82.7925545810 0.0405536197 0.8786399832 0.5092254761 
-82.8111223929 0.0405113422 0.8789267788 0.5091685729 
-82.8303344545 0.0404676404 0.8792229974 0.5091092839 
-82.8502060909 0.0404224840 0.8795288177 0.5090474285 
-82.8707531862 0.0403758415 0.8798444233 0.5089828073 
-82.8919922013 0.0403276804 0.8801700023 0.5089151969 
-82.9139401919 0.0402779673 0.8805057479 0.5088443449 
-82.9366148283 0.0402266677 0.8808518576 0.5087699637 
-82.9600344158 0.0401737458 0.8812085340 0.5086917233 
-82.9842179163 0.0401191651 0.8815759845 0.5086092442 
-83.0091849719 0.0400628877 0.8819544211 0.5085220920 
-83.0349559289 0.0400048746 0.8823440608 0.5084297769 
-83.0615518646 0.0399450857 0.8827451255 0.5083317629 
-83.0889946146 0.0398834795 0.8831578418 0.5082274991 
-83.1173068020 0.0398200133 0.8835824414 0.5081164868 
-83.1465118675 0.0397546434 0.8840191608 0.5079984084 
-83.1766340989 0.0396873242 0.8844682414 0.5078733389 
-83.2076986570 0.0396180093 0.8849299294 0.5077420081 
-83.2286181281 0.0395713943 0.8852400271 0.5076524721 
-83.2570683499 0.0395080796 0.8856607456 0.5075278420 
-83.2866728269 0.0394422954 0.8860972689 0.5073961063 
-83.3174601904 0.0393739899 0.8865498589 0.5072572546 
-83.3494603129 0.0393031095 0.8870187842 0.5071111463 
-83.3827043469 0.0392295986 0.8875043194 0.5069575496 
-83.4172247667 0.0391533996 0.8880067455 0.5067961662 
-83.4530554133 0.0390744531 0.8885263492 0.5066266423 
-83.4902315421 0.0389926976 0.8890634229 0.5064485727 
-83.5287898727 0.0389080693 0.8896182641 0.5062614964 
-83.5687686422 0.0388205028 0.8901911754 0.5060648878 
-83.6102076617 0.0387299301 0.8907824640 0.5058581422 
-83.6531483759 0.0386362813 0.8913924412 0.5056405538 
-83.6976339266 0.0385394843 0.8920214224 0.5054112877 
-83.7437092205 0.0384394646 0.8926697261 0.5051693404 
-83.7914210024 0.0383361455 0.8933376740 0.5049134881 
-83.8408179328 0.0382294481 0.8940255902 0.5046422184 
-83.8919506735 0.0381192907 0.8947338008 0.5043536411 
-83.9448719798 0.0380055897 0.8954626335 0.5040453726 
-83.9996368027 0.0378882585 0.8962124169 0.5037143907 
-84.0563024015 0.0377672080 0.8969834806 0.5033568581 
-84.1149284705 0.0376423466 0.8977761538 0.5029679237 
-84.1755772807 0.0375135796 0.8985907661 0.5025415368 
-84.2383138417 0.0373808095 0.8994276464 0.5020703684 
-84.3032060827 0.0372439356 0.9002871231 0.5015460382 
-84.3703250550 0.0371028537 0.9011695239 0.5009599044 
-84.4397451954 0.0369574561 0.9020751761 0.5003111644 
-84.5115450955 0.0368076301 0.9030044141 0.4996926843 
-84.5858060749 0.0366532613 0.9039575559 0.4992391767 
-84.6626093753 0.0364942395 0.9049348622 0.4989502216 
-83.2286181281 0.0395713943 0.8852400271 0.5076524721 
-83.2570683499 0.0395080796 0.8856607456 0.5075278420 
-83.2866728269 0.0394422954 0.8860972689 0.5073961063 
-83.3174601904 0.0393739899 0.8865498589 0.5072572546 
-83.3494603129 0.0393031095 0.8870187842 0.5071111463 
-83.3827043469 0.0392295986 0.8875043194 0.5069575496 
-83.4172247667 0.0391533996 0.8880067455 0.5067961662 
-83.4530554133 0.0390744531 0.8885263492 0.5066266423 
-83.4902315421 0.0389926976 0.8890634229 0.5064485727 
-83.5287898727 0.0389080693 0.8896182641 0.5062614964 
-83.5687686422 0.0388205028 0.8901911754 0.5060648878 
-83.6102076617 0.0387299301 0.8907824640 0.5058581422 
-83.6531483759 0.0386362813 0.8913924412 0.5056405538 
-83.6976339266 0.0385394843 0.8920214224 0.5054112877 
-83.7437092205 0.0384394646 0.8926697261 0.5051693404 
-83.7914210024 0.0383361455 0.8933376740 0.5049134881 
-83.8408179328 0.0382294481 0.8940255902 0.5046422184 
-83.8919506735 0.0381192907 0.8947338008 0.5043536411 
-83.9448719798 0.0380055897 0.8954626335 0.5040453726 
-83.9996368027 0.0378882585 0.8962124169 0.5037143907 
-84.0563024015 0.0377672080 0.8969834806 0.5033568581 
-84.1149284705 0.0376423466 0.8977761538 0.5029679237 
-84.1755772807 0.0375135796 0.8985907661 0.5025415368 
-84.2383138417 0.0373808095 0.8994276464 0.5020703684 
-84.3032060827 0.0372439356 0.9002871231 0.5015460382 
-84.3703250550 0.0371028537 0.9011695239 0.5009599044 
-84.4397451954 0.0369574561 0.9020751761 0.5003111644 
-84.5115450955 0.0368076301 0.9030044141 0.4996926843 
-84.5858060749 0.0366532613 0.9039575559 0.4992391767 
-84.6626093753 0.0364942395 0.9049348622 0.4989502216 
-82.6151101539 0.0409596999 0.8758746489 0.5097680040 
-82.6269594057 0.0409324671 0.8760606392 0.5097314053 
-82.6393072628 0.0409041059 0.8762542642 0.5096930611 
-82.6521634384 0.0408745964 0.8764556482 0.5096531955 
-82.6655380520 0.0408439176 0.8766649200 0.5096119108 
-82.6794416376 0.0408120480 0.8768822130 0.5095692284 
-82.6938851527 0.0407789648 0.8771076647 0.5095251170 
-82.7088799894 0.0407446450 0.8773414172 0.5094795111 
-82.7244379851 0.0407090643 0.8775836173 0.5094323227 
-82.7405714344 0.0406721977 0.8778344160 0.5093834474 
-82.7572931022 0.0406340194 0.8780939689 0.5093327684 
-82.7746162361 0.0405945026 0.8783624364 0.5092801576 
-82.7925545810 0.0405536197 0.8786399832 0.5092254761 
-82.8111223929 0.0405113422 0.8789267788 0.5091685729 
-82.8303344545 0.0404676404 0.8792229974 0.5091092839 
-82.8502060909 0.0404224840 0.8795288177 0.5090474285 
-82.8707531862 0.0403758415 0.8798444233 0.5089828073 
-82.8919922013 0.0403276804 0.8801700023 0.5089151969 
-82.9139401919 0.0402779673 0.8805057479 0.5088443449 
-82.9366148283 0.0402266677 0.8808518576 0.5087699637 
-82.9600344158 0.0401737458 0.8812085340 0.5086917233 
-82.9842179163 0.0401191651 0.8815759845 0.5086092442 
-83.0091849719 0.0400628877 0.8819544211 0.5085220920 
-83.0349559289 0.0400048746 0.8823440608 0.5084297769 
-83.0615518646 0.0399450857 0.8827451255 0.5083317629 
-83.0889946146 0.0398834795 0.8831578418 0.5082274991 
-83.1173068020 0.0398200133 0.8835824414 0.5081164868 
-83.1465118675 0.0397546434 0.8840191608 0.5079984084 
-83.1766340989 0.0396873242 0.8844682414 0.5078733389 
-83.2076986570 0.0396180093 0.8849299294 0.5077420081 
-83.2286181281 0.0395713943 0.8852400271 0.5076524721 
-83.2570683499 0.0395080796 0.8856607456 0.5075278420 
-83.2866728269 0.0394422954 0.8860972689 0.5073961063 
-83.3174601904 0.0393739899 0.8865498589 0.5072572546 
-83.3494603129 0.0393031095 0.8870187842 0.5071111463 
-83.3827043469 0.0392295986 0.8875043194 0.5069575496 
-83.4172247667 0.0391533996 0.8880067455 0.5067961662 
-83.4530554133 0.0390744531 0.8885263492 0.5066266423 
-83.4902315421 0.0389926976 0.8890634229 0.5064485727 
-83.5287898727 0.0389080693 0.8896182641 0.5062614964 
-83.5687686422 0.0388205028 0.8901911754 0.5060648878 
-83.6102076617 0.0387299301 0.8907824640 0.5058581422 
-83.6531483759 0.0386362813 0.8913924412 0.5056405538 
-83.6976339266 0.0385394843 0.8920214224 0.5054112877 
-83.7437092205 0.0384394646 0.8926697261 0.5051693404 
-83.7914210024 0.0383361455 0.8933376740 0.5049134881 
-83.8408179328 0.0382294481 0.8940255902 0.5046422184 
-83.8919506735 0.0381192907 0.8947338008 0.5043536411 
-83.9448719798 0.0380055897 0.8954626335 0.5040453726 
-83.9996368027 0.0378882585 0.8962124169 0.5037143907 
-84.0563024015 0.0377672080 0.8969834806 0.5033568581 
-84.1149284705 0.0376423466 0.8977761538 0.5029679237 
-84.1755772808 0.0375135796 0.8985907661 0.5025415368 
-84.2383138417 0.0373808095 0.8994276464 0.5020703684 
-84.3032060827 0.0372439356 0.9002871231 0.5015460382 
-84.3703250550 0.0371028537 0.9011695239 0.5009599044 
-84.4397451954 0.0369574561 0.9020751761 0.5003111644 
-84.5115450955 0.0368076301 0.9030044141 0.4996926843 
-84.5858060749 0.0366532613 0.9039575559 0.4992391767 
-84.6626093753 0.0364942395 0.9049348622 0.4989502216 
-83.2286181281 0.0395713943 0.8852400271 0.5076524721 
-83.2570683499 0.0395080796 0.8856607456 0.5075278420 
-83.2866728269 0.0394422954 0.8860972689 0.5073961063 
-83.3174601904 0.0393739899 0.8865498589 0.5072572546 
-83.3494603129 0.0393031095 0.8870187842 0.5071111463 
-83.3827043469 0.0392295986 0.8875043194 0.5069575496 
-83.4172247667 0.0391533996 0.8880067455 0.5067961662 
-83.4530554133 0.0390744531 0.8885263492 0.5066266423 
-83.4902315421 0.0389926976 0.8890634229 0.5064485727 
-83.5287898727 0.0389080693 0.8896182641 0.5062614964 
-83.5687686422 0.0388205028 0.8901911754 0.5060648878 
-83.6102076618 0.0387299301 0.8907824640 0.5058581422 
-83.6531483759 0.0386362813 0.8913924412 0.5056405538 
-83.6976339266 0.0385394843 0.8920214224 0.5054112877 
-83.7437092205 0.0384394646 0.8926697261 0.5051693404 
-83.7914210024 0.0383361455 0.8933376740 0.5049134881 
-83.8408179328 0.0382294481 0.8940255902 0.5046422184 
-83.8919506735 0.0381192907 0.8947338008 0.5043536411 
-83.9448719798 0.0380055897 0.8954626335 0.5040453726 
-83.9996368027 0.0378882585 0.8962124169 0.5037143907 
-84.0563024015 0.0377672080 0.8969834806 0.5033568581 
-84.1149284705 0.0376423466 0.8977761538 0.5029679237 
-84.1755772808 0.0375135796 0.8985907661 0.5025415368 
-84.2383138417 0.0373808095 0.8994276464 0.5020703684 
-84.3032060827 0.0372439356 0.9002871231 0.5015460382 
-84.3703250550 0.0371028537 0.9011695239 0.5009599044 
-84.4397451954 0.0369574561 0.9020751761 0.5003111644 
-84.5115450955 0.0368076301 0.9030044141 0.4996926843 
-84.5858060750 0.0366532613 0.9039575559 0.4992391767 
-84.6626093753 0.0364942395 0.9049348622 0.4989502216 
-84.6652179102 0.0364888494 0.9049680691 0.4989398722 
-84.6652179102 0.0364888494 0.9049680691 0.4989398722 
-84.6652179102 0.0364888494 0.9049680691 0.4989398722 
-84.6652179102 0.0364888494 0.9049680691 0.4989398722 
-84.6652179102 0.0364888494 0.9049680691 0.4989398722 
-84.6652179102 0.0364888494 0.9049680691 0.4989398722 
-84.6652179102 0.0364888494 0.9049680691 0.4989398722 
-84.6652179102 0.0364888494 0.9049680691 0.4989398722 
