-81.9958309280 0.0424061702 0.8659592480 0.5116833950 
-81.9958314901 0.0424061689 0.8659592565 0.5116808090 
-81.9958326186 0.0424061662 0.8659592735 0.5116756606 
-81.9958343221 0.0424061622 0.8659592991 0.5116679962 
-81.9958366134 0.0424061567 0.8659593337 0.5116578834 
-81.9958395094 0.0424061499 0.8659593774 0.5116454092 
-81.9958429108 0.0424061418 0.8659594286 0.5116182329 
-81.9958471227 0.0424061318 0.8659594927 0.5116035436 
-81.9958520461 0.0424061201 0.8659595679 0.5115886629 
-81.9958577047 0.0424061067 0.8659596547 0.5115735959 
-81.9958641227 0.0424060915 0.8659597534 0.5115583512 
-81.9958713246 0.0424060744 0.8659598646 0.5115429398 
-81.9958793353 0.0424060554 0.8659599886 0.5115273752 
-81.9958881799 0.0424060344 0.8659601259 0.5115116730 
-81.9958978839 0.0424060114 0.8659602771 0.5114958505 
-81.9959084731 0.0424059863 0.8659604424 0.5114799260 
-81.9959199736 0.0424059590 0.8659606224 0.5114639191 
-81.9959324114 0.0424059295 0.8659608177 0.5114478500 
-81.9959458131 0.0424058977 0.8659610285 0.5114317394 
-81.9959602051 0.0424058636 0.8659612555 0.5114156081 
-81.9959756142 0.0424058270 0.8659614990 0.5113994769 
-81.9959920670 0.0424057880 0.8659617597 0.5113833663 
-81.9960095903 0.0424057464 0.8659620379 0.5113672966 
-81.9960282110 0.0424057022 0.8659623341 0.5113512873 
-81.9960479558 0.0424056554 0.8659626488 0.5113353574 
-81.9960688516 0.0424056058 0.8659629825 0.5113195251 
-81.9960909249 0.0424055534 0.8659633356 0.5113038079 
-81.9961142024 0.0424054982 0.8659637088 0.5112882221 
-81.9961387106 0.0424054400 0.8659641023 0.5112727833 
-81.9961644758 0.0424053789 0.8659645167 0.5112575062 
-81.9961915242 0.0424053147 0.8659649524 0.5112424041 
-81.9962198817 0.0424052474 0.8659654100 0.5112274899 
-81.9962495742 0.0424051769 0.8659658898 0.5112127751 
-81.9962806273 0.0424051032 0.8659663924 0.5111982705 
-81.9963130662 0.0424050262 0.8659669181 0.5111839857 
-81.9963469162 0.0424049459 0.8659674675 0.5111699298 
-81.9963822021 0.0424048621 0.8659680410 0.5111561106 
-81.9964189485 0.0424047749 0.8659686390 0.5111425356 
-81.9964571797 0.0424046842 0.8659692619 0.5111292109 
-81.9964969197 0.0424045899 0.8659699102 0.5111161425 
-81.9965381924 0.0424044919 0.8659705843 0.5111033353 
-81.9965810211 0.0424043903 0.8659712847 0.5110907938 
-81.9966254291 0.0424042849 0.8659720116 0.5110785217 
-81.9966714392 0.0424041757 0.8659727656 0.5110665222 
-81.9967190740 0.0424040626 0.8659735471 0.5110547983 
-81.9967683558 0.0424039456 0.8659743564 0.5110433521 
-81.9968193064 0.0424038247 0.8659751939 0.5110321856 
-81.9968719475 0.0424036998 0.8659760601 0.5110213002 
-81.9969263005 0.0424035707 0.8659769552 0.5110106970 
-81.9969823864 0.0424034376 0.8659778797 0.5110003769 
-81.9970402259 0.0424033003 0.8659788340 0.5109903404 
-81.9970998393 0.0424031588 0.8659798183 0.5109805878 
-81.9971612469 0.0424030131 0.8659808332 0.5109711190 
-81.9972244683 0.0424028630 0.8659818788 0.5109619340 
-81.9972895231 0.0424027086 0.8659829556 0.5109530322 
-81.9973564305 0.0424025498 0.8659840639 0.5109444133 
-81.9974252094 0.0424023865 0.8659852040 0.5109360764 
-81.9974958783 0.0424022187 0.8659863763 0.5109280208 
-81.9975684556 0.0424020465 0.8659875811 0.5109202454 
-81.9976429593 0.0424018696 0.8659888187 0.5109127492 
-81.9977194070 0.0424016881 0.8659900894 0.5109055311 
-81.9977978164 0.0424015020 0.8659913936 0.5108985898 
-81.9978782044 0.0424013112 0.8659927314 0.5108919239 
-81.9979605881 0.0424011156 0.8659941034 0.5108855322 
-81.9980449840 0.0424009153 0.8659955097 0.5108794130 
-81.9981314085 0.0424007102 0.8659969506 0.5108735650 
-81.9982198776 0.0424005001 0.8659984264 0.5108679865 
-81.9983104073 0.0424002852 0.8659999373 0.5108626761 
-81.9984030129 0.0424000654 0.8660014838 0.5108576321 
-81.9984977099 0.0423998406 0.8660030660 0.5108528528 
-81.9985945133 0.0423996108 0.8660046842 0.5108483366 
-81.9986934379 0.0423993760 0.8660063386 0.5108440818 
-81.9987944983 0.0423991361 0.8660080296 0.5108400867 
-81.9988977088 0.0423988911 0.8660097573 0.5108363497 
-81.9990030834 0.0423986410 0.8660115221 0.5108328689 
-81.9991106361 0.0423983857 0.8660133241 0.5108296427 
-81.9992203804 0.0423981251 0.8660151637 0.5108266694 
-81.9993323298 0.0423978594 0.8660170409 0.5108239471 
-81.9994464975 0.0423975884 0.8660189562 0.5108214742 
-81.9995628963 0.0423973121 0.8660209096 0.5108192490 
-81.9996815392 0.0423970305 0.8660229015 0.5108172697 
-81.9998024384 0.0423967435 0.8660249321 0.5108155347 
-81.9999256066 0.0423964511 0.8660270014 0.5108140421 
-82.0000510556 0.0423961533 0.8660291099 0.5108127903 
-82.0001787976 0.0423958501 0.8660312577 0.5108117777 
-82.0003088441 0.0423955414 0.8660334449 0.5108110024 
-82.0004412068 0.0423952272 0.8660356718 0.5108104630 
-82.0005758970 0.0423949075 0.8660379387 0.5108101575 
-82.0007129259 0.0423945822 0.8660402456 0.5108100846 
-82.0008523044 0.0423942513 0.8660425928 0.5108102424 
-82.0009940434 0.0423939149 0.8660449804 0.5108106293 
-82.0011381534 0.0423935728 0.8660474088 0.5108112439 
-82.0012846450 0.0423932251 0.8660498779 0.5108120843 
-82.0014335284 0.0423928717 0.8660523881 0.5108131492 
-82.0015848137 0.0423925126 0.8660549395 0.5108144369 
-82.0017385109 0.0423921477 0.8660575322 0.5108159458 
-82.0018946298 0.0423917772 0.8660601665 0.5108176744 
-82.0020531801 0.0423914008 0.8660628425 0.5108196212 
-82.0022141711 0.0423910187 0.8660655603 0.5108217847 
-82.0023776123 0.0423906307 0.8660683202 0.5108241634 
-82.0025435129 0.0423902370 0.8660711223 0.5108267558 
-82.0027118818 0.0423898373 0.8660739667 0.5108295604 
-82.0028827281 0.0423894318 0.8660768536 0.5108325759 
-82.0030560604 0.0423890204 0.8660797832 0.5108358007 
-82.0032318874 0.0423886030 0.8660827556 0.5108392335 
-82.0034102176 0.0423881798 0.8660857709 0.5108428729 
-82.0035910593 0.0423877505 0.8660888293 0.5108467175 
-82.0037744209 0.0423873153 0.8660919310 0.5108507660 
-82.0039603103 0.0423868741 0.8660950760 0.5108550169 
-82.0041487357 0.0423864269 0.8660982645 0.5108594690 
-82.0043397048 0.0423859736 0.8661014967 0.5108641210 
-82.0045332255 0.0423855143 0.8661047727 0.5108689715 
-82.0047293053 0.0423850490 0.8661080926 0.5108740193 
-82.0049279519 0.0423845775 0.8661114565 0.5108792632 
-82.0051291726 0.0423840999 0.8661148646 0.5108847017 
-82.0053329747 0.0423836162 0.8661183170 0.5108903339 
-82.0055393655 0.0423831264 0.8661218138 0.5108961583 
-82.0057483521 0.0423826304 0.8661253552 0.5109021739 
-82.0059599414 0.0423821282 0.8661289412 0.5109083793 
-82.0061741405 0.0423816199 0.8661325719 0.5109147736 
-82.0063909560 0.0423811053 0.8661362476 0.5109213554 
-82.0066103949 0.0423805845 0.8661399683 0.5109281238 
-82.0068324636 0.0423800575 0.8661437341 0.5109350774 
-82.0070571687 0.0423795242 0.8661475451 0.5109422153 
-82.0072845168 0.0423789847 0.8661514014 0.5109495364 
-82.0075145141 0.0423784389 0.8661553032 0.5109570395 
-82.0077471670 0.0423778868 0.8661592506 0.5109647236 
-82.0079824817 0.0423773283 0.8661632436 0.5109725877 
-82.0082204644 0.0423767636 0.8661672823 0.5109806306 
-82.0084611211 0.0423761925 0.8661713669 0.5109888515 
-82.0087044578 0.0423756151 0.8661754975 0.5109972493 
-82.0089504805 0.0423750313 0.8661796741 0.5110058230 
-82.0091991949 0.0423744411 0.8661838969 0.5110145715 
-82.0094506070 0.0423738445 0.8661881660 0.5110234941 
-82.0097047224 0.0423732415 0.8661924814 0.5110325896 
-82.0099615467 0.0423726321 0.8661968432 0.5110418573 
-82.0102210857 0.0423720162 0.8662012516 0.5110512960 
-82.0104833448 0.0423713939 0.8662057066 0.5110609050 
-82.0107483295 0.0423707652 0.8662102083 0.5110706834 
-82.0110160452 0.0423701299 0.8662147568 0.5110806302 
-82.0112864974 0.0423694882 0.8662193522 0.5110907446 
-82.0115596913 0.0423688400 0.8662239946 0.5111010257 
-82.0118356323 0.0423681853 0.8662286841 0.5111114727 
-82.0121143254 0.0423675241 0.8662334207 0.5111220847 
-82.0123957761 0.0423668563 0.8662382046 0.5111328610 
-82.0126799892 0.0423661820 0.8662430358 0.5111438007 
-82.0129669701 0.0423655011 0.8662479144 0.5111549030 
-82.0132567236 0.0423648137 0.8662528405 0.5111661672 
-82.0135492548 0.0423641196 0.8662578142 0.5111775925 
-82.0138445687 0.0423634190 0.8662628355 0.5111891780 
-82.0141426702 0.0423627118 0.8662679046 0.5112009231 
-82.0144435642 0.0423619980 0.8662730214 0.5112128271 
-82.0147472556 0.0423612775 0.8662781862 0.5112248892 
-82.0150537492 0.0423605504 0.8662833989 0.5112371086 
-82.0153630498 0.0423598166 0.8662886597 0.5112494847 
-82.0156751621 0.0423590762 0.8662939686 0.5112620169 
-82.0159900910 0.0423583292 0.8662993257 0.5112747043 
-82.0163078410 0.0423575754 0.8663047310 0.5112875464 
-82.0166284170 0.0423568150 0.8663101848 0.5113005425 
-82.0169518236 0.0423560478 0.8663156869 0.5113136919 
-82.0172780653 0.0423552739 0.8663212376 0.5113269941 
-82.0176071470 0.0423544934 0.8663268368 0.5113404483 
-82.0179390730 0.0423537060 0.8663324846 0.5113540540 
-82.0182738481 0.0423529120 0.8663381812 0.5113678105 
-82.0186114768 0.0423521111 0.8663439266 0.5113817173 
-82.0189519636 0.0423513036 0.8663497208 0.5113957738 
-82.0192953131 0.0423504892 0.8663555640 0.5114099793 
-82.0196415298 0.0423496680 0.8663614561 0.5114243334 
-82.0199906182 0.0423488401 0.8663673974 0.5114388355 
-82.0203425828 0.0423480053 0.8663733878 0.5114534850 
-82.0206974281 0.0423471638 0.8663794274 0.5114682814 
-82.0210551586 0.0423463154 0.8663855163 0.5114832242 
-82.0214157788 0.0423454601 0.8663916545 0.5114983128 
-82.0217792930 0.0423445980 0.8663978422 0.5115135467 
-82.0221457059 0.0423437291 0.8664040794 0.5115289255 
-82.0225150218 0.0423428533 0.8664103662 0.5115444486 
-82.0228872452 0.0423419706 0.8664167026 0.5115601156 
-82.0232623806 0.0423410810 0.8664230887 0.5115759260 
-82.0236404323 0.0423401845 0.8664295245 0.5115918793 
-82.0240214050 0.0423392811 0.8664360103 0.5116079751 
-82.0244053029 0.0423383708 0.8664425459 0.5116242129 
-82.0247921306 0.0423374536 0.8664491315 0.5116405923 
-82.0251818926 0.0423365294 0.8664557672 0.5116571128 
-82.0255745933 0.0423355983 0.8664624530 0.5116737741 
-82.0259702372 0.0423346602 0.8664691890 0.5116905757 
-82.0263688287 0.0423337152 0.8664759752 0.5117075172 
-82.0267703724 0.0423327631 0.8664828118 0.5117245982 
-82.0271748727 0.0423318041 0.8664896988 0.5117418183 
-82.0275823342 0.0423308381 0.8664966362 0.5117591772 
-82.0279927614 0.0423298650 0.8665036242 0.5117766745 
-82.0284061588 0.0423288850 0.8665106628 0.5117943098 
-82.0288225309 0.0423278979 0.8665177521 0.5118120827 
-82.0292418823 0.0423269037 0.8665248921 0.5118299929 
-82.0296642176 0.0423259026 0.8665320830 0.5118480401 
-82.0300895414 0.0423248943 0.8665393247 0.5118662239 
-82.0305178582 0.0423238790 0.8665466174 0.5118845439 
-82.0309491727 0.0423228566 0.8665539611 0.5119030000 
-82.0313834895 0.0423218271 0.8665613559 0.5119215917 
-82.0318208133 0.0423207905 0.8665688019 0.5119403188 
-82.0322611488 0.0423197467 0.8665762991 0.5119591809 
-82.0327045006 0.0423186959 0.8665838477 0.5119781778 
-82.0331508734 0.0423176379 0.8665914476 0.5119973092 
-82.0336002721 0.0423165728 0.8665990990 0.5120165747 
-82.0340527014 0.0423155005 0.8666068019 0.5120359742 
-82.0345081660 0.0423144210 0.8666145564 0.5120555074 
-82.0349666708 0.0423133344 0.8666223626 0.5120751740 
-82.0354282206 0.0423122406 0.8666302206 0.5120949737 
-82.0358928203 0.0423111395 0.8666381304 0.5121149064 
-82.0363604747 0.0423100313 0.8666460921 0.5121349717 
-82.0368311889 0.0423089158 0.8666541057 0.5121551695 
-82.0373049677 0.0423077931 0.8666621714 0.5121754995 
-82.0377818161 0.0423066632 0.8666702892 0.5121959615 
-82.0382617392 0.0423055260 0.8666784593 0.5122165553 
-82.0387447420 0.0423043815 0.8666866816 0.5122372807 
-82.0392308295 0.0423032297 0.8666949563 0.5122581375 
-82.0397200068 0.0423020707 0.8667032834 0.5122791255 
-82.0402122792 0.0423009043 0.8667116630 0.5123002445 
-82.0407076517 0.0422997306 0.8667200952 0.5123214944 
-82.0412061296 0.0422985496 0.8667285801 0.5123428749 
-82.0417077182 0.0422973613 0.8667371177 0.5123643859 
-82.0422124226 0.0422961656 0.8667457081 0.5123860272 
-82.0427202483 0.0422949626 0.8667543515 0.5124077987 
-82.0432312005 0.0422937521 0.8667630478 0.5124297003 
-82.0437452847 0.0422925343 0.8667717973 0.5124517317 
-82.0442625063 0.0422913091 0.8667805998 0.5124738928 
-82.0447828707 0.0422900765 0.8667894557 0.5124961836 
-82.0453063836 0.0422888364 0.8667983648 0.5125186038 
-82.0458330504 0.0422875889 0.8668073273 0.5125411534 
-82.0463628767 0.0422863340 0.8668163434 0.5125638323 
-82.0468958682 0.0422850716 0.8668254130 0.5125866403 
-82.0474320305 0.0422838017 0.8668345362 0.5126095773 
-82.0479713694 0.0422825244 0.8668437133 0.5126326433 
-82.0485138907 0.0422812395 0.8668529441 0.5126558381 
-82.0490596001 0.0422799471 0.8668622289 0.5126791616 
-82.0496085035 0.0422786472 0.8668715677 0.5127026138 
-82.0501606068 0.0422773398 0.8668809606 0.5127261946 
-82.0507159160 0.0422760248 0.8668904077 0.5127499039 
-82.0512744371 0.0422747022 0.8668999090 0.5127737417 
-82.0518361760 0.0422733720 0.8669094648 0.5127977078 
-82.0524011390 0.0422720343 0.8669190750 0.5128218023 
-82.0529693322 0.0422706889 0.8669287397 0.5128460251 
-82.0535407617 0.0422693359 0.8669384592 0.5128703761 
-82.0541154338 0.0422679753 0.8669482333 0.5128948553 
-82.0546933548 0.0422666071 0.8669580624 0.5129194627 
-82.0552745310 0.0422652311 0.8669679463 0.5129441981 
-82.0558589689 0.0422638475 0.8669778853 0.5129690617 
-82.0564466749 0.0422624562 0.8669878794 0.5129940534 
-82.0570376555 0.0422610572 0.8669979288 0.5130191731 
-82.0576319172 0.0422596504 0.8670080335 0.5130444209 
-82.0582294668 0.0422582359 0.8670181936 0.5130697967 
-82.0588303108 0.0422568137 0.8670284093 0.5130953006 
-82.0594344560 0.0422553837 0.8670386806 0.5131209325 
-82.0600419091 0.0422539459 0.8670490077 0.5131466925 
-82.0606526771 0.0422525003 0.8670593906 0.5131725805 
-82.0612667667 0.0422510469 0.8670698294 0.5131985966 
-82.0618841851 0.0422495856 0.8670803243 0.5132247408 
-82.0625049391 0.0422481165 0.8670908754 0.5132510132 
-82.0631290359 0.0422466396 0.8671014827 0.5132774137 
-82.0637564825 0.0422451548 0.8671121464 0.5133039425 
-82.0643872863 0.0422436620 0.8671228666 0.5133305994 
-82.0650214544 0.0422421614 0.8671336433 0.5133573847 
-82.0656589941 0.0422406528 0.8671444768 0.5133842983 
-82.0662999129 0.0422391363 0.8671553671 0.5134113403 
-82.0669442181 0.0422376118 0.8671663144 0.5134385108 
-82.0675919174 0.0422360794 0.8671773187 0.5134658097 
-82.0682430182 0.0422345389 0.8671883801 0.5134932373 
-82.0688975281 0.0422329904 0.8671994988 0.5135207935 
-82.0695554550 0.0422314339 0.8672106750 0.5135484784 
-82.0702168065 0.0422298694 0.8672219086 0.5135762921 
-82.0708815905 0.0422282968 0.8672331998 0.5136042348 
-82.0715498148 0.0422267161 0.8672445489 0.5136323064 
-82.0722214875 0.0422251273 0.8672559557 0.5136605071 
-82.0728966166 0.0422235304 0.8672674206 0.5136888370 
-82.0735752101 0.0422219253 0.8672789436 0.5137172961 
-82.0742572762 0.0422203121 0.8672905248 0.5137458847 
-82.0749428232 0.0422186907 0.8673021644 0.5137746028 
-82.0756318594 0.0422170611 0.8673138625 0.5138034504 
-82.0763243931 0.0422154233 0.8673256192 0.5138324278 
-82.0770204328 0.0422137773 0.8673374347 0.5138615351 
-82.0777199870 0.0422121230 0.8673493090 0.5138907723 
-82.0784230643 0.0422104604 0.8673612423 0.5139201397 
-82.0791296734 0.0422087896 0.8673732348 0.5139496373 
-82.0798398229 0.0422071104 0.8673852866 0.5139792653 
-82.0805535218 0.0422054230 0.8673973977 0.5140090239 
-82.0812707789 0.0422037271 0.8674095684 0.5140389131 
-82.0819916031 0.0422020229 0.8674217988 0.5140689332 
-82.0827160035 0.0422003103 0.8674340890 0.5140990843 
-82.0834439891 0.0421985893 0.8674464391 0.5141293665 
-82.0841755693 0.0421968599 0.8674588494 0.5141597800 
-82.0849107531 0.0421951220 0.8674713198 0.5141903251 
-82.0856495501 0.0421933756 0.8674838507 0.5142210017 
-82.0863919695 0.0421916207 0.8674964420 0.5142518103 
-82.0871380209 0.0421898574 0.8675090941 0.5142827508 
-82.0878877138 0.0421880854 0.8675218069 0.5143138236 
-82.0886410580 0.0421863050 0.8675345807 0.5143450287 
-82.0893980630 0.0421845159 0.8675474156 0.5143763664 
-82.0901587388 0.0421827182 0.8675603117 0.5144078369 
-82.0909230953 0.0421809119 0.8675732693 0.5144394404 
-82.0916911424 0.0421790970 0.8675862884 0.5144711770 
-82.0924628901 0.0421772734 0.8675993692 0.5145030470 
-82.0932383487 0.0421754411 0.8676125118 0.5145350507 
-82.0940175283 0.0421736000 0.8676257165 0.5145671881 
-82.0948004393 0.0421717503 0.8676389834 0.5145994596 
-82.0955870919 0.0421698917 0.8676523126 0.5146318653 
-82.0963774968 0.0421680244 0.8676657042 0.5146644055 
-82.0971716645 0.0421661483 0.8676791586 0.5146970804 
-82.0979696056 0.0421642633 0.8676926757 0.5147298903 
-82.0987713309 0.0421623695 0.8677062558 0.5147628353 
-82.0995768511 0.0421604668 0.8677198991 0.5147959158 
-82.1003861772 0.0421585551 0.8677336057 0.5148291319 
-82.1011993203 0.0421566346 0.8677473757 0.5148624839 
-82.1020162913 0.0421547051 0.8677612094 0.5148959721 
-82.1028371014 0.0421527666 0.8677751069 0.5149295968 
-82.1036617620 0.0421508190 0.8677890684 0.5149633581 
-82.1044902843 0.0421488625 0.8678030940 0.5149972564 
-82.1053226799 0.0421468969 0.8678171840 0.5150312918 
-82.1061589602 0.0421449222 0.8678313384 0.5150654648 
-82.1069991370 0.0421429383 0.8678455576 0.5150997755 
-82.1078432218 0.0421409454 0.8678598416 0.5151342243 
-82.1086912266 0.0421389433 0.8678741907 0.5151688113 
-82.1095431633 0.0421369319 0.8678886049 0.5152035370 
-82.1103990438 0.0421349114 0.8679030846 0.5152384015 
-82.1112588803 0.0421328816 0.8679176299 0.5152734053 
-82.1121226849 0.0421308425 0.8679322409 0.5153085485 
-82.1129904700 0.0421287942 0.8679469179 0.5153438315 
-82.1138622480 0.0421267365 0.8679616610 0.5153792545 
-82.1147380313 0.0421246694 0.8679764705 0.5154148180 
-82.1156178325 0.0421225930 0.8679913465 0.5154505221 
-82.1165016644 0.0421205071 0.8680062892 0.5154863672 
-82.1173895397 0.0421184118 0.8680212988 0.5155223537 
-82.1182814712 0.0421163070 0.8680363756 0.5155584818 
-82.1191774721 0.0421141927 0.8680515196 0.5155947518 
-82.1200775553 0.0421120689 0.8680667312 0.5156311642 
-82.1209817341 0.0421099355 0.8680820104 0.5156677191 
-82.1218900218 0.0421077925 0.8680973576 0.5157044170 
-82.1228024317 0.0421056399 0.8681127728 0.5157412582 
-82.1237189774 0.0421034776 0.8681282564 0.5157782431 
-82.1246396725 0.0421013057 0.8681438085 0.5158153719 
-82.1255645307 0.0420991240 0.8681594293 0.5158526450 
-82.1264935657 0.0420969326 0.8681751191 0.5158900627 
-82.1274267916 0.0420947314 0.8681908780 0.5159276255 
-82.1283642224 0.0420925204 0.8682067063 0.5159653337 
-82.1293058722 0.0420902995 0.8682226041 0.5160031876 
-82.1302517552 0.0420880688 0.8682385718 0.5160411876 
-82.1312018859 0.0420858282 0.8682546094 0.5160793341 
-82.1321562786 0.0420835776 0.8682707173 0.5161176274 
-82.1331149480 0.0420813171 0.8682868956 0.5161560679 
-82.1340779088 0.0420790465 0.8683031446 0.5161946560 
-82.1350451757 0.0420767660 0.8683194645 0.5162333921 
-82.1360167638 0.0420744753 0.8683358554 0.5162722765 
-82.1369926879 0.0420721745 0.8683523178 0.5163113096 
-82.1379729633 0.0420698636 0.8683688517 0.5163504918 
-82.1389576052 0.0420675426 0.8683854574 0.5163898236 
-82.1399466291 0.0420652113 0.8684021352 0.5164293052 
-82.1409400503 0.0420628697 0.8684188852 0.5164689372 
-82.1419378845 0.0420605179 0.8684357078 0.5165087199 
-82.1429401475 0.0420581558 0.8684526030 0.5165486536 
-82.1439468550 0.0420557833 0.8684695713 0.5165887389 
-82.1449580231 0.0420534004 0.8684866128 0.5166289761 
-82.1459736678 0.0420510071 0.8685037277 0.5166693657 
-82.1469938054 0.0420486034 0.8685209164 0.5167099080 
-82.1480184522 0.0420461892 0.8685381790 0.5167506035 
-82.1490476246 0.0420437644 0.8685555159 0.5167914526 
-82.1500813392 0.0420413290 0.8685729272 0.5168324556 
-82.1511196127 0.0420388831 0.8685904132 0.5168736132 
-82.1521624619 0.0420364265 0.8686079741 0.5169149256 
-82.1532099039 0.0420339592 0.8686256103 0.5169563934 
-82.1542619556 0.0420314811 0.8686433219 0.5169980169 
-82.1553186343 0.0420289924 0.8686611093 0.5170397965 
-82.1563799574 0.0420264928 0.8686789727 0.5170817329 
-82.1574459422 0.0420239824 0.8686969123 0.5171238263 
-82.1585166064 0.0420214611 0.8687149285 0.5171660772 
-82.1595919677 0.0420189289 0.8687330214 0.5172084861 
-82.1606720440 0.0420163857 0.8687511914 0.5172510534 
-82.1617568533 0.0420138315 0.8687694388 0.5172937797 
-82.1628464137 0.0420112663 0.8687877637 0.5173366652 
-82.1639407434 0.0420086900 0.8688061665 0.5173797106 
-82.1650398608 0.0420061026 0.8688246474 0.5174229163 
-82.1661437846 0.0420035040 0.8688432068 0.5174662827 
-82.1672525332 0.0420008942 0.8688618449 0.5175098103 
-82.1683661257 0.0419982731 0.8688805619 0.5175534997 
-82.1694845809 0.0419956408 0.8688993583 0.5175973512 
-82.1706079178 0.0419929971 0.8689182342 0.5176413653 
-82.1717361558 0.0419903420 0.8689371899 0.5176855425 
-82.1728693142 0.0419876756 0.8689562258 0.5177298834 
-82.1740074125 0.0419849976 0.8689753422 0.5177743883 
-82.1751504704 0.0419823082 0.8689945392 0.5178190579 
-82.1762985077 0.0419796072 0.8690138173 0.5178638925 
-82.1774515443 0.0419768946 0.8690331767 0.5179088926 
-82.1786096003 0.0419741703 0.8690526177 0.5179540589 
-82.1797726960 0.0419714344 0.8690721406 0.5179993917 
-82.1809408518 0.0419686867 0.8690917458 0.5180448915 
-82.1821140882 0.0419659272 0.8691114335 0.5180905589 
-82.1832924259 0.0419631559 0.8691312040 0.5181363944 
-82.1844758858 0.0419603728 0.8691510577 0.5181823985 
-82.1856644888 0.0419575777 0.8691709949 0.5182285716 
-82.1868582562 0.0419547706 0.8691910159 0.5182749143 
-82.1880572092 0.0419519515 0.8692111209 0.5183214272 
-82.1892613693 0.0419491204 0.8692313104 0.5183681107 
-82.1904707581 0.0419462771 0.8692515846 0.5184149653 
-82.1916853975 0.0419434217 0.8692719439 0.5184619916 
-82.1929053094 0.0419405541 0.8692923886 0.5185091901 
-82.1941305158 0.0419376742 0.8693129191 0.5185565613 
-82.1953610391 0.0419347820 0.8693335356 0.5186041057 
-82.1965969017 0.0419318774 0.8693542384 0.5186518240 
-82.1978381262 0.0419289604 0.8693750280 0.5186997165 
-82.1990847353 0.0419260310 0.8693959047 0.5187477838 
-82.2003367520 0.0419230890 0.8694168688 0.5187960266 
-82.2015941994 0.0419201345 0.8694379207 0.5188444452 
-82.2028571008 0.0419171673 0.8694590606 0.5188930403 
-82.2041254796 0.0419141875 0.8694802890 0.5189418124 
-82.2053993595 0.0419111949 0.8695016062 0.5189907620 
-82.2066787642 0.0419081896 0.8695230125 0.5190398896 
-82.2079637176 0.0419051714 0.8695445083 0.5190891959 
-82.2092542440 0.0419021404 0.8695660940 0.5191386814 
-82.2105503677 0.0418990964 0.8695877699 0.5191883465 
-82.2118521131 0.0418960394 0.8696095365 0.5192381920 
-82.2131595049 0.0418929694 0.8696313939 0.5192882182 
-82.2144725680 0.0418898862 0.8696533427 0.5193384258 
-82.2157913275 0.0418867899 0.8696753832 0.5193888153 
-82.2171158086 0.0418836804 0.8696975157 0.5194393873 
-82.2184460366 0.0418805576 0.8697197407 0.5194901424 
-82.2197820372 0.0418774214 0.8697420585 0.5195410810 
-82.2211238363 0.0418742719 0.8697644695 0.5195922038 
-82.2224714597 0.0418711089 0.8697869741 0.5196435113 
-82.2238249336 0.0418679324 0.8698095726 0.5196950041 
-82.2251842845 0.0418647424 0.8698322655 0.5197466827 
-82.2265495388 0.0418615387 0.8698550532 0.5197985477 
-82.2279207234 0.0418583213 0.8698779360 0.5198505997 
-82.2292978653 0.0418550902 0.8699009143 0.5199028392 
-82.2306809914 0.0418518453 0.8699239886 0.5199552668 
-82.2320701294 0.0418485865 0.8699471593 0.5200078831 
-82.2334653066 0.0418453138 0.8699704267 0.5200606886 
-82.2348665509 0.0418420271 0.8699937912 0.5201136839 
-82.2362738902 0.0418387263 0.8700172533 0.5201668696 
-82.2376873527 0.0418354114 0.8700408135 0.5202202462 
-82.2391069669 0.0418320823 0.8700644720 0.5202738144 
-82.2405327613 0.0418287390 0.8700882293 0.5203275746 
-82.2419647648 0.0418253814 0.8701120859 0.5203815275 
-82.2434030064 0.0418220094 0.8701360422 0.5204356736 
-82.2448475153 0.0418186230 0.8701600985 0.5204900135 
-82.2462983210 0.0418152220 0.8701842554 0.5205445478 
-82.2477554532 0.0418118065 0.8702085133 0.5205992771 
-82.2492189418 0.0418083764 0.8702328726 0.5206542018 
-82.2506888170 0.0418049315 0.8702573337 0.5207093227 
-82.2521651092 0.0418014719 0.8702818971 0.5207646402 
-82.2536478488 0.0417979974 0.8703065633 0.5208201549 
-82.2551370668 0.0417945080 0.8703313326 0.5208758675 
-82.2566327942 0.0417910037 0.8703562056 0.5209317784 
-82.2581350622 0.0417874843 0.8703811827 0.5209878883 
-82.2596439025 0.0417839497 0.8704062644 0.5210441978 
-82.2611593467 0.0417804000 0.8704314511 0.5211007073 
-82.2626814270 0.0417768350 0.8704567433 0.5211574174 
-82.2642101754 0.0417732547 0.8704821415 0.5212143288 
-82.2657456246 0.0417696590 0.8705076461 0.5212714421 
-82.2672878073 0.0417660478 0.8705332576 0.5213287576 
-82.2688367564 0.0417624210 0.8705589765 0.5213862762 
-82.2703925052 0.0417587787 0.8705848033 0.5214439982 
-82.2719550872 0.0417551206 0.8706107385 0.5215019243 
-82.2735245361 0.0417514467 0.8706367825 0.5215600550 
-82.2751008859 0.0417477570 0.8706629359 0.5216183909 
-82.2766841709 0.0417440514 0.8706891991 0.5216769325 
-82.2782744257 0.0417403298 0.8707155727 0.5217356805 
-82.2798716850 0.0417365920 0.8707420572 0.5217946353 
-82.2814759839 0.0417328382 0.8707686530 0.5218537976 
-82.2830873576 0.0417290680 0.8707953607 0.5219131678 
-82.2847058419 0.0417252816 0.8708221808 0.5219727466 
-82.2863314727 0.0417214788 0.8708491138 0.5220325344 
-82.2879642859 0.0417176595 0.8708761602 0.5220925319 
-82.2896043181 0.0417138236 0.8709033207 0.5221527396 
-82.2912516061 0.0417099711 0.8709305956 0.5222131580 
-82.2929061868 0.0417061019 0.8709579856 0.5222737876 
-82.2945680974 0.0417022158 0.8709854911 0.5223346290 
-82.2962373756 0.0416983129 0.8710131127 0.5223956828 
-82.2979140593 0.0416943930 0.8710408511 0.5224569495 
-82.2995981867 0.0416904560 0.8710687066 0.5225184295 
-82.3012897961 0.0416865019 0.8710966799 0.5225801235 
-82.3029889264 0.0416825306 0.8711247716 0.5226420319 
-82.3046956166 0.0416785420 0.8711529821 0.5227041553 
-82.3064099062 0.0416745359 0.8711813121 0.5227664942 
-82.3081318347 0.0416705124 0.8712097621 0.5228290491 
-82.3098614423 0.0416664713 0.8712383328 0.5228918205 
-82.3115987693 0.0416624125 0.8712670246 0.5229548090 
-82.3133438563 0.0416583360 0.8712958382 0.5230180149 
-82.3150967442 0.0416542416 0.8713247742 0.5230814389 
-82.3168574744 0.0416501292 0.8713538331 0.5231450814 
-82.3186260884 0.0416459989 0.8713830156 0.5232089430 
-82.3204026283 0.0416418504 0.8714123222 0.5232730240 
-82.3221871363 0.0416376837 0.8714417536 0.5233373250 
-82.3239796551 0.0416334986 0.8714713104 0.5234018464 
-82.3257802276 0.0416292952 0.8715009932 0.5234665888 
-82.3275888971 0.0416250733 0.8715308026 0.5235315526 
-82.3294057073 0.0416208327 0.8715607393 0.5235967383 
-82.3312307022 0.0416165735 0.8715908038 0.5236621462 
-82.3330639262 0.0416122954 0.8716209968 0.5237277770 
-82.3349054241 0.0416079985 0.8716513189 0.5237936309 
-82.3367552409 0.0416036826 0.8716817709 0.5238597085 
-82.3386134220 0.0415993476 0.8717123532 0.5239260102 
-82.3404800134 0.0415949933 0.8717430667 0.5239925364 
-82.3423550612 0.0415906198 0.8717739120 0.5240592875 
-82.3442386121 0.0415862269 0.8718048896 0.5241262639 
-82.3461307129 0.0415818145 0.8718360003 0.5241934662 
-82.3480314111 0.0415773824 0.8718672448 0.5242608946 
-82.3499407544 0.0415729307 0.8718986238 0.5243285495 
-82.3518587909 0.0415684591 0.8719301379 0.5243964314 
-82.3537855692 0.0415639676 0.8719617877 0.5244645406 
-82.3557211383 0.0415594560 0.8719935742 0.5245328774 
-82.3576655474 0.0415549243 0.8720254978 0.5246014424 
-82.3596188464 0.0415503724 0.8720575593 0.5246702357 
-82.3615810853 0.0415458001 0.8720897595 0.5247392578 
-82.3635523149 0.0415412073 0.8721220991 0.5248085090 
-82.3655325862 0.0415365939 0.8721545787 0.5248779896 
-82.3675219505 0.0415319598 0.8721871992 0.5249477000 
-82.3695204598 0.0415273049 0.8722199612 0.5250176404 
-82.3715281664 0.0415226290 0.8722528654 0.5250878112 
-82.3735451230 0.0415179322 0.8722859128 0.5251582127 
-82.3755713830 0.0415132141 0.8723191039 0.5252288451 
-82.3776069998 0.0415084748 0.8723524395 0.5252997087 
-82.3796520278 0.0415037140 0.8723859205 0.5253708038 
-82.3817065214 0.0414989317 0.8724195475 0.5254421307 
-82.3837705357 0.0414941278 0.8724533215 0.5255136895 
-82.3858441262 0.0414893021 0.8724872430 0.5255854806 
-82.3879273489 0.0414844546 0.8725213131 0.5256575040 
-82.3900202604 0.0414795850 0.8725555323 0.5257297602 
-82.3921229176 0.0414746933 0.8725899016 0.5258022491 
-82.3942353779 0.0414697793 0.8726244217 0.5258749711 
-82.3963576993 0.0414648429 0.8726590935 0.5259479264 
-82.3984899404 0.0414598840 0.8726939178 0.5260211149 
-82.4006321600 0.0414549024 0.8727288955 0.5260945370 
-82.4027844177 0.0414498981 0.8727640272 0.5261681928 
-82.4049467735 0.0414448708 0.8727993140 0.5262420823 
-82.4071192879 0.0414398205 0.8728347567 0.5263162058 
-82.4093020221 0.0414347470 0.8728703560 0.5263905632 
-82.4114950376 0.0414296502 0.8729061129 0.5264651547 
-82.4136983966 0.0414245300 0.8729420283 0.5265399803 
-82.4159121618 0.0414193861 0.8729781030 0.5266150401 
-82.4181363966 0.0414142186 0.8730143379 0.5266903342 
-82.4203711646 0.0414090271 0.8730507340 0.5267658625 
-82.4226165305 0.0414038117 0.8730872920 0.5268416251 
-82.4248725590 0.0413985721 0.8731240130 0.5269176219 
-82.4271393159 0.0413933082 0.8731608978 0.5269938530 
-82.4294168672 0.0413880199 0.8731979474 0.5270703182 
-82.4317052798 0.0413827070 0.8732351626 0.5271470176 
-82.4340046209 0.0413773693 0.8732725446 0.5272239511 
-82.4363149587 0.0413720068 0.8733100941 0.5273011185 
-82.4386363616 0.0413666192 0.8733478121 0.5273785198 
-82.4409688988 0.0413612065 0.8733856997 0.5274561549 
-82.4433126403 0.0413557684 0.8734237578 0.5275340236 
-82.4456676566 0.0413503048 0.8734619873 0.5276121256 
-82.4480340187 0.0413448156 0.8735003893 0.5276904610 
-82.4504117984 0.0413393006 0.8735389648 0.5277690294 
-82.4528010683 0.0413337596 0.8735777147 0.5278478306 
-82.4552019014 0.0413281925 0.8736166402 0.5279268644 
-82.4576143716 0.0413225991 0.8736557421 0.5280061305 
-82.4600385534 0.0413169793 0.8736950216 0.5280856287 
-82.4624745219 0.0413113328 0.8737344797 0.5281653586 
-82.4649223531 0.0413056596 0.8737741174 0.5282453200 
-82.4673821235 0.0412999595 0.8738139359 0.5283255124 
-82.4698539104 0.0412942322 0.8738539361 0.5284059355 
-82.4723377920 0.0412884777 0.8738941193 0.5284865889 
-82.4748338471 0.0412826957 0.8739344863 0.5285674722 
-82.4773421551 0.0412768860 0.8739750385 0.5286485850 
-82.4798627963 0.0412710486 0.8740157768 0.5287299267 
-82.4823958519 0.0412651832 0.8740567024 0.5288114970 
-82.4849414036 0.0412592897 0.8740978164 0.5288932952 
-82.4874995341 0.0412533678 0.8741391200 0.5289753209 
-82.4900703268 0.0412474174 0.8741806143 0.5290575735 
-82.4926538658 0.0412414383 0.8742223005 0.5291400524 
-82.4952502363 0.0412354303 0.8742641798 0.5292227570 
-82.4978595240 0.0412293933 0.8743062533 0.5293056867 
-82.5004818157 0.0412233270 0.8743485223 0.5293888407 
-82.5031171988 0.0412172312 0.8743909879 0.5294722184 
-82.5057657617 0.0412111058 0.8744336513 0.5295558191 
-82.5084275937 0.0412049506 0.8744765139 0.5296396419 
-82.5111027849 0.0411987653 0.8745195768 0.5297236862 
-82.5137914262 0.0411925498 0.8745628412 0.5298079512 
-82.5164936096 0.0411863039 0.8746063085 0.5298924358 
-82.5192094279 0.0411800273 0.8746499800 0.5299771394 
-82.5219389747 0.0411737199 0.8746938568 0.5300620610 
-82.5246823447 0.0411673815 0.8747379404 0.5301471996 
-82.5274396335 0.0411610119 0.8747822320 0.5302325543 
-82.5302109376 0.0411546107 0.8748267329 0.5303181242 
-82.5329963545 0.0411481780 0.8748714445 0.5304039081 
-82.5357959827 0.0411417133 0.8749163681 0.5304899049 
-82.5386099217 0.0411352166 0.8749615052 0.5305761137 
-82.5414382720 0.0411286875 0.8750068569 0.5306625332 
-82.5442811349 0.0411221259 0.8750524249 0.5307491624 
-82.5471386130 0.0411155315 0.8750982104 0.5308359999 
-82.5500108099 0.0411089042 0.8751442149 0.5309230446 
-82.5528978302 0.0411022437 0.8751904398 0.5310102951 
-82.5557997794 0.0410955497 0.8752368865 0.5310977502 
-82.5587167645 0.0410888221 0.8752835565 0.5311854085 
-82.5616488931 0.0410820606 0.8753304513 0.5312732687 
-82.5645962742 0.0410752650 0.8753775724 0.5313613292 
-82.5675590180 0.0410684349 0.8754249212 0.5314495887 
-82.5705372355 0.0410615703 0.8754724993 0.5315380456 
-82.5735310392 0.0410546709 0.8755203081 0.5316266983 
-82.5765405425 0.0410477363 0.8755683494 0.5317155453 
-82.5795658601 0.0410407664 0.8756166245 0.5318045850 
-82.5826071080 0.0410337609 0.8756651351 0.5318938157 
-82.5856644032 0.0410267195 0.8757138827 0.5319832357 
-82.5887378640 0.0410196421 0.8757628691 0.5320728432 
-82.5918276100 0.0410125283 0.8758120957 0.5321626364 
-82.5949337620 0.0410053779 0.8758615643 0.5322526134 
-82.5980564420 0.0409981906 0.8759112764 0.5323427725 
-82.6011957736 0.0409909661 0.8759612338 0.5324331116 
-82.6043518813 0.0409837043 0.8760114382 0.5325236288 
-82.6075248911 0.0409764047 0.8760618912 0.5326143221 
-82.6107149304 0.0409690672 0.8761125945 0.5327051893 
-82.6139221279 0.0409616915 0.8761635500 0.5327962284 
-82.6171466137 0.0409542772 0.8762147593 0.5328874372 
-82.6203885193 0.0409468242 0.8762662243 0.5329788134 
-82.6236479774 0.0409393320 0.8763179467 0.5330703549 
-82.6269251224 0.0409318005 0.8763699284 0.5331620593 
-82.6302200902 0.0409242294 0.8764221711 0.5332539242 
-82.6335330178 0.0409166183 0.8764746768 0.5333459472 
-82.6368640440 0.0409089669 0.8765274472 0.5334381258 
-82.6402133090 0.0409012750 0.8765804843 0.5335304576 
-82.6435809546 0.0408935422 0.8766337900 0.5336229400 
-82.6469671240 0.0408857682 0.8766873662 0.5337155703 
-82.6503719620 0.0408779528 0.8767412148 0.5338083458 
-82.6537956151 0.0408700956 0.8767953379 0.5339012638 
-82.6572382314 0.0408621962 0.8768497373 0.5339943216 
-82.6606999604 0.0408542545 0.8769044152 0.5340875163 
-82.6641809535 0.0408462700 0.8769593735 0.5341808449 
-82.6676813637 0.0408382424 0.8770146142 0.5342743046 
-82.6712013456 0.0408301714 0.8770701395 0.5343678924 
-82.6747410556 0.0408220567 0.8771259515 0.5344616050 
-82.6783006518 0.0408138979 0.8771820521 0.5345554395 
-82.6818802941 0.0408056947 0.8772384437 0.5346493926 
-82.6854801442 0.0407974467 0.8772951283 0.5347434612 
-82.6891003655 0.0407891536 0.8773521082 0.5348376418 
-82.6927411233 0.0407808151 0.8774093854 0.5349319311 
-82.6964025848 0.0407724307 0.8774669623 0.5350263257 
-82.7000849189 0.0407640001 0.8775248411 0.5351208222 
-82.7037882967 0.0407555230 0.8775830241 0.5352154169 
-82.7075128909 0.0407469990 0.8776415135 0.5353101062 
-82.7112588763 0.0407384277 0.8777003117 0.5354048866 
-82.7150264298 0.0407298087 0.8777594211 0.5354997541 
-82.7188157302 0.0407211417 0.8778188440 0.5355947052 
-82.7226269582 0.0407124262 0.8778785827 0.5356897358 
-82.7264602967 0.0407036620 0.8779386398 0.5357848421 
-82.7303159307 0.0406948485 0.8779990177 0.5358800201 
-82.7341940472 0.0406859854 0.8780597188 0.5359752656 
-82.7380948356 0.0406770723 0.8781207456 0.5360705747 
-82.7420184871 0.0406681088 0.8781821007 0.5361659431 
-82.7459651954 0.0406590945 0.8782437867 0.5362613666 
-82.7499351563 0.0406500290 0.8783058060 0.5363568408 
-82.7539285678 0.0406409118 0.8783681614 0.5364523614 
-82.7579456302 0.0406317425 0.8784308554 0.5365479239 
-82.7619865464 0.0406225206 0.8784938908 0.5366435238 
-82.7660515212 0.0406132459 0.8785572701 0.5367391566 
-82.7701407620 0.0406039178 0.8786209962 0.5368348175 
-82.7742544787 0.0405945358 0.8786850718 0.5369305019 
-82.7783928836 0.0405850996 0.8787494997 0.5370262049 
-82.7825561912 0.0405756086 0.8788142826 0.5371219218 
-82.7867446189 0.0405660624 0.8788794235 0.5372176476 
-82.7909583864 0.0405564606 0.8789449252 0.5373133773 
-82.7951977161 0.0405468027 0.8790107906 0.5374091058 
-82.7994628329 0.0405370882 0.8790770226 0.5375048281 
-82.8037539643 0.0405273166 0.8791436243 0.5376005390 
-82.8080713407 0.0405174874 0.8792105986 0.5376962332 
-82.8124151949 0.0405076002 0.8792779485 0.5377919053 
-82.8167857628 0.0404976545 0.8793456772 0.5378875501 
-82.8211832828 0.0404876497 0.8794137877 0.5379831619 
-82.8256079962 0.0404775853 0.8794822831 0.5380787354 
-82.8300601472 0.0404674609 0.8795511666 0.5381742649 
-82.8345399830 0.0404572759 0.8796204415 0.5382697448 
-82.8390477534 0.0404470298 0.8796901110 0.5383651693 
-82.8435837115 0.0404367221 0.8797601782 0.5384605327 
-82.8481481132 0.0404263521 0.8798306467 0.5385558291 
-82.8527412176 0.0404159195 0.8799015196 0.5386510525 
-82.8573632868 0.0404054236 0.8799728004 0.5387461971 
-82.8620145861 0.0403948638 0.8800444924 0.5388412567 
-82.8666953839 0.0403842397 0.8801165993 0.5389362253 
-82.8714059517 0.0403735506 0.8801891243 0.5390310967 
-82.8761465646 0.0403627960 0.8802620712 0.5391258647 
-82.8809175007 0.0403519752 0.8803354434 0.5392205229 
-82.8857190416 0.0403410878 0.8804092445 0.5393150650 
-82.8905514721 0.0403301331 0.8804834782 0.5394094847 
-82.8954150805 0.0403191105 0.8805581483 0.5395037754 
-82.9003101588 0.0403080194 0.8806332583 0.5395979306 
-82.9052370022 0.0402968591 0.8807088122 0.5396919438 
-82.9101959096 0.0402856292 0.8807848136 0.5397858083 
-82.9151871835 0.0402743288 0.8808612665 0.5398795174 
-82.9202111301 0.0402629575 0.8809381748 0.5399730644 
-82.9252680592 0.0402515145 0.8810155423 0.5400664426 
-82.9303582845 0.0402399992 0.8810933731 0.5401596449 
-82.9354821233 0.0402284109 0.8811716712 0.5402526646 
-82.9406398970 0.0402167491 0.8812504407 0.5403454948 
-82.9458319307 0.0402050129 0.8813296856 0.5404381284 
-82.9510585534 0.0401932017 0.8814094101 0.5405305584 
-82.9563200983 0.0401813149 0.8814896185 0.5406227778 
-82.9616169026 0.0401693517 0.8815703149 0.5407147795 
-82.9669493075 0.0401573114 0.8816515037 0.5408065562 
-82.9723176583 0.0401451934 0.8817331892 0.5408981009 
-82.9777223048 0.0401329968 0.8818153758 0.5409894063 
-82.9831636008 0.0401207210 0.8818980680 0.5410804651 
-82.9886419046 0.0401083652 0.8819812701 0.5411712701 
-82.9941575785 0.0400959287 0.8820649868 0.5412618140 
-82.9997109897 0.0400834107 0.8821492226 0.5413520894 
-83.0053025097 0.0400708105 0.8822339821 0.5414420890 
-83.0109325143 0.0400581273 0.8823192700 0.5415318054 
-83.0166013843 0.0400453602 0.8824050911 0.5416212311 
-83.0223095048 0.0400325086 0.8824914502 0.5417103588 
-83.0280572659 0.0400195716 0.8825783520 0.5417991810 
-83.0338450623 0.0400065484 0.8826658014 0.5418876903 
-83.0396732935 0.0399934381 0.8827538034 0.5419758793 
-83.0455423640 0.0399802400 0.8828423630 0.5420637404 
-83.0514526832 0.0399669533 0.8829314851 0.5421512661 
-83.0574046656 0.0399535770 0.8830211750 0.5422384491 
-83.0633987305 0.0399401103 0.8831114377 0.5423252819 
-83.0694353027 0.0399265524 0.8832022784 0.5424117569 
-83.0755148120 0.0399129023 0.8832937024 0.5424978667 
-83.0816376934 0.0398991592 0.8833857150 0.5425836039 
-83.0878043875 0.0398853223 0.8834783216 0.5426689610 
-83.0940153400 0.0398713905 0.8835715276 0.5427539306 
-83.1002710022 0.0398573629 0.8836653384 0.5428385053 
-83.1065718310 0.0398432387 0.8837597597 0.5429226777 
-83.1129182887 0.0398290169 0.8838547969 0.5430064405 
-83.1193108434 0.0398146966 0.8839504558 0.5430897862 
-83.1257499690 0.0398002767 0.8840467421 0.5431727077 
-83.1322361450 0.0397857564 0.8841436615 0.5432551977 
-83.1387698570 0.0397711346 0.8842412199 0.5433372488 
-83.1453515964 0.0397564104 0.8843394231 0.5434188540 
-83.1519818606 0.0397415827 0.8844382771 0.5435000061 
-83.1586611531 0.0397266505 0.8845377879 0.5435806979 
-83.1653899838 0.0397116129 0.8846379615 0.5436609225 
-83.1721688684 0.0396964687 0.8847388042 0.5437406727 
-83.1789983293 0.0396812169 0.8848403221 0.5438199418 
-83.1858788951 0.0396658565 0.8849425214 0.5438987227 
-83.1928111008 0.0396503863 0.8850454085 0.5439770087 
-83.1997954882 0.0396348054 0.8851489897 0.5440547929 
-83.2068326054 0.0396191126 0.8852532716 0.5441320688 
-83.2139230074 0.0396033067 0.8853582605 0.5442088297 
-83.2210672559 0.0395873867 0.8854639631 0.5442850690 
-83.2282659195 0.0395713515 0.8855703861 0.5443607803 
-83.2355195737 0.0395551998 0.8856775360 0.5444359571 
-83.2428288010 0.0395389306 0.8857854198 0.5445105933 
-83.2501941910 0.0395225426 0.8858940441 0.5445846824 
-83.2576163404 0.0395060347 0.8860034160 0.5446582185 
-83.2650958535 0.0394894056 0.8861135423 0.5447311955 
-83.2726333415 0.0394726543 0.8862244301 0.5448036073 
-83.2802294232 0.0394557793 0.8863360866 0.5448754482 
-83.2878847252 0.0394387795 0.8864485189 0.5449467125 
-83.2955998813 0.0394216537 0.8865617341 0.5450173943 
-83.3033755331 0.0394044006 0.8866757397 0.5450874883 
-83.3112123302 0.0393870189 0.8867905429 0.5451569889 
-83.3191109298 0.0393695072 0.8869061513 0.5452258908 
-83.3270719972 0.0393518644 0.8870225723 0.5452941888 
-83.3350962058 0.0393340890 0.8871398136 0.5453618778 
-83.3431842370 0.0393161798 0.8872578826 0.5454289527 
-83.3513367807 0.0392981353 0.8873767873 0.5454954087 
-83.3595545347 0.0392799543 0.8874965353 0.5455612410 
-83.3678382057 0.0392616353 0.8876171346 0.5456264449 
-83.3761885086 0.0392431770 0.8877385929 0.5456910159 
-83.3846061671 0.0392245779 0.8878609185 0.5457549496 
-83.3930919135 0.0392058366 0.8879841192 0.5458182417 
-83.4016464892 0.0391869517 0.8881082033 0.5458808880 
-83.4102706440 0.0391679217 0.8882331789 0.5459428845 
-83.4189651373 0.0391487451 0.8883590544 0.5460042272 
-83.4277307372 0.0391294206 0.8884858380 0.5460649124 
-83.4365682212 0.0391099464 0.8886135383 0.5461249365 
-83.4454783762 0.0390903212 0.8887421637 0.5461842957 
-83.4544619984 0.0390705435 0.8888717228 0.5462429869 
-83.4635198936 0.0390506116 0.8890022242 0.5463010066 
-83.4726528773 0.0390305239 0.8891336766 0.5463583517 
-83.4818617748 0.0390102790 0.8892660888 0.5464150192 
-83.4911474210 0.0389898752 0.8893994697 0.5464710062 
-83.5005106611 0.0389693109 0.8895338281 0.5465263099 
-83.5099523503 0.0389485845 0.8896691732 0.5465809277 
-83.5194733539 0.0389276943 0.8898055139 0.5466348570 
-83.5290745477 0.0389066386 0.8899428594 0.5466880954 
-83.5387568179 0.0388854158 0.8900812190 0.5467406407 
-83.5485210611 0.0388640242 0.8902206018 0.5467924908 
-83.5583681848 0.0388424620 0.8903610173 0.5468436436 
-83.5682991072 0.0388207275 0.8905024749 0.5468940971 
-83.5783147574 0.0387988190 0.8906449841 0.5469438497 
-83.5884160756 0.0387767348 0.8907885544 0.5469928996 
-83.5986040131 0.0387544729 0.8909331956 0.5470412453 
-83.6088795326 0.0387320316 0.8910789173 0.5470888854 
-83.6192436083 0.0387094091 0.8912257292 0.5471358185 
-83.6296972256 0.0386866035 0.8913736414 0.5471820433 
-83.6402413820 0.0386636130 0.8915226636 0.5472275589 
-83.6508770867 0.0386404357 0.8916728059 0.5472723641 
-83.6616053606 0.0386170697 0.8918240784 0.5473164581 
-83.6724272371 0.0385935131 0.8919764912 0.5473598399 
-83.6833437616 0.0385697639 0.8921300545 0.5474025090 
-83.6943559918 0.0385458203 0.8922847785 0.5474444646 
-83.7054649981 0.0385216801 0.8924406736 0.5474857061 
-83.7166718635 0.0384973415 0.8925977503 0.5475262332 
-83.7279776838 0.0384728024 0.8927560190 0.5475660453 
-83.7393835677 0.0384480607 0.8929154903 0.5476051421 
-83.7508906370 0.0384231145 0.8930761747 0.5476435233 
-83.7625000267 0.0383979617 0.8932380829 0.5476811886 
-83.7742128855 0.0383726001 0.8934012258 0.5477181379 
-83.7860303754 0.0383470277 0.8935656140 0.5477543709 
-83.7979536721 0.0383212424 0.8937312585 0.5477898876 
-83.8099839652 0.0382952419 0.8938981703 0.5478246877 
-83.8221224585 0.0382690241 0.8940663603 0.5478587712 
-83.8343703698 0.0382425868 0.8942358395 0.5478921380 
-83.8467289315 0.0382159278 0.8944066192 0.5479247878 
-83.8591993903 0.0381890448 0.8945787105 0.5479567204 
-83.8717830077 0.0381619357 0.8947521247 0.5479879357 
-83.8844810603 0.0381345981 0.8949268730 0.5480184334 
-83.8972948393 0.0381070298 0.8951029669 0.5480482130 
-83.9102256517 0.0380792283 0.8952804177 0.5480772741 
-83.9232748196 0.0380511914 0.8954592370 0.5481056160 
-83.9364436806 0.0380229168 0.8956394363 0.5481332380 
-83.9497335885 0.0379944019 0.8958210272 0.5481601393 
-83.9631459128 0.0379656445 0.8960040213 0.5481863185 
-83.9766820392 0.0379366421 0.8961884304 0.5482117745 
-83.9903433699 0.0379073922 0.8963742663 0.5482365057 
-84.0041313237 0.0378778924 0.8965615406 0.5482605100 
-84.0180473361 0.0378481401 0.8967502654 0.5482837853 
-84.0320928597 0.0378181329 0.8969404524 0.5483063289 
-84.0462693642 0.0377878683 0.8971321137 0.5483281379 
-84.0605783368 0.0377573435 0.8973252613 0.5483492088 
-84.0750212825 0.0377265562 0.8975199072 0.5483695375 
-84.0895997238 0.0376955035 0.8977160635 0.5483891193 
-84.1043152016 0.0376641830 0.8979137424 0.5484079492 
-84.1191692752 0.0376325920 0.8981129560 0.5484260210 
-84.1341635221 0.0376007277 0.8983137166 0.5484433280 
-84.1492995391 0.0375685876 0.8985160364 0.5484598625 
-84.1645789417 0.0375361687 0.8987199278 0.5484756159 
-84.1800033648 0.0375034685 0.8989254030 0.5484905784 
-84.1955744630 0.0374704840 0.8991324745 0.5485047392 
-84.2112939105 0.0374372126 0.8993411546 0.5485180860 
-84.2271634019 0.0374036514 0.8995514557 0.5485306051 
-84.2431846518 0.0373697975 0.8997633905 0.5485422813 
-84.2593593959 0.0373356481 0.8999769713 0.5485530974 
-84.2756893904 0.0373012002 0.9001922107 0.5485630346 
-84.2921764130 0.0372664510 0.9004091211 0.5485720718 
-84.3088222630 0.0372313975 0.9006277153 0.5485801855 
-84.3256287613 0.0371960366 0.9008480058 0.5485873499 
-84.3425977512 0.0371603655 0.9010700052 0.5485935361 
-84.3597310983 0.0371243810 0.9012937262 0.5485987122 
-84.3770306912 0.0370880802 0.9015191813 0.5486028431 
-84.3944984416 0.0370514598 0.9017463834 0.5486058898 
-84.4121362847 0.0370145169 0.9019753450 0.5486078093 
-84.4299461797 0.0369772483 0.9022060788 0.5486085542 
-84.4479301100 0.0369396508 0.9024385976 0.5486080723 
-84.4660900835 0.0369017212 0.9026729141 0.5486063059 
-84.4844281336 0.0368634564 0.9029090409 0.5486031916 
-84.5029463187 0.0368248530 0.9031469909 0.5485986596 
-84.5216467235 0.0367859078 0.9033867767 0.5485926332 
-84.5405314588 0.0367466174 0.9036284111 0.5485850282 
-84.5596026624 0.0367069787 0.9038719069 0.5485757520 
-84.5788624993 0.0366669880 0.9041172767 0.5485647032 
-84.5983131623 0.0366266422 0.9043645333 0.5485517705 
-84.6179568727 0.0365859378 0.9046136894 0.5485368321 
-84.6377958806 0.0365448712 0.9048647577 0.5485197547 
-84.6578324653 0.0365034391 0.9051177510 0.5485003928 
-84.6780689365 0.0364616379 0.9053726820 0.5484785873 
-84.6985076343 0.0364194640 0.9056295633 0.5484541651 
-84.7191509302 0.0363769140 0.9058884077 0.5484269379 
-84.7400012276 0.0363339840 0.9061492279 0.5483967012 
-84.7610609627 0.0362906706 0.9064120366 0.5483632335 
-84.7823326050 0.0362469700 0.9066768463 0.5483262957 
-84.8038186582 0.0362028784 0.9069436699 0.5482856307 
-84.8255216611 0.0361583922 0.9072125198 0.5482409630 
-84.8474441882 0.0361135076 0.9074834089 0.5481919994 
-84.8695888509 0.0360682206 0.9077563496 0.5481384296 
-84.8919582982 0.0360225275 0.9080313547 0.5480799282 
-84.9145552178 0.0359764243 0.9083084367 0.5480161575 
-84.9373823368 0.0359299070 0.9085876083 0.5479467714 
-84.9604424233 0.0358829717 0.9088688821 0.5478714202 
-84.9837382869 0.0358356144 0.9091522707 0.5477897565 
-85.0072727800 0.0357878308 0.9094377867 0.5477014403 
-85.0310487989 0.0357396170 0.9097254427 0.5476061498 
-85.0550692849 0.0356909686 0.9100152513 0.5475036281 
-85.0793372280 0.0356418816 0.9103072251 0.5473939130 
-85.1038556751 0.0355923515 0.9106013770 0.5472782211 
-85.1286277486 0.0355423741 0.9108977199 0.5471609534 
-85.1536566463 0.0354919447 0.9111962673 0.5470504170 
-85.1789455899 0.0354410588 0.9114970323 0.5469548449 
-85.2044977814 0.0353897121 0.9118000270 0.5468791755 
-85.2303164035 0.0353379002 0.9121052627 0.5468257521 
-85.2564046257 0.0352856189 0.9124127498 0.5467952450 
-85.2827656055 0.0352328639 0.9127224979 0.5467867905 
-85.3094024924 0.0351796313 0.9130345160 0.5467981208 
-85.3363184356 0.0351259169 0.9133488120 0.5468259999 
-85.3635165962 0.0350717168 0.9136653938 0.5468667771 
-85.3665089731 0.0350657579 0.9137003130 0.5468606982 
