-76.3086442925 0.0580739008 0.7340650562 0.3152963392 
-76.3088820465 0.0580731481 0.7340718064 0.3152876573 
-76.3093575578 0.0580716427 0.7340853064 0.3152703341 
-76.3100708329 0.0580693847 0.7341055559 0.3152444500 
-76.3110218816 0.0580663741 0.7341325542 0.3152101223 
-76.3122107166 0.0580626109 0.7341663006 0.3151675016 
-76.3136372931 0.0580580955 0.7342067919 0.3150962109 
-76.3153017725 0.0580528274 0.7342540314 0.3150411785 
-76.3172041119 0.0580468071 0.7343080154 0.3149814739 
-76.3193443320 0.0580400347 0.7343687421 0.3149171163 
-76.3217224548 0.0580325102 0.7344362093 0.3148481296 
-76.3243385032 0.0580242340 0.7345104146 0.3147745417 
-76.3271925019 0.0580152062 0.7345913554 0.3146963836 
-76.3302844763 0.0580054271 0.7346790286 0.3146136891 
-76.3336144535 0.0579948969 0.7347734309 0.3145264937 
-76.3371824616 0.0579836159 0.7348745589 0.3144348344 
-76.3409885299 0.0579715845 0.7349824086 0.3143387488 
-76.3450326892 0.0579588029 0.7350969761 0.3142382751 
-76.3493149714 0.0579452715 0.7352182569 0.3141334513 
-76.3538354096 0.0579309906 0.7353462463 0.3140243148 
-76.3585940382 0.0579159607 0.7354809396 0.3139109025 
-76.3635908930 0.0579001822 0.7356223313 0.3137932500 
-76.3688260108 0.0578836555 0.7357704160 0.3136713918 
-76.3742994301 0.0578663811 0.7359251880 0.3135453609 
-76.3800111903 0.0578483595 0.7360866411 0.3134151887 
-76.3859613324 0.0578295911 0.7362547691 0.3132809050 
-76.3921498986 0.0578100766 0.7364295652 0.3131425376 
-76.3985769326 0.0577898164 0.7366110226 0.3130001128 
-76.4052424793 0.0577688111 0.7367991340 0.3128536550 
-76.4121465853 0.0577470614 0.7369938921 0.3127031867 
-76.4192892985 0.0577245678 0.7371952889 0.3125487286 
-76.4266706682 0.0577013310 0.7374033165 0.3123902997 
-76.4342907454 0.0576773516 0.7376179665 0.3122279175 
-76.4421495826 0.0576526303 0.7378392303 0.3120615975 
-76.4502472338 0.0576271679 0.7380670991 0.3118913541 
-76.4585837550 0.0576009650 0.7383015635 0.3117171998 
-76.4671592035 0.0575740224 0.7385426141 0.3115391459 
-76.4759736384 0.0575463409 0.7387902413 0.3113572026 
-76.4850271210 0.0575179212 0.7390444348 0.3111713785 
-76.4943197139 0.0574887642 0.7393051845 0.3109816815 
-76.5038514820 0.0574588706 0.7395724797 0.3107881181 
-76.5136224920 0.0574282414 0.7398463095 0.3105906941 
-76.5236328127 0.0573968774 0.7401266627 0.3103894144 
-76.5338825148 0.0573647794 0.7404135279 0.3101842830 
-76.5443716715 0.0573319485 0.7407068934 0.3099753035 
-76.5551003579 0.0572983854 0.7410067471 0.3097624784 
-76.5660686516 0.0572640912 0.7413130767 0.3095458101 
-76.5772766323 0.0572290669 0.7416258697 0.3093253003 
-76.5887243825 0.0571933133 0.7419451131 0.3091009503 
-76.6004119869 0.0571568315 0.7422707940 0.3088727609 
-76.6123395329 0.0571196226 0.7426028987 0.3086407328 
-76.6245071106 0.0570816875 0.7429414137 0.3084048662 
-76.6369148127 0.0570430273 0.7432863249 0.3081651613 
-76.6495627349 0.0570036431 0.7436376182 0.3079216179 
-76.6624509757 0.0569635360 0.7439952789 0.3076742358 
-76.6755796366 0.0569227070 0.7443592923 0.3074230147 
-76.6889488223 0.0568811573 0.7447296433 0.3071679539 
-76.7025586404 0.0568388881 0.7451063165 0.3069090531 
-76.7164092021 0.0567959004 0.7454892963 0.3066463115 
-76.7305006217 0.0567521955 0.7458785668 0.3063797288 
-76.7448330172 0.0567077745 0.7462741118 0.3061093043 
-76.7594065099 0.0566626386 0.7466759149 0.3058350374 
-76.7742212249 0.0566167891 0.7470839593 0.3055569277 
-76.7892772911 0.0565702271 0.7474982280 0.3052749747 
-76.8045748411 0.0565229540 0.7479187039 0.3049891781 
-76.8201140116 0.0564749709 0.7483453693 0.3046995375 
-76.8358949433 0.0564262792 0.7487782064 0.3044060527 
-76.8519177811 0.0563768801 0.7492171972 0.3041087236 
-76.8681826743 0.0563267749 0.7496623234 0.3038075500 
-76.8846897764 0.0562759649 0.7501135663 0.3035025320 
-76.9014392457 0.0562244514 0.7505709071 0.3031936697 
-76.9184312449 0.0561722358 0.7510343266 0.3028809631 
-76.9356659415 0.0561193195 0.7515038054 0.3025644125 
-76.9531435080 0.0560657036 0.7519793239 0.3022440181 
-76.9708641218 0.0560113898 0.7524608622 0.3019197801 
-76.9888279656 0.0559563792 0.7529484000 0.3015916987 
-77.0070352271 0.0559006733 0.7534419169 0.3012597742 
-77.0254860997 0.0558442734 0.7539413923 0.3009240067 
-77.0441807820 0.0557871811 0.7544468052 0.3005843961 
-77.0631194786 0.0557293976 0.7549581342 0.3002409425 
-77.0823023997 0.0556709245 0.7554753580 0.2998936454 
-77.1017297614 0.0556117631 0.7559984549 0.2995425042 
-77.1214017860 0.0555519149 0.7565274028 0.2991875182 
-77.1413187020 0.0554913813 0.7570621795 0.2988286860 
-77.1614807444 0.0554301637 0.7576027625 0.2984660059 
-77.1818881543 0.0553682637 0.7581491291 0.2980994756 
-77.2025411801 0.0553056827 0.7587012562 0.2977290922 
-77.2234400765 0.0552424222 0.7592591207 0.2973548520 
-77.2445851054 0.0551784836 0.7598226990 0.2969767504 
-77.2659765359 0.0551138684 0.7603919673 0.2965947817 
-77.2876146444 0.0550485781 0.7609669018 0.2962089393 
-77.3094997146 0.0549826142 0.7615474781 0.2958192150 
-77.3316320381 0.0549159782 0.7621336719 0.2954255991 
-77.3540119142 0.0548486716 0.7627254582 0.2950280804 
-77.3766396502 0.0547806958 0.7633228123 0.2946266456 
-77.3995155615 0.0547120524 0.7639257089 0.2942212791 
-77.4226399720 0.0546427429 0.7645341226 0.2938119630 
-77.4460132140 0.0545727688 0.7651480276 0.2933986766 
-77.4696356286 0.0545021316 0.7657673981 0.2929813962 
-77.4935075659 0.0544308328 0.7663922080 0.2925600945 
-77.5176293850 0.0543588740 0.7670224307 0.2921347405 
-77.5420014542 0.0542862565 0.7676580397 0.2917052990 
-77.5666241516 0.0542129820 0.7682990082 0.2912717298 
-77.5914978649 0.0541390519 0.7689453091 0.2908339879 
-77.6166229916 0.0540644677 0.7695969150 0.2903920222 
-77.6419999396 0.0539892310 0.7702537985 0.2899457754 
-77.6676291270 0.0539133432 0.7709159317 0.2894951831 
-77.6935109825 0.0538368059 0.7715832867 0.2890401733 
-77.7196459458 0.0537596205 0.7722558352 0.2885806654 
-77.7460344674 0.0536817885 0.7729335489 0.2881165696 
-77.7726770094 0.0536033115 0.7736163990 0.2876477859 
-77.7995740452 0.0535241909 0.7743043568 0.2871742033 
-77.8267260603 0.0534444281 0.7749973931 0.2866956986 
-77.8541335518 0.0533640247 0.7756954786 0.2862121355 
-77.8817970297 0.0532829821 0.7763985838 0.2857233635 
-77.9097170163 0.0532013018 0.7771066790 0.2852292169 
-77.9378940467 0.0531189852 0.7778197343 0.2847295132 
-77.9663286695 0.0530360338 0.7785377195 0.2842240526 
-77.9950214463 0.0529524489 0.7792606043 0.2837126161 
-78.0239729530 0.0528682321 0.7799883582 0.2831949653 
-78.0531837793 0.0527833847 0.7807209504 0.2826708407 
-78.0826545292 0.0526979082 0.7814583500 0.2821399615 
-78.1123858216 0.0526118039 0.7822005259 0.2816020249 
-78.1423782906 0.0525250733 0.7829474467 0.2810567063 
-78.1726325854 0.0524377176 0.7836990809 0.2805036599 
-78.2031493711 0.0523497383 0.7844553969 0.2799425204 
-78.2339293290 0.0522611366 0.7852163628 0.2793729057 
-78.2649731569 0.0521719140 0.7859819465 0.2787944207 
-78.2962815694 0.0520820717 0.7867521157 0.2782066641 
-78.3278552984 0.0519916111 0.7875268381 0.2776092356 
-78.3596950933 0.0519005334 0.7883060811 0.2770017468 
-78.3918017219 0.0518088399 0.7890898120 0.2763838344 
-78.4241759701 0.0517165318 0.7898779978 0.2757551789 
-78.4568186427 0.0516236104 0.7906706055 0.2751155489 
-78.4897305640 0.0515300768 0.7914676018 0.2744649465 
-78.5229125788 0.0514359324 0.7922689533 0.2738041179 
-78.5563655549 0.0513411781 0.7930746267 0.2731359842 
-78.5900903863 0.0512458152 0.7938845884 0.2724678044 
-78.6240879899 0.0511498448 0.7946988048 0.2718106807 
-78.6583592947 0.0510532679 0.7955172421 0.2711748473 
-78.6929052351 0.0509560856 0.7963398657 0.2705668699 
-78.7277267504 0.0508582992 0.7971666405 0.2699903571 
-78.7628247866 0.0507599098 0.7979975309 0.2694467940 
-78.7982002967 0.0506609186 0.7988325008 0.2689356480 
-78.8338542415 0.0505613268 0.7996715134 0.2684544426 
-78.8697875920 0.0504611356 0.8005145318 0.2679992020 
-78.9060013317 0.0503603462 0.8013615182 0.2675651240 
-78.9093917342 0.0503509192 0.8014409062 0.2675387116 
