-82.6356965786 0.0409126722 0.8760647223 0.4979870728 
-82.6361585646 0.0409116111 0.8760720609 0.4979720255 
-82.6370828904 0.0409094880 0.8760867427 0.4979419140 
-82.6384702643 0.0409063016 0.8761087771 0.4978967329 
-82.6403217501 0.0409020496 0.8761381783 0.4978365410 
-82.6426387669 0.0408967291 0.8761749650 0.4977615293 
-82.6454229317 0.0408903368 0.8762191582 0.4976536283 
-82.6486769852 0.0408828667 0.8762707963 0.4975676414 
-82.6524030887 0.0408743145 0.8763299064 0.4974837778 
-82.6566037885 0.0408646750 0.8763965213 0.4974014246 
-82.6612818588 0.0408539425 0.8764706756 0.4973200865 
-82.6664403075 0.0408421110 0.8765524068 0.4972393662 
-82.6720823807 0.0408291738 0.8766417548 0.4971589468 
-82.6782115674 0.0408151239 0.8767387622 0.4970785748 
-82.6848316033 0.0407999539 0.8768434741 0.4969980455 
-82.6919464749 0.0407836557 0.8769559382 0.4969171908 
-82.6995604234 0.0407662209 0.8770762049 0.4968358701 
-82.7076779479 0.0407476406 0.8772043274 0.4967539623 
-82.7163038096 0.0407279053 0.8773403614 0.4966713609 
-82.7254430356 0.0407070050 0.8774843653 0.4965879690 
-82.7351009228 0.0406849294 0.8776364002 0.4965036971 
-82.7452830419 0.0406616675 0.8777965298 0.4964184602 
-82.7559952421 0.0406372077 0.8779648205 0.4963321763 
-82.7672436549 0.0406115383 0.8781413416 0.4962447654 
-82.7790346992 0.0405846465 0.8783261648 0.4961561478 
-82.7913750864 0.0405565195 0.8785193645 0.4960662439 
-82.8042718246 0.0405271436 0.8787210178 0.4959749730 
-82.8177322247 0.0404965047 0.8789312046 0.4958822528 
-82.8317639058 0.0404645882 0.8791500071 0.4957879989 
-82.8463748005 0.0404313788 0.8793775105 0.4956921239 
-82.8615731615 0.0403968609 0.8796138024 0.4955945369 
-82.8773675678 0.0403610181 0.8798589731 0.4954951422 
-82.8937669311 0.0403238335 0.8801131153 0.4953938388 
-82.9107805028 0.0402852896 0.8803763246 0.4952905186 
-82.9284178814 0.0402453684 0.8806486988 0.4951850650 
-82.9466890200 0.0402040512 0.8809303386 0.4950773510 
-82.9656042339 0.0401613187 0.8812213468 0.4949672361 
-82.9851742094 0.0401171512 0.8815218291 0.4948545639 
-83.0054100124 0.0400715281 0.8818318932 0.4947391574 
-83.0263230975 0.0400244284 0.8821516497 0.4946208143 
-83.0479253176 0.0399758303 0.8824812113 0.4944993006 
-83.0702289346 0.0399257114 0.8828206931 0.4943743425 
-83.0932466299 0.0398740488 0.8831702126 0.4942456162 
-83.1169915162 0.0398208187 0.8835298896 0.4941127349 
-83.1414771499 0.0397659967 0.8838998463 0.4939752331 
-83.1667175445 0.0397095579 0.8842802069 0.4938325459 
-83.1927271852 0.0396514764 0.8846710981 0.4936839840 
-83.2195210442 0.0395917258 0.8850726487 0.4935287020 
-83.2471145986 0.0395302787 0.8854849897 0.4933656600 
-83.2755238491 0.0394671073 0.8859082545 0.4931935769 
-83.3047653413 0.0394021828 0.8863425786 0.4930108755 
-83.3348561896 0.0393354755 0.8867880999 0.4928156211 
-83.3658141040 0.0392669550 0.8872449587 0.4926054574 
-83.3976574208 0.0391965899 0.8877132977 0.4923775547 
-83.4304051370 0.0391243479 0.8881932624 0.4921285965 
-83.4640769497 0.0390501957 0.8886850010 0.4918548711 
-83.4986933016 0.0389740989 0.8891886651 0.4915526789 
-83.5342754370 0.0388960221 0.8897044096 0.4912202386 
-83.5708454933 0.0388159282 0.8902323937 0.4908657825 
-83.6084265217 0.0387337790 0.8907727811 0.4905163801 
-83.6470421541 0.0386495359 0.8913257337 0.4901984844 
-83.6558801552 0.0386302787 0.8914520731 0.4901383820 
