-82.9099500251 0.0402873621 0.8802758833 0.4979481161 
-82.9108566826 0.0402853091 0.8802898617 0.4979295356 
-82.9126709195 0.0402812012 0.8803178289 0.4978921020 
-82.9153945845 0.0402750348 0.8803598058 0.4978353397 
-82.9190304612 0.0402668045 0.8804158239 0.4977587050 
-82.9235822784 0.0402565031 0.8804859253 0.4976617687 
-82.9290545617 0.0402441217 0.8805701604 0.4975256152 
-82.9354537095 0.0402296477 0.8806686050 0.4974137917 
-82.9427858420 0.0402130693 0.8807813255 0.4973050807 
-82.9510579388 0.0401943732 0.8809083970 0.4971981623 
-82.9602776971 0.0401735446 0.8810499010 0.4970920524 
-82.9704535504 0.0401505677 0.8812059254 0.4969860202 
-82.9815946847 0.0401254251 0.8813765649 0.4968795193 
-82.9937110547 0.0400980982 0.8815619206 0.4967721332 
-83.0068133981 0.0400685668 0.8817621002 0.4966635351 
-83.0209132507 0.0400368096 0.8819772183 0.4965534593 
-83.0360229616 0.0400028036 0.8822073957 0.4964416808 
-83.0521557088 0.0399665247 0.8824527602 0.4963280004 
-83.0693255156 0.0399279470 0.8827134457 0.4962122353 
-83.0875472676 0.0398870433 0.8829895927 0.4960942109 
-83.1068367314 0.0398437851 0.8832813482 0.4959737562 
-83.1272105731 0.0397981421 0.8835888652 0.4958506983 
-83.1486863790 0.0397500827 0.8839123032 0.4957248592 
-83.1712826775 0.0396995736 0.8842518274 0.4955960516 
-83.1950189611 0.0396465803 0.8846076092 0.4954640750 
-83.2199157113 0.0395910663 0.8849798257 0.4953287114 
-83.2459944241 0.0395329939 0.8853686598 0.4951897199 
-83.2732776370 0.0394723235 0.8857742999 0.4950468304 
-83.3017889582 0.0394090141 0.8861969397 0.4948997360 
-83.3315530975 0.0393430229 0.8866367780 0.4947480828 
-83.3625958987 0.0392743056 0.8870940188 0.4945914569 
-83.3949443747 0.0392028161 0.8875688706 0.4944293682 
-83.4286267450 0.0391285066 0.8880615469 0.4942612291 
-83.4636724756 0.0390513275 0.8885722651 0.4940863266 
-83.5001123222 0.0389712276 0.8891012471 0.4939037861 
-83.5379783770 0.0388881537 0.8896487184 0.4937125248 
-83.5773041192 0.0388020508 0.8902149083 0.4935111893 
-83.6181244704 0.0387128620 0.8908000496 0.4932980750 
-83.6604758558 0.0386205286 0.8914043782 0.4930710199 
-83.7043962724 0.0385249897 0.8920281331 0.4928272661 
-83.7499253642 0.0384261825 0.8926715561 0.4925632812 
-83.7971045095 0.0383240418 0.8933348920 0.4922745309 
-83.8459769186 0.0382185003 0.8940183882 0.4919552004 
-83.8965877484 0.0381094884 0.8947222951 0.4915978809 
-83.9489842352 0.0379969337 0.8954468663 0.4911932824 
-84.0032158507 0.0378807612 0.8961923589 0.4907301368 
-84.0593344831 0.0377608929 0.8969590343 0.4901955694 
-84.1173946713 0.0376372473 0.8977471594 0.4895803344 
-84.1774542209 0.0375097387 0.8985570132 0.4889410277 
-84.2395736700 0.0373782782 0.8993888760 0.4884016676 
-84.3038138891 0.0372427788 0.9002429941 0.4879910616 
-84.3086015832 0.0372326982 0.9003065263 0.4879670354 
