-82.2250879603 0.0418656608 0.8695293306 0.5050365157 
-82.2252797760 0.0418652109 0.8695324515 0.5050232285 
-82.2256636181 0.0418643106 0.8695386969 0.5049966384 
-82.2262399083 0.0418629588 0.8695480734 0.5049567421 
-82.2270092804 0.0418611543 0.8695605915 0.5049036006 
-82.2279725797 0.0418588949 0.8695762648 0.5048374068 
-82.2291306963 0.0418561788 0.8695951076 0.5047402906 
-82.2304855428 0.0418530015 0.8696171517 0.5046664722 
-82.2320382542 0.0418493605 0.8696424152 0.5045963794 
-82.2337902056 0.0418452526 0.8696709197 0.5045294132 
-82.2357428456 0.0418406745 0.8697026883 0.5044650920 
-82.2378977012 0.0418356229 0.8697377447 0.5044030326 
-82.2402563814 0.0418300941 0.8697761140 0.5043429323 
-82.2428205807 0.0418240843 0.8698178223 0.5042845524 
-82.2455920818 0.0418175895 0.8698628971 0.5042277037 
-82.2485727579 0.0418106056 0.8699113669 0.5041722347 
-82.2517645753 0.0418031281 0.8699632618 0.5041180222 
-82.2551695951 0.0417951525 0.8700186128 0.5040649638 
-82.2587899750 0.0417866739 0.8700774526 0.5040129728 
-82.2626279715 0.0417776875 0.8701398149 0.5039619740 
-82.2666859415 0.0417681879 0.8702057351 0.5039119004 
-82.2709663442 0.0417581697 0.8702752497 0.5038626918 
-82.2754717429 0.0417476274 0.8703483968 0.5038142926 
-82.2802048066 0.0417365549 0.8704252158 0.5037666507 
-82.2851683125 0.0417249462 0.8705057476 0.5037197170 
-82.2903651474 0.0417127949 0.8705900345 0.5036734444 
-82.2957983096 0.0417000945 0.8706781203 0.5036277873 
-82.3014709115 0.0416868382 0.8707700503 0.5035827013 
-82.3073861810 0.0416730190 0.8708658712 0.5035381430 
-82.3135474644 0.0416586294 0.8709656314 0.5034940694 
-82.3199582280 0.0416436620 0.8710693808 0.5034504381 
-82.3266220604 0.0416281090 0.8711771707 0.5034072065 
-82.3335426756 0.0416119624 0.8712890542 0.5033643319 
-82.3407239144 0.0415952137 0.8714050858 0.5033217709 
-82.3481697480 0.0415778544 0.8715253217 0.5032794786 
-82.3558842796 0.0415598757 0.8716498198 0.5032374087 
-82.3638717479 0.0415412685 0.8717786395 0.5031955120 
-82.3721365297 0.0415220232 0.8719118420 0.5031537357 
-82.3806831425 0.0415021303 0.8720494902 0.5031120224 
-82.3895162482 0.0414815798 0.8721916486 0.5030703083 
-82.3986406558 0.0414603613 0.8723383834 0.5030285210 
-82.4080613251 0.0414384644 0.8724897628 0.5029865779 
-82.4177833699 0.0414158781 0.8726458565 0.5029443824 
-82.4278120623 0.0413925912 0.8728067362 0.5029018204 
-82.4381528362 0.0413685923 0.8729724753 0.5028587556 
-82.4488112920 0.0413438695 0.8731431492 0.5028150236 
-82.4597932010 0.0413184106 0.8733188350 0.5027704251 
-82.4711045105 0.0412922032 0.8734996118 0.5027247169 
-82.4827513493 0.0412652343 0.8736855609 0.5026776024 
-82.4947400336 0.0412374907 0.8738767653 0.5026287194 
-82.5070770743 0.0412089590 0.8740733103 0.5025776272 
-82.5197691834 0.0411796250 0.8742752833 0.5025237941 
-82.5328232837 0.0411494744 0.8744827738 0.5024665846 
-82.5462465170 0.0411184924 0.8746958738 0.5024052539 
-82.5600462557 0.0410866637 0.8749146777 0.5023389532 
-82.5742301137 0.0410539728 0.8751392824 0.5022667613 
-82.5888059601 0.0410204033 0.8753697876 0.5021877666 
-82.6037819327 0.0409859386 0.8756062958 0.5021012476 
-82.6191664521 0.0409505614 0.8758489125 0.5020070401 
-82.6349682342 0.0409142540 0.8760977463 0.5019062126 
-82.6511962936 0.0408769980 0.8763529090 0.5018019267 
-82.6595280989 0.0408578821 0.8764837701 0.5017493482 
-82.6683001831 0.0408377650 0.8766214755 0.5016930810 
-82.6775175550 0.0408166363 0.8767660859 0.5016339376 
-82.6871854763 0.0407944857 0.8769176649 0.5015724924 
-82.6973094604 0.0407713019 0.8770762785 0.5015091411 
-82.7078952732 0.0407470735 0.8772419956 0.5014441475 
-82.7189489347 0.0407217883 0.8774148876 0.5013776805 
-82.7304767221 0.0406954340 0.8775950285 0.5013098415 
-82.7424851729 0.0406679974 0.8777824946 0.5012406847 
-82.7549810890 0.0406394651 0.8779773653 0.5011702323 
-82.7679715409 0.0406098231 0.8781797220 0.5010984843 
-82.7814638728 0.0405790569 0.8783896488 0.5010254254 
-82.7954657069 0.0405471516 0.8786072325 0.5009510302 
-82.8099849495 0.0405140917 0.8788325622 0.5008752656 
-82.8250297960 0.0404798612 0.8790657295 0.5007980932 
-82.8406087369 0.0404444435 0.8793068286 0.5007194704 
-82.8567305639 0.0404078217 0.8795559561 0.5006393511 
-82.8734043763 0.0403699781 0.8798132111 0.5005576864 
-82.8906395875 0.0403308947 0.8800786953 0.5004744243 
-82.9084459317 0.0402905527 0.8803525125 0.5003895105 
-82.9268334717 0.0402489331 0.8806347692 0.5003028876 
-82.9458126055 0.0402060159 0.8809255742 0.5002144955 
-82.9653940745 0.0401617809 0.8812250388 0.5001242705 
-82.9855889717 0.0401162072 0.8815332763 0.5000321455 
-83.0064087497 0.0400692732 0.8818504028 0.4999380489 
-83.0278652296 0.0400209569 0.8821765364 0.4998419044 
-83.0499706102 0.0399712356 0.8825117975 0.4997436296 
-83.0727374770 0.0399200860 0.8828563087 0.4996431358 
-83.0961788125 0.0398674842 0.8832101950 0.4995403257 
-83.1203080062 0.0398134057 0.8835735832 0.4994350929 
-83.1451388655 0.0397578253 0.8839466026 0.4993273193 
-83.1706856263 0.0397007172 0.8843293841 0.4992168731 
-83.1969629653 0.0396420550 0.8847220609 0.4991036058 
-83.2239860117 0.0395818115 0.8851247682 0.4989873491 
-83.2517703600 0.0395199590 0.8855376427 0.4988679101 
-83.2803320837 0.0394564689 0.8859608234 0.4987450663 
-83.3096877486 0.0393913123 0.8863944507 0.4986185590 
-83.3398544282 0.0393244590 0.8868386667 0.4984880849 
-83.3708497191 0.0392558787 0.8872936153 0.4983532861 
-83.4026917571 0.0391855400 0.8877594418 0.4982137371 
-83.4353992350 0.0391134108 0.8882362931 0.4980689289 
-83.4689914213 0.0390394583 0.8887243171 0.4979182488 
-83.5034881797 0.0389636490 0.8892236636 0.4977609555 
-83.5389099905 0.0388859484 0.8897344830 0.4975961467 
-83.5752779744 0.0388063214 0.8902569274 0.4974227199 
-83.6126139167 0.0387247320 0.8907911497 0.4972393223 
-83.6509402953 0.0386411433 0.8913373041 0.4970442879 
-83.6902803114 0.0385555174 0.8918955454 0.4968355599 
-83.7306579223 0.0384678158 0.8924660300 0.4966105949 
-83.7720978803 0.0383779986 0.8930489150 0.4963662466 
-83.8146257746 0.0382860253 0.8936443585 0.4960986303 
-83.8582680801 0.0381918540 0.8942525202 0.4958029732 
-83.9030522132 0.0380954418 0.8948735609 0.4954734674 
-83.9490065952 0.0379967446 0.8955076431 0.4951031574 
-83.9961607257 0.0378957168 0.8961549312 0.4946839224 
-84.0445452742 0.0377923114 0.8968155922 0.4942078088 
-84.0941923102 0.0376864797 0.8974897979 0.4936866454 
-84.1451355185 0.0375781703 0.8981777273 0.4931893749 
-84.1974091611 0.0374673322 0.8988795503 0.4927686721 
-84.2510475012 0.0373539153 0.8995954198 0.4924290025 
-82.6595280989 0.0408578821 0.8764837701 0.5017493482 
-82.6683001831 0.0408377650 0.8766214755 0.5016930810 
-82.6775175550 0.0408166363 0.8767660859 0.5016339376 
-82.6871854763 0.0407944857 0.8769176649 0.5015724924 
-82.6973094604 0.0407713019 0.8770762785 0.5015091411 
-82.7078952732 0.0407470735 0.8772419956 0.5014441475 
-82.7189489347 0.0407217883 0.8774148876 0.5013776805 
-82.7304767221 0.0406954340 0.8775950285 0.5013098415 
-82.7424851729 0.0406679974 0.8777824946 0.5012406847 
-82.7549810890 0.0406394651 0.8779773653 0.5011702323 
-82.7679715409 0.0406098231 0.8781797220 0.5010984843 
-82.7814638728 0.0405790569 0.8783896488 0.5010254254 
-82.7954657069 0.0405471516 0.8786072325 0.5009510302 
-82.8099849495 0.0405140917 0.8788325622 0.5008752656 
-82.8250297960 0.0404798612 0.8790657295 0.5007980932 
-82.8406087369 0.0404444435 0.8793068286 0.5007194704 
-82.8567305639 0.0404078217 0.8795559561 0.5006393511 
-82.8734043763 0.0403699781 0.8798132111 0.5005576864 
-82.8906395875 0.0403308947 0.8800786953 0.5004744243 
-82.9084459317 0.0402905527 0.8803525125 0.5003895105 
-82.9268334717 0.0402489331 0.8806347692 0.5003028876 
-82.9458126055 0.0402060159 0.8809255742 0.5002144955 
-82.9653940745 0.0401617809 0.8812250388 0.5001242705 
-82.9855889717 0.0401162072 0.8815332763 0.5000321455 
-83.0064087497 0.0400692732 0.8818504028 0.4999380489 
-83.0278652296 0.0400209569 0.8821765364 0.4998419044 
-83.0499706102 0.0399712356 0.8825117975 0.4997436296 
-83.0727374770 0.0399200860 0.8828563087 0.4996431358 
-83.0961788125 0.0398674842 0.8832101950 0.4995403257 
-83.1203080063 0.0398134057 0.8835735832 0.4994350929 
-83.1451388655 0.0397578253 0.8839466026 0.4993273193 
-83.1706856263 0.0397007172 0.8843293841 0.4992168731 
-83.1969629653 0.0396420550 0.8847220609 0.4991036058 
-83.2239860117 0.0395818115 0.8851247682 0.4989873491 
-83.2517703600 0.0395199590 0.8855376427 0.4988679101 
-83.2803320837 0.0394564689 0.8859608234 0.4987450663 
-83.3096877486 0.0393913123 0.8863944507 0.4986185590 
-83.3398544282 0.0393244590 0.8868386667 0.4984880849 
-83.3708497191 0.0392558787 0.8872936153 0.4983532861 
-83.4026917571 0.0391855400 0.8877594418 0.4982137371 
-83.4353992350 0.0391134108 0.8882362931 0.4980689289 
-83.4689914213 0.0390394583 0.8887243171 0.4979182488 
-83.5034881797 0.0389636490 0.8892236636 0.4977609555 
-83.5389099905 0.0388859484 0.8897344830 0.4975961467 
-83.5752779744 0.0388063214 0.8902569274 0.4974227199 
-83.6126139167 0.0387247320 0.8907911497 0.4972393223 
-83.6509402953 0.0386411433 0.8913373041 0.4970442879 
-83.6902803114 0.0385555174 0.8918955454 0.4968355599 
-83.7306579223 0.0384678158 0.8924660300 0.4966105949 
-83.7720978803 0.0383779986 0.8930489150 0.4963662466 
-83.8146257746 0.0382860253 0.8936443585 0.4960986303 
-83.8582680801 0.0381918540 0.8942525202 0.4958029732 
-83.9030522132 0.0380954418 0.8948735609 0.4954734674 
-83.9490065952 0.0379967446 0.8955076431 0.4951031574 
-83.9961607257 0.0378957168 0.8961549312 0.4946839224 
-84.0445452742 0.0377923114 0.8968155922 0.4942078088 
-84.0941923102 0.0376864797 0.8974897979 0.4936866454 
-84.1451355185 0.0375781703 0.8981777273 0.4931893749 
-84.1974091611 0.0374673322 0.8988795503 0.4927686721 
-84.2510475012 0.0373539153 0.8995954198 0.4924290025 
-84.2547206670 0.0373461598 0.8996444389 0.4924107363 
-84.2547206670 0.0373461598 0.8996444389 0.4924107363 
