-81.9925444742 0.0424141338 0.8658378048 0.5090670746 
-81.9925560136 0.0424141064 0.8658379891 0.5090602423 
-81.9925791180 0.0424140516 0.8658383581 0.5090466501 
-81.9926138389 0.0424139692 0.8658389128 0.5090264441 
-81.9926602523 0.0424138591 0.8658396544 0.5089998467 
-81.9927184590 0.0424137210 0.8658405849 0.5089671607 
-81.9927884307 0.0424135550 0.8658417036 0.5089127401 
-81.9928707283 0.0424133597 0.8658430206 0.5088751259 
-81.9929653378 0.0424131353 0.8658445357 0.5088379465 
-81.9930724018 0.0424128812 0.8658462513 0.5088012536 
-81.9931920641 0.0424125973 0.8658481700 0.5087650891 
-81.9933244685 0.0424122832 0.8658502943 0.5087294866 
-81.9934697599 0.0424119384 0.8658526269 0.5086944724 
-81.9936280832 0.0424115628 0.8658551701 0.5086600666 
-81.9937995841 0.0424111559 0.8658579267 0.5086262841 
-81.9939844085 0.0424107173 0.8658608991 0.5085931355 
-81.9941827028 0.0424102468 0.8658640900 0.5085606278 
-81.9943946138 0.0424097441 0.8658675019 0.5085287653 
-81.9946202886 0.0424092086 0.8658711373 0.5084975497 
-81.9948598750 0.0424086401 0.8658749988 0.5084669807 
-81.9951135213 0.0424080383 0.8658790891 0.5084370563 
-81.9953813759 0.0424074028 0.8658834106 0.5084077730 
-81.9956635884 0.0424067332 0.8658879661 0.5083791261 
-81.9959603084 0.0424060292 0.8658927580 0.5083511097 
-81.9962716865 0.0424052905 0.8658977890 0.5083237173 
-81.9965978740 0.0424045166 0.8659030617 0.5082969413 
-81.9969390227 0.0424037072 0.8659085786 0.5082707739 
-81.9972952854 0.0424028620 0.8659143426 0.5082452065 
-81.9976668158 0.0424019805 0.8659203560 0.5082202304 
-81.9980537684 0.0424010625 0.8659266217 0.5081958365 
-81.9984562987 0.0424001076 0.8659331423 0.5081720154 
-81.9988745632 0.0423991153 0.8659399204 0.5081487578 
-81.9993087196 0.0423980853 0.8659469587 0.5081260540 
-81.9997589265 0.0423970173 0.8659542600 0.5081038945 
-82.0002253440 0.0423959109 0.8659618269 0.5080822697 
-82.0007081334 0.0423947656 0.8659696623 0.5080611700 
-82.0012074571 0.0423935811 0.8659777688 0.5080405858 
-82.0017234792 0.0423923571 0.8659861492 0.5080205075 
-82.0022563650 0.0423910930 0.8659948063 0.5080009258 
-82.0028062815 0.0423897886 0.8660037430 0.5079818311 
-82.0033733971 0.0423884435 0.8660129621 0.5079632141 
-82.0039578819 0.0423870571 0.8660224664 0.5079450658 
-82.0045599077 0.0423856293 0.8660322589 0.5079273768 
-82.0051796480 0.0423841594 0.8660423424 0.5079101382 
-82.0058172782 0.0423826471 0.8660527198 0.5078933411 
-82.0064729756 0.0423810921 0.8660633943 0.5078769765 
-82.0071469192 0.0423794938 0.8660743686 0.5078610359 
-82.0078392902 0.0423778518 0.8660856460 0.5078455106 
-82.0085502717 0.0423761658 0.8660972294 0.5078303921 
-82.0092800492 0.0423744353 0.8661091219 0.5078156721 
-82.0100288100 0.0423726598 0.8661213266 0.5078013421 
-82.0107967438 0.0423708389 0.8661338468 0.5077873942 
-82.0115840427 0.0423689721 0.8661466855 0.5077738201 
-82.0123909010 0.0423670591 0.8661598460 0.5077606120 
-82.0132175155 0.0423650993 0.8661733315 0.5077477621 
-82.0140640855 0.0423630922 0.8661871455 0.5077352625 
-82.0149308127 0.0423610375 0.8662012911 0.5077231056 
-82.0158179014 0.0423589345 0.8662157718 0.5077112840 
-82.0167255589 0.0423567829 0.8662305910 0.5076997901 
-82.0176539948 0.0423545821 0.8662457521 0.5076886167 
-82.0186034217 0.0423523317 0.8662612587 0.5076777565 
-82.0195740550 0.0423500311 0.8662771143 0.5076672023 
-82.0205661131 0.0423476799 0.8662933224 0.5076569472 
-82.0215798172 0.0423452774 0.8663098868 0.5076469841 
-82.0226153917 0.0423428233 0.8663268111 0.5076373062 
-82.0236730640 0.0423403169 0.8663440989 0.5076279067 
-82.0247530647 0.0423377577 0.8663617542 0.5076187790 
-82.0258556276 0.0423351452 0.8663797807 0.5076099164 
-82.0269809899 0.0423324788 0.8663981823 0.5076013123 
-82.0281293921 0.0423297580 0.8664169629 0.5075929605 
-82.0293010780 0.0423269822 0.8664361265 0.5075848544 
-82.0304962951 0.0423241508 0.8664556772 0.5075769877 
-82.0317152942 0.0423212632 0.8664756189 0.5075693544 
-82.0329583301 0.0423183188 0.8664959560 0.5075619482 
-82.0342256608 0.0423153171 0.8665166925 0.5075547631 
-82.0355175486 0.0423122575 0.8665378328 0.5075477930 
-82.0368342591 0.0423091392 0.8665593810 0.5075410320 
-82.0381760621 0.0423059617 0.8665813418 0.5075344743 
-82.0395432314 0.0423027244 0.8666037193 0.5075281140 
-82.0409360447 0.0422994266 0.8666265183 0.5075219453 
-82.0423547837 0.0422960676 0.8666497431 0.5075159627 
-82.0437997346 0.0422926468 0.8666733985 0.5075101605 
-82.0452711875 0.0422891635 0.8666974891 0.5075045330 
-82.0467694371 0.0422856171 0.8667220197 0.5074990748 
-82.0482947822 0.0422820067 0.8667469951 0.5074937804 
-82.0498475264 0.0422783318 0.8667724203 0.5074886444 
-82.0514279775 0.0422745917 0.8667983001 0.5074836613 
-82.0530364482 0.0422707855 0.8668246395 0.5074788260 
-82.0546732558 0.0422669126 0.8668514438 0.5074741331 
-82.0563387222 0.0422629722 0.8668787181 0.5074695773 
-82.0580331743 0.0422589635 0.8669064676 0.5074651535 
-82.0597569440 0.0422548858 0.8669346977 0.5074608566 
-82.0615103679 0.0422507384 0.8669634136 0.5074566813 
-82.0632937881 0.0422465204 0.8669926211 0.5074526227 
-82.0651075516 0.0422422310 0.8670223255 0.5074486757 
-82.0669520106 0.0422378694 0.8670525325 0.5074448353 
-82.0688275227 0.0422334348 0.8670832478 0.5074410966 
-82.0707344509 0.0422289263 0.8671144773 0.5074374545 
-82.0726731638 0.0422243431 0.8671462268 0.5074339042 
-82.0746440355 0.0422196844 0.8671785022 0.5074304407 
-82.0766474456 0.0422149492 0.8672113097 0.5074270593 
-82.0786837798 0.0422101367 0.8672446554 0.5074237551 
-82.0807534294 0.0422052460 0.8672785454 0.5074205233 
-82.0828567916 0.0422002761 0.8673129861 0.5074173591 
-82.0849942697 0.0421952262 0.8673479839 0.5074142578 
-82.0871662732 0.0421900952 0.8673835452 0.5074112145 
-82.0893732177 0.0421848823 0.8674196768 0.5074082246 
-82.0916155252 0.0421795864 0.8674563852 0.5074052834 
-82.0938936238 0.0421742067 0.8674936772 0.5074023861 
-82.0962079486 0.0421687420 0.8675315598 0.5073995281 
-82.0985589409 0.0421631914 0.8675700398 0.5073967048 
-82.1009470488 0.0421575538 0.8676091243 0.5073939114 
-82.1033727272 0.0421518283 0.8676488206 0.5073911433 
-82.1058364379 0.0421460136 0.8676891358 0.5073883959 
-82.1083386497 0.0421401089 0.8677300774 0.5073856646 
-82.1108798385 0.0421341130 0.8677716528 0.5073829447 
-82.1134604874 0.0421280247 0.8678138697 0.5073802316 
-82.1160810868 0.0421218430 0.8678567356 0.5073775207 
-82.1187421346 0.0421155668 0.8679002584 0.5073748073 
-82.1214441363 0.0421091948 0.8679444461 0.5073720870 
-82.1241876047 0.0421027259 0.8679893065 0.5073693550 
-82.1269730608 0.0420961589 0.8680348480 0.5073666068 
-82.1298010331 0.0420894927 0.8680810786 0.5073638378 
-82.1326720585 0.0420827259 0.8681280069 0.5073610432 
-82.1355866816 0.0420758574 0.8681756412 0.5073582186 
-82.1385454556 0.0420688859 0.8682239901 0.5073553592 
-82.1415489418 0.0420618101 0.8682730624 0.5073524605 
-82.1445977100 0.0420546288 0.8683228669 0.5073495178 
-82.1476923388 0.0420473406 0.8683734126 0.5073465264 
-82.1508334153 0.0420399441 0.8684247085 0.5073434817 
-82.1540215357 0.0420324381 0.8684767639 0.5073403791 
-82.1572573049 0.0420248211 0.8685295881 0.5073372137 
-82.1605413373 0.0420170918 0.8685831906 0.5073339810 
-82.1638742562 0.0420092488 0.8686375810 0.5073306762 
-82.1672566946 0.0420012906 0.8686927690 0.5073272946 
-82.1706892948 0.0419932158 0.8687487644 0.5073238313 
-82.1741727089 0.0419850230 0.8688055773 0.5073202818 
-82.1777075988 0.0419767105 0.8688632178 0.5073166411 
-82.1812946365 0.0419682769 0.8689216962 0.5073129045 
-82.1849345039 0.0419597207 0.8689810229 0.5073090671 
-82.1886278934 0.0419510404 0.8690412084 0.5073051241 
-82.1923755075 0.0419422342 0.8691022635 0.5073010706 
-82.1961780596 0.0419333007 0.8691641990 0.5072969017 
-82.2000362737 0.0419242382 0.8692270258 0.5072926124 
-82.2039508846 0.0419150450 0.8692907552 0.5072881979 
-82.2079226384 0.0419057195 0.8693553985 0.5072836531 
-82.2119522923 0.0418962601 0.8694209669 0.5072789731 
-82.2160406146 0.0418866648 0.8694874723 0.5072741527 
-82.2201883857 0.0418769322 0.8695549262 0.5072691870 
-82.2243963974 0.0418670602 0.8696233406 0.5072640707 
-82.2286654533 0.0418570473 0.8696927276 0.5072587989 
-82.2329963694 0.0418468914 0.8697630994 0.5072533662 
-82.2373899736 0.0418365909 0.8698344684 0.5072477675 
-82.2418471067 0.0418261438 0.8699068472 0.5072419975 
-82.2463686217 0.0418155482 0.8699802484 0.5072360510 
-82.2509553846 0.0418048023 0.8700546849 0.5072299227 
-82.2556082745 0.0417939040 0.8701301699 0.5072236071 
-82.2603281836 0.0417828513 0.8702067164 0.5072170990 
-82.2651160174 0.0417716424 0.8702843380 0.5072103927 
-82.2699726953 0.0417602751 0.8703630482 0.5072034830 
-82.2748991502 0.0417487473 0.8704428607 0.5071963642 
-82.2798963293 0.0417370571 0.8705237895 0.5071890307 
-82.2849651938 0.0417252022 0.8706058487 0.5071814770 
-82.2901067195 0.0417131805 0.8706890526 0.5071736974 
-82.2953218968 0.0417009898 0.8707734155 0.5071656862 
-82.3006117311 0.0416886280 0.8708589523 0.5071574376 
-82.3059772427 0.0416760927 0.8709456778 0.5071489459 
-82.3114194674 0.0416633818 0.8710336069 0.5071402051 
-82.3169394565 0.0416504928 0.8711227550 0.5071312094 
-82.3225382773 0.0416374235 0.8712131374 0.5071219529 
-82.3282170129 0.0416241715 0.8713047698 0.5071124294 
-82.3339767628 0.0416107344 0.8713976679 0.5071026330 
-82.3398186431 0.0415971097 0.8714918478 0.5070925575 
-82.3457437867 0.0415832951 0.8715873257 0.5070821968 
-82.3517533434 0.0415692879 0.8716841181 0.5070715447 
-82.3578484806 0.0415550856 0.8717822415 0.5070605948 
-82.3640303830 0.0415406857 0.8718817127 0.5070493409 
-82.3703002533 0.0415260856 0.8719825489 0.5070377764 
-82.3766593123 0.0415112826 0.8720847672 0.5070258951 
-82.3831087992 0.0414962741 0.8721883852 0.5070136903 
-82.3896499720 0.0414810573 0.8722934204 0.5070011554 
-82.3962841076 0.0414656294 0.8723998908 0.5069882839 
-82.4030125021 0.0414499877 0.8725078145 0.5069750690 
-82.4098364712 0.0414341294 0.8726172099 0.5069615040 
-82.4167573507 0.0414180515 0.8727280954 0.5069475820 
-82.4237764963 0.0414017512 0.8728404898 0.5069332962 
-82.4308952843 0.0413852255 0.8729544122 0.5069186395 
-82.4381151120 0.0413684715 0.8730698818 0.5069036049 
-82.4454373975 0.0413514860 0.8731869180 0.5068881854 
-82.4528635806 0.0413342661 0.8733055404 0.5068723737 
-82.4603951231 0.0413168086 0.8734257692 0.5068561627 
-82.4680335085 0.0412991103 0.8735476243 0.5068395450 
-82.4757802432 0.0412811682 0.8736711261 0.5068225131 
-82.4836368562 0.0412629788 0.8737962954 0.5068050598 
-82.4916048999 0.0412445390 0.8739231529 0.5067871774 
-82.4996859502 0.0412258454 0.8740517199 0.5067688583 
-82.5078816071 0.0412068946 0.8741820175 0.5067500948 
-82.5161934947 0.0411876832 0.8743140674 0.5067308792 
-82.5246232620 0.0411682078 0.8744478916 0.5067112036 
-82.5331725832 0.0411484648 0.8745835119 0.5066910601 
-82.5418431577 0.0411284507 0.8747209509 0.5066704407 
-82.5506367111 0.0411081619 0.8748602310 0.5066493372 
-82.5595549954 0.0410875947 0.8750013752 0.5066277416 
-82.5685997892 0.0410667453 0.8751444064 0.5066056454 
-82.5777728983 0.0410456102 0.8752893482 0.5065830405 
-82.5870761563 0.0410241854 0.8754362240 0.5065599182 
-82.5965114247 0.0410024671 0.8755850577 0.5065362701 
-82.6060805936 0.0409804513 0.8757358736 0.5065120875 
-82.6157855822 0.0409581342 0.8758886958 0.5064873617 
-82.6256283390 0.0409355117 0.8760435492 0.5064620838 
-82.6356108426 0.0409125798 0.8762004586 0.5064362448 
-82.6457351020 0.0408893342 0.8763594492 0.5064098357 
-82.6560031570 0.0408657710 0.8765205464 0.5063828472 
-82.6664170790 0.0408418857 0.8766837759 0.5063552702 
-82.6769789714 0.0408176742 0.8768491637 0.5063270951 
-82.6876909699 0.0407931321 0.8770167360 0.5062983125 
-82.6985552433 0.0407682550 0.8771865194 0.5062689126 
-82.7095739941 0.0407430384 0.8773585406 0.5062388856 
-82.7207494586 0.0407174779 0.8775328267 0.5062082215 
-82.7320839082 0.0406915688 0.8777094049 0.5061769102 
-82.7435796492 0.0406653065 0.8778883030 0.5061449414 
-82.7552390239 0.0406386864 0.8780695486 0.5061123047 
-82.7670644112 0.0406117036 0.8782531700 0.5060789895 
-82.7790582267 0.0405843533 0.8784391955 0.5060449848 
-82.7912229241 0.0405566307 0.8786276538 0.5060102797 
-82.8035609951 0.0405285308 0.8788185739 0.5059748630 
-82.8160749705 0.0405000486 0.8790119850 0.5059387231 
-82.8287674207 0.0404711790 0.8792079165 0.5059018484 
-82.8416409565 0.0404419169 0.8794063982 0.5058642269 
-82.8546982295 0.0404122571 0.8796074602 0.5058258463 
-82.8679419332 0.0403821942 0.8798111327 0.5057866941 
-82.8813748033 0.0403517230 0.8800174463 0.5057467573 
-82.8949996187 0.0403208381 0.8802264318 0.5057060228 
-82.9088192024 0.0402895339 0.8804381203 0.5056644770 
-82.9228364216 0.0402578049 0.8806525432 0.5056221057 
-82.9370541894 0.0402256455 0.8808697321 0.5055788945 
-82.9514754646 0.0401930500 0.8810897188 0.5055348285 
-82.9661032535 0.0401600126 0.8813125357 0.5054898922 
-82.9809406098 0.0401265274 0.8815382150 0.5054440695 
-82.9959906362 0.0400925886 0.8817667894 0.5053973436 
-83.0112564848 0.0400581901 0.8819982918 0.5053496973 
-83.0267413581 0.0400233260 0.8822327555 0.5053011122 
-83.0424485099 0.0399879899 0.8824702138 0.5052515695 
-83.0583812464 0.0399521758 0.8827107005 0.5052010492 
-83.0745429267 0.0399158773 0.8829542494 0.5051495303 
-83.0909369643 0.0398790880 0.8832008947 0.5050969909 
-83.1075668277 0.0398418014 0.8834506708 0.5050434076 
-83.1244360414 0.0398040111 0.8837036123 0.5049887557 
-83.1415481872 0.0397657104 0.8839597542 0.5049330092 
-83.1589069051 0.0397268925 0.8842191315 0.5048761402 
-83.1765158943 0.0396875507 0.8844817795 0.5048181190 
-83.1943789144 0.0396476781 0.8847477338 0.5047589139 
-83.2124997865 0.0396072677 0.8850170302 0.5046984907 
-83.2308823945 0.0395663125 0.8852897045 0.5046368128 
-83.2495306859 0.0395248053 0.8855657930 0.5045738408 
-83.2684486735 0.0394827390 0.8858453321 0.5045095320 
-83.2876404364 0.0394401061 0.8861283583 0.5044438401 
-83.3071101214 0.0393968992 0.8864149084 0.5043767150 
-83.3268619439 0.0393531110 0.8867050192 0.5043081018 
-83.3469001901 0.0393087337 0.8869987280 0.5042379410 
-83.3672292176 0.0392637596 0.8872960721 0.5041661672 
-83.3878534571 0.0392181811 0.8875970888 0.5040927088 
-83.4087774143 0.0391719901 0.8879018158 0.5040174870 
-83.4300056708 0.0391251787 0.8882102908 0.5039404150 
-83.4515428860 0.0390777389 0.8885225518 0.5038613973 
-83.4733937988 0.0390296625 0.8888386369 0.5037803279 
-83.4955632291 0.0389809411 0.8891585841 0.5036970896 
-83.5180560799 0.0389315664 0.8894824318 0.5036115522 
-83.5408773387 0.0388815298 0.8898102184 0.5035235709 
-83.5640320796 0.0388308229 0.8901419825 0.5034329847 
-83.5875254654 0.0387794369 0.8904777626 0.5033396138 
-83.6113627495 0.0387273629 0.8908175975 0.5032432574 
-83.6355492781 0.0386745921 0.8911615259 0.5031436912 
-83.6600904924 0.0386211154 0.8915095868 0.5030406640 
-83.6849919311 0.0385669237 0.8918618191 0.5029338944 
-83.7102592328 0.0385120076 0.8922182619 0.5028230670 
-83.7358981383 0.0384563579 0.8925789542 0.5027078281 
-83.7619144941 0.0383999649 0.8929439351 0.5025877807 
-83.7883142545 0.0383428191 0.8933132438 0.5024624796 
-83.8151034852 0.0382849107 0.8936869197 0.5023314252 
-83.8422883661 0.0382262298 0.8940650018 0.5021940579 
-83.8698751953 0.0381667663 0.8944475297 0.5020497513 
-83.8978703924 0.0381065101 0.8948345426 0.5018978053 
-83.9262805024 0.0380454510 0.8952260799 0.5017374400 
-83.9551122001 0.0379835783 0.8956221811 0.5015677896 
-83.9843722945 0.0379208816 0.8960228857 0.5013878981 
-84.0140677334 0.0378573500 0.8964282332 0.5011967172 
-84.0442056085 0.0377929726 0.8968382633 0.5009931098 
-84.0747931611 0.0377277384 0.8972530157 0.5007758586 
-84.1058377876 0.0376616360 0.8976725300 0.5005436863 
-84.1373470451 0.0375946540 0.8980968463 0.5002952855 
-84.1693286585 0.0375267807 0.8985260044 0.5000293644 
-84.2017905262 0.0374580043 0.8989600446 0.4997447641 
-84.2347407316 0.0373883127 0.8993990071 0.4994411566 
-84.2681875750 0.0373176936 0.8998429328 0.4991227712 
-84.3021396208 0.0372461343 0.9002918637 0.4988057191 
-84.3366056031 0.0371736219 0.9007458414 0.4985114453 
-84.3715942614 0.0371001436 0.9012049051 0.4982527231 
-84.4071143136 0.0370256872 0.9016690907 0.4980338977 
-84.4431744622 0.0369502403 0.9021384311 0.4978525759 
-84.4797834227 0.0368737910 0.9026129566 0.4977017342 
-84.4842676890 0.0368644363 0.9026711280 0.4976838103 
