-81.9489901180 0.0425175185 0.8651686176 0.5100268458 
-81.9489888599 0.0425175215 0.8651685939 0.5100201261 
-81.9489863667 0.0425175275 0.8651685470 0.5100067590 
-81.9489826844 0.0425175363 0.8651684775 0.5099868907 
-81.9489778813 0.0425175477 0.8651683869 0.5099607436 
-81.9489720474 0.0425175616 0.8651682766 0.5099286205 
-81.9489651399 0.0425175781 0.8651681460 0.5098748755 
-81.9489577072 0.0425175958 0.8651680049 0.5098380497 
-81.9489497149 0.0425176148 0.8651678526 0.5098017716 
-81.9489412841 0.0425176349 0.8651676915 0.5097660929 
-81.9489325336 0.0425176558 0.8651675235 0.5097310557 
-81.9489235802 0.0425176772 0.8651673509 0.5096966936 
-81.9489145381 0.0425176987 0.8651671756 0.5096630331 
-81.9489055190 0.0425177202 0.8651669996 0.5096300944 
-81.9488966324 0.0425177414 0.8651668251 0.5095978926 
-81.9488879851 0.0425177620 0.8651666537 0.5095664383 
-81.9488796816 0.0425177818 0.8651664876 0.5095357389 
-81.9488718238 0.0425178006 0.8651663284 0.5095057987 
-81.9488645110 0.0425178180 0.8651661780 0.5094766197 
-81.9488578402 0.0425178340 0.8651660381 0.5094482018 
-81.9488519058 0.0425178481 0.8651659103 0.5094205432 
-81.9488468000 0.0425178603 0.8651657965 0.5093936408 
-81.9488426123 0.0425178704 0.8651656981 0.5093674899 
-81.9488394301 0.0425178780 0.8651656168 0.5093420851 
-81.9488373381 0.0425178830 0.8651655541 0.5093174200 
-81.9488364190 0.0425178852 0.8651655114 0.5092934875 
-81.9488367533 0.0425178845 0.8651654902 0.5092702799 
-81.9488384189 0.0425178806 0.8651654919 0.5092477892 
-81.9488414918 0.0425178733 0.8651655178 0.5092260067 
-81.9488460459 0.0425178625 0.8651655694 0.5092049239 
-81.9488521527 0.0425178480 0.8651656478 0.5091845317 
-81.9488598820 0.0425178297 0.8651657544 0.5091648211 
-81.9488693013 0.0425178073 0.8651658903 0.5091457830 
-81.9488804762 0.0425177808 0.8651660567 0.5091274082 
-81.9488934704 0.0425177499 0.8651662549 0.5091096876 
-81.9489083458 0.0425177145 0.8651664857 0.5090926118 
-81.9489251622 0.0425176745 0.8651667505 0.5090761719 
-81.9489439778 0.0425176298 0.8651670501 0.5090603587 
-81.9489648490 0.0425175801 0.8651673856 0.5090451633 
-81.9489878302 0.0425175255 0.8651677580 0.5090305768 
-81.9490129746 0.0425174657 0.8651681682 0.5090165903 
-81.9490403332 0.0425174006 0.8651686172 0.5090031952 
-81.9490699558 0.0425173301 0.8651691059 0.5089903830 
-81.9491018903 0.0425172541 0.8651696350 0.5089781450 
-81.9491361833 0.0425171725 0.8651702055 0.5089664730 
-81.9491728798 0.0425170852 0.8651708181 0.5089553587 
-81.9492120232 0.0425169921 0.8651714736 0.5089447941 
-81.9492536556 0.0425168930 0.8651721728 0.5089347711 
-81.9492978176 0.0425167879 0.8651729164 0.5089252819 
-81.9493445485 0.0425166767 0.8651737051 0.5089163188 
-81.9493938862 0.0425165593 0.8651745396 0.5089078741 
-81.9494458673 0.0425164356 0.8651754205 0.5088999404 
-81.9495005271 0.0425163055 0.8651763485 0.5088925103 
-81.9495578996 0.0425161689 0.8651773241 0.5088855766 
-81.9496180177 0.0425160258 0.8651783481 0.5088791321 
-81.9496809129 0.0425158761 0.8651794208 0.5088731700 
-81.9497466157 0.0425157198 0.8651805429 0.5088676833 
-81.9498151554 0.0425155566 0.8651817149 0.5088626652 
-81.9498865602 0.0425153867 0.8651829373 0.5088581092 
-81.9499608572 0.0425152098 0.8651842106 0.5088540087 
-81.9500380725 0.0425150260 0.8651855352 0.5088503574 
-81.9501182309 0.0425148353 0.8651869116 0.5088471490 
-81.9502013566 0.0425146374 0.8651883402 0.5088443772 
-81.9502874724 0.0425144324 0.8651898215 0.5088420360 
-81.9503766005 0.0425142203 0.8651913557 0.5088401195 
-81.9504687619 0.0425140009 0.8651929434 0.5088386218 
-81.9505639767 0.0425137743 0.8651945848 0.5088375372 
-81.9506622642 0.0425135403 0.8651962803 0.5088368600 
-81.9507636429 0.0425132990 0.8651980302 0.5088365847 
-81.9508681303 0.0425130503 0.8651998348 0.5088367059 
-81.9509757429 0.0425127941 0.8652016944 0.5088372182 
-81.9510864969 0.0425125305 0.8652036094 0.5088381163 
-81.9512004071 0.0425122593 0.8652055799 0.5088393951 
-81.9513174881 0.0425119807 0.8652076063 0.5088410496 
-81.9514377532 0.0425116944 0.8652096887 0.5088430748 
-81.9515612154 0.0425114005 0.8652118274 0.5088454657 
-81.9516878868 0.0425110990 0.8652140226 0.5088482177 
-81.9518177787 0.0425107898 0.8652162745 0.5088513259 
-81.9519509020 0.0425104729 0.8652185833 0.5088547858 
-81.9520872666 0.0425101483 0.8652209491 0.5088585928 
-81.9522268820 0.0425098160 0.8652233722 0.5088627425 
-81.9523697569 0.0425094759 0.8652258527 0.5088672304 
-81.9525158996 0.0425091280 0.8652283907 0.5088720524 
-81.9526653176 0.0425087724 0.8652309863 0.5088772041 
-81.9528180178 0.0425084089 0.8652336398 0.5088826813 
-81.9529740067 0.0425080376 0.8652363511 0.5088884801 
-81.9531332900 0.0425076585 0.8652391204 0.5088945964 
-81.9532958732 0.0425072715 0.8652419477 0.5089010263 
-81.9534617610 0.0425068766 0.8652448333 0.5089077659 
-81.9536309576 0.0425064739 0.8652477771 0.5089148114 
-81.9538034669 0.0425060633 0.8652507791 0.5089221590 
-81.9539792920 0.0425056448 0.8652538395 0.5089298052 
-81.9541584357 0.0425052184 0.8652569583 0.5089377462 
-81.9543409005 0.0425047841 0.8652601355 0.5089459786 
-81.9545266881 0.0425043419 0.8652633712 0.5089544989 
-81.9547158000 0.0425038918 0.8652666654 0.5089633036 
-81.9549082373 0.0425034338 0.8652700180 0.5089723894 
-81.9551040004 0.0425029678 0.8652734291 0.5089817530 
-81.9553030897 0.0425024940 0.8652768988 0.5089913911 
-81.9555055048 0.0425020122 0.8652804269 0.5090013006 
-81.9557112452 0.0425015226 0.8652840135 0.5090114783 
-81.9559203100 0.0425010250 0.8652876585 0.5090219211 
-81.9561326977 0.0425005195 0.8652913619 0.5090326261 
-81.9563484068 0.0425000061 0.8652951238 0.5090435901 
-81.9565674351 0.0424994848 0.8652989439 0.5090548103 
-81.9567897803 0.0424989557 0.8653028224 0.5090662838 
-81.9570154398 0.0424984186 0.8653067591 0.5090780078 
-81.9572444104 0.0424978737 0.8653107540 0.5090899794 
-81.9574766890 0.0424973209 0.8653148069 0.5091021960 
-81.9577122718 0.0424967603 0.8653189180 0.5091146549 
-81.9579511550 0.0424961918 0.8653230870 0.5091273533 
-81.9581933344 0.0424956154 0.8653273139 0.5091402887 
-81.9584388054 0.0424950313 0.8653315985 0.5091534586 
-81.9586875635 0.0424944393 0.8653359409 0.5091668603 
-81.9589396036 0.0424938395 0.8653403410 0.5091804915 
-81.9591949204 0.0424932319 0.8653447985 0.5091943496 
-81.9594535084 0.0424926166 0.8653493134 0.5092084323 
-81.9597153620 0.0424919935 0.8653538857 0.5092227373 
-81.9599804751 0.0424913626 0.8653585151 0.5092372621 
-81.9602488417 0.0424907240 0.8653632016 0.5092520045 
-81.9605204553 0.0424900777 0.8653679451 0.5092669623 
-81.9607953092 0.0424894237 0.8653727454 0.5092821332 
-81.9610733967 0.0424887620 0.8653776024 0.5092975150 
-81.9613547108 0.0424880926 0.8653825160 0.5093131057 
-81.9616392442 0.0424874156 0.8653874860 0.5093289030 
-81.9619269897 0.0424867310 0.8653925123 0.5093449050 
-81.9622179395 0.0424860387 0.8653975948 0.5093611095 
-81.9625120860 0.0424853388 0.8654027333 0.5093775145 
-81.9628094213 0.0424846314 0.8654079277 0.5093941181 
-81.9631099372 0.0424839164 0.8654131777 0.5094109183 
-81.9634136256 0.0424831939 0.8654184834 0.5094279132 
-81.9637204781 0.0424824638 0.8654238444 0.5094451009 
-81.9640304861 0.0424817263 0.8654292607 0.5094624794 
-81.9643436409 0.0424809812 0.8654347321 0.5094800470 
-81.9646599338 0.0424802288 0.8654402584 0.5094978019 
-81.9649793558 0.0424794689 0.8654458395 0.5095157423 
-81.9653018977 0.0424787015 0.8654514752 0.5095338663 
-81.9656275505 0.0424779268 0.8654571652 0.5095521723 
-81.9659563047 0.0424771448 0.8654629096 0.5095706586 
-81.9662881510 0.0424763553 0.8654687080 0.5095893235 
-81.9666230797 0.0424755586 0.8654745603 0.5096081653 
-81.9669610813 0.0424747546 0.8654804663 0.5096271824 
-81.9673021459 0.0424739433 0.8654864258 0.5096463732 
-81.9676462637 0.0424731247 0.8654924387 0.5096657360 
-81.9679934248 0.0424722990 0.8654985048 0.5096852694 
-81.9683436190 0.0424714660 0.8655046239 0.5097049717 
-81.9686968362 0.0424706258 0.8655107957 0.5097248416 
-81.9690530663 0.0424697785 0.8655170202 0.5097448773 
-81.9694122988 0.0424689241 0.8655232971 0.5097650776 
-81.9697745235 0.0424680626 0.8655296262 0.5097854408 
-81.9701397297 0.0424671940 0.8655360073 0.5098059657 
-81.9705079071 0.0424663183 0.8655424403 0.5098266507 
-81.9708790450 0.0424654356 0.8655489250 0.5098474945 
-81.9712531327 0.0424645459 0.8655554610 0.5098684956 
-81.9716301595 0.0424636493 0.8655620484 0.5098896528 
-81.9720101145 0.0424627457 0.8655686867 0.5099109646 
-81.9723929870 0.0424618352 0.8655753760 0.5099324298 
-81.9727787661 0.0424609177 0.8655821159 0.5099540470 
-81.9731674407 0.0424599935 0.8655889062 0.5099758150 
-81.9735589998 0.0424590623 0.8655957468 0.5099977324 
-81.9739534325 0.0424581244 0.8656026374 0.5100197980 
-81.9743507275 0.0424571797 0.8656095779 0.5100420107 
-81.9747508738 0.0424562282 0.8656165680 0.5100643690 
-81.9751538602 0.0424552700 0.8656236075 0.5100868720 
-81.9755596754 0.0424543050 0.8656306962 0.5101095182 
-81.9759683082 0.0424533334 0.8656378340 0.5101323067 
-81.9763797473 0.0424523552 0.8656450206 0.5101552361 
-81.9767939814 0.0424513703 0.8656522557 0.5101783054 
-81.9772109991 0.0424503788 0.8656595393 0.5102015134 
-81.9776307891 0.0424493808 0.8656668711 0.5102248590 
-81.9780533400 0.0424483762 0.8656742508 0.5102483411 
-81.9784786403 0.0424473651 0.8656816783 0.5102719586 
-81.9789066786 0.0424463475 0.8656891533 0.5102957104 
-81.9793374435 0.0424453234 0.8656966757 0.5103195955 
-81.9797709234 0.0424442929 0.8657042452 0.5103436128 
-81.9802071069 0.0424432561 0.8657118617 0.5103677612 
-81.9806459824 0.0424422128 0.8657195248 0.5103920398 
-81.9810875385 0.0424411632 0.8657272345 0.5104164474 
-81.9815317636 0.0424401073 0.8657349904 0.5104409832 
-81.9819786462 0.0424390450 0.8657427924 0.5104656461 
-81.9824281747 0.0424379765 0.8657506403 0.5104904351 
-81.9828803376 0.0424369018 0.8657585338 0.5105153493 
-81.9833351233 0.0424358209 0.8657664728 0.5105403877 
-81.9837925203 0.0424347338 0.8657744570 0.5105655494 
-81.9842525170 0.0424336405 0.8657824863 0.5105908334 
-81.9847151019 0.0424325411 0.8657905603 0.5106162387 
-81.9851802633 0.0424314356 0.8657986789 0.5106417646 
-81.9856479898 0.0424303240 0.8658068420 0.5106674100 
-81.9861182697 0.0424292064 0.8658150492 0.5106931741 
-81.9865910916 0.0424280828 0.8658233003 0.5107190560 
-81.9870664439 0.0424269532 0.8658315952 0.5107450548 
-81.9875443150 0.0424258177 0.8658399336 0.5107711697 
-81.9880246935 0.0424246762 0.8658483154 0.5107973997 
-81.9885075678 0.0424235288 0.8658567403 0.5108237441 
-81.9889929263 0.0424223755 0.8658652081 0.5108502020 
-81.9894807577 0.0424212164 0.8658737186 0.5108767726 
-81.9899710505 0.0424200515 0.8658822715 0.5109034551 
-81.9904637931 0.0424188808 0.8658908668 0.5109302485 
-81.9909589741 0.0424177043 0.8658995041 0.5109571523 
-81.9914565821 0.0424165220 0.8659081832 0.5109841654 
-81.9919566056 0.0424153341 0.8659169041 0.5110112873 
-81.9924590333 0.0424141405 0.8659256663 0.5110385170 
-81.9929638537 0.0424129412 0.8659344698 0.5110658538 
-81.9934710555 0.0424117364 0.8659433143 0.5110932970 
-81.9939806274 0.0424105259 0.8659521996 0.5111208458 
-81.9944925580 0.0424093098 0.8659611256 0.5111484994 
-81.9950068360 0.0424080882 0.8659700919 0.5111762571 
-81.9955234501 0.0424068611 0.8659790984 0.5112041182 
-81.9960423890 0.0424056285 0.8659881449 0.5112320819 
-81.9965636416 0.0424043904 0.8659972313 0.5112601476 
-81.9970871966 0.0424031469 0.8660063571 0.5112883145 
-81.9976130428 0.0424018980 0.8660155224 0.5113165819 
-81.9981411691 0.0424006437 0.8660247268 0.5113449491 
-81.9986715642 0.0423993840 0.8660339702 0.5113734154 
-81.9992042172 0.0423981191 0.8660432524 0.5114019802 
-81.9997391168 0.0423968488 0.8660525731 0.5114306427 
-82.0002762521 0.0423955732 0.8660619322 0.5114594023 
-82.0008156120 0.0423942924 0.8660713294 0.5114882584 
-82.0013571856 0.0423930064 0.8660807647 0.5115172102 
-82.0019009617 0.0423917152 0.8660902376 0.5115462572 
-82.0024469296 0.0423904188 0.8660997481 0.5115753986 
-82.0029950782 0.0423891173 0.8661092960 0.5116046338 
-82.0035453968 0.0423878107 0.8661188810 0.5116339622 
-82.0040978743 0.0423864990 0.8661285030 0.5116633832 
-82.0046525001 0.0423851822 0.8661381618 0.5116928962 
-82.0052092634 0.0423838603 0.8661478571 0.5117225005 
-82.0057681533 0.0423825335 0.8661575888 0.5117521954 
-82.0063291591 0.0423812017 0.8661673567 0.5117819805 
-82.0068922703 0.0423798649 0.8661771606 0.5118118551 
-82.0074574760 0.0423785232 0.8661870002 0.5118418186 
-82.0080247657 0.0423771766 0.8661968755 0.5118718705 
-82.0085941288 0.0423758251 0.8662067861 0.5119020100 
-82.0091655547 0.0423744687 0.8662167320 0.5119322367 
-82.0097390329 0.0423731075 0.8662267128 0.5119625500 
-82.0103145529 0.0423717415 0.8662367285 0.5119929493 
-82.0108921043 0.0423703708 0.8662467788 0.5120234341 
-82.0114716766 0.0423689952 0.8662568636 0.5120540037 
-82.0120532596 0.0423676150 0.8662669826 0.5120846576 
-82.0126368427 0.0423662300 0.8662771357 0.5121153954 
-82.0132224157 0.0423648404 0.8662873226 0.5121462163 
-82.0138099684 0.0423634461 0.8662975433 0.5121771200 
-82.0143994905 0.0423620471 0.8663077974 0.5122081058 
-82.0149909717 0.0423606436 0.8663180849 0.5122391732 
-82.0155844020 0.0423592355 0.8663284055 0.5122703217 
-82.0161797713 0.0423578228 0.8663387590 0.5123015508 
-82.0167770693 0.0423564056 0.8663491453 0.5123328599 
-82.0173762862 0.0423549839 0.8663595642 0.5123642485 
-82.0179774117 0.0423535577 0.8663700155 0.5123957162 
-82.0185804361 0.0423521270 0.8663804990 0.5124272623 
-82.0191853494 0.0423506919 0.8663910146 0.5124588865 
-82.0197921415 0.0423492524 0.8664015620 0.5124905882 
-82.0204008028 0.0423478085 0.8664121411 0.5125223669 
-82.0210113234 0.0423463602 0.8664227516 0.5125542221 
-82.0216236934 0.0423449076 0.8664333935 0.5125861534 
-82.0222379032 0.0423434507 0.8664440666 0.5126181602 
-82.0228539430 0.0423419895 0.8664547706 0.5126502421 
-82.0234718032 0.0423405240 0.8664655054 0.5126823985 
-82.0240914741 0.0423390542 0.8664762708 0.5127146291 
-82.0247129462 0.0423375803 0.8664870666 0.5127469334 
-82.0253362099 0.0423361021 0.8664978928 0.5127793108 
-82.0259612557 0.0423346198 0.8665087490 0.5128117610 
-82.0265880741 0.0423331333 0.8665196351 0.5128442834 
-82.0272166557 0.0423316426 0.8665305510 0.5128768777 
-82.0278469911 0.0423301479 0.8665414964 0.5129095433 
-82.0284790710 0.0423286491 0.8665524713 0.5129422799 
-82.0291128860 0.0423271462 0.8665634754 0.5129750869 
-82.0297484268 0.0423256392 0.8665745086 0.5130079639 
-82.0303856843 0.0423241283 0.8665855706 0.5130409105 
-82.0310246492 0.0423226133 0.8665966614 0.5130739263 
-82.0316653124 0.0423210944 0.8666077808 0.5131070109 
-82.0323076647 0.0423195715 0.8666189286 0.5131401637 
-82.0329516972 0.0423180447 0.8666301046 0.5131733844 
-82.0335974006 0.0423165140 0.8666413087 0.5132066726 
-82.0342447662 0.0423149794 0.8666525407 0.5132400277 
-82.0348937848 0.0423134409 0.8666638004 0.5132734496 
-82.0355444476 0.0423118985 0.8666750878 0.5133069376 
-82.0361967458 0.0423103524 0.8666864025 0.5133404914 
-82.0368506704 0.0423088024 0.8666977446 0.5133741106 
-82.0375062126 0.0423072487 0.8667091137 0.5134077948 
-82.0381633638 0.0423056912 0.8667205097 0.5134415436 
-82.0388221152 0.0423041300 0.8667319326 0.5134753566 
-82.0394824580 0.0423025650 0.8667433821 0.5135092334 
-82.0401443838 0.0423009964 0.8667548580 0.5135431736 
-82.0408078838 0.0422994240 0.8667663603 0.5135771768 
-82.0414729496 0.0422978480 0.8667778887 0.5136112426 
-82.0421395725 0.0422962684 0.8667894431 0.5136453707 
-82.0428077441 0.0422946852 0.8668010234 0.5136795606 
-82.0434774561 0.0422930984 0.8668126294 0.5137138120 
-82.0441486998 0.0422915080 0.8668242609 0.5137481246 
-82.0448214671 0.0422899140 0.8668359178 0.5137824978 
-82.0454957496 0.0422883165 0.8668476000 0.5138169315 
-82.0461715389 0.0422867155 0.8668593072 0.5138514251 
-82.0468488269 0.0422851110 0.8668710394 0.5138859784 
-82.0475276054 0.0422835030 0.8668827964 0.5139205909 
-82.0482078661 0.0422818916 0.8668945780 0.5139552623 
-82.0488896009 0.0422802767 0.8669063841 0.5139899923 
-82.0495728018 0.0422786584 0.8669182146 0.5140247805 
-82.0502574607 0.0422770368 0.8669300693 0.5140596265 
-82.0509435696 0.0422754117 0.8669419480 0.5140945301 
-82.0516311205 0.0422737833 0.8669538506 0.5141294907 
-82.0523201055 0.0422721516 0.8669657770 0.5141645082 
-82.0530105167 0.0422705165 0.8669777271 0.5141995821 
-82.0537023461 0.0422688781 0.8669897006 0.5142347121 
-82.0543955861 0.0422672365 0.8670016975 0.5142698980 
-82.0550902288 0.0422655916 0.8670137175 0.5143051392 
-82.0557862665 0.0422639434 0.8670257606 0.5143404356 
-82.0564836914 0.0422622920 0.8670378267 0.5143757867 
-82.0571824959 0.0422606374 0.8670499155 0.5144111923 
-82.0578826724 0.0422589797 0.8670620270 0.5144466519 
-82.0585842133 0.0422573187 0.8670741609 0.5144821654 
-82.0592871109 0.0422556546 0.8670863173 0.5145177323 
-82.0599913579 0.0422539874 0.8670984958 0.5145533524 
-82.0606969467 0.0422523171 0.8671106965 0.5145890253 
-82.0614038699 0.0422506436 0.8671229191 0.5146247508 
-82.0621121200 0.0422489671 0.8671351636 0.5146605284 
-82.0628216897 0.0422472875 0.8671474297 0.5146963579 
-82.0635325717 0.0422456049 0.8671597174 0.5147322390 
-82.0642447587 0.0422439192 0.8671720266 0.5147681713 
-82.0649582434 0.0422422306 0.8671843570 0.5148041546 
-82.0656730186 0.0422405389 0.8671967086 0.5148401885 
-82.0663890771 0.0422388443 0.8672090812 0.5148762728 
-82.0671064118 0.0422371467 0.8672214748 0.5149124072 
-82.0678250155 0.0422354462 0.8672338891 0.5149485913 
-82.0685448811 0.0422337427 0.8672463241 0.5149848248 
-82.0692660018 0.0422320364 0.8672587795 0.5150211075 
-82.0699883703 0.0422303271 0.8672712554 0.5150574391 
-82.0707119798 0.0422286150 0.8672837516 0.5150938193 
-82.0714368233 0.0422269000 0.8672962679 0.5151302477 
-82.0721628940 0.0422251822 0.8673088042 0.5151667242 
-82.0728901849 0.0422234616 0.8673213604 0.5152032483 
-82.0736186893 0.0422217381 0.8673339364 0.5152398199 
-82.0743484004 0.0422200119 0.8673465320 0.5152764387 
-82.0750793113 0.0422182829 0.8673591471 0.5153131043 
-82.0758114155 0.0422165511 0.8673717817 0.5153498165 
-82.0765447061 0.0422148166 0.8673844355 0.5153865750 
-82.0772791766 0.0422130794 0.8673971085 0.5154233796 
-82.0780148203 0.0422113395 0.8674098005 0.5154602300 
-82.0787516307 0.0422095969 0.8674225115 0.5154971258 
-82.0794896012 0.0422078516 0.8674352412 0.5155340669 
-82.0802287253 0.0422061036 0.8674479897 0.5155710529 
-82.0809689965 0.0422043530 0.8674607567 0.5156080837 
-82.0817104084 0.0422025998 0.8674735422 0.5156451589 
-82.0824529545 0.0422008439 0.8674863460 0.5156822782 
-82.0831966285 0.0421990855 0.8674991680 0.5157194415 
-82.0839414241 0.0421973244 0.8675120081 0.5157566484 
-82.0846873349 0.0421955608 0.8675248663 0.5157938987 
-82.0854343547 0.0421937947 0.8675377423 0.5158311922 
-82.0861824773 0.0421920260 0.8675506360 0.5158685285 
-82.0869316963 0.0421902547 0.8675635475 0.5159059075 
-82.0876820057 0.0421884810 0.8675764764 0.5159433288 
-82.0884333992 0.0421867048 0.8675894228 0.5159807923 
-82.0891858709 0.0421849261 0.8676023865 0.5160182977 
-82.0899394145 0.0421831449 0.8676153675 0.5160558447 
-82.0906940242 0.0421813613 0.8676283655 0.5160934332 
-82.0914496938 0.0421795752 0.8676413805 0.5161310627 
-82.0922064173 0.0421777868 0.8676544124 0.5161687332 
-82.0929641889 0.0421759959 0.8676674611 0.5162064444 
-82.0937230026 0.0421742026 0.8676805264 0.5162441960 
-82.0944828526 0.0421724070 0.8676936084 0.5162819878 
-82.0952437329 0.0421706090 0.8677067067 0.5163198196 
-82.0960056378 0.0421688086 0.8677198215 0.5163576911 
-82.0967685614 0.0421670059 0.8677329524 0.5163956021 
-82.0975324980 0.0421652009 0.8677460995 0.5164335523 
-82.0982974420 0.0421633935 0.8677592627 0.5164715416 
-82.0990633875 0.0421615839 0.8677724418 0.5165095697 
-82.0998303290 0.0421597720 0.8677856367 0.5165476364 
-82.1005982607 0.0421579578 0.8677988474 0.5165857415 
-82.1013671771 0.0421561414 0.8678120737 0.5166238846 
-82.1021370727 0.0421543228 0.8678253155 0.5166620657 
-82.1029079418 0.0421525019 0.8678385727 0.5167002845 
-82.1036797790 0.0421506788 0.8678518453 0.5167385408 
-82.1044525788 0.0421488534 0.8678651332 0.5167768343 
-82.1052263358 0.0421470259 0.8678784361 0.5168151649 
-82.1060010444 0.0421451963 0.8678917541 0.5168535323 
-82.1067766994 0.0421433644 0.8679050870 0.5168919363 
-82.1075532953 0.0421415305 0.8679184348 0.5169303766 
-82.1083308268 0.0421396944 0.8679317973 0.5169688532 
-82.1091092887 0.0421378561 0.8679451745 0.5170073658 
-82.1098886757 0.0421360158 0.8679585662 0.5170459141 
-82.1106689824 0.0421341733 0.8679719724 0.5170844980 
-82.1114502038 0.0421323288 0.8679853929 0.5171231172 
-82.1122323345 0.0421304822 0.8679988277 0.5171617716 
-82.1130153695 0.0421286335 0.8680122767 0.5172004609 
-82.1137993037 0.0421267828 0.8680257398 0.5172391850 
-82.1145841318 0.0421249301 0.8680392169 0.5172779436 
-82.1153698489 0.0421230753 0.8680527079 0.5173167365 
-82.1161564500 0.0421212185 0.8680662126 0.5173555636 
-82.1169439299 0.0421193598 0.8680797312 0.5173944247 
-82.1177322837 0.0421174990 0.8680932633 0.5174333195 
-82.1185215065 0.0421156363 0.8681068090 0.5174722478 
-82.1193115933 0.0421137716 0.8681203681 0.5175112096 
-82.1201025392 0.0421119049 0.8681339406 0.5175502045 
-82.1208943393 0.0421100363 0.8681475264 0.5175892324 
-82.1216869888 0.0421081658 0.8681611254 0.5176282930 
-82.1224804829 0.0421062934 0.8681747374 0.5176673863 
-82.1232748167 0.0421044190 0.8681883625 0.5177065120 
-82.1240699856 0.0421025428 0.8682020005 0.5177456699 
-82.1248659847 0.0421006647 0.8682156514 0.5177848599 
-82.1256628094 0.0420987847 0.8682293150 0.5178240817 
-82.1264604549 0.0420969028 0.8682429913 0.5178633352 
-82.1272589166 0.0420950192 0.8682566801 0.5179026202 
-82.1280581898 0.0420931336 0.8682703815 0.5179419365 
-82.1288582700 0.0420912463 0.8682840953 0.5179812840 
-82.1296591526 0.0420893571 0.8682978215 0.5180206624 
-82.1304608330 0.0420874661 0.8683115599 0.5180600716 
-82.1312633067 0.0420855734 0.8683253104 0.5180995114 
-82.1320665691 0.0420836788 0.8683390731 0.5181389816 
-82.1328706159 0.0420817825 0.8683528478 0.5181784821 
-82.1336754425 0.0420798844 0.8683666344 0.5182180127 
-82.1344810445 0.0420779846 0.8683804329 0.5182575732 
-82.1352874175 0.0420760831 0.8683942431 0.5182971634 
-82.1360945571 0.0420741798 0.8684080651 0.5183367833 
-82.1369024590 0.0420722748 0.8684218986 0.5183764325 
-82.1377111188 0.0420703680 0.8684357437 0.5184161109 
-82.1385205323 0.0420684596 0.8684496003 0.5184558184 
-82.1393306952 0.0420665495 0.8684634682 0.5184955549 
-82.1401416032 0.0420646378 0.8684773475 0.5185353201 
-82.1409532520 0.0420627243 0.8684912380 0.5185751138 
-82.1417656375 0.0420608092 0.8685051396 0.5186149360 
-82.1425787556 0.0420588925 0.8685190523 0.5186547864 
-82.1433926019 0.0420569741 0.8685329761 0.5186946649 
-82.1442071724 0.0420550541 0.8685469107 0.5187345714 
-82.1450224631 0.0420531325 0.8685608562 0.5187745056 
-82.1458384697 0.0420512092 0.8685748125 0.5188144675 
-82.1466551883 0.0420492844 0.8685887795 0.5188544568 
-82.1474726147 0.0420473580 0.8686027572 0.5188944735 
-82.1482907451 0.0420454300 0.8686167454 0.5189345173 
-82.1491095753 0.0420435005 0.8686307441 0.5189745881 
-82.1499291014 0.0420415694 0.8686447532 0.5190146857 
-82.1507493195 0.0420396367 0.8686587726 0.5190548101 
-82.1515702257 0.0420377025 0.8686728024 0.5190949610 
-82.1523918160 0.0420357668 0.8686868423 0.5191351383 
-82.1532140866 0.0420338295 0.8687008924 0.5191753418 
-82.1540370336 0.0420318908 0.8687149526 0.5192155715 
-82.1548606531 0.0420299505 0.8687290228 0.5192558271 
-82.1556849414 0.0420280088 0.8687431028 0.5192961086 
-82.1565098947 0.0420260655 0.8687571928 0.5193364157 
-82.1573355092 0.0420241208 0.8687712926 0.5193767483 
-82.1581617811 0.0420221746 0.8687854020 0.5194171063 
-82.1589887068 0.0420202270 0.8687995212 0.5194574896 
-82.1598162825 0.0420182779 0.8688136499 0.5194978980 
-82.1606445046 0.0420163274 0.8688277882 0.5195383313 
-82.1614733694 0.0420143754 0.8688419359 0.5195787894 
-82.1623028732 0.0420124221 0.8688560930 0.5196192722 
-82.1631330124 0.0420104673 0.8688702594 0.5196597796 
-82.1639637835 0.0420085111 0.8688844352 0.5197003114 
-82.1647951829 0.0420065535 0.8688986201 0.5197408674 
-82.1656272070 0.0420045946 0.8689128141 0.5197814476 
-82.1664598522 0.0420026342 0.8689270173 0.5198220518 
-82.1672931151 0.0420006725 0.8689412294 0.5198626799 
-82.1681269923 0.0419987094 0.8689554505 0.5199033316 
-82.1689614801 0.0419967450 0.8689696805 0.5199440071 
-82.1697965751 0.0419947792 0.8689839192 0.5199847059 
-82.1706322740 0.0419928121 0.8689981668 0.5200254282 
-82.1714685734 0.0419908437 0.8690124231 0.5200661736 
-82.1723054697 0.0419888739 0.8690266880 0.5201069421 
-82.1731429597 0.0419869029 0.8690409614 0.5201477336 
-82.1739810401 0.0419849305 0.8690552434 0.5201885480 
-82.1748197074 0.0419829568 0.8690695339 0.5202293850 
-82.1756589583 0.0419809819 0.8690838327 0.5202702446 
-82.1764987897 0.0419790057 0.8690981399 0.5203111267 
-82.1773391981 0.0419770282 0.8691124554 0.5203520311 
-82.1781801804 0.0419750494 0.8691267791 0.5203929578 
-82.1790217334 0.0419730694 0.8691411109 0.5204339065 
-82.1798638537 0.0419710881 0.8691554509 0.5204748772 
-82.1807065383 0.0419691056 0.8691697989 0.5205158698 
-82.1815497839 0.0419671218 0.8691841549 0.5205568841 
-82.1823935873 0.0419651369 0.8691985188 0.5205979200 
-82.1832379455 0.0419631507 0.8692128906 0.5206389774 
-82.1840828554 0.0419611633 0.8692272702 0.5206800562 
-82.1849283138 0.0419591747 0.8692416576 0.5207211562 
-82.1857743176 0.0419571849 0.8692560527 0.5207622774 
-82.1866208637 0.0419551939 0.8692704555 0.5208034196 
-82.1874679493 0.0419532017 0.8692848658 0.5208445828 
-82.1883155711 0.0419512084 0.8692992837 0.5208857667 
-82.1891637262 0.0419492139 0.8693137091 0.5209269713 
-82.1900124116 0.0419472182 0.8693281420 0.5209681966 
-82.1908616244 0.0419452214 0.8693425822 0.5210094422 
-82.1917113615 0.0419432234 0.8693570297 0.5210507083 
-82.1925616200 0.0419412243 0.8693714845 0.5210919946 
-82.1934123971 0.0419392241 0.8693859466 0.5211333010 
-82.1942636898 0.0419372227 0.8694004158 0.5211746275 
-82.1951154952 0.0419352202 0.8694148921 0.5212159739 
-82.1959678105 0.0419332167 0.8694293756 0.5212573401 
-82.1968206328 0.0419312120 0.8694438660 0.5212987260 
-82.1976739592 0.0419292062 0.8694583634 0.5213401315 
-82.1985277870 0.0419271993 0.8694728677 0.5213815565 
-82.1993821134 0.0419251914 0.8694873789 0.5214230009 
-82.2002369355 0.0419231823 0.8695018968 0.5214644646 
-82.2010922507 0.0419211722 0.8695164216 0.5215059475 
-82.2019480561 0.0419191611 0.8695309531 0.5215474494 
-82.2028043490 0.0419171488 0.8695454912 0.5215889704 
-82.2036611267 0.0419151356 0.8695600360 0.5216305102 
-82.2045183866 0.0419131213 0.8695745873 0.5216720688 
-82.2053761258 0.0419111059 0.8695891451 0.5217136461 
-82.2062343419 0.0419090895 0.8696037094 0.5217552420 
-82.2070930320 0.0419070721 0.8696182802 0.5217968564 
-82.2079521936 0.0419050537 0.8696328573 0.5218384892 
-82.2088118240 0.0419030343 0.8696474407 0.5218801402 
-82.2096719207 0.0419010138 0.8696620305 0.5219218094 
-82.2105324810 0.0418989924 0.8696766264 0.5219634968 
-82.2113935024 0.0418969700 0.8696912286 0.5220052021 
-82.2122549823 0.0418949466 0.8697058369 0.5220469254 
-82.2131169183 0.0418929222 0.8697204513 0.5220886664 
-82.2139793077 0.0418908968 0.8697350718 0.5221304252 
-82.2148421480 0.0418888704 0.8697496982 0.5221722016 
-82.2157054368 0.0418868431 0.8697643306 0.5222139956 
-82.2165691715 0.0418848149 0.8697789690 0.5222558070 
-82.2174333498 0.0418827857 0.8697936132 0.5222976357 
-82.2182979691 0.0418807555 0.8698082632 0.5223394817 
-82.2191630271 0.0418787244 0.8698229191 0.5223813449 
-82.2200285212 0.0418766924 0.8698375806 0.5224232252 
-82.2208944491 0.0418746595 0.8698522479 0.5224651224 
-82.2217608085 0.0418726256 0.8698669208 0.5225070366 
-82.2226275969 0.0418705908 0.8698815994 0.5225489676 
-82.2234948119 0.0418685551 0.8698962835 0.5225909153 
-82.2243624513 0.0418665185 0.8699109731 0.5226328797 
-82.2252305127 0.0418644810 0.8699256683 0.5226748606 
-82.2260989937 0.0418624426 0.8699403688 0.5227168580 
-82.2269678921 0.0418604033 0.8699550748 0.5227588718 
-82.2278372055 0.0418583632 0.8699697861 0.5228009019 
-82.2287069318 0.0418563221 0.8699845028 0.5228429482 
-82.2295770686 0.0418542802 0.8699992247 0.5228850107 
-82.2304476137 0.0418522374 0.8700139519 0.5229270892 
-82.2313185649 0.0418501938 0.8700286842 0.5229691837 
-82.2321899198 0.0418481493 0.8700434218 0.5230112941 
-82.2330616764 0.0418461039 0.8700581644 0.5230534203 
-82.2339338325 0.0418440578 0.8700729121 0.5230955622 
-82.2348063857 0.0418420107 0.8700876649 0.5231377198 
-82.2356793341 0.0418399629 0.8701024227 0.5231798929 
-82.2365526754 0.0418379142 0.8701171854 0.5232220816 
-82.2374264075 0.0418358647 0.8701319530 0.5232642856 
-82.2383005283 0.0418338143 0.8701467256 0.5233065050 
-82.2391750356 0.0418317632 0.8701615029 0.5233487397 
-82.2400499273 0.0418297112 0.8701762851 0.5233909896 
-82.2409252014 0.0418276585 0.8701910721 0.5234332545 
-82.2418008558 0.0418256049 0.8702058638 0.5234755345 
-82.2426768885 0.0418235506 0.8702206602 0.5235178295 
-82.2435532973 0.0418214954 0.8702354612 0.5235601393 
-82.2444300802 0.0418194395 0.8702502669 0.5236024639 
-82.2453072353 0.0418173828 0.8702650772 0.5236448033 
-82.2461847604 0.0418153253 0.8702798920 0.5236871574 
-82.2470626537 0.0418132671 0.8702947113 0.5237295260 
-82.2479409130 0.0418112081 0.8703095351 0.5237719091 
-82.2488195366 0.0418091483 0.8703243634 0.5238143067 
-82.2496985223 0.0418070878 0.8703391960 0.5238567187 
-82.2505778682 0.0418050265 0.8703540330 0.5238991449 
-82.2514575724 0.0418029645 0.8703688744 0.5239415854 
-82.2523376330 0.0418009017 0.8703837201 0.5239840401 
-82.2532180481 0.0417988382 0.8703985700 0.5240265088 
-82.2540988157 0.0417967740 0.8704134241 0.5240689916 
-82.2549799339 0.0417947090 0.8704282825 0.5241114883 
-82.2558614010 0.0417926434 0.8704431450 0.5241539990 
-82.2567432150 0.0417905770 0.8704580117 0.5241965234 
-82.2576253740 0.0417885098 0.8704728825 0.5242390616 
-82.2585078762 0.0417864420 0.8704877573 0.5242816135 
-82.2593907199 0.0417843735 0.8705026361 0.5243241790 
-82.2602739031 0.0417823043 0.8705175190 0.5243667580 
-82.2611574241 0.0417802343 0.8705324058 0.5244093505 
-82.2620412810 0.0417781637 0.8705472966 0.5244519565 
-82.2629254721 0.0417760924 0.8705621912 0.5244945758 
-82.2638099956 0.0417740204 0.8705770897 0.5245372084 
-82.2646948497 0.0417719478 0.8705919921 0.5245798543 
-82.2655800328 0.0417698744 0.8706068983 0.5246225133 
-82.2664655429 0.0417678004 0.8706218082 0.5246651854 
-82.2673513785 0.0417657257 0.8706367219 0.5247078706 
-82.2682375378 0.0417636504 0.8706516393 0.5247505687 
-82.2691240190 0.0417615744 0.8706665603 0.5247932798 
-82.2700108205 0.0417594977 0.8706814851 0.5248360037 
-82.2708979407 0.0417574204 0.8706964134 0.5248787404 
-82.2717853777 0.0417553425 0.8707113453 0.5249214898 
-82.2726731300 0.0417532639 0.8707262808 0.5249642520 
-82.2735611959 0.0417511847 0.8707412199 0.5250070267 
-82.2744495737 0.0417491048 0.8707561624 0.5250498140 
-82.2753382619 0.0417470243 0.8707711084 0.5250926138 
-82.2762272587 0.0417449432 0.8707860578 0.5251354260 
-82.2771165626 0.0417428614 0.8708010107 0.5251782507 
-82.2780061720 0.0417407791 0.8708159669 0.5252210876 
-82.2788960853 0.0417386961 0.8708309265 0.5252639368 
-82.2797863008 0.0417366125 0.8708458894 0.5253067983 
-82.2806768171 0.0417345283 0.8708608556 0.5253496718 
-82.2815676325 0.0417324435 0.8708758250 0.5253925575 
-82.2824587455 0.0417303581 0.8708907977 0.5254354552 
-82.2833501546 0.0417282721 0.8709057736 0.5254783650 
-82.2842418582 0.0417261855 0.8709207527 0.5255212866 
-82.2851338547 0.0417240983 0.8709357350 0.5255642201 
-82.2860261428 0.0417220106 0.8709507204 0.5256071655 
-82.2869187208 0.0417199222 0.8709657089 0.5256501226 
-82.2878115873 0.0417178333 0.8709807004 0.5256930914 
-82.2887047408 0.0417157438 0.8709956951 0.5257360719 
-82.2895981798 0.0417136537 0.8710106927 0.5257790640 
-82.2904919029 0.0417115631 0.8710256933 0.5258220677 
-82.2913859085 0.0417094719 0.8710406969 0.5258650829 
-82.2922801953 0.0417073801 0.8710557034 0.5259081095 
-82.2931747617 0.0417052878 0.8710707129 0.5259511475 
-82.2940696065 0.0417031949 0.8710857252 0.5259941969 
-82.2949647280 0.0417011015 0.8711007404 0.5260372576 
-82.2958601250 0.0416990075 0.8711157585 0.5260803295 
-82.2967557961 0.0416969130 0.8711307793 0.5261234127 
-82.2976517397 0.0416948180 0.8711458029 0.5261665069 
-82.2985479547 0.0416927224 0.8711608293 0.5262096123 
-82.2994444395 0.0416906263 0.8711758585 0.5262527288 
-82.3003411927 0.0416885296 0.8711908903 0.5262958562 
-82.3012382132 0.0416864324 0.8712059249 0.5263389947 
-82.3021354994 0.0416843347 0.8712209621 0.5263821440 
-82.3030330501 0.0416822365 0.8712360019 0.5264253041 
-82.3039308639 0.0416801377 0.8712510444 0.5264684751 
-82.3048289395 0.0416780385 0.8712660894 0.5265116569 
-82.3057272756 0.0416759387 0.8712811370 0.5265548494 
-82.3066258708 0.0416738385 0.8712961872 0.5265980525 
-82.3075247239 0.0416717377 0.8713112398 0.5266412663 
-82.3084238336 0.0416696364 0.8713262950 0.5266844907 
-82.3093231986 0.0416675346 0.8713413526 0.5267277256 
-82.3102228176 0.0416654323 0.8713564127 0.5267709710 
-82.3111226894 0.0416633296 0.8713714752 0.5268142268 
-82.3120228127 0.0416612263 0.8713865401 0.5268574931 
-82.3129231862 0.0416591226 0.8714016074 0.5269007697 
-82.3138238088 0.0416570184 0.8714166771 0.5269440566 
-82.3147246791 0.0416549136 0.8714317491 0.5269873538 
-82.3156257960 0.0416528085 0.8714468234 0.5270306612 
-82.3165271582 0.0416507028 0.8714619000 0.5270739788 
-82.3174287645 0.0416485967 0.8714769788 0.5271173065 
-82.3183306137 0.0416464901 0.8714920599 0.5271606444 
-82.3192327047 0.0416443830 0.8715071433 0.5272039923 
-82.3201350362 0.0416422755 0.8715222288 0.5272473502 
-82.3210376071 0.0416401675 0.8715373165 0.5272907181 
-82.3219404162 0.0416380591 0.8715524064 0.5273340959 
-82.3228434623 0.0416359502 0.8715674984 0.5273774836 
-82.3237467442 0.0416338408 0.8715825926 0.5274208812 
-82.3246502609 0.0416317310 0.8715976888 0.5274642885 
-82.3255540112 0.0416296208 0.8716127871 0.5275077057 
-82.3264579939 0.0416275101 0.8716278875 0.5275511326 
-82.3273622080 0.0416253989 0.8716429899 0.5275945691 
-82.3282666522 0.0416232874 0.8716580943 0.5276380153 
-82.3291713256 0.0416211754 0.8716732007 0.5276814712 
-82.3300762269 0.0416190629 0.8716883091 0.5277249366 
-82.3309813551 0.0416169501 0.8717034195 0.5277684115 
-82.3318867092 0.0416148368 0.8717185318 0.5278118960 
-82.3327922879 0.0416127230 0.8717336459 0.5278553898 
-82.3336980903 0.0416106089 0.8717487620 0.5278988932 
-82.3346041153 0.0416084943 0.8717638800 0.5279424059 
-82.3355103618 0.0416063794 0.8717789998 0.5279859279 
-82.3364168288 0.0416042640 0.8717941215 0.5280294593 
-82.3373235152 0.0416021481 0.8718092450 0.5280729999 
-82.3382304199 0.0416000319 0.8718243702 0.5281165498 
-82.3391375420 0.0415979153 0.8718394973 0.5281601088 
-82.3400448804 0.0415957983 0.8718546261 0.5282036771 
-82.3409524341 0.0415936808 0.8718697567 0.5282472544 
-82.3418602021 0.0415915630 0.8718848890 0.5282908409 
-82.3427681833 0.0415894448 0.8719000230 0.5283344364 
-82.3436763769 0.0415873262 0.8719151586 0.5283780409 
-82.3445847817 0.0415852071 0.8719302960 0.5284216544 
-82.3454933968 0.0415830877 0.8719454350 0.5284652769 
-82.3464022212 0.0415809679 0.8719605756 0.5285089083 
-82.3473112539 0.0415788478 0.8719757179 0.5285525486 
-82.3482204941 0.0415767272 0.8719908617 0.5285961977 
-82.3491299406 0.0415746062 0.8720060072 0.5286398557 
-82.3500395926 0.0415724849 0.8720211541 0.5286835224 
-82.3509494491 0.0415703632 0.8720363027 0.5287271979 
-82.3518595092 0.0415682411 0.8720514527 0.5287708821 
-82.3527697719 0.0415661187 0.8720666043 0.5288145750 
-82.3536802363 0.0415639959 0.8720817574 0.5288582765 
-82.3545909015 0.0415618727 0.8720969119 0.5289019867 
-82.3555017666 0.0415597491 0.8721120679 0.5289457054 
-82.3564128306 0.0415576252 0.8721272254 0.5289894327 
-82.3573240926 0.0415555009 0.8721423843 0.5290331686 
-82.3582355519 0.0415533763 0.8721575446 0.5290769129 
-82.3591472073 0.0415512513 0.8721727062 0.5291206657 
-82.3600590582 0.0415491260 0.8721878693 0.5291644269 
-82.3609711035 0.0415470003 0.8722030337 0.5292081966 
-82.3618833424 0.0415448742 0.8722181995 0.5292519746 
-82.3627957741 0.0415427478 0.8722333666 0.5292957609 
-82.3637083977 0.0415406211 0.8722485350 0.5293395555 
-82.3646212123 0.0415384940 0.8722637047 0.5293833585 
-82.3655342170 0.0415363666 0.8722788757 0.5294271697 
-82.3664474111 0.0415342388 0.8722940480 0.5294709891 
-82.3673607937 0.0415321107 0.8723092215 0.5295148167 
-82.3682743640 0.0415299822 0.8723243962 0.5295586524 
-82.3691881210 0.0415278535 0.8723395722 0.5296024963 
-82.3701020641 0.0415257243 0.8723547493 0.5296463483 
-82.3710161924 0.0415235949 0.8723699277 0.5296902084 
-82.3719305050 0.0415214651 0.8723851072 0.5297340765 
-82.3728450012 0.0415193350 0.8724002879 0.5297779527 
-82.3737596802 0.0415172046 0.8724154698 0.5298218368 
-82.3746745411 0.0415150739 0.8724306527 0.5298657289 
-82.3755895833 0.0415129428 0.8724458368 0.5299096290 
-82.3765048058 0.0415108114 0.8724610220 0.5299535369 
-82.3774202079 0.0415086797 0.8724762083 0.5299974528 
-82.3783357889 0.0415065477 0.8724913957 0.5300413765 
-82.3792515480 0.0415044154 0.8725065841 0.5300853080 
-82.3801674843 0.0415022827 0.8725217735 0.5301292473 
-82.3810835973 0.0415001498 0.8725369640 0.5301731944 
-82.3819998860 0.0414980165 0.8725521555 0.5302171493 
-82.3829163498 0.0414958830 0.8725673481 0.5302611119 
-82.3838329879 0.0414937491 0.8725825416 0.5303050821 
-82.3847497996 0.0414916149 0.8725977360 0.5303490601 
-82.3856667841 0.0414894805 0.8726129315 0.5303930457 
-82.3865839407 0.0414873457 0.8726281279 0.5304370389 
-82.3875012688 0.0414852106 0.8726433252 0.5304810397 
-82.3884187675 0.0414830753 0.8726585234 0.5305250481 
-82.3893364361 0.0414809396 0.8726737226 0.5305690640 
-82.3902542741 0.0414788037 0.8726889227 0.5306130875 
-82.3911722805 0.0414766675 0.8727041236 0.5306571184 
-82.3920904549 0.0414745309 0.8727193254 0.5307011569 
-82.3930087964 0.0414723941 0.8727345281 0.5307452028 
-82.3939273044 0.0414702570 0.8727497316 0.5307892561 
-82.3948459781 0.0414681196 0.8727649359 0.5308333168 
-82.3957648170 0.0414659820 0.8727801411 0.5308773848 
-82.3966838204 0.0414638440 0.8727953471 0.5309214603 
-82.3976029875 0.0414617058 0.8728105538 0.5309655430 
-82.3985223177 0.0414595673 0.8728257614 0.5310096331 
-82.3994418104 0.0414574285 0.8728409697 0.5310537304 
-82.4003614649 0.0414552895 0.8728561788 0.5310978351 
-82.4012812805 0.0414531502 0.8728713886 0.5311419469 
-82.4022012566 0.0414510106 0.8728865992 0.5311860660 
-82.4031213926 0.0414488707 0.8729018105 0.5312301922 
-82.4040416878 0.0414467306 0.8729170225 0.5312743257 
-82.4049621416 0.0414445902 0.8729322352 0.5313184662 
-82.4058827534 0.0414424495 0.8729474485 0.5313626139 
-82.4068035225 0.0414403086 0.8729626626 0.5314067687 
-82.4077244484 0.0414381674 0.8729778773 0.5314509306 
-82.4086455304 0.0414360260 0.8729930927 0.5314950996 
-82.4095667678 0.0414338843 0.8730083087 0.5315392756 
-82.4104881602 0.0414317423 0.8730235253 0.5315834586 
-82.4114097069 0.0414296001 0.8730387426 0.5316276486 
-82.4123314073 0.0414274576 0.8730539605 0.5316718456 
-82.4132532607 0.0414253149 0.8730691789 0.5317160495 
-82.4141752668 0.0414231719 0.8730843980 0.5317602603 
-82.4150974247 0.0414210287 0.8730996176 0.5318044781 
-82.4160197340 0.0414188852 0.8731148378 0.5318487028 
-82.4169421941 0.0414167415 0.8731300586 0.5318929343 
-82.4178648045 0.0414145975 0.8731452799 0.5319371727 
-82.4187875644 0.0414124533 0.8731605017 0.5319814180 
-82.4197104735 0.0414103088 0.8731757240 0.5320256700 
-82.4206335311 0.0414081641 0.8731909469 0.5320699288 
-82.4215567367 0.0414060192 0.8732061703 0.5321141944 
-82.4224800897 0.0414038740 0.8732213941 0.5321584668 
-82.4234035896 0.0414017286 0.8732366185 0.5322027458 
-82.4243272358 0.0413995829 0.8732518433 0.5322470316 
-82.4252510278 0.0413974370 0.8732670685 0.5322913241 
-82.4261749651 0.0413952909 0.8732822942 0.5323356233 
-82.4270990472 0.0413931446 0.8732975204 0.5323799291 
-82.4280232734 0.0413909980 0.8733127470 0.5324242416 
-82.4289476434 0.0413888511 0.8733279740 0.5324685606 
-82.4298721565 0.0413867041 0.8733432014 0.5325128863 
-82.4307968123 0.0413845568 0.8733584292 0.5325572185 
-82.4317216103 0.0413824093 0.8733736575 0.5326015574 
-82.4326465498 0.0413802616 0.8733888861 0.5326459027 
-82.4335716306 0.0413781136 0.8734041150 0.5326902546 
-82.4344968520 0.0413759654 0.8734193444 0.5327346130 
-82.4354222135 0.0413738170 0.8734345741 0.5327789778 
-82.4363477147 0.0413716684 0.8734498041 0.5328233492 
-82.4372733551 0.0413695196 0.8734650345 0.5328677270 
-82.4381991342 0.0413673705 0.8734802652 0.5329121112 
-82.4391250515 0.0413652212 0.8734954962 0.5329565018 
-82.4400511065 0.0413630717 0.8735107276 0.5330008989 
-82.4409772988 0.0413609220 0.8735259592 0.5330453023 
-82.4419036280 0.0413587721 0.8735411911 0.5330897121 
-82.4428300934 0.0413566220 0.8735564234 0.5331341282 
-82.4437566947 0.0413544716 0.8735716558 0.5331785507 
-82.4446834315 0.0413523211 0.8735868886 0.5332229794 
-82.4456103032 0.0413501703 0.8736021216 0.5332674145 
-82.4465373095 0.0413480193 0.8736173549 0.5333118558 
-82.4474644498 0.0413458681 0.8736325884 0.5333563034 
-82.4483917237 0.0413437168 0.8736478221 0.5334007573 
-82.4493191309 0.0413415652 0.8736630561 0.5334452174 
-82.4502466708 0.0413394134 0.8736782903 0.5334896837 
-82.4511743430 0.0413372614 0.8736935247 0.5335341561 
-82.4521021471 0.0413351092 0.8737087593 0.5335786348 
-82.4530300827 0.0413329568 0.8737239941 0.5336231196 
-82.4539581494 0.0413308042 0.8737392290 0.5336676106 
-82.4548863467 0.0413286513 0.8737544642 0.5337121077 
-82.4558146743 0.0413264983 0.8737696995 0.5337566109 
-82.4567431316 0.0413243451 0.8737849350 0.5338011202 
-82.4576717184 0.0413221918 0.8738001706 0.5338456356 
-82.4586004342 0.0413200382 0.8738154064 0.5338901570 
-82.4595292786 0.0413178844 0.8738306423 0.5339346845 
-82.4604582512 0.0413157304 0.8738458783 0.5339792181 
-82.4613873516 0.0413135762 0.8738611145 0.5340237576 
-82.4623165795 0.0413114219 0.8738763508 0.5340683032 
-82.4632459344 0.0413092673 0.8738915872 0.5341128547 
-82.4641754160 0.0413071126 0.8739068237 0.5341574122 
-82.4651050239 0.0413049576 0.8739220603 0.5342019757 
-82.4660347577 0.0413028025 0.8739372970 0.5342465451 
-82.4669646170 0.0413006472 0.8739525338 0.5342911204 
-82.4678946015 0.0412984917 0.8739677706 0.5343357017 
-82.4688247108 0.0412963361 0.8739830075 0.5343802888 
-82.4697549446 0.0412941802 0.8739982445 0.5344248818 
-82.4706853024 0.0412920242 0.8740134815 0.5344694807 
-82.4716157840 0.0412898679 0.8740287186 0.5345140855 
-82.4725463890 0.0412877115 0.8740439557 0.5345586960 
-82.4734771171 0.0412855549 0.8740591929 0.5346033124 
-82.4744079678 0.0412833982 0.8740744300 0.5346479346 
-82.4753389409 0.0412812412 0.8740896672 0.5346925626 
-82.4762700359 0.0412790841 0.8741049044 0.5347371963 
-82.4772012527 0.0412769268 0.8741201417 0.5347818358 
-82.4781325909 0.0412747693 0.8741353789 0.5348264811 
-82.4790640500 0.0412726117 0.8741506161 0.5348711321 
-82.4799956299 0.0412704539 0.8741658533 0.5349157888 
-82.4809273301 0.0412682958 0.8741810905 0.5349604512 
-82.4818591504 0.0412661377 0.8741963277 0.5350051193 
-82.4827910905 0.0412639793 0.8742115648 0.5350497930 
-82.4837231500 0.0412618208 0.8742268019 0.5350944725 
-82.4846553286 0.0412596621 0.8742420390 0.5351391575 
-82.4855876260 0.0412575033 0.8742572760 0.5351838482 
-82.4865200420 0.0412553442 0.8742725130 0.5352285446 
-82.4874525762 0.0412531850 0.8742877499 0.5352732465 
-82.4883852284 0.0412510256 0.8743029867 0.5353179540 
-82.4893179982 0.0412488661 0.8743182235 0.5353626671 
-82.4902508854 0.0412467064 0.8743334602 0.5354073857 
-82.4911838896 0.0412445465 0.8743486968 0.5354521099 
-82.4921170107 0.0412423865 0.8743639334 0.5354968396 
-82.4930502482 0.0412402263 0.8743791698 0.5355415748 
-82.4939836020 0.0412380659 0.8743944062 0.5355863155 
-82.4949170718 0.0412359054 0.8744096425 0.5356310618 
-82.4958506573 0.0412337447 0.8744248786 0.5356758135 
-82.4967843583 0.0412315839 0.8744401147 0.5357205706 
-82.4977181744 0.0412294229 0.8744553506 0.5357653332 
-82.4986521055 0.0412272617 0.8744705864 0.5358101012 
-82.4995861512 0.0412251003 0.8744858221 0.5358548747 
-82.5005203114 0.0412229389 0.8745010576 0.5358996535 
-82.5014545858 0.0412207772 0.8745162931 0.5359444378 
-82.5023889741 0.0412186154 0.8745315283 0.5359892274 
-82.5033234761 0.0412164534 0.8745467635 0.5360340224 
-82.5042580916 0.0412142913 0.8745619985 0.5360788227 
-82.5051928204 0.0412121290 0.8745772333 0.5361236284 
-82.5061276621 0.0412099666 0.8745924680 0.5361684394 
-82.5070626166 0.0412078040 0.8746077025 0.5362132557 
-82.5079976837 0.0412056412 0.8746229369 0.5362580772 
-82.5089328631 0.0412034783 0.8746381711 0.5363029041 
-82.5098681547 0.0412013152 0.8746534051 0.5363477362 
-82.5108035581 0.0411991520 0.8746686389 0.5363925736 
-82.5117390733 0.0411969887 0.8746838726 0.5364374162 
-82.5126747000 0.0411948252 0.8746991060 0.5364822641 
-82.5136104380 0.0411926615 0.8747143393 0.5365271171 
-82.5145462871 0.0411904977 0.8747295724 0.5365719754 
-82.5154822472 0.0411883337 0.8747448053 0.5366168388 
-82.5164183179 0.0411861696 0.8747600380 0.5366617074 
-82.5173544992 0.0411840053 0.8747752705 0.5367065812 
-82.5182907909 0.0411818409 0.8747905027 0.5367514601 
-82.5192271928 0.0411796763 0.8748057348 0.5367963441 
-82.5201637047 0.0411775116 0.8748209667 0.5368412332 
-82.5211003264 0.0411753467 0.8748361983 0.5368861274 
-82.5220370578 0.0411731817 0.8748514297 0.5369310267 
-82.5229738987 0.0411710165 0.8748666609 0.5369759311 
-82.5239108490 0.0411688512 0.8748818918 0.5370208406 
-82.5248479084 0.0411666857 0.8748971226 0.5370657550 
-82.5257850770 0.0411645201 0.8749123531 0.5371106745 
-82.5267223544 0.0411623544 0.8749275833 0.5371555991 
-82.5276597406 0.0411601885 0.8749428133 0.5372005286 
-82.5285972354 0.0411580224 0.8749580431 0.5372454631 
-82.5295348387 0.0411558563 0.8749732726 0.5372904025 
-82.5304725504 0.0411536899 0.8749885019 0.5373353469 
-82.5314103703 0.0411515234 0.8750037309 0.5373802963 
-82.5323482983 0.0411493568 0.8750189597 0.5374252506 
-82.5332863343 0.0411471901 0.8750341882 0.5374702098 
-82.5342244782 0.0411450232 0.8750494165 0.5375151739 
-82.5351627298 0.0411428561 0.8750646445 0.5375601429 
-82.5361010891 0.0411406889 0.8750798722 0.5376051167 
-82.5370395560 0.0411385216 0.8750950997 0.5376500954 
-82.5379781303 0.0411363541 0.8751103269 0.5376950790 
-82.5389168121 0.0411341865 0.8751255539 0.5377400673 
-82.5398556011 0.0411320187 0.8751407805 0.5377850605 
-82.5407944973 0.0411298508 0.8751560069 0.5378300585 
-82.5417335006 0.0411276828 0.8751712331 0.5378750612 
-82.5426726110 0.0411255146 0.8751864589 0.5379200687 
-82.5436118283 0.0411233463 0.8752016845 0.5379650810 
-82.5445511526 0.0411211778 0.8752169098 0.5380100979 
-82.5454905838 0.0411190092 0.8752321348 0.5380551197 
-82.5464301217 0.0411168404 0.8752473595 0.5381001461 
-82.5473697664 0.0411146715 0.8752625840 0.5381451772 
-82.5483095178 0.0411125025 0.8752778081 0.5381902129 
-82.5492493759 0.0411103333 0.8752930320 0.5382352533 
-82.5501893406 0.0411081640 0.8753082556 0.5382802984 
-82.5511294120 0.0411059946 0.8753234789 0.5383253481 
-82.5520695899 0.0411038250 0.8753387019 0.5383704024 
-82.5530098743 0.0411016553 0.8753539246 0.5384154613 
-82.5539502653 0.0410994854 0.8753691471 0.5384605247 
-82.5548907629 0.0410973154 0.8753843692 0.5385055927 
-82.5558313669 0.0410951452 0.8753995911 0.5385506653 
-82.5567720776 0.0410929750 0.8754148126 0.5385957424 
-82.5577128947 0.0410908045 0.8754300339 0.5386408240 
-82.5586538184 0.0410886340 0.8754452549 0.5386859101 
-82.5595948487 0.0410864633 0.8754604756 0.5387310006 
-82.5605359856 0.0410842924 0.8754756960 0.5387760957 
-82.5614772291 0.0410821214 0.8754909161 0.5388211952 
-82.5624185793 0.0410799503 0.8755061359 0.5388662991 
-82.5633600362 0.0410777790 0.8755213554 0.5389114074 
-82.5643015999 0.0410756076 0.8755365747 0.5389565201 
-82.5652432704 0.0410734361 0.8755517936 0.5390016371 
-82.5661850477 0.0410712644 0.8755670123 0.5390467586 
-82.5671269320 0.0410690926 0.8755822306 0.5390918843 
-82.5680689233 0.0410669206 0.8755974487 0.5391370144 
-82.5690110217 0.0410647485 0.8756126665 0.5391821488 
-82.5699532273 0.0410625763 0.8756278840 0.5392272875 
-82.5708955402 0.0410604039 0.8756431012 0.5392724305 
-82.5718379605 0.0410582314 0.8756583182 0.5393175777 
-82.5727804882 0.0410560587 0.8756735348 0.5393627291 
-82.5737231235 0.0410538859 0.8756887512 0.5394078847 
-82.5746658666 0.0410517129 0.8757039673 0.5394530446 
-82.5756087175 0.0410495398 0.8757191831 0.5394982086 
-82.5765516764 0.0410473666 0.8757343986 0.5395433767 
-82.5774947435 0.0410451932 0.8757496139 0.5395885490 
-82.5784379188 0.0410430197 0.8757648289 0.5396337254 
-82.5793812026 0.0410408461 0.8757800436 0.5396789059 
-82.5803245950 0.0410386723 0.8757952580 0.5397240905 
-82.5812680961 0.0410364983 0.8758104722 0.5397692792 
-82.5822117063 0.0410343242 0.8758256861 0.5398144718 
-82.5831554255 0.0410321500 0.8758408998 0.5398596685 
-82.5840992542 0.0410299756 0.8758561132 0.5399048692 
-82.5850431924 0.0410278011 0.8758713264 0.5399500739 
-82.5859872404 0.0410256264 0.8758865393 0.5399952825 
-82.5869313984 0.0410234516 0.8759017519 0.5400404950 
-82.5878756667 0.0410212766 0.8759169643 0.5400857115 
-82.5888200454 0.0410191015 0.8759321765 0.5401309318 
-82.5897645349 0.0410169262 0.8759473884 0.5401761561 
-82.5907091353 0.0410147508 0.8759626001 0.5402213841 
-82.5916538471 0.0410125752 0.8759778116 0.5402666160 
-82.5925986704 0.0410103995 0.8759930228 0.5403118517 
-82.5935436055 0.0410082237 0.8760082338 0.5403570912 
-82.5944886528 0.0410060477 0.8760234446 0.5404023344 
-82.5954338125 0.0410038715 0.8760386552 0.5404475814 
-82.5963790850 0.0410016952 0.8760538656 0.5404928320 
-82.5973244705 0.0409995187 0.8760690757 0.5405380864 
-82.5982699696 0.0409973421 0.8760842857 0.5405833444 
-82.5992155824 0.0409951653 0.8760994955 0.5406286061 
-82.6001613094 0.0409929884 0.8761147051 0.5406738714 
-82.6011071509 0.0409908113 0.8761299145 0.5407191402 
-82.6020531073 0.0409886340 0.8761451237 0.5407644127 
-82.6029991790 0.0409864566 0.8761603328 0.5408096886 
-82.6039453665 0.0409842791 0.8761755417 0.5408549681 
-82.6048916701 0.0409821013 0.8761907504 0.5409002511 
-82.6058380903 0.0409799234 0.8762059590 0.5409455376 
-82.6067846275 0.0409777454 0.8762211675 0.5409908275 
-82.6077312821 0.0409755672 0.8762363758 0.5410361208 
-82.6086780547 0.0409733888 0.8762515839 0.5410814175 
-82.6096249458 0.0409712103 0.8762667920 0.5411267175 
-82.6105719558 0.0409690316 0.8762819999 0.5411720209 
-82.6115190852 0.0409668527 0.8762972077 0.5412173276 
-82.6124663345 0.0409646737 0.8763124155 0.5412626375 
-82.6134137044 0.0409624944 0.8763276231 0.5413079508 
-82.6143611953 0.0409603151 0.8763428306 0.5413532672 
-82.6153088078 0.0409581355 0.8763580381 0.5413985868 
-82.6162565425 0.0409559558 0.8763732455 0.5414439096 
-82.6172044000 0.0409537759 0.8763884528 0.5414892356 
-82.6181523809 0.0409515958 0.8764036601 0.5415345646 
-82.6191004858 0.0409494155 0.8764188674 0.5415798967 
-82.6200487154 0.0409472351 0.8764340746 0.5416252319 
-82.6209970703 0.0409450545 0.8764492818 0.5416705700 
-82.6219455512 0.0409428737 0.8764644890 0.5417159112 
-82.6228941588 0.0409406927 0.8764796961 0.5417612553 
-82.6238428937 0.0409385116 0.8764949033 0.5418066023 
-82.6247917568 0.0409363302 0.8765101105 0.5418519523 
-82.6257407487 0.0409341487 0.8765253178 0.5418973050 
-82.6266898703 0.0409319669 0.8765405251 0.5419426607 
-82.6276391222 0.0409297850 0.8765557324 0.5419880191 
-82.6285885053 0.0409276029 0.8765709398 0.5420333802 
-82.6295380204 0.0409254206 0.8765861473 0.5420787441 
-82.6304876683 0.0409232381 0.8766013549 0.5421241107 
-82.6314374499 0.0409210554 0.8766165626 0.5421694799 
-82.6323873661 0.0409188725 0.8766317704 0.5422148517 
-82.6333374177 0.0409166894 0.8766469783 0.5422602262 
-82.6342876056 0.0409145060 0.8766621864 0.5423056032 
-82.6352379308 0.0409123225 0.8766773946 0.5423509827 
-82.6361883943 0.0409101388 0.8766926030 0.5423963647 
-82.6371389970 0.0409079548 0.8767078116 0.5424417491 
-82.6380897399 0.0409057707 0.8767230204 0.5424871359 
-82.6390406240 0.0409035863 0.8767382294 0.5425325251 
-82.6399916504 0.0409014017 0.8767534387 0.5425779166 
-82.6409428201 0.0408992169 0.8767686482 0.5426233104 
-82.6418941342 0.0408970319 0.8767838579 0.5426687065 
-82.6428455938 0.0408948466 0.8767990680 0.5427141047 
-82.6437972002 0.0408926611 0.8768142783 0.5427595052 
-82.6447489543 0.0408904754 0.8768294890 0.5428049077 
-82.6457008575 0.0408882894 0.8768447000 0.5428503124 
-82.6466529108 0.0408861032 0.8768599113 0.5428957191 
-82.6476051157 0.0408839168 0.8768751231 0.5429411278 
-82.6485574732 0.0408817301 0.8768903352 0.5429865385 
-82.6495099848 0.0408795432 0.8769055477 0.5430319511 
-82.6504626517 0.0408773561 0.8769207606 0.5430773655 
-82.6514154752 0.0408751686 0.8769359740 0.5431227818 
-82.6523684568 0.0408729810 0.8769511879 0.5431681999 
-82.6533215979 0.0408707930 0.8769664023 0.5432136198 
-82.6542748998 0.0408686049 0.8769816171 0.5432590413 
-82.6552283641 0.0408664164 0.8769968325 0.5433044645 
-82.6561819923 0.0408642277 0.8770120485 0.5433498893 
-82.6571357858 0.0408620387 0.8770272651 0.5433953156 
-82.6580897462 0.0408598494 0.8770424822 0.5434407434 
-82.6590438751 0.0408576599 0.8770577000 0.5434861728 
-82.6599981741 0.0408554701 0.8770729184 0.5435316035 
-82.6609526449 0.0408532800 0.8770881375 0.5435770356 
-82.6619072892 0.0408510896 0.8771033573 0.5436224690 
-82.6628621086 0.0408488989 0.8771185778 0.5436679036 
-82.6638171050 0.0408467079 0.8771337991 0.5437133395 
-82.6647722802 0.0408445166 0.8771490211 0.5437587765 
-82.6657276359 0.0408423250 0.8771642440 0.5438042147 
-82.6666831740 0.0408401331 0.8771794677 0.5438496539 
-82.6676388965 0.0408379409 0.8771946923 0.5438950941 
-82.6685948052 0.0408357484 0.8772099177 0.5439405352 
-82.6695509022 0.0408335555 0.8772251441 0.5439859773 
-82.6705071895 0.0408313623 0.8772403714 0.5440314201 
-82.6714636691 0.0408291688 0.8772555997 0.5440768638 
-82.6724203431 0.0408269750 0.8772708291 0.5441223081 
-82.6733772138 0.0408247808 0.8772860594 0.5441677532 
-82.6743342832 0.0408225862 0.8773012909 0.5442131988 
-82.6752915536 0.0408203914 0.8773165234 0.5442586450 
-82.6762490273 0.0408181961 0.8773317572 0.5443040917 
-82.6772067066 0.0408160005 0.8773469920 0.5443495388 
-82.6781645939 0.0408138045 0.8773622281 0.5443949862 
-82.6791226915 0.0408116082 0.8773774655 0.5444404340 
-82.6800810020 0.0408094115 0.8773927041 0.5444858820 
-82.6810395278 0.0408072144 0.8774079441 0.5445313302 
-82.6819982714 0.0408050169 0.8774231854 0.5445767785 
-82.6829572356 0.0408028190 0.8774384282 0.5446222268 
-82.6839164230 0.0408006207 0.8774536723 0.5446676752 
-82.6848758362 0.0407984220 0.8774689180 0.5447131234 
-82.6858354781 0.0407962229 0.8774841652 0.5447585715 
-82.6867953514 0.0407940233 0.8774994139 0.5448040194 
-82.6877554590 0.0407918234 0.8775146643 0.5448494670 
-82.6887158038 0.0407896230 0.8775299163 0.5448949142 
-82.6896763889 0.0407874222 0.8775451700 0.5449403610 
-82.6906372172 0.0407852209 0.8775604254 0.5449858073 
-82.6915982918 0.0407830192 0.8775756826 0.5450312530 
-82.6925596160 0.0407808170 0.8775909417 0.5450766981 
-82.6935211929 0.0407786143 0.8776062026 0.5451221425 
-82.6944830258 0.0407764112 0.8776214655 0.5451675861 
-82.6954451181 0.0407742075 0.8776367303 0.5452130288 
-82.6964074731 0.0407720034 0.8776519972 0.5452584705 
-82.6973700943 0.0407697988 0.8776672662 0.5453039113 
-82.6983329853 0.0407675937 0.8776825372 0.5453493509 
-82.6992961496 0.0407653881 0.8776978105 0.5453947893 
-82.7002595910 0.0407631819 0.8777130860 0.5454402265 
-82.7012233131 0.0407609752 0.8777283639 0.5454856624 
-82.7021873198 0.0407587680 0.8777436440 0.5455310968 
-82.7031516150 0.0407565602 0.8777589266 0.5455765297 
-82.7041162026 0.0407543519 0.8777742116 0.5456219610 
-82.7050810866 0.0407521430 0.8777894992 0.5456673907 
-82.7060462713 0.0407499335 0.8778047894 0.5457128186 
-82.7070117606 0.0407477235 0.8778200822 0.5457582446 
-82.7079775590 0.0407455128 0.8778353777 0.5458036687 
-82.7089436707 0.0407433016 0.8778506760 0.5458490908 
-82.7099101001 0.0407410897 0.8778659772 0.5458945107 
-82.7108768519 0.0407388772 0.8778812813 0.5459399285 
-82.7118439305 0.0407366640 0.8778965883 0.5459853439 
-82.7128113407 0.0407344503 0.8779118984 0.5460307569 
-82.7137790871 0.0407322358 0.8779272116 0.5460761675 
-82.7147471748 0.0407300207 0.8779425280 0.5461215755 
-82.7157156085 0.0407278049 0.8779578477 0.5461669807 
-82.7166843933 0.0407255884 0.8779731707 0.5462123832 
-82.7176535345 0.0407233713 0.8779884971 0.5462577829 
-82.7186230371 0.0407211534 0.8780038270 0.5463031795 
-82.7195929064 0.0407189347 0.8780191605 0.5463485731 
-82.7205631481 0.0407167154 0.8780344976 0.5463939635 
-82.7215337674 0.0407144953 0.8780498384 0.5464393505 
-82.7225047701 0.0407122744 0.8780651831 0.5464847342 
-82.7234761618 0.0407100527 0.8780805317 0.5465301144 
-82.7244479485 0.0407078303 0.8780958842 0.5465754910 
-82.7254201360 0.0407056071 0.8781112408 0.5466208639 
-82.7263927303 0.0407033830 0.8781266016 0.5466662330 
-82.7273657377 0.0407011581 0.8781419666 0.5467115981 
-82.7283391643 0.0406989324 0.8781573360 0.5467569591 
-82.7293130166 0.0406967058 0.8781727098 0.5468023160 
-82.7302873011 0.0406944783 0.8781880881 0.5468476687 
-82.7312620244 0.0406922499 0.8782034711 0.5468930169 
-82.7322371931 0.0406900207 0.8782188588 0.5469383606 
-82.7332128142 0.0406877905 0.8782342513 0.5469836997 
-82.7341888947 0.0406855594 0.8782496488 0.5470290340 
-82.7351654416 0.0406833273 0.8782650513 0.5470743634 
-82.7361424623 0.0406810943 0.8782804589 0.5471196879 
-82.7371199640 0.0406788602 0.8782958718 0.5471650072 
-82.7380979542 0.0406766252 0.8783112901 0.5472103213 
-82.7390764407 0.0406743892 0.8783267138 0.5472556300 
-82.7400554311 0.0406721521 0.8783421432 0.5473009332 
-82.7410349335 0.0406699140 0.8783575782 0.5473462307 
-82.7420149558 0.0406676747 0.8783730191 0.5473915225 
-82.7429955063 0.0406654344 0.8783884659 0.5474368084 
-82.7439765932 0.0406631930 0.8784039188 0.5474820882 
-82.7449582252 0.0406609505 0.8784193778 0.5475273619 
-82.7459404109 0.0406587068 0.8784348432 0.5475726292 
-82.7469231590 0.0406564620 0.8784503151 0.5476178901 
-82.7479064786 0.0406542159 0.8784657935 0.5476631444 
-82.7488903788 0.0406519687 0.8784812786 0.5477083920 
-82.7498748689 0.0406497202 0.8784967706 0.5477536326 
-82.7508599583 0.0406474704 0.8785122696 0.5477988663 
-82.7518456566 0.0406452194 0.8785277758 0.5478440927 
-82.7528319737 0.0406429671 0.8785432892 0.5478893118 
-82.7538189195 0.0406407135 0.8785588100 0.5479345235 
-82.7548065042 0.0406384585 0.8785743384 0.5479797275 
-82.7557947382 0.0406362022 0.8785898746 0.5480249237 
-82.7567836318 0.0406339445 0.8786054186 0.5480701120 
-82.7577731959 0.0406316854 0.8786209706 0.5481152921 
-82.7587634414 0.0406294248 0.8786365309 0.5481604640 
-82.7597543792 0.0406271628 0.8786520995 0.5482056275 
-82.7607460208 0.0406248992 0.8786676766 0.5482507823 
-82.7617383775 0.0406226342 0.8786832625 0.5482959284 
-82.7627314611 0.0406203676 0.8786988572 0.5483410656 
-82.7637252835 0.0406180995 0.8787144609 0.5483861937 
-82.7647198567 0.0406158298 0.8787300739 0.5484313125 
-82.7657151931 0.0406135584 0.8787456963 0.5484764218 
-82.7667113052 0.0406112854 0.8787613282 0.5485215216 
-82.7677082059 0.0406090107 0.8787769700 0.5485666115 
-82.7687059079 0.0406067343 0.8787926216 0.5486116915 
-82.7697044246 0.0406044562 0.8788082835 0.5486567613 
-82.7707037694 0.0406021763 0.8788239557 0.5487018208 
-82.7717039560 0.0405998946 0.8788396385 0.5487468697 
-82.7727049983 0.0405976111 0.8788553320 0.5487919079 
-82.7737069104 0.0405953257 0.8788710364 0.5488369352 
-82.7747097067 0.0405930384 0.8788867521 0.5488819514 
-82.7757134020 0.0405907492 0.8789024792 0.5489269563 
-82.7767180111 0.0405884580 0.8789182178 0.5489719498 
-82.7777235492 0.0405861648 0.8789339683 0.5490169315 
-82.7787300318 0.0405838696 0.8789497309 0.5490619013 
-82.7797374745 0.0405815723 0.8789655058 0.5491068591 
-82.7807458934 0.0405792730 0.8789812931 0.5491518045 
-82.7817553047 0.0405769714 0.8789970933 0.5491967375 
-82.7827657249 0.0405746677 0.8790129064 0.5492416577 
-82.7837771709 0.0405723618 0.8790287329 0.5492865650 
-82.7847896599 0.0405700537 0.8790445728 0.5493314592 
-82.7858032092 0.0405677432 0.8790604265 0.5493763400 
-82.7868178365 0.0405654304 0.8790762942 0.5494212072 
-82.7878335600 0.0405631153 0.8790921761 0.5494660606 
-82.7888503979 0.0405607977 0.8791080727 0.5495108999 
-82.7898683689 0.0405584777 0.8791239841 0.5495557250 
-82.7908874920 0.0405561551 0.8791399106 0.5496005357 
-82.7919077866 0.0405538300 0.8791558524 0.5496453316 
-82.7929292722 0.0405515024 0.8791718100 0.5496901125 
-82.7939519689 0.0405491721 0.8791877835 0.5497348783 
-82.7949758969 0.0405468391 0.8792037733 0.5497796286 
-82.7960010771 0.0405445034 0.8792197797 0.5498243633 
-82.7970275303 0.0405421649 0.8792358029 0.5498690820 
-82.7980552781 0.0405398236 0.8792518434 0.5499137846 
-82.7990843422 0.0405374795 0.8792679014 0.5499584707 
-82.8001147447 0.0405351324 0.8792839772 0.5500031402 
-82.8011465082 0.0405327823 0.8793000711 0.5500477928 
-82.8021796555 0.0405304292 0.8793161836 0.5500924281 
-82.8032142101 0.0405280731 0.8793323150 0.5501370460 
-82.8042501955 0.0405257138 0.8793484655 0.5501816462 
-82.8052876359 0.0405233513 0.8793646356 0.5502262284 
-82.8063265558 0.0405209856 0.8793808255 0.5502707924 
-82.8073669802 0.0405186166 0.8793970358 0.5503153378 
-82.8084089345 0.0405162443 0.8794132667 0.5503598644 
-82.8094524443 0.0405138685 0.8794295186 0.5504043719 
-82.8104975361 0.0405114893 0.8794457920 0.5504488601 
-82.8115442364 0.0405091066 0.8794620871 0.5504933286 
-82.8125925725 0.0405067202 0.8794784045 0.5505377771 
-82.8136425719 0.0405043302 0.8794947444 0.5505822055 
-82.8146942627 0.0405019365 0.8795111074 0.5506266132 
-82.8157476734 0.0404995390 0.8795274937 0.5506710002 
-82.8168028332 0.0404971377 0.8795439040 0.5507153660 
-82.8178597715 0.0404947324 0.8795603385 0.5507597103 
-82.8189185183 0.0404923232 0.8795767978 0.5508040329 
-82.8199791044 0.0404899099 0.8795932822 0.5508483335 
-82.8210415606 0.0404874925 0.8796097923 0.5508926117 
-82.8221059185 0.0404850710 0.8796263285 0.5509368671 
-82.8231722104 0.0404826451 0.8796428913 0.5509810996 
-82.8242404689 0.0404802149 0.8796594811 0.5510253086 
-82.8253107272 0.0404777803 0.8796760984 0.5510694940 
-82.8263830190 0.0404753413 0.8796927437 0.5511136554 
-82.8274573788 0.0404728976 0.8797094176 0.5511577925 
-82.8285338415 0.0404704493 0.8797261206 0.5512019048 
-82.8296124426 0.0404679963 0.8797428530 0.5512459921 
-82.8306932182 0.0404655385 0.8797596156 0.5512900540 
-82.8317762051 0.0404630759 0.8797764089 0.5513340902 
-82.8328614405 0.0404606082 0.8797932333 0.5513781003 
-82.8339489626 0.0404581355 0.8798100894 0.5514220839 
-82.8350388099 0.0404556576 0.8798269778 0.5514660407 
-82.8361310216 0.0404531745 0.8798438991 0.5515099703 
-82.8372256377 0.0404506861 0.8798608539 0.5515538724 
-82.8383226989 0.0404481923 0.8798778427 0.5515977465 
-82.8394222463 0.0404456930 0.8798948662 0.5516415923 
-82.8405243219 0.0404431881 0.8799119250 0.5516854094 
-82.8416289685 0.0404406775 0.8799290196 0.5517291974 
-82.8427362294 0.0404381611 0.8799461508 0.5517729559 
-82.8438461487 0.0404356388 0.8799633192 0.5518166845 
-82.8449587712 0.0404331105 0.8799805254 0.5518603829 
-82.8460741427 0.0404305761 0.8799977701 0.5519040505 
-82.8471923094 0.0404280355 0.8800150540 0.5519476871 
-82.8483133185 0.0404254886 0.8800323778 0.5519912921 
-82.8494372178 0.0404229353 0.8800497422 0.5520348652 
-82.8505640562 0.0404203755 0.8800671478 0.5520784059 
-82.8516938832 0.0404178091 0.8800845955 0.5521219139 
-82.8528267491 0.0404152359 0.8801020859 0.5521653886 
-82.8539627052 0.0404126558 0.8801196198 0.5522088296 
-82.8551018034 0.0404100688 0.8801371980 0.5522522366 
-82.8562440968 0.0404074746 0.8801548213 0.5522956090 
-82.8573896390 0.0404048733 0.8801724903 0.5523389463 
-82.8585384849 0.0404022646 0.8801902060 0.5523822482 
-82.8596906899 0.0403996484 0.8802079691 0.5524255142 
-82.8608463107 0.0403970247 0.8802257805 0.5524687438 
-82.8620054046 0.0403943932 0.8802436410 0.5525119365 
-82.8631680302 0.0403917539 0.8802615515 0.5525550918 
-82.8643342467 0.0403891066 0.8802795128 0.5525982094 
-82.8655041146 0.0403864512 0.8802975258 0.5526412885 
-82.8666776952 0.0403837875 0.8803155915 0.5526843289 
-82.8678550508 0.0403811154 0.8803337107 0.5527273300 
-82.8690362450 0.0403784348 0.8803518843 0.5527702912 
-82.8702213421 0.0403757455 0.8803701133 0.5528132121 
-82.8714104078 0.0403730473 0.8803883987 0.5528560921 
-82.8726035085 0.0403703402 0.8804067415 0.5528989307 
-82.8738007120 0.0403676239 0.8804251425 0.5529417275 
-82.8750020871 0.0403648984 0.8804436029 0.5529844818 
-82.8762077038 0.0403621634 0.8804621237 0.5530271931 
-82.8774176331 0.0403594188 0.8804807058 0.5530698609 
-82.8786319475 0.0403566644 0.8804993504 0.5531124846 
-82.8798507202 0.0403539001 0.8805180585 0.5531550636 
-82.8810740261 0.0403511257 0.8805368313 0.5531975975 
-82.8823019409 0.0403483411 0.8805556698 0.5532400856 
-82.8835345419 0.0403455460 0.8805745751 0.5532825273 
-82.8847719075 0.0403427402 0.8805935484 0.5533249221 
-82.8860141174 0.0403399237 0.8806125910 0.5533672694 
-82.8872612525 0.0403370962 0.8806317038 0.5534095685 
-82.8885133953 0.0403342576 0.8806508883 0.5534518189 
-82.8897706295 0.0403314076 0.8806701455 0.5534940200 
-82.8910330400 0.0403285460 0.8806894767 0.5535361711 
-82.8923007134 0.0403256728 0.8807088833 0.5535782717 
-82.8935737375 0.0403227876 0.8807283664 0.5536203210 
-82.8948522017 0.0403198902 0.8807479274 0.5536623185 
-82.8961361966 0.0403169806 0.8807675676 0.5537042634 
-82.8974258147 0.0403140583 0.8807872883 0.5537461553 
-82.8987211495 0.0403111234 0.8808070910 0.5537879933 
-82.9000222965 0.0403081755 0.8808269770 0.5538297768 
-82.9013293525 0.0403052144 0.8808469478 0.5538715052 
-82.9026424159 0.0403022399 0.8808670047 0.5539131778 
-82.9039615867 0.0402992518 0.8808871492 0.5539547938 
-82.9052869666 0.0402962498 0.8809073829 0.5539963526 
-82.9066186590 0.0402932337 0.8809277072 0.5540378534 
-82.9079567688 0.0402902034 0.8809481236 0.5540792957 
-82.9093014028 0.0402871585 0.8809686338 0.5541206785 
-82.9106526694 0.0402840987 0.8809892393 0.5541620013 
-82.9120106788 0.0402810240 0.8810099417 0.5542032632 
-82.9133755430 0.0402779339 0.8810307426 0.5542444635 
-82.9147473760 0.0402748283 0.8810516437 0.5542856014 
-82.9161262933 0.0402717069 0.8810726468 0.5543266763 
-82.9175124125 0.0402685694 0.8810937534 0.5543676873 
-82.9189058530 0.0402654156 0.8811149654 0.5544086336 
-82.9203067364 0.0402622452 0.8811362846 0.5544495144 
-82.9217151860 0.0402590579 0.8811577126 0.5544903290 
-82.9231313271 0.0402558534 0.8811792514 0.5545310766 
-82.9245552871 0.0402526315 0.8812009029 0.5545717562 
-82.9259871956 0.0402493919 0.8812226688 0.5546123671 
-82.9274271841 0.0402461342 0.8812445511 0.5546529084 
-82.9288753862 0.0402428582 0.8812665518 0.5546933794 
-82.9303319380 0.0402395636 0.8812886729 0.5547337791 
-82.9317969773 0.0402362500 0.8813109163 0.5547741066 
-82.9332706446 0.0402329172 0.8813332841 0.5548143611 
-82.9347530824 0.0402295648 0.8813557784 0.5548545418 
-82.9362444356 0.0402261925 0.8813784013 0.5548946476 
-82.9377448513 0.0402228000 0.8814011549 0.5549346777 
-82.9392544791 0.0402193870 0.8814240414 0.5549746312 
-82.9407734711 0.0402159530 0.8814470631 0.5550145071 
-82.9423019817 0.0402124979 0.8814702221 0.5550543044 
-82.9438401678 0.0402090211 0.8814935208 0.5550940224 
-82.9453881890 0.0402055224 0.8815169615 0.5551336599 
-82.9469462072 0.0402020014 0.8815405465 0.5551732159 
-82.9485143871 0.0401984577 0.8815642782 0.5552126896 
-82.9500928961 0.0401948910 0.8815881591 0.5552520799 
-82.9516819041 0.0401913009 0.8816121916 0.5552913858 
-82.9532815838 0.0401876869 0.8816363782 0.5553306062 
-82.9548921108 0.0401840488 0.8816607216 0.5553697402 
-82.9565136635 0.0401803861 0.8816852242 0.5554087867 
-82.9581464230 0.0401766984 0.8817098888 0.5554477445 
-82.9597905735 0.0401729853 0.8817347179 0.5554866127 
-82.9614463020 0.0401692463 0.8817597143 0.5555253902 
-82.9631137986 0.0401654812 0.8817848808 0.5555640757 
-82.9647932565 0.0401616893 0.8818102202 0.5556026684 
-82.9664848719 0.0401578704 0.8818357353 0.5556411669 
-82.9681888443 0.0401540239 0.8818614290 0.5556795702 
-82.9699053761 0.0401501494 0.8818873043 0.5557178771 
-82.9716346733 0.0401462465 0.8819133640 0.5557560864 
-82.9733769450 0.0401423146 0.8819396114 0.5557941969 
-82.9751324037 0.0401383533 0.8819660493 0.5558322076 
-82.9769012653 0.0401343622 0.8819926811 0.5558701170 
-82.9786837491 0.0401303407 0.8820195097 0.5559079240 
-82.9804800781 0.0401262884 0.8820465386 0.5559456274 
-82.9822904787 0.0401222047 0.8820737709 0.5559832259 
-82.9841151810 0.0401180892 0.8821012099 0.5560207182 
-82.9859544187 0.0401139412 0.8821288591 0.5560581030 
-82.9878084293 0.0401097604 0.8821567219 0.5560953791 
-82.9896774541 0.0401055461 0.8821848018 0.5561325450 
-82.9915617384 0.0401012979 0.8822131023 0.5561695995 
-82.9934615311 0.0400970151 0.8822416270 0.5562065411 
-82.9953770853 0.0400926972 0.8822703796 0.5562433686 
-82.9973086582 0.0400883437 0.8822993637 0.5562800805 
-82.9992565109 0.0400839539 0.8823285832 0.5563166753 
-83.0012209089 0.0400795273 0.8823580419 0.5563531518 
-83.0032021217 0.0400750632 0.8823877436 0.5563895084 
-83.0052004234 0.0400705611 0.8824176924 0.5564257436 
-83.0072160922 0.0400660204 0.8824478922 0.5564618561 
-83.0092494108 0.0400614404 0.8824783470 0.5564978442 
-83.0113006666 0.0400568206 0.8825090611 0.5565337064 
-83.0133701514 0.0400521601 0.8825400386 0.5565694413 
-83.0154581617 0.0400474585 0.8825712837 0.5566050471 
-83.0175649987 0.0400427150 0.8826028009 0.5566405225 
-83.0196909685 0.0400379289 0.8826345945 0.5566758657 
-83.0218363820 0.0400330996 0.8826666690 0.5567110751 
-83.0240015551 0.0400282264 0.8826990289 0.5567461491 
-83.0261868086 0.0400233086 0.8827316789 0.5567810861 
-83.0283924687 0.0400183454 0.8827646235 0.5568158842 
-83.0306188665 0.0400133361 0.8827978675 0.5568505419 
-83.0328663385 0.0400082800 0.8828314158 0.5568850574 
-83.0351352266 0.0400031764 0.8828652733 0.5569194289 
-83.0374258780 0.0399980244 0.8828994449 0.5569536546 
-83.0397386457 0.0399928233 0.8829339357 0.5569877329 
-83.0420738881 0.0399875723 0.8829687508 0.5570216617 
-83.0444319694 0.0399822706 0.8830038953 0.5570554393 
-83.0468132594 0.0399769173 0.8830393747 0.5570890638 
-83.0492181340 0.0399715118 0.8830751942 0.5571225333 
-83.0516469751 0.0399660530 0.8831113593 0.5571558459 
-83.0541001706 0.0399605403 0.8831478756 0.5571889996 
-83.0565781145 0.0399549726 0.8831847485 0.5572219924 
-83.0590812071 0.0399493492 0.8832219840 0.5572548224 
-83.0616098553 0.0399436691 0.8832595876 0.5572874876 
-83.0641644721 0.0399379314 0.8832975654 0.5573199858 
-83.0667454773 0.0399321352 0.8833359232 0.5573523150 
-83.0693532973 0.0399262797 0.8833746671 0.5573844731 
-83.0719883654 0.0399203637 0.8834138033 0.5574164579 
-83.0746511216 0.0399143864 0.8834533380 0.5574482673 
-83.0773420131 0.0399083468 0.8834932776 0.5574798990 
-83.0800614939 0.0399022439 0.8835336285 0.5575113510 
-83.0828100256 0.0398960767 0.8835743971 0.5575426208 
-83.0855880769 0.0398898442 0.8836155902 0.5575737063 
-83.0883961240 0.0398835453 0.8836572145 0.5576046051 
-83.0912346506 0.0398771789 0.8836992768 0.5576353148 
-83.0941041483 0.0398707440 0.8837417839 0.5576658331 
-83.0970051163 0.0398642396 0.8837847431 0.5576961576 
-83.0999380618 0.0398576644 0.8838281614 0.5577262859 
-83.1029035000 0.0398510175 0.8838720460 0.5577562154 
-83.1059019545 0.0398442976 0.8839164044 0.5577859437 
-83.1089339569 0.0398375035 0.8839612439 0.5578154682 
-83.1120000476 0.0398306342 0.8840065722 0.5578447863 
-83.1151007753 0.0398236884 0.8840523970 0.5578738956 
-83.1182366975 0.0398166648 0.8840987261 0.5579027932 
-83.1214083807 0.0398095624 0.8841455673 0.5579314766 
-83.1246164002 0.0398023798 0.8841929289 0.5579599430 
-83.1278613406 0.0397951157 0.8842408188 0.5579881896 
-83.1311437957 0.0397877689 0.8842892455 0.5580162138 
-83.1344643686 0.0397803381 0.8843382173 0.5580440127 
-83.1378236724 0.0397728219 0.8843877427 0.5580715834 
-83.1412223295 0.0397652190 0.8844378305 0.5580989230 
-83.1446609725 0.0397575280 0.8844884893 0.5581260286 
-83.1481402438 0.0397497476 0.8845397282 0.5581528972 
-83.1516607963 0.0397418762 0.8845915562 0.5581795258 
-83.1552232930 0.0397339126 0.8846439824 0.5582059114 
-83.1588284076 0.0397258552 0.8846970162 0.5582320509 
-83.1624768244 0.0397177025 0.8847506671 0.5582579412 
-83.1661692388 0.0397094531 0.8848049446 0.5582835790 
-83.1699063571 0.0397011054 0.8848598585 0.5583089612 
-83.1736888967 0.0396926580 0.8849154187 0.5583340845 
-83.1775175866 0.0396841091 0.8849716351 0.5583589456 
-83.1813931674 0.0396754573 0.8850285180 0.5583835413 
-83.1853163914 0.0396667009 0.8850860777 0.5584078680 
-83.1892880228 0.0396578383 0.8851443246 0.5584319224 
-83.1933088383 0.0396488678 0.8852032694 0.5584557011 
-83.1973796264 0.0396397877 0.8852629229 0.5584792004 
-83.2015011887 0.0396305963 0.8853232960 0.5585024170 
-83.2056743392 0.0396212919 0.8853843997 0.5585253470 
-83.2098999051 0.0396118726 0.8854462453 0.5585479870 
-83.2141787265 0.0396023368 0.8855088443 0.5585703332 
-83.2185116570 0.0395926825 0.8855722082 0.5585923819 
-83.2228995640 0.0395829080 0.8856363488 0.5586141293 
-83.2273433284 0.0395730112 0.8857012780 0.5586355716 
-83.2318438454 0.0395629905 0.8857670078 0.5586567049 
-83.2364020242 0.0395528437 0.8858335506 0.5586775252 
-83.2410187886 0.0395425689 0.8859009187 0.5586980286 
-83.2456950773 0.0395321642 0.8859691247 0.5587182111 
-83.2504318438 0.0395216275 0.8860381815 0.5587380686 
-83.2552300567 0.0395109567 0.8861081020 0.5587575970 
-83.2600907003 0.0395001499 0.8861788994 0.5587767920 
-83.2650147745 0.0394892047 0.8862505871 0.5587956496 
-83.2700032950 0.0394781192 0.8863231784 0.5588141653 
-83.2750572940 0.0394668911 0.8863966872 0.5588323350 
-83.2801778199 0.0394555182 0.8864711274 0.5588501541 
-83.2853659381 0.0394439983 0.8865465130 0.5588676184 
-83.2906227308 0.0394323290 0.8866228584 0.5588847232 
-83.2959492977 0.0394205081 0.8867001781 0.5589014641 
-83.3013467558 0.0394085332 0.8867784867 0.5589178365 
-83.3068162403 0.0393964019 0.8868577992 0.5589338357 
-83.3123589042 0.0393841118 0.8869381307 0.5589494571 
-83.3179759193 0.0393716605 0.8870194966 0.5589646959 
-83.3236684759 0.0393590454 0.8871019123 0.5589795473 
-83.3294377834 0.0393462640 0.8871853935 0.5589940064 
-83.3352850706 0.0393333138 0.8872699564 0.5590080684 
-83.3412115860 0.0393201921 0.8873556170 0.5590217283 
-83.3472185981 0.0393068963 0.8874423917 0.5590349810 
-83.3533073957 0.0392934237 0.8875302972 0.5590478214 
-83.3594792883 0.0392797716 0.8876193503 0.5590602445 
-83.3657356063 0.0392659372 0.8877095680 0.5590722450 
-83.3720777016 0.0392519178 0.8878009678 0.5590838176 
-83.3785069478 0.0392377103 0.8878935671 0.5590949572 
-83.3850247404 0.0392233121 0.8879873838 0.5591056582 
-83.3916324975 0.0392087201 0.8880824357 0.5591159152 
-83.3983316598 0.0391939313 0.8881787412 0.5591257228 
-83.4051236914 0.0391789428 0.8882763188 0.5591350754 
-83.4120100798 0.0391637514 0.8883751872 0.5591439674 
-83.4189923364 0.0391483541 0.8884753653 0.5591523931 
-83.4260719970 0.0391327477 0.8885768725 0.5591603467 
-83.4332506223 0.0391169290 0.8886797282 0.5591678225 
-83.4405297978 0.0391008948 0.8887839522 0.5591748145 
-83.4479111349 0.0390846417 0.8888895644 0.5591813169 
-83.4553962708 0.0390681664 0.8889965850 0.5591873236 
-83.4629868693 0.0390514655 0.8891050347 0.5591928286 
-83.4706846208 0.0390345356 0.8892149342 0.5591978256 
-83.4784912432 0.0390173732 0.8893263045 0.5592023086 
-83.4864084822 0.0389999747 0.8894391669 0.5592062711 
-83.4944381116 0.0389823365 0.8895535430 0.5592097068 
-83.5025819341 0.0389644550 0.8896694547 0.5592126094 
-83.5108417814 0.0389463264 0.8897869242 0.5592149722 
-83.5192195150 0.0389279471 0.8899059737 0.5592167886 
-83.5277170265 0.0389093131 0.8900266260 0.5592180521 
-83.5363362383 0.0388904207 0.8901489040 0.5592187557 
-83.5450791039 0.0388712659 0.8902728310 0.5592188927 
-83.5539476087 0.0388518448 0.8903984306 0.5592184560 
-83.5629437701 0.0388321532 0.8905257265 0.5592174387 
-83.5720696386 0.0388121871 0.8906547428 0.5592158336 
-83.5813272979 0.0387919424 0.8907855040 0.5592136335 
-83.5907188657 0.0387714147 0.8909180347 0.5592108309 
-83.6002464942 0.0387506000 0.8910523599 0.5592074185 
-83.6099123708 0.0387294937 0.8911885048 0.5592033885 
-83.6197187186 0.0387080915 0.8913264952 0.5591987334 
-83.6296677970 0.0386863890 0.8914663568 0.5591934452 
-83.6397619022 0.0386643817 0.8916081157 0.5591875159 
-83.6500033682 0.0386420648 0.8917517986 0.5591809374 
-83.6603945672 0.0386194338 0.8918974322 0.5591737014 
-83.6709379101 0.0385964840 0.8920450435 0.5591657994 
-83.6816358477 0.0385732105 0.8921946599 0.5591572228 
-83.6924908708 0.0385496086 0.8923463092 0.5591479627 
-83.7035055111 0.0385256732 0.8925000194 0.5591380100 
-83.7146823422 0.0385013994 0.8926558187 0.5591273555 
-83.7260239799 0.0384767821 0.8928137359 0.5591159895 
-83.7375330832 0.0384518161 0.8929737997 0.5591039024 
-83.7492123551 0.0384264964 0.8931360396 0.5590910840 
-83.7610645430 0.0384008175 0.8933004850 0.5590775239 
-83.7730924400 0.0383747741 0.8934671659 0.5590632114 
-83.7852988853 0.0383483608 0.8936361124 0.5590481355 
-83.7976867653 0.0383215721 0.8938073550 0.5590322846 
-83.8102590141 0.0382944023 0.8939809245 0.5590156467 
-83.8230186148 0.0382668458 0.8941568522 0.5589982096 
-83.8359686000 0.0382388970 0.8943351693 0.5589799601 
-83.8491120529 0.0382105498 0.8945159078 0.5589608849 
-83.8624521080 0.0381817985 0.8946990995 0.5589409699 
-83.8759919523 0.0381526371 0.8948847770 0.5589202000 
-83.8897348261 0.0381230594 0.8950729730 0.5588985599 
-83.9036840240 0.0380930593 0.8952637204 0.5588760329 
-83.9178428958 0.0380626306 0.8954570525 0.5588526018 
-83.9322148476 0.0380317670 0.8956530030 0.5588282481 
-83.9468033431 0.0380004620 0.8958516058 0.5588029522 
-83.9616119039 0.0379687091 0.8960528952 0.5587766934 
-83.9766441116 0.0379365018 0.8962569056 0.5587494493 
-83.9919036081 0.0379038334 0.8964636720 0.5587211961 
-84.0073940972 0.0378706970 0.8966732294 0.5586919083 
-84.0231193454 0.0378370858 0.8968856134 0.5586615583 
-84.0390831836 0.0378029929 0.8971008597 0.5586301165 
-84.0552895078 0.0377684112 0.8973190042 0.5585975507 
-84.0717422807 0.0377333336 0.8975400833 0.5585638261 
-84.0884455331 0.0376977527 0.8977641337 0.5585289048 
-84.1054033647 0.0376616613 0.8979911921 0.5584927454 
-84.1226199460 0.0376250520 0.8982212959 0.5584553028 
-84.1400995195 0.0375879170 0.8984544823 0.5584165276 
-84.1578464012 0.0375502489 0.8986907893 0.5583763654 
-84.1758649819 0.0375120399 0.8989302547 0.5583347566 
-84.1941597293 0.0374732820 0.8991729168 0.5582916351 
-84.2127351887 0.0374339674 0.8994188141 0.5582469281 
-84.2315959855 0.0373940879 0.8996679855 0.5582005549 
-84.2507468266 0.0373536354 0.8999204699 0.5581524259 
-84.2701925019 0.0373126015 0.9001763066 0.5581024413 
-84.2899378864 0.0372709780 0.9004355352 0.5580504900 
-84.3099879423 0.0372287561 0.9006981954 0.5579964480 
-84.3303477206 0.0371859274 0.9009643272 0.5579401765 
-84.3510223634 0.0371424830 0.9012339709 0.5578815200 
-84.3720171058 0.0370984141 0.9015071669 0.5578203039 
-84.3933372788 0.0370537117 0.9017839559 0.5577563319 
-84.4149883107 0.0370083666 0.9020643789 0.5576893830 
-84.4369757305 0.0369623696 0.9023484769 0.5576192083 
-84.4593051703 0.0369157113 0.9026362913 0.5575455264 
-84.4819823675 0.0368683822 0.9029278636 0.5574680196 
-84.5050131687 0.0368203727 0.9032232356 0.5573863283 
-84.5284035321 0.0367716729 0.9035224493 0.5573000455 
-84.5521595311 0.0367222730 0.9038255469 0.5572087101 
-84.5762873580 0.0366721628 0.9041325708 0.5571117994 
-84.6007933275 0.0366213321 0.9044435636 0.5570087212 
-84.6256838810 0.0365697706 0.9047585682 0.5568988042 
-84.6509655913 0.0365174678 0.9050776276 0.5567812885 
-84.6766451667 0.0364644128 0.9054007852 0.5566553145 
-84.7027294567 0.0364105948 0.9057280846 0.5565199121 
-84.7292254573 0.0363560028 0.9060595696 0.5563739891 
-84.7561403175 0.0363006255 0.9063952844 0.5562163211 
-84.7834813452 0.0362444515 0.9067352736 0.5560455426 
-84.8112560150 0.0361874691 0.9070795818 0.5558601428 
-84.8394719755 0.0361296665 0.9074282544 0.5556584668 
-84.8681370580 0.0360710314 0.9077813370 0.5554387273 
-84.8972592853 0.0360115518 0.9081388756 0.5551990251 
-84.9268468809 0.0359512148 0.9085009169 0.5549373733 
-84.9569082788 0.0358900077 0.9088675081 0.5546517161 
-84.9874521356 0.0358279174 0.9092386968 0.5543401775 
-85.0184873695 0.0357649303 0.9096145320 0.5540040425 
-85.0500232883 0.0357010324 0.9099950648 0.5536606764 
-85.0820695339 0.0356362089 0.9103803485 0.5533442072 
-85.1146356625 0.0355704459 0.9107704323 0.5530758955 
-85.1477310502 0.0355037295 0.9111653607 0.5528614683 
-85.1813649339 0.0354360466 0.9115651737 0.5526963897 
-85.2155464759 0.0353673844 0.9119699078 0.5525700099 
-85.2188008122 0.0353608532 0.9120085279 0.5525578418 
