-81.9489897500 0.0425175194 0.8651686109 0.5100268468 
-81.9489884918 0.0425175224 0.8651685872 0.5100201271 
-81.9489859985 0.0425175284 0.8651685402 0.5100067600 
-81.9489823161 0.0425175371 0.8651684708 0.5099868917 
-81.9489775128 0.0425175486 0.8651683801 0.5099607446 
-81.9489716786 0.0425175625 0.8651682698 0.5099286215 
-81.9489647708 0.0425175790 0.8651681392 0.5098748765 
-81.9489573377 0.0425175967 0.8651679981 0.5098380507 
-81.9489493449 0.0425176157 0.8651678458 0.5098017726 
-81.9489409137 0.0425176358 0.8651676847 0.5097660939 
-81.9489321627 0.0425176567 0.8651675167 0.5097310567 
-81.9489232087 0.0425176780 0.8651673440 0.5096966946 
-81.9489141660 0.0425176996 0.8651671687 0.5096630341 
-81.9489051462 0.0425177211 0.8651669928 0.5096300955 
-81.9488962589 0.0425177423 0.8651668182 0.5095978936 
-81.9488876108 0.0425177629 0.8651666469 0.5095664393 
-81.9488793065 0.0425177827 0.8651664807 0.5095357399 
-81.9488714478 0.0425178015 0.8651663215 0.5095057997 
-81.9488641340 0.0425178189 0.8651661710 0.5094766207 
-81.9488574622 0.0425178349 0.8651660311 0.5094482028 
-81.9488515268 0.0425178490 0.8651659034 0.5094205443 
-81.9488464199 0.0425178612 0.8651657895 0.5093936418 
-81.9488422311 0.0425178713 0.8651656911 0.5093674910 
-81.9488390476 0.0425178789 0.8651656098 0.5093420862 
-81.9488369544 0.0425178839 0.8651655470 0.5093174211 
-81.9488360340 0.0425178862 0.8651655043 0.5092934886 
-81.9488363669 0.0425178854 0.8651654830 0.5092702810 
-81.9488380311 0.0425178815 0.8651654847 0.5092477902 
-81.9488411025 0.0425178742 0.8651655106 0.5092260078 
-81.9488456550 0.0425178635 0.8651655622 0.5092049250 
-81.9488517603 0.0425178490 0.8651656406 0.5091845328 
-81.9488594879 0.0425178306 0.8651657471 0.5091648222 
-81.9488689055 0.0425178083 0.8651658830 0.5091457841 
-81.9488800787 0.0425177817 0.8651660494 0.5091274094 
-81.9488930711 0.0425177508 0.8651662475 0.5091096887 
-81.9489079446 0.0425177155 0.8651664783 0.5090926129 
-81.9489247591 0.0425176755 0.8651667430 0.5090761730 
-81.9489435728 0.0425176307 0.8651670426 0.5090603598 
-81.9489644419 0.0425175811 0.8651673781 0.5090451644 
-81.9489874211 0.0425175264 0.8651677504 0.5090305779 
-81.9490125633 0.0425174666 0.8651681606 0.5090165915 
-81.9490399197 0.0425174016 0.8651686096 0.5090031964 
-81.9490695400 0.0425173311 0.8651690982 0.5089903841 
-81.9491014722 0.0425172551 0.8651696273 0.5089781462 
-81.9491357629 0.0425171735 0.8651701977 0.5089664742 
-81.9491724569 0.0425170862 0.8651708102 0.5089553599 
-81.9492115978 0.0425169931 0.8651714657 0.5089447953 
-81.9492532277 0.0425168940 0.8651721649 0.5089347724 
-81.9492973871 0.0425167889 0.8651729084 0.5089252832 
-81.9493441154 0.0425166777 0.8651736971 0.5089163200 
-81.9493934503 0.0425165603 0.8651745315 0.5089078754 
-81.9494454287 0.0425164366 0.8651754124 0.5088999417 
-81.9495000856 0.0425163065 0.8651763403 0.5088925116 
-81.9495574552 0.0425161700 0.8651773159 0.5088855779 
-81.9496175703 0.0425160269 0.8651783397 0.5088791335 
-81.9496804625 0.0425158772 0.8651794124 0.5088731713 
-81.9497461622 0.0425157208 0.8651805345 0.5088676846 
-81.9498146988 0.0425155577 0.8651817064 0.5088626666 
-81.9498861004 0.0425153878 0.8651829287 0.5088581106 
-81.9499603942 0.0425152109 0.8651842019 0.5088540101 
-81.9500376061 0.0425150272 0.8651855265 0.5088503588 
-81.9501177611 0.0425148364 0.8651869028 0.5088471504 
-81.9502008833 0.0425146385 0.8651883314 0.5088443786 
-81.9502869956 0.0425144335 0.8651898126 0.5088420375 
-81.9503761201 0.0425142214 0.8651913467 0.5088401210 
-81.9504682778 0.0425140020 0.8651929343 0.5088386233 
-81.9505634890 0.0425137754 0.8651945756 0.5088375387 
-81.9506617727 0.0425135415 0.8651962710 0.5088368615 
-81.9507631476 0.0425133002 0.8651980209 0.5088365863 
-81.9508676310 0.0425130515 0.8651998254 0.5088367075 
-81.9509752397 0.0425127953 0.8652016850 0.5088372197 
-81.9510859896 0.0425125317 0.8652035999 0.5088381179 
-81.9511998957 0.0425122606 0.8652055703 0.5088393967 
-81.9513169725 0.0425119819 0.8652075966 0.5088410512 
-81.9514372334 0.0425116956 0.8652096789 0.5088430764 
-81.9515606913 0.0425114017 0.8652118175 0.5088454674 
-81.9516873583 0.0425111002 0.8652140126 0.5088482193 
-81.9518172458 0.0425107911 0.8652162644 0.5088513276 
-81.9519503645 0.0425104742 0.8652185731 0.5088547875 
-81.9520867245 0.0425101496 0.8652209389 0.5088585945 
-81.9522263353 0.0425098173 0.8652233619 0.5088627442 
-81.9523692055 0.0425094772 0.8652258423 0.5088672322 
-81.9525153433 0.0425091294 0.8652283802 0.5088720542 
-81.9526647564 0.0425087737 0.8652309757 0.5088772059 
-81.9528174517 0.0425084103 0.8652336291 0.5088826832 
-81.9529734355 0.0425080390 0.8652363403 0.5088884820 
-81.9531327138 0.0425076599 0.8652391095 0.5088945983 
-81.9532952918 0.0425072729 0.8652419367 0.5089010282 
-81.9534611744 0.0425068780 0.8652448222 0.5089077678 
-81.9536303656 0.0425064753 0.8652477658 0.5089148133 
-81.9538028695 0.0425060647 0.8652507678 0.5089221610 
-81.9539786891 0.0425056463 0.8652538281 0.5089298072 
-81.9541578273 0.0425052199 0.8652569468 0.5089377482 
-81.9543402864 0.0425047856 0.8652601239 0.5089459807 
-81.9545260683 0.0425043434 0.8652633594 0.5089545010 
-81.9547151745 0.0425038933 0.8652666535 0.5089633057 
-81.9549076058 0.0425034353 0.8652700060 0.5089723915 
-81.9551033630 0.0425029694 0.8652734170 0.5089817552 
-81.9553024462 0.0425024955 0.8652768865 0.5089913933 
-81.9555048553 0.0425020138 0.8652804145 0.5090013029 
-81.9557105895 0.0425015241 0.8652840010 0.5090114806 
-81.9559196479 0.0425010266 0.8652876459 0.5090219234 
-81.9561320293 0.0425005211 0.8652913492 0.5090326284 
-81.9563477319 0.0425000077 0.8652951109 0.5090435924 
-81.9565667537 0.0424994865 0.8652989309 0.5090548127 
-81.9567890923 0.0424989573 0.8653028093 0.5090662862 
-81.9570147451 0.0424984203 0.8653067458 0.5090780102 
-81.9572437089 0.0424978754 0.8653107405 0.5090899819 
-81.9574759806 0.0424973226 0.8653147934 0.5091021985 
-81.9577115564 0.0424967620 0.8653189043 0.5091146574 
-81.9579504326 0.0424961935 0.8653230731 0.5091273559 
-81.9581926048 0.0424956172 0.8653272999 0.5091402913 
-81.9584380686 0.0424950330 0.8653315844 0.5091534612 
-81.9586868194 0.0424944411 0.8653359267 0.5091668630 
-81.9589388520 0.0424938413 0.8653403265 0.5091804942 
-81.9591941613 0.0424932338 0.8653447839 0.5091943524 
-81.9594527417 0.0424926184 0.8653492987 0.5092084351 
-81.9597145876 0.0424919953 0.8653538708 0.5092227401 
-81.9599796929 0.0424913645 0.8653585001 0.5092372650 
-81.9602480516 0.0424907259 0.8653631864 0.5092520074 
-81.9605196571 0.0424900796 0.8653679297 0.5092669652 
-81.9607945030 0.0424894256 0.8653727299 0.5092821362 
-81.9610725823 0.0424887640 0.8653775867 0.5092975181 
-81.9613538881 0.0424880946 0.8653825001 0.5093131088 
-81.9616384132 0.0424874176 0.8653874700 0.5093289062 
-81.9619261501 0.0424867330 0.8653924961 0.5093449082 
-81.9622170913 0.0424860407 0.8653975784 0.5093611127 
-81.9625112291 0.0424853409 0.8654027167 0.5093775178 
-81.9628085556 0.0424846335 0.8654079109 0.5093941214 
-81.9631090627 0.0424839185 0.8654131608 0.5094109217 
-81.9634127420 0.0424831960 0.8654184663 0.5094279166 
-81.9637195854 0.0424824659 0.8654238271 0.5094451043 
-81.9640295841 0.0424817284 0.8654292432 0.5094624829 
-81.9643427296 0.0424809834 0.8654347144 0.5094800506 
-81.9646590131 0.0424802310 0.8654402406 0.5094978055 
-81.9649784255 0.0424794711 0.8654458214 0.5095157459 
-81.9653009578 0.0424787038 0.8654514569 0.5095338700 
-81.9656266007 0.0424779291 0.8654571468 0.5095521761 
-81.9659553451 0.0424771471 0.8654628909 0.5095706624 
-81.9662871813 0.0424763577 0.8654686891 0.5095893273 
-81.9666221000 0.0424755609 0.8654745412 0.5096081692 
-81.9669600913 0.0424747569 0.8654804470 0.5096271863 
-81.9673011456 0.0424739457 0.8654864063 0.5096463772 
-81.9676452529 0.0424731271 0.8654924190 0.5096657401 
-81.9679924033 0.0424723014 0.8654984849 0.5096852735 
-81.9683425868 0.0424714684 0.8655046037 0.5097049759 
-81.9686957933 0.0424706283 0.8655107754 0.5097248458 
-81.9690520123 0.0424697810 0.8655169996 0.5097448816 
-81.9694112338 0.0424689266 0.8655232763 0.5097650819 
-81.9697734472 0.0424680651 0.8655296051 0.5097854453 
-81.9701386422 0.0424671965 0.8655359861 0.5098059702 
-81.9705068081 0.0424663209 0.8655424188 0.5098266552 
-81.9708779344 0.0424654383 0.8655489032 0.5098474991 
-81.9712520104 0.0424645486 0.8655554390 0.5098685003 
-81.9716290253 0.0424636520 0.8655620261 0.5098896575 
-81.9720089684 0.0424627484 0.8655686643 0.5099109694 
-81.9723918288 0.0424618379 0.8655753532 0.5099324346 
-81.9727775956 0.0424609205 0.8655820929 0.5099540519 
-81.9731662578 0.0424599963 0.8655888830 0.5099758200 
-81.9735578044 0.0424590652 0.8655957233 0.5099977375 
-81.9739522244 0.0424581273 0.8656026136 0.5100198032 
-81.9743495067 0.0424571826 0.8656095538 0.5100420159 
-81.9747496400 0.0424562311 0.8656165437 0.5100643744 
-81.9751526133 0.0424552729 0.8656235829 0.5100868774 
-81.9755584153 0.0424543080 0.8656306714 0.5101095237 
-81.9759670348 0.0424533365 0.8656378089 0.5101323122 
-81.9763784604 0.0424523582 0.8656449952 0.5101552417 
-81.9767926808 0.0424513734 0.8656522301 0.5101783111 
-81.9772096848 0.0424503820 0.8656595133 0.5102015192 
-81.9776294608 0.0424493839 0.8656668448 0.5102248649 
-81.9780519976 0.0424483794 0.8656742242 0.5102483471 
-81.9784772837 0.0424473683 0.8656816514 0.5102719646 
-81.9789053076 0.0424463507 0.8656891262 0.5102957166 
-81.9793360579 0.0424453267 0.8656966482 0.5103196017 
-81.9797695231 0.0424442963 0.8657042175 0.5103436191 
-81.9802056917 0.0424432594 0.8657118336 0.5103677676 
-81.9806445523 0.0424422162 0.8657194964 0.5103920462 
-81.9810860932 0.0424411666 0.8657272058 0.5104164540 
-81.9815303029 0.0424401107 0.8657349614 0.5104409899 
-81.9819771700 0.0424390485 0.8657427631 0.5104656529 
-81.9824266829 0.0424379801 0.8657506106 0.5104904420 
-81.9828788299 0.0424369054 0.8657585039 0.5105153563 
-81.9833335997 0.0424358245 0.8657664425 0.5105403948 
-81.9837909805 0.0424347374 0.8657744264 0.5105655565 
-81.9842509609 0.0424336442 0.8657824553 0.5105908406 
-81.9847135292 0.0424325448 0.8657905290 0.5106162461 
-81.9851786740 0.0424314394 0.8657986472 0.5106417721 
-81.9856463836 0.0424303279 0.8658068099 0.5106674176 
-81.9861166465 0.0424292103 0.8658150167 0.5106931818 
-81.9865894512 0.0424280867 0.8658232675 0.5107190638 
-81.9870647860 0.0424269572 0.8658315621 0.5107450627 
-81.9875426396 0.0424258217 0.8658399001 0.5107711777 
-81.9880230003 0.0424246802 0.8658482815 0.5107974079 
-81.9885058567 0.0424235329 0.8658567060 0.5108237524 
-81.9889911971 0.0424223796 0.8658651734 0.5108502104 
-81.9894790102 0.0424212206 0.8658736835 0.5108767811 
-81.9899692845 0.0424200557 0.8658822361 0.5109034637 
-81.9904620084 0.0424188850 0.8658908310 0.5109302573 
-81.9909571705 0.0424177086 0.8658994679 0.5109571611 
-81.9914547594 0.0424165264 0.8659081466 0.5109841744 
-81.9919547637 0.0424153385 0.8659168670 0.5110112964 
-81.9924571719 0.0424141449 0.8659256289 0.5110385263 
-81.9929619727 0.0424129457 0.8659344319 0.5110658632 
-81.9934691547 0.0424117409 0.8659432760 0.5110933065 
-81.9939787065 0.0424105304 0.8659521609 0.5111208554 
-81.9944906168 0.0424093144 0.8659610864 0.5111485092 
-81.9950048743 0.0424080929 0.8659700523 0.5111762670 
-81.9955214678 0.0424068658 0.8659790584 0.5112041283 
-81.9960403859 0.0424056332 0.8659881045 0.5112320921 
-81.9965616174 0.0424043952 0.8659971904 0.5112601580 
-81.9970851511 0.0424031518 0.8660063158 0.5112883250 
-81.9976109757 0.0424019029 0.8660154806 0.5113165925 
-81.9981390802 0.0424006487 0.8660246846 0.5113449599 
-81.9986694534 0.0423993891 0.8660339275 0.5113734264 
-81.9992020842 0.0423981241 0.8660432092 0.5114019913 
-81.9997369615 0.0423968539 0.8660525294 0.5114306540 
-82.0002740742 0.0423955784 0.8660618880 0.5114594138 
-82.0008134112 0.0423942977 0.8660712848 0.5114882700 
-82.0013549617 0.0423930117 0.8660807195 0.5115172220 
-82.0018987145 0.0423917206 0.8660901920 0.5115462691 
-82.0024446589 0.0423904242 0.8660997020 0.5115754107 
-82.0029927837 0.0423891228 0.8661092493 0.5116046461 
-82.0035430783 0.0423878162 0.8661188339 0.5116339748 
-82.0040955316 0.0423865045 0.8661284553 0.5116633959 
-82.0046501330 0.0423851878 0.8661381136 0.5116929091 
-82.0052068715 0.0423838660 0.8661478084 0.5117225135 
-82.0057657364 0.0423825393 0.8661575395 0.5117522087 
-82.0063267171 0.0423812075 0.8661673069 0.5117819940 
-82.0068898028 0.0423798708 0.8661771102 0.5118118687 
-82.0074549828 0.0423785291 0.8661869493 0.5118418324 
-82.0080222465 0.0423771826 0.8661968240 0.5118718845 
-82.0085915834 0.0423758311 0.8662067340 0.5119020242 
-82.0091629828 0.0423744748 0.8662166793 0.5119322512 
-82.0097364343 0.0423731137 0.8662266596 0.5119625646 
-82.0103119274 0.0423717478 0.8662366747 0.5119929642 
-82.0108894515 0.0423703771 0.8662467244 0.5120234491 
-82.0114689964 0.0423690016 0.8662568086 0.5120540190 
-82.0120505515 0.0423676214 0.8662669270 0.5120846731 
-82.0126341066 0.0423662365 0.8662770795 0.5121154111 
-82.0132196513 0.0423648469 0.8662872658 0.5121462323 
-82.0138071754 0.0423634527 0.8662974858 0.5121771361 
-82.0143966686 0.0423620538 0.8663077393 0.5122081222 
-82.0149881207 0.0423606504 0.8663180262 0.5122391898 
-82.0155815216 0.0423592423 0.8663283461 0.5122703386 
-82.0161768612 0.0423578297 0.8663386990 0.5123015679 
-82.0167741292 0.0423564126 0.8663490847 0.5123328772 
-82.0173733158 0.0423549909 0.8663595029 0.5123642661 
-82.0179744108 0.0423535648 0.8663699536 0.5123957340 
-82.0185774043 0.0423521342 0.8663804364 0.5124272805 
-82.0191822864 0.0423506992 0.8663909513 0.5124589049 
-82.0197890472 0.0423492597 0.8664014980 0.5124906069 
-82.0203976767 0.0423478159 0.8664120763 0.5125223858 
-82.0210081652 0.0423463677 0.8664226862 0.5125542413 
-82.0216205029 0.0423449152 0.8664333274 0.5125861729 
-82.0222346800 0.0423434584 0.8664439997 0.5126181799 
-82.0228506869 0.0423419972 0.8664547030 0.5126502621 
-82.0234685138 0.0423405318 0.8664654371 0.5126824189 
-82.0240881512 0.0423390621 0.8664762017 0.5127146498 
-82.0247095893 0.0423375883 0.8664869968 0.5127469543 
-82.0253328188 0.0423361102 0.8664978222 0.5127793321 
-82.0259578301 0.0423346279 0.8665086776 0.5128117825 
-82.0265846136 0.0423331415 0.8665195630 0.5128443053 
-82.0272131600 0.0423316510 0.8665304781 0.5128768998 
-82.0278434599 0.0423301563 0.8665414228 0.5129095658 
-82.0284755039 0.0423286576 0.8665523968 0.5129423026 
-82.0291092828 0.0423271547 0.8665634001 0.5129751100 
-82.0297447871 0.0423256479 0.8665744325 0.5130079874 
-82.0303820077 0.0423241370 0.8665854937 0.5130409343 
-82.0310209354 0.0423226222 0.8665965837 0.5130739505 
-82.0316615611 0.0423211033 0.8666077023 0.5131070353 
-82.0323038755 0.0423195805 0.8666188492 0.5131401885 
-82.0329478697 0.0423180538 0.8666300244 0.5131734096 
-82.0335935346 0.0423165232 0.8666412276 0.5132066981 
-82.0342408612 0.0423149886 0.8666524587 0.5132400537 
-82.0348898406 0.0423134503 0.8666637176 0.5132734758 
-82.0355404638 0.0423119080 0.8666750040 0.5133069642 
-82.0361927219 0.0423103620 0.8666863179 0.5133405184 
-82.0368466061 0.0423088121 0.8666976590 0.5133741381 
-82.0375021076 0.0423072585 0.8667090272 0.5134078227 
-82.0381592176 0.0423057011 0.8667204224 0.5134415718 
-82.0388179275 0.0423041399 0.8667318443 0.5134753852 
-82.0394782285 0.0423025751 0.8667432928 0.5135092624 
-82.0401401120 0.0423010065 0.8667547678 0.5135432030 
-82.0408035694 0.0422994343 0.8667662691 0.5135772067 
-82.0414685921 0.0422978584 0.8667777966 0.5136112729 
-82.0421351716 0.0422962789 0.8667893500 0.5136454014 
-82.0428032995 0.0422946958 0.8668009293 0.5136795918 
-82.0434729672 0.0422931090 0.8668125343 0.5137138437 
-82.0441441664 0.0422915187 0.8668241648 0.5137481566 
-82.0448168887 0.0422899249 0.8668358207 0.5137825304 
-82.0454911258 0.0422883275 0.8668475018 0.5138169645 
-82.0461668693 0.0422867266 0.8668592080 0.5138514586 
-82.0468441111 0.0422851222 0.8668709391 0.5138860123 
-82.0475228429 0.0422835143 0.8668826950 0.5139206253 
-82.0482030566 0.0422819030 0.8668944756 0.5139552973 
-82.0488847440 0.0422802883 0.8669062806 0.5139900278 
-82.0495678971 0.0422786701 0.8669181100 0.5140248165 
-82.0502525077 0.0422770485 0.8669299636 0.5140596630 
-82.0509385679 0.0422754236 0.8669418412 0.5140945670 
-82.0516260696 0.0422737953 0.8669537427 0.5141295282 
-82.0523150050 0.0422721637 0.8669656680 0.5141645462 
-82.0530053662 0.0422705287 0.8669776169 0.5141996207 
-82.0536971452 0.0422688905 0.8669895892 0.5142347513 
-82.0543903343 0.0422672490 0.8670015849 0.5142699377 
-82.0550849257 0.0422656042 0.8670136038 0.5143051795 
-82.0557809116 0.0422639561 0.8670256457 0.5143404764 
-82.0564782843 0.0422623049 0.8670377106 0.5143758281 
-82.0571770361 0.0422606504 0.8670497982 0.5144112343 
-82.0578771595 0.0422589928 0.8670619084 0.5144466946 
-82.0585786467 0.0422573320 0.8670740411 0.5144822087 
-82.0592814903 0.0422556680 0.8670861962 0.5145177762 
-82.0599856828 0.0422540009 0.8670983735 0.5145533969 
-82.0606912166 0.0422523307 0.8671105729 0.5145890705 
-82.0613980843 0.0422506574 0.8671227942 0.5146247965 
-82.0621062785 0.0422489810 0.8671350374 0.5146605748 
-82.0628157918 0.0422473015 0.8671473022 0.5146964050 
-82.0635266169 0.0422456190 0.8671595886 0.5147322867 
-82.0642387465 0.0422439335 0.8671718964 0.5147682197 
-82.0649521733 0.0422422450 0.8671842255 0.5148042037 
-82.0656668902 0.0422405535 0.8671965757 0.5148402384 
-82.0663828898 0.0422388590 0.8672089470 0.5148763234 
-82.0671001651 0.0422371615 0.8672213391 0.5149124584 
-82.0678187090 0.0422354611 0.8672337520 0.5149486433 
-82.0685385143 0.0422337578 0.8672461856 0.5149848776 
-82.0692595741 0.0422320516 0.8672586396 0.5150211610 
-82.0699818812 0.0422303425 0.8672711141 0.5150574934 
-82.0707054289 0.0422286305 0.8672836087 0.5150938743 
-82.0714302100 0.0422269157 0.8672961236 0.5151303036 
-82.0721562178 0.0422251981 0.8673086584 0.5151667808 
-82.0728834453 0.0422234776 0.8673212131 0.5152033058 
-82.0736118857 0.0422217543 0.8673337875 0.5152398782 
-82.0743415323 0.0422200282 0.8673463816 0.5152764978 
-82.0750723782 0.0422182994 0.8673589952 0.5153131642 
-82.0758044168 0.0422165678 0.8673716282 0.5153498773 
-82.0765376413 0.0422148334 0.8673842805 0.5153866367 
-82.0772720452 0.0422130964 0.8673969519 0.5154234421 
-82.0780076217 0.0422113566 0.8674096423 0.5154602934 
-82.0787443644 0.0422096141 0.8674223516 0.5154971901 
-82.0794822666 0.0422078690 0.8674350798 0.5155341321 
-82.0802213218 0.0422061212 0.8674478266 0.5155711191 
-82.0809615236 0.0422043707 0.8674605919 0.5156081508 
-82.0817028656 0.0422026177 0.8674733757 0.5156452269 
-82.0824453412 0.0422008620 0.8674861778 0.5156823472 
-82.0831889441 0.0421991037 0.8674989981 0.5157195115 
-82.0839336681 0.0421973428 0.8675118365 0.5157567194 
-82.0846795067 0.0421955794 0.8675246929 0.5157939707 
-82.0854264537 0.0421938134 0.8675375671 0.5158312652 
-82.0861745028 0.0421920449 0.8675504591 0.5158686026 
-82.0869236479 0.0421902738 0.8675633688 0.5159059826 
-82.0876738827 0.0421885003 0.8675762959 0.5159434051 
-82.0884252011 0.0421867242 0.8675892405 0.5159808696 
-82.0891775970 0.0421849457 0.8676022024 0.5160183761 
-82.0899310644 0.0421831647 0.8676151814 0.5160559243 
-82.0906855971 0.0421813813 0.8676281776 0.5160935138 
-82.0914411891 0.0421795954 0.8676411907 0.5161311445 
-82.0921978346 0.0421778071 0.8676542207 0.5161688162 
-82.0929555274 0.0421760165 0.8676672674 0.5162065285 
-82.0937142618 0.0421742234 0.8676803308 0.5162442813 
-82.0944740318 0.0421724279 0.8676934108 0.5162820744 
-82.0952348315 0.0421706301 0.8677065072 0.5163199074 
-82.0959966552 0.0421688299 0.8677196199 0.5163577801 
-82.0967594970 0.0421670274 0.8677327488 0.5163956924 
-82.0975233512 0.0421652226 0.8677458939 0.5164336439 
-82.0982882121 0.0421634154 0.8677590550 0.5164716345 
-82.0990540739 0.0421616060 0.8677722320 0.5165096639 
-82.0998209310 0.0421597943 0.8677854249 0.5165477320 
-82.1005887778 0.0421579803 0.8677986334 0.5165858384 
-82.1013576086 0.0421561641 0.8678118576 0.5166239829 
-82.1021274179 0.0421543457 0.8678250972 0.5166621654 
-82.1028982001 0.0421525250 0.8678383523 0.5167003856 
-82.1036699497 0.0421507021 0.8678516227 0.5167386433 
-82.1044426613 0.0421488770 0.8678649083 0.5167769383 
-82.1052163294 0.0421470497 0.8678782090 0.5168152703 
-82.1059909485 0.0421452202 0.8678915248 0.5168536392 
-82.1067665133 0.0421433886 0.8679048554 0.5168920447 
-82.1075430183 0.0421415548 0.8679182009 0.5169304866 
-82.1083204584 0.0421397189 0.8679315611 0.5169689648 
-82.1090988281 0.0421378809 0.8679449359 0.5170074789 
-82.1098781222 0.0421360408 0.8679583253 0.5170460288 
-82.1106583354 0.0421341986 0.8679717291 0.5170846143 
-82.1114394626 0.0421323543 0.8679851472 0.5171232352 
-82.1122214985 0.0421305079 0.8679985796 0.5171618912 
-82.1130044379 0.0421286595 0.8680120262 0.5172005823 
-82.1137882758 0.0421268090 0.8680254868 0.5172393081 
-82.1145730070 0.0421249565 0.8680389614 0.5172780684 
-82.1153586265 0.0421231019 0.8680524499 0.5173168631 
-82.1161451293 0.0421212454 0.8680659521 0.5173556920 
-82.1169325102 0.0421193868 0.8680794681 0.5173945549 
-82.1177207643 0.0421175263 0.8680929977 0.5174334515 
-82.1185098867 0.0421156638 0.8681065407 0.5174723818 
-82.1192998724 0.0421137993 0.8681200973 0.5175113454 
-82.1200907165 0.0421119329 0.8681336671 0.5175503422 
-82.1208824142 0.0421100646 0.8681472502 0.5175893720 
-82.1216749605 0.0421081943 0.8681608465 0.5176284347 
-82.1224683506 0.0421063221 0.8681744559 0.5176675300 
-82.1232625799 0.0421044480 0.8681880782 0.5177066577 
-82.1240576434 0.0421025720 0.8682017135 0.5177458177 
-82.1248535365 0.0421006942 0.8682153615 0.5177850097 
-82.1256502544 0.0420988144 0.8682290223 0.5178242337 
-82.1264477924 0.0420969329 0.8682426958 0.5178634893 
-82.1272461459 0.0420950494 0.8682563818 0.5179027765 
-82.1280453103 0.0420931642 0.8682700803 0.5179420950 
-82.1288452808 0.0420912771 0.8682837912 0.5179814447 
-82.1296460531 0.0420893882 0.8682975144 0.5180208254 
-82.1304476224 0.0420874975 0.8683112499 0.5180602369 
-82.1312499843 0.0420856050 0.8683249975 0.5180996790 
-82.1320531342 0.0420837107 0.8683387571 0.5181391516 
-82.1328570677 0.0420818146 0.8683525288 0.5181786545 
-82.1336617802 0.0420799168 0.8683663123 0.5182181875 
-82.1344672675 0.0420780173 0.8683801077 0.5182577505 
-82.1352735251 0.0420761160 0.8683939149 0.5182973432 
-82.1360805485 0.0420742130 0.8684077337 0.5183369656 
-82.1368883335 0.0420723082 0.8684215641 0.5183766173 
-82.1376968757 0.0420704018 0.8684354060 0.5184162984 
-82.1385061708 0.0420684937 0.8684492593 0.5184560086 
-82.1393162146 0.0420665839 0.8684631240 0.5184957477 
-82.1401270027 0.0420646724 0.8684770000 0.5185355156 
-82.1409385309 0.0420627592 0.8684908872 0.5185753121 
-82.1417507951 0.0420608444 0.8685047855 0.5186151370 
-82.1425637911 0.0420589279 0.8685186949 0.5186549903 
-82.1433775146 0.0420570099 0.8685326152 0.5186948717 
-82.1441919616 0.0420550901 0.8685465465 0.5187347810 
-82.1450071279 0.0420531688 0.8685604885 0.5187747182 
-82.1458230095 0.0420512459 0.8685744414 0.5188146831 
-82.1466396024 0.0420493214 0.8685884049 0.5188546754 
-82.1474569023 0.0420473952 0.8686023790 0.5188946952 
-82.1482749054 0.0420454676 0.8686163636 0.5189347421 
-82.1490936077 0.0420435383 0.8686303588 0.5189748160 
-82.1499130052 0.0420416075 0.8686443643 0.5190149169 
-82.1507330938 0.0420396751 0.8686583801 0.5190550445 
-82.1515538698 0.0420377413 0.8686724062 0.5190951987 
-82.1523753292 0.0420358058 0.8686864424 0.5191353793 
-82.1531974682 0.0420338689 0.8687004888 0.5191755863 
-82.1540202828 0.0420319304 0.8687145452 0.5192158194 
-82.1548437693 0.0420299905 0.8687286115 0.5192560785 
-82.1556679238 0.0420280491 0.8687426878 0.5192963634 
-82.1564927425 0.0420261061 0.8687567739 0.5193366741 
-82.1573182217 0.0420241618 0.8687708698 0.5193770104 
-82.1581443577 0.0420222159 0.8687849754 0.5194173721 
-82.1589711466 0.0420202686 0.8687990905 0.5194577591 
-82.1597985849 0.0420183198 0.8688132153 0.5194981712 
-82.1606266689 0.0420163696 0.8688273495 0.5195386083 
-82.1614553948 0.0420144180 0.8688414932 0.5195790704 
-82.1622847590 0.0420124650 0.8688556463 0.5196195571 
-82.1631147580 0.0420105105 0.8688698086 0.5196600685 
-82.1639453881 0.0420085547 0.8688839802 0.5197006043 
-82.1647766458 0.0420065974 0.8688981609 0.5197411644 
-82.1656085275 0.0420046388 0.8689123508 0.5197817488 
-82.1664410296 0.0420026788 0.8689265497 0.5198223572 
-82.1672741488 0.0420007174 0.8689407575 0.5198629895 
-82.1681078814 0.0419987547 0.8689549743 0.5199036456 
-82.1689422241 0.0419967906 0.8689691999 0.5199443254 
-82.1697771734 0.0419948252 0.8689834344 0.5199850288 
-82.1706127258 0.0419928584 0.8689976775 0.5200257555 
-82.1714488779 0.0419908903 0.8690119293 0.5200665055 
-82.1722856264 0.0419889209 0.8690261898 0.5201072787 
-82.1731229679 0.0419869502 0.8690404587 0.5201480749 
-82.1739608991 0.0419849782 0.8690547362 0.5201888940 
-82.1747994166 0.0419830049 0.8690690220 0.5202297359 
-82.1756385171 0.0419810303 0.8690833163 0.5202706004 
-82.1764781973 0.0419790544 0.8690976188 0.5203114874 
-82.1773184540 0.0419770773 0.8691119296 0.5203523969 
-82.1781592840 0.0419750989 0.8691262486 0.5203933286 
-82.1790006839 0.0419731192 0.8691405757 0.5204342826 
-82.1798426506 0.0419711383 0.8691549108 0.5204752585 
-82.1806851810 0.0419691561 0.8691692540 0.5205162564 
-82.1815282717 0.0419671728 0.8691836051 0.5205572761 
-82.1823719198 0.0419651882 0.8691979642 0.5205983174 
-82.1832161220 0.0419632023 0.8692123310 0.5206393804 
-82.1840608752 0.0419612153 0.8692267057 0.5206804648 
-82.1849061764 0.0419592271 0.8692410881 0.5207215705 
-82.1857520225 0.0419572377 0.8692554781 0.5207626975 
-82.1865984104 0.0419552470 0.8692698758 0.5208038455 
-82.1874453371 0.0419532552 0.8692842810 0.5208450146 
-82.1882927995 0.0419512623 0.8692986938 0.5208862045 
-82.1891407947 0.0419492682 0.8693131139 0.5209274153 
-82.1899893197 0.0419472729 0.8693275415 0.5209686467 
-82.1908383715 0.0419452764 0.8693419765 0.5210098986 
-82.1916879471 0.0419432788 0.8693564187 0.5210511710 
-82.1925380438 0.0419412801 0.8693708682 0.5210924637 
-82.1933886584 0.0419392803 0.8693853248 0.5211337767 
-82.1942397882 0.0419372793 0.8693997886 0.5211751097 
-82.1950914302 0.0419352772 0.8694142595 0.5212164628 
-82.1959435817 0.0419332740 0.8694287374 0.5212578358 
-82.1967962397 0.0419312697 0.8694432223 0.5212992286 
-82.1976494015 0.0419292643 0.8694577141 0.5213406411 
-82.1985030643 0.0419272578 0.8694722127 0.5213820732 
-82.1993572251 0.0419252503 0.8694867183 0.5214235247 
-82.2002118814 0.0419232416 0.8695012305 0.5214649957 
-82.2010670303 0.0419212319 0.8695157495 0.5215064859 
-82.2019226691 0.0419192212 0.8695302752 0.5215479954 
-82.2027787951 0.0419172093 0.8695448075 0.5215895239 
-82.2036354055 0.0419151965 0.8695593464 0.5216310714 
-82.2044924978 0.0419131826 0.8695738918 0.5216726378 
-82.2053500691 0.0419111676 0.8695884437 0.5217142230 
-82.2062081170 0.0419091516 0.8696030021 0.5217558268 
-82.2070666386 0.0419071346 0.8696175668 0.5217974493 
-82.2079256315 0.0419051166 0.8696321378 0.5218390903 
-82.2087850930 0.0419030976 0.8696467151 0.5218807496 
-82.2096450205 0.0419010775 0.8696612987 0.5219224273 
-82.2105054114 0.0418990565 0.8696758885 0.5219641232 
-82.2113662633 0.0418970345 0.8696904844 0.5220058372 
-82.2122275735 0.0418950114 0.8697050864 0.5220475692 
-82.2130893395 0.0418929874 0.8697196945 0.5220893192 
-82.2139515589 0.0418909625 0.8697343086 0.5221310870 
-82.2148142291 0.0418889365 0.8697489286 0.5221728726 
-82.2156773477 0.0418869096 0.8697635546 0.5222146758 
-82.2165409122 0.0418848818 0.8697781865 0.5222564966 
-82.2174049201 0.0418828530 0.8697928242 0.5222983348 
-82.2182693691 0.0418808232 0.8698074676 0.5223401905 
-82.2191342566 0.0418787925 0.8698221168 0.5223820634 
-82.2199995804 0.0418767609 0.8698367717 0.5224239536 
-82.2208653381 0.0418747284 0.8698514323 0.5224658609 
-82.2217315272 0.0418726949 0.8698660985 0.5225077853 
-82.2225981454 0.0418706605 0.8698807702 0.5225497266 
-82.2234651904 0.0418686252 0.8698954475 0.5225916847 
-82.2243326598 0.0418665890 0.8699101303 0.5226336597 
-82.2252005514 0.0418645519 0.8699248185 0.5226756514 
-82.2260688629 0.0418625139 0.8699395121 0.5227176597 
-82.2269375919 0.0418604750 0.8699542110 0.5227596845 
-82.2278067363 0.0418584353 0.8699689153 0.5228017258 
-82.2286762937 0.0418563946 0.8699836249 0.5228437834 
-82.2295462619 0.0418543531 0.8699983397 0.5228858574 
-82.2304166388 0.0418523108 0.8700130597 0.5229279475 
-82.2312874220 0.0418502675 0.8700277848 0.5229700538 
-82.2321586095 0.0418482234 0.8700425151 0.5230121762 
-82.2330301990 0.0418461785 0.8700572504 0.5230543145 
-82.2339021884 0.0418441327 0.8700719908 0.5230964687 
-82.2347745755 0.0418420860 0.8700867361 0.5231386387 
-82.2356473582 0.0418400386 0.8701014864 0.5231808245 
-82.2365205344 0.0418379903 0.8701162417 0.5232230259 
-82.2373941019 0.0418359412 0.8701310018 0.5232652430 
-82.2382680587 0.0418338912 0.8701457668 0.5233074755 
-82.2391424027 0.0418318405 0.8701605365 0.5233497235 
-82.2400171318 0.0418297889 0.8701753111 0.5233919868 
-82.2408922440 0.0418277365 0.8701900903 0.5234342655 
-82.2417677373 0.0418256833 0.8702048743 0.5234765593 
-82.2426436095 0.0418236294 0.8702196629 0.5235188683 
-82.2435198588 0.0418215746 0.8702344561 0.5235611924 
-82.2443964830 0.0418195191 0.8702492539 0.5236035314 
-82.2452734803 0.0418174627 0.8702640562 0.5236458854 
-82.2461508486 0.0418154056 0.8702788630 0.5236882542 
-82.2470285860 0.0418133478 0.8702936744 0.5237306379 
-82.2479066906 0.0418112891 0.8703084901 0.5237730362 
-82.2487851604 0.0418092297 0.8703233102 0.5238154492 
-82.2496639935 0.0418071696 0.8703381348 0.5238578768 
-82.2505431879 0.0418051086 0.8703529636 0.5239003189 
-82.2514227419 0.0418030470 0.8703677967 0.5239427754 
-82.2523026535 0.0418009846 0.8703826341 0.5239852464 
-82.2531829208 0.0417989214 0.8703974757 0.5240277316 
-82.2540635420 0.0417968576 0.8704123215 0.5240702311 
-82.2549445153 0.0417947929 0.8704271715 0.5241127447 
-82.2558258388 0.0417927276 0.8704420256 0.5241552725 
-82.2567075108 0.0417906615 0.8704568838 0.5241978143 
-82.2575895293 0.0417885948 0.8704717460 0.5242403701 
-82.2584718926 0.0417865273 0.8704866123 0.5242829398 
-82.2593545990 0.0417844591 0.8705014825 0.5243255233 
-82.2602376467 0.0417823902 0.8705163567 0.5243681207 
-82.2611210339 0.0417803206 0.8705312348 0.5244107318 
-82.2620047589 0.0417782503 0.8705461168 0.5244533566 
-82.2628888199 0.0417761793 0.8705610027 0.5244959949 
-82.2637732152 0.0417741076 0.8705758924 0.5245386469 
-82.2646579432 0.0417720352 0.8705907859 0.5245813123 
-82.2655430021 0.0417699622 0.8706056832 0.5246239911 
-82.2664283902 0.0417678885 0.8706205842 0.5246666833 
-82.2673141060 0.0417658141 0.8706354889 0.5247093889 
-82.2682001476 0.0417637390 0.8706503972 0.5247521076 
-82.2690865136 0.0417616633 0.8706653093 0.5247948396 
-82.2699732022 0.0417595869 0.8706802249 0.5248375847 
-82.2708602118 0.0417575099 0.8706951441 0.5248803429 
-82.2717475408 0.0417554322 0.8707100669 0.5249231141 
-82.2726351877 0.0417533539 0.8707249931 0.5249658982 
-82.2735231508 0.0417512749 0.8707399229 0.5250086953 
-82.2744114285 0.0417491953 0.8707548561 0.5250515052 
-82.2753000193 0.0417471150 0.8707697928 0.5250943280 
-82.2761889217 0.0417450341 0.8707847329 0.5251371634 
-82.2770781341 0.0417429526 0.8707996763 0.5251800116 
-82.2779676550 0.0417408704 0.8708146231 0.5252228724 
-82.2788574828 0.0417387877 0.8708295732 0.5252657458 
-82.2797476160 0.0417367043 0.8708445266 0.5253086317 
-82.2806380533 0.0417346203 0.8708594832 0.5253515301 
-82.2815287929 0.0417325357 0.8708744431 0.5253944409 
-82.2824198336 0.0417304504 0.8708894062 0.5254373641 
-82.2833111739 0.0417283646 0.8709043725 0.5254802996 
-82.2842028122 0.0417262782 0.8709193419 0.5255232474 
-82.2850947472 0.0417241911 0.8709343144 0.5255662074 
-82.2859869773 0.0417221035 0.8709492901 0.5256091796 
-82.2868795013 0.0417200153 0.8709642688 0.5256521639 
-82.2877723177 0.0417179265 0.8709792505 0.5256951603 
-82.2886654252 0.0417158371 0.8709942353 0.5257381687 
-82.2895588222 0.0417137472 0.8710092230 0.5257811891 
-82.2904525075 0.0417116566 0.8710242137 0.5258242215 
-82.2913464796 0.0417095655 0.8710392074 0.5258672657 
-82.2922407373 0.0417074738 0.8710542040 0.5259103217 
-82.2931352792 0.0417053816 0.8710692034 0.5259533896 
-82.2940301040 0.0417032888 0.8710842058 0.5259964691 
-82.2949252103 0.0417011954 0.8710992109 0.5260395604 
-82.2958205969 0.0416991015 0.8711142189 0.5260826634 
-82.2967162624 0.0416970070 0.8711292296 0.5261257779 
-82.2976122055 0.0416949119 0.8711442431 0.5261689040 
-82.2985084251 0.0416928164 0.8711592594 0.5262120416 
-82.2994049197 0.0416907202 0.8711742784 0.5262551907 
-82.3003016882 0.0416886236 0.8711893000 0.5262983513 
-82.3011987293 0.0416865263 0.8712043243 0.5263415232 
-82.3020960418 0.0416844286 0.8712193513 0.5263847065 
-82.3029936245 0.0416823303 0.8712343809 0.5264279011 
-82.3038914761 0.0416802315 0.8712494131 0.5264711069 
-82.3047895954 0.0416781321 0.8712644478 0.5265143240 
-82.3056879813 0.0416760323 0.8712794851 0.5265575523 
-82.3065866326 0.0416739319 0.8712945249 0.5266007917 
-82.3074855480 0.0416718310 0.8713095673 0.5266440422 
-82.3083847265 0.0416697295 0.8713246121 0.5266873037 
-82.3092841668 0.0416676276 0.8713396593 0.5267305763 
-82.3101838679 0.0416655252 0.8713547091 0.5267738599 
-82.3110838286 0.0416634222 0.8713697612 0.5268171544 
-82.3119840478 0.0416613187 0.8713848157 0.5268604598 
-82.3128845244 0.0416592148 0.8713998726 0.5269037761 
-82.3137852573 0.0416571103 0.8714149318 0.5269471032 
-82.3146862453 0.0416550053 0.8714299933 0.5269904411 
-82.3155874874 0.0416528999 0.8714450572 0.5270337898 
-82.3164889826 0.0416507939 0.8714601233 0.5270771492 
-82.3173907298 0.0416486875 0.8714751918 0.5271205193 
-82.3182927279 0.0416465806 0.8714902624 0.5271639000 
-82.3191949759 0.0416444731 0.8715053353 0.5272072914 
-82.3200974727 0.0416423652 0.8715204104 0.5272506933 
-82.3210002174 0.0416402569 0.8715354876 0.5272941058 
-82.3219032089 0.0416381480 0.8715505671 0.5273375288 
-82.3228064462 0.0416360387 0.8715656486 0.5273809622 
-82.3237099284 0.0416339289 0.8715807323 0.5274244061 
-82.3246136544 0.0416318186 0.8715958181 0.5274678605 
-82.3255176234 0.0416297079 0.8716109060 0.5275113252 
-82.3264218342 0.0416275967 0.8716259959 0.5275548002 
-82.3273262861 0.0416254850 0.8716410879 0.5275982856 
-82.3282309779 0.0416233729 0.8716561819 0.5276417812 
-82.3291359089 0.0416212603 0.8716712779 0.5276852871 
-82.3300410781 0.0416191473 0.8716863760 0.5277288032 
-82.3309464845 0.0416170338 0.8717014759 0.5277723296 
-82.3318521274 0.0416149198 0.8717165779 0.5278158660 
-82.3327580057 0.0416128054 0.8717316817 0.5278594126 
-82.3336641186 0.0416106906 0.8717467875 0.5279029693 
-82.3345704653 0.0416085753 0.8717618952 0.5279465361 
-82.3354770448 0.0416064595 0.8717770048 0.5279901130 
-82.3363838564 0.0416043434 0.8717921162 0.5280336998 
-82.3372908991 0.0416022267 0.8718072295 0.5280772966 
-82.3381981722 0.0416001097 0.8718223446 0.5281209034 
-82.3391056748 0.0415979922 0.8718374615 0.5281645201 
-82.3400134061 0.0415958743 0.8718525802 0.5282081468 
-82.3409213654 0.0415937559 0.8718677007 0.5282517833 
-82.3418295517 0.0415916371 0.8718828229 0.5282954297 
-82.3427379644 0.0415895179 0.8718979469 0.5283390859 
-82.3436466026 0.0415873983 0.8719130726 0.5283827519 
-82.3445554657 0.0415852782 0.8719282001 0.5284264276 
-82.3454645528 0.0415831577 0.8719433292 0.5284701132 
-82.3463738632 0.0415810368 0.8719584600 0.5285138084 
-82.3472833961 0.0415789155 0.8719735925 0.5285575134 
-82.3481931509 0.0415767938 0.8719887266 0.5286012280 
-82.3491031268 0.0415746716 0.8720038624 0.5286449523 
-82.3500133232 0.0415725491 0.8720189998 0.5286886863 
-82.3509237392 0.0415704261 0.8720341388 0.5287324298 
-82.3518343743 0.0415683027 0.8720492793 0.5287761830 
-82.3527452278 0.0415661789 0.8720644215 0.5288199457 
-82.3536562989 0.0415640547 0.8720795652 0.5288637179 
-82.3545675871 0.0415619301 0.8720947104 0.5289074997 
-82.3554790917 0.0415598051 0.8721098572 0.5289512910 
-82.3563908121 0.0415576796 0.8721250055 0.5289950918 
-82.3573027476 0.0415555538 0.8721401553 0.5290389020 
-82.3582148976 0.0415534276 0.8721553066 0.5290827217 
-82.3591272615 0.0415513010 0.8721704594 0.5291265508 
-82.3600398387 0.0415491740 0.8721856136 0.5291703893 
-82.3609526286 0.0415470466 0.8722007693 0.5292142372 
-82.3618656307 0.0415449188 0.8722159264 0.5292580945 
-82.3627788444 0.0415427906 0.8722310850 0.5293019611 
-82.3636922691 0.0415406620 0.8722462449 0.5293458370 
-82.3646059042 0.0415385331 0.8722614063 0.5293897223 
-82.3655197493 0.0415364037 0.8722765690 0.5294336169 
-82.3664338038 0.0415342740 0.8722917331 0.5294775207 
-82.3673480672 0.0415321438 0.8723068986 0.5295214338 
-82.3682625389 0.0415300133 0.8723220654 0.5295653562 
-82.3691772185 0.0415278824 0.8723372335 0.5296092878 
-82.3700921056 0.0415257512 0.8723524030 0.5296532286 
-82.3710071995 0.0415236195 0.8723675738 0.5296971786 
-82.3719224999 0.0415214875 0.8723827459 0.5297411378 
-82.3728380062 0.0415193551 0.8723979192 0.5297851062 
-82.3737537181 0.0415172223 0.8724130939 0.5298290837 
-82.3746696351 0.0415150891 0.8724282698 0.5298730704 
-82.3755857568 0.0415129556 0.8724434470 0.5299170662 
-82.3765020827 0.0415108217 0.8724586254 0.5299610712 
-82.3774186125 0.0415086874 0.8724738050 0.5300050852 
-82.3783353457 0.0415065527 0.8724889859 0.5300491084 
-82.3792522819 0.0415044177 0.8725041680 0.5300931406 
-82.3801694209 0.0415022823 0.8725193513 0.5301371819 
-82.3810867621 0.0415001465 0.8725345358 0.5301812323 
-82.3820043053 0.0414980104 0.8725497215 0.5302252917 
-82.3829220502 0.0414958739 0.8725649083 0.5302693602 
-82.3838399963 0.0414937370 0.8725800963 0.5303134377 
-82.3847581433 0.0414915998 0.8725952855 0.5303575243 
-82.3856764910 0.0414894622 0.8726104758 0.5304016198 
-82.3865950390 0.0414873243 0.8726256673 0.5304457243 
-82.3875137870 0.0414851859 0.8726408599 0.5304898379 
-82.3884327348 0.0414830472 0.8726560536 0.5305339604 
-82.3893518820 0.0414809082 0.8726712484 0.5305780919 
-82.3902712285 0.0414787688 0.8726864443 0.5306222324 
-82.3911907739 0.0414766290 0.8727016413 0.5306663819 
-82.3921105180 0.0414744889 0.8727168394 0.5307105403 
-82.3930304606 0.0414723484 0.8727320386 0.5307547076 
-82.3939506014 0.0414702076 0.8727472388 0.5307988839 
-82.3948709403 0.0414680664 0.8727624401 0.5308430692 
-82.3957914771 0.0414659248 0.8727776425 0.5308872634 
-82.3967122115 0.0414637829 0.8727928459 0.5309314665 
-82.3976331434 0.0414616406 0.8728080504 0.5309756786 
-82.3985542726 0.0414594980 0.8728232559 0.5310198995 
-82.3994755989 0.0414573550 0.8728384624 0.5310641294 
-82.4003971223 0.0414552116 0.8728536699 0.5311083682 
-82.4013188425 0.0414530680 0.8728688785 0.5311526159 
-82.4022407595 0.0414509239 0.8728840881 0.5311968726 
-82.4031628731 0.0414487795 0.8728992986 0.5312411381 
-82.4040851833 0.0414466347 0.8729145102 0.5312854126 
-82.4050076899 0.0414444896 0.8729297228 0.5313296959 
-82.4059303929 0.0414423442 0.8729449363 0.5313739882 
-82.4068532922 0.0414401984 0.8729601508 0.5314182893 
-82.4077763877 0.0414380522 0.8729753663 0.5314625994 
-82.4086996794 0.0414359057 0.8729905828 0.5315069183 
-82.4096231673 0.0414337588 0.8730058002 0.5315512462 
-82.4105468514 0.0414316116 0.8730210186 0.5315955830 
-82.4114707315 0.0414294640 0.8730362380 0.5316399286 
-82.4123948078 0.0414273160 0.8730514583 0.5316842832 
-82.4133190802 0.0414251678 0.8730666795 0.5317286467 
-82.4142435488 0.0414230191 0.8730819017 0.5317730191 
-82.4151682136 0.0414208701 0.8730971248 0.5318174004 
-82.4160930746 0.0414187208 0.8731123489 0.5318617906 
-82.4170181319 0.0414165711 0.8731275739 0.5319061898 
-82.4179433856 0.0414144211 0.8731427998 0.5319505979 
-82.4188688358 0.0414122707 0.8731580266 0.5319950149 
-82.4197944825 0.0414101199 0.8731732544 0.5320394408 
-82.4207203259 0.0414079688 0.8731884831 0.5320838757 
-82.4216463660 0.0414058174 0.8732037127 0.5321283195 
-82.4225726031 0.0414036656 0.8732189432 0.5321727723 
-82.4234990372 0.0414015134 0.8732341746 0.5322172340 
-82.4244256685 0.0413993609 0.8732494070 0.5322617047 
-82.4253524972 0.0413972080 0.8732646402 0.5323061844 
-82.4262795234 0.0413950548 0.8732798744 0.5323506730 
-82.4272067474 0.0413929012 0.8732951094 0.5323951706 
-82.4281341693 0.0413907473 0.8733103454 0.5324396773 
-82.4290617894 0.0413885930 0.8733255822 0.5324841929 
-82.4299896078 0.0413864383 0.8733408200 0.5325287175 
-82.4309176250 0.0413842833 0.8733560587 0.5325732512 
-82.4318458410 0.0413821280 0.8733712982 0.5326177939 
-82.4327742561 0.0413799722 0.8733865387 0.5326623456 
-82.4337028707 0.0413778162 0.8734017800 0.5327069064 
-82.4346316851 0.0413756597 0.8734170223 0.5327514763 
-82.4355606995 0.0413735029 0.8734322655 0.5327960552 
-82.4364899142 0.0413713458 0.8734475095 0.5328406432 
-82.4374193297 0.0413691883 0.8734627545 0.5328852404 
-82.4383489462 0.0413670304 0.8734780003 0.5329298466 
-82.4392787641 0.0413648721 0.8734932471 0.5329744620 
-82.4402087838 0.0413627135 0.8735084947 0.5330190865 
-82.4411390057 0.0413605546 0.8735237433 0.5330637202 
-82.4420694301 0.0413583952 0.8735389928 0.5331083630 
-82.4430000575 0.0413562355 0.8735542431 0.5331530150 
-82.4439308883 0.0413540755 0.8735694944 0.5331976763 
-82.4448619230 0.0413519150 0.8735847466 0.5332423467 
-82.4457931620 0.0413497542 0.8735999997 0.5332870264 
-82.4467246058 0.0413475931 0.8736152538 0.5333317154 
-82.4476562549 0.0413454315 0.8736305087 0.5333764136 
-82.4485881097 0.0413432696 0.8736457646 0.5334211211 
-82.4495201708 0.0413411073 0.8736610214 0.5334658379 
-82.4504524387 0.0413389447 0.8736762791 0.5335105641 
-82.4513849139 0.0413367816 0.8736915378 0.5335552996 
-82.4523175971 0.0413346182 0.8737067974 0.5336000445 
-82.4532504888 0.0413324544 0.8737220579 0.5336447987 
-82.4541835895 0.0413302902 0.8737373194 0.5336895624 
-82.4551168999 0.0413281257 0.8737525818 0.5337343355 
-82.4560504206 0.0413259608 0.8737678452 0.5337791180 
-82.4569841522 0.0413237954 0.8737831095 0.5338239100 
-82.4579180953 0.0413216297 0.8737983748 0.5338687116 
-82.4588522507 0.0413194637 0.8738136411 0.5339135226 
-82.4597866190 0.0413172972 0.8738289084 0.5339583432 
-82.4607212009 0.0413151303 0.8738441766 0.5340031733 
-82.4616559971 0.0413129631 0.8738594458 0.5340480131 
-82.4625910084 0.0413107954 0.8738747160 0.5340928625 
-82.4635262354 0.0413086274 0.8738899873 0.5341377215 
-82.4644616789 0.0413064589 0.8739052595 0.5341825902 
-82.4653973397 0.0413042901 0.8739205327 0.5342274686 
-82.4663332187 0.0413021209 0.8739358070 0.5342723567 
-82.4672693165 0.0412999512 0.8739510823 0.5343172545 
-82.4682056340 0.0412977812 0.8739663586 0.5343621622 
-82.4691421721 0.0412956107 0.8739816360 0.5344070797 
-82.4700789316 0.0412934399 0.8739969144 0.5344520070 
-82.4710159134 0.0412912686 0.8740121939 0.5344969442 
-82.4719531183 0.0412890970 0.8740274744 0.5345418913 
-82.4728905473 0.0412869249 0.8740427561 0.5345868483 
-82.4738282013 0.0412847524 0.8740580388 0.5346318153 
-82.4747660812 0.0412825795 0.8740733226 0.5346767923 
-82.4757041880 0.0412804062 0.8740886076 0.5347217793 
-82.4766425227 0.0412782324 0.8741038936 0.5347667764 
-82.4775810863 0.0412760582 0.8741191808 0.5348117836 
-82.4785198797 0.0412738836 0.8741344691 0.5348568009 
-82.4794589039 0.0412717086 0.8741497586 0.5349018284 
-82.4803981602 0.0412695332 0.8741650492 0.5349468661 
-82.4813376494 0.0412673573 0.8741803410 0.5349919140 
-82.4822773727 0.0412651809 0.8741956340 0.5350369722 
-82.4832173311 0.0412630042 0.8742109282 0.5350820408 
-82.4841575259 0.0412608270 0.8742262236 0.5351271197 
-82.4850979581 0.0412586493 0.8742415202 0.5351722089 
-82.4860386289 0.0412564712 0.8742568181 0.5352173087 
-82.4869795395 0.0412542927 0.8742721172 0.5352624188 
-82.4879206910 0.0412521137 0.8742874175 0.5353075395 
-82.4888620847 0.0412499343 0.8743027192 0.5353526708 
-82.4898037218 0.0412477544 0.8743180221 0.5353978127 
-82.4907456035 0.0412455740 0.8743333263 0.5354429651 
-82.4916877312 0.0412433932 0.8743486319 0.5354881283 
-82.4926301061 0.0412412119 0.8743639387 0.5355333022 
-82.4935727295 0.0412390302 0.8743792469 0.5355784869 
-82.4945156028 0.0412368480 0.8743945565 0.5356236824 
-82.4954587273 0.0412346653 0.8744098675 0.5356688887 
-82.4964021043 0.0412324821 0.8744251798 0.5357141059 
-82.4973457354 0.0412302985 0.8744404936 0.5357593341 
-82.4982896218 0.0412281143 0.8744558088 0.5358045733 
-82.4992337650 0.0412259297 0.8744711254 0.5358498236 
-82.5001781666 0.0412237446 0.8744864435 0.5358950849 
-82.5011228279 0.0412215590 0.8745017631 0.5359403574 
-82.5020677504 0.0412193729 0.8745170842 0.5359856411 
-82.5030129357 0.0412171863 0.8745324068 0.5360309360 
-82.5039583853 0.0412149992 0.8745477309 0.5360762422 
-82.5049041008 0.0412128116 0.8745630566 0.5361215598 
-82.5058500837 0.0412106235 0.8745783838 0.5361668888 
-82.5067963357 0.0412084349 0.8745937126 0.5362122292 
-82.5077428584 0.0412062457 0.8746090431 0.5362575812 
-82.5086896534 0.0412040561 0.8746243752 0.5363029447 
-82.5096367225 0.0412018659 0.8746397089 0.5363483199 
-82.5105840672 0.0411996752 0.8746550443 0.5363937067 
-82.5115316894 0.0411974839 0.8746703814 0.5364391052 
-82.5124795908 0.0411952921 0.8746857202 0.5364845156 
-82.5134277732 0.0411930998 0.8747010607 0.5365299378 
-82.5143762382 0.0411909069 0.8747164030 0.5365753719 
-82.5153249878 0.0411887135 0.8747317471 0.5366208180 
-82.5162740238 0.0411865195 0.8747470930 0.5366662761 
-82.5172233481 0.0411843250 0.8747624407 0.5367117464 
-82.5181729625 0.0411821299 0.8747777903 0.5367572287 
-82.5191228689 0.0411799343 0.8747931418 0.5368027233 
-82.5200730693 0.0411777380 0.8748084951 0.5368482302 
-82.5210235657 0.0411755412 0.8748238504 0.5368937494 
-82.5219743600 0.0411733439 0.8748392076 0.5369392811 
-82.5229254542 0.0411711459 0.8748545669 0.5369848252 
-82.5238768505 0.0411689473 0.8748699281 0.5370303819 
-82.5248285507 0.0411667482 0.8748852913 0.5370759511 
-82.5257805571 0.0411645485 0.8749006566 0.5371215331 
-82.5267328718 0.0411623481 0.8749160240 0.5371671278 
-82.5276854968 0.0411601472 0.8749313935 0.5372127354 
-82.5286384344 0.0411579456 0.8749467651 0.5372583558 
-82.5295916867 0.0411557434 0.8749621389 0.5373039892 
-82.5305452561 0.0411535406 0.8749775149 0.5373496357 
-82.5314991446 0.0411513372 0.8749928931 0.5373952952 
-82.5324533546 0.0411491331 0.8750082736 0.5374409680 
-82.5334078885 0.0411469284 0.8750236564 0.5374866540 
-82.5343627484 0.0411447231 0.8750390415 0.5375323534 
-82.5353179369 0.0411425171 0.8750544289 0.5375780661 
-82.5362734563 0.0411403105 0.8750698187 0.5376237924 
-82.5372293089 0.0411381032 0.8750852109 0.5376695322 
-82.5381854973 0.0411358952 0.8751006056 0.5377152857 
-82.5391420239 0.0411336866 0.8751160027 0.5377610529 
-82.5400988913 0.0411314773 0.8751314023 0.5378068340 
-82.5410561019 0.0411292673 0.8751468045 0.5378526289 
-82.5420136583 0.0411270566 0.8751622093 0.5378984378 
-82.5429715631 0.0411248452 0.8751776166 0.5379442608 
-82.5439298190 0.0411226332 0.8751930266 0.5379900979 
-82.5448884286 0.0411204204 0.8752084393 0.5380359493 
-82.5458473945 0.0411182069 0.8752238547 0.5380818150 
-82.5468067195 0.0411159927 0.8752392729 0.5381276951 
-82.5477664064 0.0411137778 0.8752546938 0.5381735897 
-82.5487264579 0.0411115621 0.8752701176 0.5382194988 
-82.5496868768 0.0411093457 0.8752855443 0.5382654227 
-82.5506476660 0.0411071286 0.8753009738 0.5383113614 
-82.5516088283 0.0411049107 0.8753164063 0.5383573149 
-82.5525703667 0.0411026921 0.8753318418 0.5384032833 
-82.5535322841 0.0411004727 0.8753472803 0.5384492668 
-82.5544945834 0.0410982525 0.8753627218 0.5384952655 
-82.5554572677 0.0410960316 0.8753781665 0.5385412794 
-82.5564203401 0.0410938099 0.8753936142 0.5385873087 
-82.5573838035 0.0410915873 0.8754090652 0.5386333534 
-82.5583476610 0.0410893640 0.8754245194 0.5386794137 
-82.5593119160 0.0410871399 0.8754399769 0.5387254896 
-82.5602765714 0.0410849150 0.8754554377 0.5387715812 
-82.5612416306 0.0410826892 0.8754709018 0.5388176887 
-82.5622070967 0.0410804627 0.8754863694 0.5388638121 
-82.5631729731 0.0410782353 0.8755018404 0.5389099516 
-82.5641392630 0.0410760070 0.8755173149 0.5389561073 
-82.5651059699 0.0410737779 0.8755327929 0.5390022793 
-82.5660730971 0.0410715480 0.8755482745 0.5390484676 
-82.5670406480 0.0410693172 0.8755637597 0.5390946724 
-82.5680086261 0.0410670855 0.8755792487 0.5391408938 
-82.5689770350 0.0410648529 0.8755947413 0.5391871319 
-82.5699458781 0.0410626195 0.8756102377 0.5392333869 
-82.5709151590 0.0410603852 0.8756257380 0.5392796588 
-82.5718848814 0.0410581499 0.8756412421 0.5393259478 
-82.5728550489 0.0410559138 0.8756567502 0.5393722539 
-82.5738256651 0.0410536767 0.8756722622 0.5394185773 
-82.5747967339 0.0410514387 0.8756877783 0.5394649181 
-82.5757682591 0.0410491997 0.8757032984 0.5395112765 
-82.5767402443 0.0410469598 0.8757188227 0.5395576525 
-82.5777126935 0.0410447190 0.8757343512 0.5396040463 
-82.5786856105 0.0410424772 0.8757498839 0.5396504579 
-82.5796589993 0.0410402344 0.8757654210 0.5396968876 
-82.5806328639 0.0410379906 0.8757809623 0.5397433355 
-82.5816072083 0.0410357459 0.8757965081 0.5397898016 
-82.5825820366 0.0410335001 0.8758120584 0.5398362861 
-82.5835573528 0.0410312534 0.8758276132 0.5398827892 
-82.5845331611 0.0410290056 0.8758431726 0.5399293109 
-82.5855094656 0.0410267568 0.8758587366 0.5399758514 
-82.5864862707 0.0410245070 0.8758743053 0.5400224108 
-82.5874635806 0.0410222561 0.8758898788 0.5400689893 
-82.5884413995 0.0410200041 0.8759054571 0.5401155870 
-82.5894197320 0.0410177511 0.8759210403 0.5401622040 
-82.5903985823 0.0410154970 0.8759366284 0.5402088406 
-82.5913779549 0.0410132419 0.8759522216 0.5402554967 
-82.5923578544 0.0410109856 0.8759678198 0.5403021726 
-82.5933382853 0.0410087282 0.8759834232 0.5403488684 
-82.5943192521 0.0410064697 0.8759990317 0.5403955842 
-82.5953007595 0.0410042101 0.8760146456 0.5404423202 
-82.5962828122 0.0410019493 0.8760302647 0.5404890766 
-82.5972654149 0.0409996874 0.8760458893 0.5405358534 
-82.5982485724 0.0409974244 0.8760615194 0.5405826509 
-82.5992322895 0.0409951601 0.8760771550 0.5406294692 
-82.6002165712 0.0409928947 0.8760927962 0.5406763084 
-82.6012014222 0.0409906281 0.8761084431 0.5407231686 
-82.6021868477 0.0409883603 0.8761240957 0.5407700502 
-82.6031728526 0.0409860912 0.8761397542 0.5408169531 
-82.6041594420 0.0409838210 0.8761554185 0.5408638776 
-82.6051466211 0.0409815495 0.8761710889 0.5409108239 
-82.6061343950 0.0409792767 0.8761867652 0.5409577920 
-82.6071227689 0.0409770027 0.8762024477 0.5410047821 
-82.6081117482 0.0409747274 0.8762181364 0.5410517945 
-82.6091013381 0.0409724509 0.8762338314 0.5410988292 
-82.6100915441 0.0409701730 0.8762495327 0.5411458865 
-82.6110823716 0.0409678938 0.8762652404 0.5411929665 
-82.6120738260 0.0409656133 0.8762809546 0.5412400694 
-82.6130659130 0.0409633315 0.8762966755 0.5412871953 
-82.6140586382 0.0409610483 0.8763124030 0.5413343445 
-82.6150520072 0.0409587637 0.8763281372 0.5413815170 
-82.6160460257 0.0409564778 0.8763438783 0.5414287131 
-82.6170406994 0.0409541905 0.8763596263 0.5414759330 
-82.6180360343 0.0409519018 0.8763753813 0.5415231768 
-82.6190320363 0.0409496117 0.8763911433 0.5415704448 
-82.6200287111 0.0409473201 0.8764069126 0.5416177370 
-82.6210260650 0.0409450271 0.8764226891 0.5416650537 
-82.6220241038 0.0409427327 0.8764384729 0.5417123951 
-82.6230228338 0.0409404368 0.8764542642 0.5417597614 
-82.6240222611 0.0409381394 0.8764700630 0.5418071527 
-82.6250223920 0.0409358405 0.8764858694 0.5418545692 
-82.6260232327 0.0409335401 0.8765016836 0.5419020112 
-82.6270247896 0.0409312382 0.8765175055 0.5419494788 
-82.6280270692 0.0409289347 0.8765333353 0.5419969722 
-82.6290300780 0.0409266297 0.8765491731 0.5420444916 
-82.6300338224 0.0409243231 0.8765650190 0.5420920373 
-82.6310383091 0.0409220149 0.8765808731 0.5421396094 
-82.6320435448 0.0409197051 0.8765967354 0.5421872081 
-82.6330495362 0.0409173938 0.8766126061 0.5422348336 
-82.6340562901 0.0409150807 0.8766284853 0.5422824862 
-82.6350638134 0.0409127661 0.8766443730 0.5423301660 
-82.6360721130 0.0409104498 0.8766602695 0.5423778733 
-82.6370811960 0.0409081318 0.8766761747 0.5424256082 
-82.6380910694 0.0409058121 0.8766920888 0.5424733710 
-82.6391017403 0.0409034907 0.8767080119 0.5425211619 
-82.6401132160 0.0409011676 0.8767239440 0.5425689812 
-82.6411255037 0.0408988427 0.8767398854 0.5426168289 
-82.6421386108 0.0408965161 0.8767558361 0.5426647054 
-82.6431525447 0.0408941877 0.8767717962 0.5427126109 
-82.6441673129 0.0408918575 0.8767877658 0.5427605456 
-82.6451829230 0.0408895255 0.8768037450 0.5428085098 
-82.6461993825 0.0408871917 0.8768197340 0.5428565036 
-82.6472166993 0.0408848561 0.8768357329 0.5429045273 
-82.6482348810 0.0408825185 0.8768517417 0.5429525811 
-82.6492539355 0.0408801791 0.8768677607 0.5430006653 
-82.6502738708 0.0408778378 0.8768837898 0.5430487800 
-82.6512946949 0.0408754946 0.8768998293 0.5430969256 
-82.6523164158 0.0408731495 0.8769158792 0.5431451023 
-82.6533390417 0.0408708024 0.8769319397 0.5431933103 
-82.6543625808 0.0408684533 0.8769480108 0.5432415499 
-82.6553870414 0.0408661023 0.8769640928 0.5432898213 
-82.6564124320 0.0408637492 0.8769801857 0.5433381247 
-82.6574387611 0.0408613942 0.8769962897 0.5433864605 
-82.6584660370 0.0408590370 0.8770124049 0.5434348288 
-82.6594942686 0.0408566778 0.8770285313 0.5434832300 
-82.6605234645 0.0408543166 0.8770446692 0.5435316642 
-82.6615536334 0.0408519532 0.8770608187 0.5435801317 
-82.6625847844 0.0408495877 0.8770769799 0.5436286329 
-82.6636169263 0.0408472200 0.8770931530 0.5436771679 
-82.6646500682 0.0408448502 0.8771093380 0.5437257370 
-82.6656842193 0.0408424782 0.8771255351 0.5437743406 
-82.6667193887 0.0408401040 0.8771417444 0.5438229788 
-82.6677555858 0.0408377276 0.8771579661 0.5438716519 
-82.6687928199 0.0408353489 0.8771742004 0.5439203603 
-82.6698311006 0.0408329680 0.8771904473 0.5439691041 
-82.6708704374 0.0408305847 0.8772067070 0.5440178838 
-82.6719108399 0.0408281992 0.8772229797 0.5440666994 
-82.6729523181 0.0408258113 0.8772392655 0.5441155514 
-82.6739948816 0.0408234210 0.8772555645 0.5441644401 
-82.6750385404 0.0408210284 0.8772718769 0.5442133656 
-82.6760833046 0.0408186334 0.8772882028 0.5442623283 
-82.6771291843 0.0408162359 0.8773045424 0.5443113286 
-82.6781761896 0.0408138360 0.8773208959 0.5443603666 
-82.6792243311 0.0408114336 0.8773372633 0.5444094427 
-82.6802736189 0.0408090288 0.8773536449 0.5444585571 
-82.6813240638 0.0408066214 0.8773700408 0.5445077103 
-82.6823756762 0.0408042115 0.8773864512 0.5445569025 
-82.6834284669 0.0408017990 0.8774028762 0.5446061339 
-82.6844824467 0.0407993839 0.8774193159 0.5446554050 
-82.6855376266 0.0407969662 0.8774357707 0.5447047159 
-82.6865940174 0.0407945458 0.8774522405 0.5447540671 
-82.6876516305 0.0407921228 0.8774687256 0.5448034589 
-82.6887104770 0.0407896971 0.8774852262 0.5448528915 
-82.6897705681 0.0407872687 0.8775017424 0.5449023653 
-82.6908319155 0.0407848376 0.8775182743 0.5449518806 
-82.6918945305 0.0407824036 0.8775348223 0.5450014378 
-82.6929584250 0.0407799669 0.8775513863 0.5450510371 
-82.6940236105 0.0407775274 0.8775679667 0.5451006790 
-82.6950900991 0.0407750850 0.8775845635 0.5451503636 
-82.6961579027 0.0407726397 0.8776011771 0.5452000915 
-82.6972270334 0.0407701916 0.8776178074 0.5452498628 
-82.6982975034 0.0407677405 0.8776344549 0.5452996780 
-82.6993693251 0.0407652864 0.8776511195 0.5453495374 
-82.7004425108 0.0407628294 0.8776678015 0.5453994413 
-82.7015170733 0.0407603694 0.8776845011 0.5454493901 
-82.7025930250 0.0407579063 0.8777012185 0.5454993842 
-82.7036703789 0.0407554401 0.8777179539 0.5455494238 
-82.7047491479 0.0407529709 0.8777347074 0.5455995094 
-82.7058293449 0.0407504985 0.8777514793 0.5456496414 
-82.7069109833 0.0407480230 0.8777682697 0.5456998200 
-82.7079940762 0.0407455442 0.8777850790 0.5457500456 
-82.7090786370 0.0407430623 0.8778019071 0.5458003187 
-82.7101646794 0.0407405771 0.8778187545 0.5458506395 
-82.7112522170 0.0407380886 0.8778356212 0.5459010085 
-82.7123412636 0.0407355969 0.8778525075 0.5459514260 
-82.7134318331 0.0407331017 0.8778694135 0.5460018925 
-82.7145239397 0.0407306032 0.8778863396 0.5460524082 
-82.7156175973 0.0407281013 0.8779032858 0.5461029736 
-82.7167128205 0.0407255960 0.8779202525 0.5461535891 
-82.7178096237 0.0407230872 0.8779372399 0.5462042550 
-82.7189080215 0.0407205749 0.8779542481 0.5462549717 
-82.7200080285 0.0407180590 0.8779712774 0.5463057397 
-82.7211096598 0.0407155396 0.8779883279 0.5463565594 
-82.7222129303 0.0407130166 0.8780054001 0.5464074311 
-82.7233178552 0.0407104900 0.8780224939 0.5464583552 
-82.7244244497 0.0407079596 0.8780396098 0.5465093322 
-82.7255327295 0.0407054256 0.8780567479 0.5465603625 
-82.7266427099 0.0407028878 0.8780739084 0.5466114464 
-82.7277544069 0.0407003463 0.8780910917 0.5466625844 
-82.7288678363 0.0406978009 0.8781082978 0.5467137769 
-82.7299830141 0.0406952517 0.8781255272 0.5467650244 
-82.7310999565 0.0406926986 0.8781427800 0.5468163272 
-82.7322186800 0.0406901416 0.8781600564 0.5468676858 
-82.7333392010 0.0406875807 0.8781773567 0.5469191006 
-82.7344615362 0.0406850157 0.8781946812 0.5469705721 
-82.7355857024 0.0406824467 0.8782120302 0.5470221007 
-82.7367117166 0.0406798737 0.8782294038 0.5470736868 
-82.7378395961 0.0406772965 0.8782468023 0.5471253308 
-82.7389693580 0.0406747152 0.8782642260 0.5471770333 
-82.7401010199 0.0406721296 0.8782816752 0.5472287946 
-82.7412345994 0.0406695399 0.8782991501 0.5472806152 
-82.7423701145 0.0406669459 0.8783166510 0.5473324956 
-82.7435075829 0.0406643476 0.8783341781 0.5473844362 
-82.7446470231 0.0406617449 0.8783517318 0.5474364376 
-82.7457884531 0.0406591379 0.8783693122 0.5474885000 
-82.7469318917 0.0406565264 0.8783869198 0.5475406241 
-82.7480773575 0.0406539104 0.8784045548 0.5475928103 
-82.7492248694 0.0406512900 0.8784222173 0.5476450590 
-82.7503744464 0.0406486650 0.8784399079 0.5476973708 
-82.7515261078 0.0406460353 0.8784576266 0.5477497461 
-82.7526798730 0.0406434011 0.8784753739 0.5478021854 
-82.7538357617 0.0406407621 0.8784931500 0.5478546891 
-82.7549937937 0.0406381184 0.8785109552 0.5479072579 
-82.7561539889 0.0406354699 0.8785287899 0.5479598921 
-82.7573163676 0.0406328167 0.8785466542 0.5480125922 
-82.7584809502 0.0406301585 0.8785645486 0.5480653589 
-82.7596477573 0.0406274954 0.8785824733 0.5481181925 
-82.7608168097 0.0406248274 0.8786004287 0.5481710935 
-82.7619881283 0.0406221544 0.8786184151 0.5482240626 
-82.7631617345 0.0406194763 0.8786364327 0.5482771001 
-82.7643376496 0.0406167931 0.8786544819 0.5483302066 
-82.7655158952 0.0406141047 0.8786725631 0.5483833826 
-82.7666964932 0.0406114112 0.8786906765 0.5484366287 
-82.7678794656 0.0406087123 0.8787088225 0.5484899453 
-82.7690648348 0.0406060082 0.8787270015 0.5485433331 
-82.7702526232 0.0406032988 0.8787452137 0.5485967924 
-82.7714428536 0.0406005839 0.8787634595 0.5486503239 
-82.7726355488 0.0405978636 0.8787817393 0.5487039281 
-82.7738307320 0.0405951378 0.8788000534 0.5487576055 
-82.7750284267 0.0405924065 0.8788184022 0.5488113567 
-82.7762286565 0.0405896695 0.8788367859 0.5488651823 
-82.7774314452 0.0405869269 0.8788552050 0.5489190827 
-82.7786368170 0.0405841785 0.8788736599 0.5489730585 
-82.7798447962 0.0405814244 0.8788921508 0.5490271103 
-82.7810554074 0.0405786644 0.8789106782 0.5490812387 
-82.7822686755 0.0405758986 0.8789292425 0.5491354442 
-82.7834846254 0.0405731268 0.8789478439 0.5491897273 
-82.7847032826 0.0405703491 0.8789664830 0.5492440887 
-82.7859246727 0.0405675653 0.8789851600 0.5492985289 
-82.7871488214 0.0405647753 0.8790038755 0.5493530485 
-82.7883757550 0.0405619792 0.8790226296 0.5494076481 
-82.7896054998 0.0405591769 0.8790414229 0.5494623282 
-82.7908380824 0.0405563683 0.8790602558 0.5495170895 
-82.7920735298 0.0405535534 0.8790791287 0.5495719325 
-82.7933118691 0.0405507320 0.8790980419 0.5496268579 
-82.7945531278 0.0405479042 0.8791169959 0.5496818661 
-82.7957973337 0.0405450699 0.8791359910 0.5497369579 
-82.7970445147 0.0405422289 0.8791550278 0.5497921339 
-82.7982946993 0.0405393813 0.8791741067 0.5498473945 
-82.7995479160 0.0405365270 0.8791932280 0.5499027405 
-82.8008041936 0.0405336659 0.8792123922 0.5499581725 
-82.8020635615 0.0405307980 0.8792315997 0.5500136910 
-82.8033260491 0.0405279231 0.8792508511 0.5500692967 
-82.8045916861 0.0405250413 0.8792701466 0.5501249903 
-82.8058605028 0.0405221524 0.8792894868 0.5501807723 
-82.8071325295 0.0405192564 0.8793088722 0.5502366433 
-82.8084077970 0.0405163532 0.8793283032 0.5502926041 
-82.8096863363 0.0405134427 0.8793477802 0.5503486552 
-82.8109681788 0.0405105250 0.8793673037 0.5504047973 
-82.8122533563 0.0405075998 0.8793868743 0.5504610310 
-82.8135419007 0.0405046672 0.8794064923 0.5505173569 
-82.8148338444 0.0405017270 0.8794261583 0.5505737758 
-82.8161292202 0.0404987792 0.8794458727 0.5506302883 
-82.8174280611 0.0404958238 0.8794656361 0.5506868949 
-82.8187304005 0.0404928606 0.8794854489 0.5507435965 
-82.8200362722 0.0404898895 0.8795053117 0.5508003936 
-82.8213457103 0.0404869105 0.8795252249 0.5508572869 
-82.8226587492 0.0404839236 0.8795451892 0.5509142771 
-82.8239754239 0.0404809286 0.8795652049 0.5509713648 
-82.8252957695 0.0404779254 0.8795852726 0.5510285508 
-82.8266198217 0.0404749140 0.8796053929 0.5510858356 
-82.8279476163 0.0404718943 0.8796255662 0.5511432200 
-82.8292791898 0.0404688663 0.8796457932 0.5512007047 
-82.8306145789 0.0404658298 0.8796660744 0.5512582904 
-82.8319538207 0.0404627847 0.8796864103 0.5513159776 
-82.8332969528 0.0404597310 0.8797068014 0.5513737672 
-82.8346440132 0.0404566685 0.8797272485 0.5514316599 
-82.8359950401 0.0404535973 0.8797477519 0.5514896562 
-82.8373500724 0.0404505172 0.8797683123 0.5515477570 
-82.8387091492 0.0404474281 0.8797889304 0.5516059629 
-82.8400723102 0.0404443300 0.8798096066 0.5516642746 
-82.8414395954 0.0404412227 0.8798303415 0.5517226929 
-82.8428110454 0.0404381061 0.8798511359 0.5517812184 
-82.8441867010 0.0404349803 0.8798719902 0.5518398520 
-82.8455666036 0.0404318450 0.8798929051 0.5518985942 
-82.8469507950 0.0404287001 0.8799138812 0.5519574458 
-82.8483393177 0.0404255457 0.8799349191 0.5520164075 
-82.8497322142 0.0404223816 0.8799560195 0.5520754802 
-82.8511295279 0.0404192077 0.8799771830 0.5521346644 
-82.8525313025 0.0404160238 0.8799984103 0.5521939609 
-82.8539375822 0.0404128300 0.8800197020 0.5522533705 
-82.8553484117 0.0404096261 0.8800410588 0.5523128939 
-82.8567638361 0.0404064119 0.8800624813 0.5523725318 
-82.8581839012 0.0404031875 0.8800839703 0.5524322850 
-82.8596086532 0.0403999527 0.8801055264 0.5524921543 
-82.8610381389 0.0403967074 0.8801271502 0.5525521403 
-82.8624724054 0.0403934514 0.8801488426 0.5526122438 
-82.8639115006 0.0403901848 0.8801706041 0.5526724655 
-82.8653554728 0.0403869073 0.8801924356 0.5527328063 
-82.8668043710 0.0403836189 0.8802143377 0.5527932669 
-82.8682582444 0.0403803194 0.8802363112 0.5528538480 
-82.8697171432 0.0403770088 0.8802583568 0.5529145504 
-82.8711811179 0.0403736869 0.8802804752 0.5529753748 
-82.8726502197 0.0403703537 0.8803026673 0.5530363221 
-82.8741245002 0.0403670089 0.8803249337 0.5530973930 
-82.8756040119 0.0403636526 0.8803472752 0.5531585882 
-82.8770888077 0.0403602845 0.8803696927 0.5532199085 
-82.8785789410 0.0403569046 0.8803921869 0.5532813547 
-82.8800744662 0.0403535127 0.8804147586 0.5533429276 
-82.8815754379 0.0403501087 0.8804374086 0.5534046279 
-82.8830819116 0.0403466926 0.8804601377 0.5534664564 
-82.8845939434 0.0403432641 0.8804829468 0.5535284139 
-82.8861115901 0.0403398231 0.8805058366 0.5535905012 
-82.8876349089 0.0403363695 0.8805288081 0.5536527191 
-82.8891639581 0.0403329033 0.8805518621 0.5537150682 
-82.8906987963 0.0403294241 0.8805749994 0.5537775495 
-82.8922394830 0.0403259321 0.8805982209 0.5538401637 
-82.8937860783 0.0403224269 0.8806215275 0.5539029115 
-82.8953386431 0.0403189084 0.8806449201 0.5539657939 
-82.8968972390 0.0403153766 0.8806683996 0.5540288114 
-82.8984619284 0.0403118312 0.8806919669 0.5540919650 
-82.9000327742 0.0403082722 0.8807156229 0.5541552555 
-82.9016098403 0.0403046994 0.8807393686 0.5542186835 
-82.9031931913 0.0403011127 0.8807632049 0.5542822499 
-82.9047828925 0.0402975119 0.8807871327 0.5543459555 
-82.9063790101 0.0402938968 0.8808111531 0.5544098011 
-82.9079816109 0.0402902674 0.8808352670 0.5544737875 
-82.9095907629 0.0402866234 0.8808594753 0.5545379154 
-82.9112065345 0.0402829647 0.8808837792 0.5546021857 
-82.9128289952 0.0402792913 0.8809081795 0.5546665991 
-82.9144582151 0.0402756028 0.8809326774 0.5547311564 
-82.9160942655 0.0402718992 0.8809572738 0.5547958584 
-82.9177372182 0.0402681802 0.8809819699 0.5548607059 
-82.9193871462 0.0402644458 0.8810067666 0.5549256996 
-82.9210441233 0.0402606958 0.8810316651 0.5549908405 
-82.9227082240 0.0402569300 0.8810566664 0.5550561291 
-82.9243795240 0.0402531482 0.8810817716 0.5551215664 
-82.9260580998 0.0402493503 0.8811069819 0.5551871532 
-82.9277440289 0.0402455361 0.8811322983 0.5552528901 
-82.9294373898 0.0402417054 0.8811577221 0.5553187779 
-82.9311382617 0.0402378580 0.8811832543 0.5553848175 
-82.9328467253 0.0402339939 0.8812088961 0.5554510097 
-82.9345628619 0.0402301127 0.8812346488 0.5555173551 
-82.9362867538 0.0402262143 0.8812605134 0.5555838545 
-82.9380184848 0.0402222986 0.8812864913 0.5556505089 
-82.9397581391 0.0402183653 0.8813125836 0.5557173187 
-82.9415058025 0.0402144142 0.8813387915 0.5557842850 
-82.9432615617 0.0402104453 0.8813651164 0.5558514084 
-82.9450255044 0.0402064581 0.8813915595 0.5559186896 
-82.9467977196 0.0402024527 0.8814181220 0.5559861294 
-82.9485782972 0.0401984287 0.8814448054 0.5560537286 
-82.9503673286 0.0401943860 0.8814716108 0.5561214880 
-82.9521649060 0.0401903244 0.8814985397 0.5561894082 
-82.9539711230 0.0401862436 0.8815255933 0.5562574899 
-82.9557860744 0.0401821435 0.8815527731 0.5563257340 
-82.9576098562 0.0401780239 0.8815800805 0.5563941412 
-82.9594425656 0.0401738844 0.8816075167 0.5564627121 
-82.9612843010 0.0401697250 0.8816350833 0.5565314475 
-82.9631351623 0.0401655454 0.8816627817 0.5566003481 
-82.9649952505 0.0401613453 0.8816906133 0.5566694146 
-82.9668646679 0.0401571246 0.8817185796 0.5567386477 
-82.9687435185 0.0401528831 0.8817466821 0.5568080481 
-82.9706319071 0.0401486203 0.8817749223 0.5568776165 
-82.9725299403 0.0401443363 0.8818033017 0.5569473536 
-82.9744377261 0.0401400307 0.8818318219 0.5570172600 
-82.9763553736 0.0401357032 0.8818604845 0.5570873364 
-82.9782829936 0.0401313537 0.8818892910 0.5571575835 
-82.9802206984 0.0401269819 0.8819182430 0.5572280019 
-82.9821686016 0.0401225875 0.8819473422 0.5572985922 
-82.9841268185 0.0401181703 0.8819765902 0.5573693551 
-82.9860954659 0.0401137300 0.8820059887 0.5574402912 
-82.9880746621 0.0401092664 0.8820355393 0.5575114011 
-82.9900645270 0.0401047791 0.8820652439 0.5575826855 
-82.9920651821 0.0401002681 0.8820951040 0.5576541449 
-82.9940767507 0.0400957329 0.8821251216 0.5577257799 
-82.9960993576 0.0400911733 0.8821552983 0.5577975910 
-82.9981331292 0.0400865890 0.8821856360 0.5578695789 
-83.0001781939 0.0400819797 0.8822161364 0.5579417441 
-83.0022346816 0.0400773452 0.8822468015 0.5580140871 
-83.0043027241 0.0400726852 0.8822776331 0.5580866084 
-83.0063824550 0.0400679993 0.8823086332 0.5581593086 
-83.0084740096 0.0400632873 0.8823398035 0.5582321882 
-83.0105775252 0.0400585489 0.8823711462 0.5583052476 
-83.0126931410 0.0400537838 0.8824026631 0.5583784873 
-83.0148209980 0.0400489916 0.8824343563 0.5584519078 
-83.0169612392 0.0400441720 0.8824662278 0.5585255094 
-83.0191140096 0.0400393248 0.8824982796 0.5585992928 
-83.0212794562 0.0400344496 0.8825305139 0.5586732581 
-83.0234577280 0.0400295461 0.8825629327 0.5587474059 
-83.0256489761 0.0400246140 0.8825955382 0.5588217365 
-83.0278533539 0.0400196528 0.8826283326 0.5588962503 
-83.0300710165 0.0400146624 0.8826613180 0.5589709475 
-83.0323021217 0.0400096422 0.8826944966 0.5590458286 
-83.0345468291 0.0400045921 0.8827278708 0.5591208938 
-83.0368053008 0.0399995116 0.8827614429 0.5591961433 
-83.0390777011 0.0399944003 0.8827952150 0.5592715776 
-83.0413641966 0.0399892580 0.8828291896 0.5593471967 
-83.0436649563 0.0399840842 0.8828633691 0.5594230008 
-83.0459801515 0.0399788786 0.8828977559 0.5594989903 
-83.0483099562 0.0399736408 0.8829323524 0.5595751653 
-83.0506545465 0.0399683703 0.8829671611 0.5596515258 
-83.0530141014 0.0399630669 0.8830021845 0.5597280721 
-83.0553888022 0.0399577301 0.8830374252 0.5598048041 
-83.0577788329 0.0399523596 0.8830728857 0.5598817220 
-83.0601843801 0.0399469548 0.8831085687 0.5599588258 
-83.0626056331 0.0399415154 0.8831444768 0.5600361156 
-83.0650427841 0.0399360411 0.8831806127 0.5601135912 
-83.0674960278 0.0399305312 0.8832169792 0.5601912527 
-83.0699655619 0.0399249855 0.8832535789 0.5602691000 
-83.0724515870 0.0399194035 0.8832904148 0.5603471329 
-83.0749543064 0.0399137848 0.8833274897 0.5604253513 
-83.0774739266 0.0399081288 0.8833648064 0.5605037550 
-83.0800106571 0.0399024352 0.8834023678 0.5605823439 
-83.0825647103 0.0398967035 0.8834401770 0.5606611177 
-83.0851363018 0.0398909332 0.8834782370 0.5607400760 
-83.0877256506 0.0398851238 0.8835165507 0.5608192187 
-83.0903329784 0.0398792749 0.8835551213 0.5608985452 
-83.0929585108 0.0398733860 0.8835939519 0.5609780553 
-83.0956024762 0.0398674565 0.8836330458 0.5610577484 
-83.0982651066 0.0398614860 0.8836724060 0.5611376242 
-83.1009466377 0.0398554739 0.8837120360 0.5612176820 
-83.1036473082 0.0398494199 0.8837519390 0.5612979214 
-83.1063673608 0.0398433232 0.8837921183 0.5613783416 
-83.1091070416 0.0398371834 0.8838325775 0.5614589421 
-83.1118666004 0.0398309999 0.8838733199 0.5615397222 
-83.1146462907 0.0398247723 0.8839143491 0.5616206810 
-83.1174463700 0.0398184998 0.8839556686 0.5617018179 
-83.1202670996 0.0398121821 0.8839972820 0.5617831319 
-83.1231087446 0.0398058184 0.8840391931 0.5618646221 
-83.1259715742 0.0397994083 0.8840814055 0.5619462876 
-83.1288558617 0.0397929511 0.8841239230 0.5620281274 
-83.1317618846 0.0397864462 0.8841667494 0.5621101404 
-83.1346899245 0.0397798930 0.8842098886 0.5621923254 
-83.1376402673 0.0397732909 0.8842533446 0.5622746813 
-83.1406132033 0.0397666393 0.8842971213 0.5623572068 
-83.1436090272 0.0397599376 0.8843412228 0.5624399006 
-83.1466280384 0.0397531850 0.8843856532 0.5625227614 
-83.1496705405 0.0397463810 0.8844304167 0.5626057876 
-83.1527368422 0.0397395248 0.8844755175 0.5626889779 
-83.1558272566 0.0397326159 0.8845209600 0.5627723305 
-83.1589421019 0.0397256534 0.8845667483 0.5628558439 
-83.1620817011 0.0397186368 0.8846128871 0.5629395162 
-83.1652463820 0.0397115653 0.8846593808 0.5630233459 
-83.1684364779 0.0397044381 0.8847062338 0.5631073308 
-83.1716523270 0.0396972547 0.8847534510 0.5631914691 
-83.1748942729 0.0396900142 0.8848010368 0.5632757588 
-83.1781626643 0.0396827158 0.8848489962 0.5633601977 
-83.1814578556 0.0396753589 0.8848973339 0.5634447837 
-83.1847802068 0.0396679426 0.8849460548 0.5635295144 
-83.1881300833 0.0396604662 0.8849951639 0.5636143874 
-83.1915078563 0.0396529288 0.8850446663 0.5636994004 
-83.1949139031 0.0396453297 0.8850945670 0.5637845506 
-83.1983486066 0.0396376681 0.8851448713 0.5638698356 
-83.2018123559 0.0396299430 0.8851955844 0.5639552525 
-83.2053055463 0.0396221537 0.8852467118 0.5640407984 
-83.2088285793 0.0396142993 0.8852982588 0.5641264704 
-83.2123818627 0.0396063789 0.8853502309 0.5642122655 
-83.2159658110 0.0395983917 0.8854026338 0.5642981805 
-83.2195808451 0.0395903366 0.8854554731 0.5643842121 
-83.2232273927 0.0395822130 0.8855087546 0.5644703568 
-83.2269058883 0.0395740197 0.8855624841 0.5645566113 
-83.2306167734 0.0395657558 0.8856166677 0.5646429718 
-83.2343604965 0.0395574205 0.8856713113 0.5647294347 
-83.2381375135 0.0395490127 0.8857264210 0.5648159960 
-83.2419482873 0.0395405314 0.8857820032 0.5649026518 
-83.2457932886 0.0395319757 0.8858380640 0.5649893980 
-83.2496729956 0.0395233444 0.8858946099 0.5650762302 
-83.2535878941 0.0395146367 0.8859516474 0.5651631442 
-83.2575384778 0.0395058514 0.8860091831 0.5652501353 
-83.2615252486 0.0394969874 0.8860672237 0.5653371989 
-83.2655487165 0.0394880438 0.8861257760 0.5654243302 
-83.2696093995 0.0394790193 0.8861848469 0.5655115243 
-83.2737078245 0.0394699129 0.8862444435 0.5655987760 
-83.2778445267 0.0394607234 0.8863045728 0.5656860800 
-83.2820200501 0.0394514497 0.8863652421 0.5657734310 
-83.2862349478 0.0394420906 0.8864264587 0.5658608234 
-83.2904897818 0.0394326449 0.8864882301 0.5659482513 
-83.2947851233 0.0394231114 0.8865505638 0.5660357090 
-83.2991215530 0.0394134888 0.8866134675 0.5661231903 
-83.3034996613 0.0394037760 0.8866769491 0.5662106889 
-83.3079200481 0.0393939717 0.8867410164 0.5662981984 
-83.3123833234 0.0393840745 0.8868056774 0.5663857123 
-83.3168901072 0.0393740832 0.8868709404 0.5664732236 
-83.3214410299 0.0393639964 0.8869368137 0.5665607255 
-83.3260367323 0.0393538128 0.8870033056 0.5666482106 
-83.3306778659 0.0393435311 0.8870704246 0.5667356716 
-83.3353650931 0.0393331497 0.8871381796 0.5668231010 
-83.3400990873 0.0393226673 0.8872065792 0.5669104909 
-83.3448805332 0.0393120825 0.8872756325 0.5669978334 
-83.3497101269 0.0393013938 0.8873453484 0.5670851201 
-83.3545885763 0.0392905997 0.8874157363 0.5671723427 
-83.3595166012 0.0392796987 0.8874868055 0.5672594925 
-83.3644949333 0.0392686892 0.8875585656 0.5673465606 
-83.3695243169 0.0392575698 0.8876310261 0.5674335380 
-83.3746055087 0.0392463388 0.8877041968 0.5675204151 
-83.3797392783 0.0392349946 0.8877780879 0.5676071826 
-83.3849264082 0.0392235355 0.8878527092 0.5676938304 
-83.3901676943 0.0392119600 0.8879280712 0.5677803486 
-83.3954639458 0.0392002663 0.8880041843 0.5678667268 
-83.4008159860 0.0391884527 0.8880810590 0.5679529544 
-83.4062246520 0.0391765175 0.8881587060 0.5680390205 
-83.4116907951 0.0391644588 0.8882371364 0.5681249141 
-83.4172152813 0.0391522750 0.8883163612 0.5682106237 
-83.4227989913 0.0391399641 0.8883963916 0.5682961377 
-83.4284428211 0.0391275243 0.8884772391 0.5683814441 
-83.4341476817 0.0391149537 0.8885589153 0.5684665307 
-83.4399145000 0.0391022503 0.8886414319 0.5685513849 
-83.4457442188 0.0390894123 0.8887248010 0.5686359941 
-83.4516377972 0.0390764377 0.8888090347 0.5687203450 
-83.4575962106 0.0390633243 0.8888941454 0.5688044243 
-83.4636204515 0.0390500703 0.8889801455 0.5688882182 
-83.4697115295 0.0390366734 0.8890670479 0.5689717128 
-83.4758704715 0.0390231315 0.8891548653 0.5690548937 
-83.4820983223 0.0390094426 0.8892436110 0.5691377463 
-83.4883961451 0.0389956044 0.8893332983 0.5692202556 
-83.4947650211 0.0389816147 0.8894239407 0.5693024063 
-83.5012060506 0.0389674713 0.8895155519 0.5693841828 
-83.5077203532 0.0389531718 0.8896081458 0.5694655692 
-83.5143090676 0.0389387138 0.8897017367 0.5695465492 
-83.5209733529 0.0389240951 0.8897963389 0.5696271062 
-83.5277143880 0.0389093133 0.8898919670 0.5697072232 
-83.5345333727 0.0388943657 0.8899886359 0.5697868831 
-83.5414315279 0.0388792501 0.8900863605 0.5698660680 
-83.5484100957 0.0388639637 0.8901851562 0.5699447602 
-83.5554703401 0.0388485041 0.8902850384 0.5700229412 
-83.5626135475 0.0388328687 0.8903860230 0.5701005925 
-83.5698410266 0.0388170547 0.8904881259 0.5701776949 
-83.5771541096 0.0388010594 0.8905913632 0.5702542293 
-83.5845541519 0.0387848802 0.8906957516 0.5703301758 
-83.5920425329 0.0387685142 0.8908013078 0.5704055144 
-83.5996206564 0.0387519586 0.8909080486 0.5704802249 
-83.6072899512 0.0387352104 0.8910159914 0.5705542864 
-83.6150518712 0.0387182668 0.8911251536 0.5706276779 
-83.6229078962 0.0387011248 0.8912355529 0.5707003780 
-83.6308595322 0.0386837813 0.8913472076 0.5707723650 
-83.6389083122 0.0386662332 0.8914601357 0.5708436168 
-83.6470557961 0.0386484774 0.8915743558 0.5709141111 
-83.6553035719 0.0386305108 0.8916898869 0.5709838252 
-83.6636532557 0.0386123300 0.8918067481 0.5710527360 
-83.6721064925 0.0385939318 0.8919249586 0.5711208204 
-83.6806649566 0.0385753129 0.8920445383 0.5711880547 
-83.6893303523 0.0385564697 0.8921655072 0.5712544150 
-83.6981044143 0.0385373990 0.8922878854 0.5713198773 
-83.7069889084 0.0385180971 0.8924116936 0.5713844170 
-83.7159856319 0.0384985605 0.8925369526 0.5714480097 
-83.7250964145 0.0384787856 0.8926636837 0.5715106303 
-83.7343231185 0.0384587687 0.8927919083 0.5715722538 
-83.7436676397 0.0384385059 0.8929216481 0.5716328549 
-83.7531319079 0.0384179936 0.8930529254 0.5716924081 
-83.7627178877 0.0383972278 0.8931857626 0.5717508877 
-83.7724275787 0.0383762046 0.8933201823 0.5718082681 
-83.7822630168 0.0383549200 0.8934562077 0.5718645231 
-83.7922262742 0.0383333699 0.8935938621 0.5719196269 
-83.8023194608 0.0383115502 0.8937331694 0.5719735532 
-83.8125447241 0.0382894567 0.8938741534 0.5720262760 
-83.8229042504 0.0382670851 0.8940168388 0.5720777691 
-83.8334002655 0.0382444311 0.8941612501 0.5721280062 
-83.8440350351 0.0382214903 0.8943074124 0.5721769611 
-83.8548108661 0.0381982582 0.8944553513 0.5722246079 
-83.8657301066 0.0381747302 0.8946050923 0.5722709204 
-83.8767951474 0.0381509017 0.8947566618 0.5723158727 
-83.8880084221 0.0381267681 0.8949100860 0.5723594391 
-83.8993724084 0.0381023245 0.8950653919 0.5724015941 
-83.9108896287 0.0380775660 0.8952226066 0.5724423122 
-83.9225626508 0.0380524879 0.8953817576 0.5724815684 
-83.9343940891 0.0380270850 0.8955428729 0.5725193379 
-83.9463866049 0.0380013522 0.8957059807 0.5725555961 
-83.9585429076 0.0379752845 0.8958711097 0.5725903190 
-83.9708657555 0.0379488765 0.8960382887 0.5726234829 
-83.9833579566 0.0379221229 0.8962075473 0.5726550644 
-83.9960223698 0.0378950184 0.8963789150 0.5726850408 
-84.0088619052 0.0378675573 0.8965524219 0.5727133898 
-84.0218795256 0.0378397342 0.8967280987 0.5727400896 
-84.0350782471 0.0378115433 0.8969059759 0.5727651190 
-84.0484611403 0.0377829788 0.8970860850 0.5727884573 
-84.0620313309 0.0377540350 0.8972684574 0.5728100848 
-84.0757920011 0.0377247059 0.8974531251 0.5728299821 
-84.0897463902 0.0376949854 0.8976401203 0.5728481305 
-84.1038977960 0.0376648675 0.8978294759 0.5728645122 
-84.1182495755 0.0376343458 0.8980212248 0.5728791101 
-84.1328051461 0.0376034141 0.8982154004 0.5728919077 
-84.1475679866 0.0375720660 0.8984120366 0.5729028892 
-84.1625416384 0.0375402950 0.8986111675 0.5729120399 
-84.1777297063 0.0375080944 0.8988128276 0.5729193455 
-84.1931358601 0.0374754576 0.8990170518 0.5729247925 
-84.2087638353 0.0374423777 0.8992238753 0.5729283682 
-84.2246174343 0.0374088479 0.8994333338 0.5729300605 
-84.2407005278 0.0373748611 0.8996454631 0.5729298581 
-84.2570170560 0.0373404103 0.8998602997 0.5729277499 
-84.2735710295 0.0373054881 0.9000778801 0.5729237259 
-84.2903665307 0.0372700873 0.9002982413 0.5729177759 
-84.3074077152 0.0372342005 0.9005214207 0.5729098905 
-84.3246988131 0.0371978201 0.9007474559 0.5729000603 
-84.3422441299 0.0371609385 0.9009763849 0.5728882759 
-84.3600480483 0.0371235479 0.9012082460 0.5728745279 
-84.3781150295 0.0370856405 0.9014430779 0.5728588066 
-84.3964496143 0.0370472082 0.9016809194 0.5728411015 
-84.4150564250 0.0370082431 0.9019218099 0.5728214015 
-84.4339401662 0.0369687368 0.9021657889 0.5727996941 
-84.4531056272 0.0369286811 0.9024128962 0.5727759655 
-84.4725576826 0.0368880676 0.9026631718 0.5727501997 
-84.4923012946 0.0368468876 0.9029166563 0.5727223782 
-84.5123415142 0.0368051326 0.9031733902 0.5726924796 
-84.5326834831 0.0367627937 0.9034334145 0.5726604786 
-84.5533324352 0.0367198620 0.9036967703 0.5726263455 
-84.5742936987 0.0366763285 0.9039634989 0.5725900451 
-84.5955726975 0.0366321841 0.9042336421 0.5725515358 
-84.6171749533 0.0365874194 0.9045072416 0.5725107686 
-84.6391060879 0.0365420251 0.9047843395 0.5724676855 
-84.6613718244 0.0364959916 0.9050649781 0.5724222182 
-84.6839779902 0.0364493094 0.9053491997 0.5723742862 
-84.7069305186 0.0364019685 0.9056370469 0.5723237947 
-84.7302354513 0.0363539591 0.9059285625 0.5722706328 
-84.7538989408 0.0363052712 0.9062237895 0.5722146705 
-84.7779272528 0.0362558945 0.9065227709 0.5721557556 
-84.8023267692 0.0362058188 0.9068255499 0.5720937107 
-84.8271039902 0.0361550335 0.9071321697 0.5720283290 
-84.8522655379 0.0361035281 0.9074426739 0.5719593704 
-84.8778181591 0.0360512919 0.9077571060 0.5718865556 
-84.9037687285 0.0359983139 0.9080755095 0.5718095614 
-84.9301242525 0.0359445832 0.9083979283 0.5717280141 
-84.9568918728 0.0358900885 0.9087244060 0.5716414822 
-84.9840788702 0.0358348185 0.9090549866 0.5715494691 
-85.0116926692 0.0357787618 0.9093897141 0.5714514048 
-85.0397408426 0.0357219065 0.9097286323 0.5713466367 
-85.0682311164 0.0356642410 0.9100717855 0.5712344212 
-85.0971713750 0.0356057531 0.9104192177 0.5711139150 
-85.1265696676 0.0355464308 0.9107709732 0.5709841684 
-85.1564342140 0.0354862616 0.9111270964 0.5708441210 
-85.1867734115 0.0354252329 0.9114876317 0.5706926030 
-85.2175958424 0.0353633320 0.9118526236 0.5705283442 
-85.2489102819 0.0353005459 0.9122221169 0.5703499937 
-85.2807257063 0.0352368614 0.9125961564 0.5701561471 
-85.3130513013 0.0351722650 0.9129747871 0.5699453670 
-85.3458964709 0.0351067430 0.9133580543 0.5697162053 
-85.3792708525 0.0350402814 0.9137460034 0.5694678760 
-85.4131843923 0.0349728660 0.9141386811 0.5692066820 
-85.4476474788 0.0349044816 0.9145361366 0.5689605760 
-85.4826706409 0.0348351132 0.9149384178 0.5687607937 
-85.5182641982 0.0347647463 0.9153455674 0.5686195938 
-85.5544382983 0.0346933672 0.9157576228 0.5685371814 
-85.5912029588 0.0346209623 0.9161746169 0.5685049562 
-85.6285681461 0.0345475187 0.9165965791 0.5685093030 
-85.6311213756 0.0345425050 0.9166255130 0.5685019469 
