-81.7738810231 0.0429356628 0.8624099978 0.5354090404 
-81.7751653953 0.0429325786 0.8624321456 0.5353905055 
-81.7777352401 0.0429264081 0.8624764520 0.5353531706 
-81.7815927641 0.0429171474 0.8625429390 0.5352965706 
-81.7867412908 0.0429047901 0.8626316393 0.5352201641 
-81.7931852733 0.0428893282 0.8627425970 0.5351235030 
-81.8009301107 0.0428707518 0.8628758638 0.5349887977 
-81.8099834851 0.0428490461 0.8630315233 0.5348755074 
-81.8203526910 0.0428241982 0.8632096421 0.5347636701 
-81.8320460494 0.0427961930 0.8634102951 0.5346519456 
-81.8450727325 0.0427650144 0.8636335623 0.5345392822 
-81.8594427887 0.0427306447 0.8638795290 0.5344248305 
-81.8751671655 0.0426930650 0.8641482856 0.5343078680 
-81.8922577315 0.0426522547 0.8644399281 0.5341877345 
-81.9107272990 0.0426081919 0.8647545576 0.5340637769 
-81.9305896470 0.0425608531 0.8650922805 0.5339352989 
-81.9518595467 0.0425102133 0.8654532086 0.5338015142 
-81.9745527889 0.0424562459 0.8658374590 0.5336615004 
-81.9986862156 0.0423989228 0.8662451541 0.5335141548 
-82.0242777542 0.0423382142 0.8666764215 0.5333581583 
-82.0513464584 0.0422740885 0.8671313944 0.5331919598 
-82.0799125525 0.0422065125 0.8676102114 0.5330138162 
-82.1099974822 0.0421354512 0.8681130165 0.5328219582 
-82.1416239703 0.0420608675 0.8686399599 0.5326150396 
-82.1748160729 0.0419827224 0.8691911976 0.5323932031 
-82.2095992243 0.0419009751 0.8697668912 0.5321600140 
-82.2277997124 0.0418582588 0.8700673394 0.5320398194 
-82.2476320086 0.0418117581 0.8703941841 0.5319088310 
-82.2691113794 0.0417614491 0.8707475136 0.5317680014 
-82.2922543616 0.0417073059 0.8711274212 0.5316177756 
-82.3170787764 0.0416493008 0.8715340053 0.5314582108 
-82.3436037505 0.0415874041 0.8719673684 0.5312890575 
-82.3718497428 0.0415215846 0.8724276176 0.5311098072 
-82.4018385765 0.0414518089 0.8729148634 0.5309197121 
-82.4335934765 0.0413780417 0.8734292204 0.5307177800 
-82.4671391113 0.0413002461 0.8739708061 0.5305027469 
-82.5025016411 0.0412183829 0.8745397416 0.5302730284 
-82.5397087716 0.0411324111 0.8751361508 0.5300266497 
-82.5787898158 0.0410422874 0.8757601603 0.5297611517 
-82.6197757632 0.0409479665 0.8764118995 0.5294734745 
-82.6626993602 0.0408494009 0.8770915007 0.5291598176 
-82.7075952028 0.0407465406 0.8777990986 0.5288154921 
-82.7544998427 0.0406393334 0.8785348312 0.5284347971 
-82.8034519116 0.0405277241 0.8792988394 0.5280110079 
-82.8544922629 0.0404116550 0.8800912682 0.5275366354 
-82.9076641300 0.0402910651 0.8809122665 0.5270041958 
-82.9630133595 0.0401658901 0.8817619895 0.5264145538 
-83.0205891251 0.0400360609 0.8826406070 0.5258459676 
-83.0804424004 0.0399015071 0.8835482768 0.5254064324 
-83.1426232596 0.0397621633 0.8844850994 0.5251021541 
-82.2277997124 0.0418582588 0.8700673394 0.5320398194 
-82.2476320086 0.0418117581 0.8703941841 0.5319088310 
-82.2691113794 0.0417614491 0.8707475136 0.5317680014 
-82.2922543616 0.0417073059 0.8711274212 0.5316177756 
-82.3170787764 0.0416493008 0.8715340053 0.5314582108 
-82.3436037506 0.0415874041 0.8719673684 0.5312890575 
-82.3718497428 0.0415215846 0.8724276176 0.5311098072 
-82.4018385765 0.0414518089 0.8729148634 0.5309197121 
-82.4335934765 0.0413780417 0.8734292204 0.5307177800 
-82.4671391113 0.0413002461 0.8739708061 0.5305027469 
-82.5025016411 0.0412183829 0.8745397416 0.5302730284 
-82.5397087717 0.0411324111 0.8751361508 0.5300266497 
-82.5787898158 0.0410422874 0.8757601603 0.5297611517 
-82.6197757632 0.0409479665 0.8764118995 0.5294734745 
-82.6626993602 0.0408494009 0.8770915007 0.5291598176 
-82.7075952028 0.0407465406 0.8777990986 0.5288154921 
-82.7544998427 0.0406393334 0.8785348312 0.5284347971 
-82.8034519116 0.0405277241 0.8792988394 0.5280110079 
-82.8544922629 0.0404116550 0.8800912682 0.5275366354 
-82.9076641300 0.0402910651 0.8809122665 0.5270041958 
-82.9630133596 0.0401658901 0.8817619895 0.5264145538 
-83.0205891251 0.0400360609 0.8826406070 0.5258459676 
-83.0804424004 0.0399015071 0.8835482768 0.5254064324 
-83.1426232596 0.0397621633 0.8844850994 0.5251021541 
-83.1473115770 0.0397516749 0.8845556637 0.5250827934 
-83.1473115770 0.0397516749 0.8845556637 0.5250827934 
