-83.8545067632 0.0008619496 0.9953474715 0.9998619187 0.0000167201 0.9988043096 0.6996150729 0.9609621289 0.3381447870 0.0011376787 0.0634356971 0.2304780634 0.0001228038 0.8017667818 0.2855421397 0.0003424424 0.0483806780 0.7069891695 0.4395952017 0.6469297056 0.3300244688 0.0001815003 1.4939766177 1.4795475108 1.5431924150 0.0001736251 11.5053176022 11.5049965461 11.5050117073 136.4217762375 0.0000718231 0.0004562231 0.7489352422 0.6109635866 0.1274373697 0.0130670752
-83.8543471295 0.0008619730 0.9953472886 0.9998619130 0.0000167204 0.9988042536 0.6996000836 0.9609583014 0.3381683041 0.0011376919 0.0634238131 0.2304140369 0.0001228057 0.8017607840 0.2855891404 0.0003424502 0.0483817270 0.7069915186 0.4395885290 0.6469371358 0.3300260075 0.0001815168 1.4939378525 1.4795035542 1.5431925297 0.0001736392 11.5052867090 11.5049657271 11.5049808900 136.4217852712 0.0000718374 0.0004562336 0.7489258812 0.6109853818 0.1274681631 0.0130715365
-83.8540286014 0.0008620198 0.9953469238 0.9998619018 0.0000167211 0.9988041418 0.6995699311 0.9609498637 0.3382255953 0.0011377183 0.0634000272 0.2302843289 0.0001228095 0.8017488199 0.2856845749 0.0003424658 0.0483838199 0.7069966950 0.4395760237 0.6469521765 0.3300303554 0.0001815528 1.4938560777 1.4794103169 1.5431934703 0.0001736700 11.5052369560 11.5049161316 11.5049312983 136.4218030144 0.0000718679 0.0004562545 0.7489071854 0.6110330355 0.1275280592 0.0130810193
-83.8535527198 0.0008620895 0.9953463785 0.9998618849 0.0000167222 0.9988039745 0.6995242055 0.9609357357 0.3383269263 0.0011377578 0.0633642845 0.2300855077 0.0001228152 0.8017309555 0.2858315604 0.0003424890 0.0483869467 0.7070053454 0.4395594976 0.6469749219 0.3300401534 0.0001816130 1.4937236663 1.4792584498 1.5431963281 0.0001737215 11.5051894624 11.5048688920 11.5048840651 136.4218289255 0.0000719181 0.0004562857 0.7488792085 0.6111126609 0.1276139880 0.0130965018
-83.8529219002 0.0008621821 0.9953456554 0.9998618626 0.0000167236 0.9988037520 0.6994616598 0.9609145620 0.3384787948 0.0011378100 0.0633164391 0.2298120489 0.0001228227 0.8017072947 0.2860354421 0.0003425198 0.0483910914 0.7070176871 0.4395417172 0.6470051128 0.3300594366 0.0001817039 1.4935282655 1.4790331024 1.5432025813 0.0001737994 11.5051932177 11.5048730138 11.5048881965 136.4218625044 0.0000719934 0.0004563270 0.7488420347 0.6112328132 0.1277220800 0.0131195295
-83.8521380462 0.0008622968 0.9953447581 0.9998618350 0.0000167254 0.9988034752 0.6993780451 0.9608840666 0.3387008904 0.0011378748 0.0632559654 0.2294524878 0.0001228321 0.8016779841 0.2863067888 0.0003425581 0.0483962317 0.7070331082 0.4395257871 0.6470422986 0.3300930992 0.0001818357 1.4932508941 1.4787111787 1.5432149397 0.0001739123 11.5052828409 11.5049631478 11.5049783443 136.4155909634 0.0000721022 0.0004563783 0.7487957822 0.6114067477 0.1278485546 0.0131526361
-83.8512130291 0.0008624325 0.9953436958 0.9998618023 0.0000167274 0.9988031452 0.6992809785 0.9608480600 0.3389539927 0.0011379515 0.0631965889 0.2290709397 0.0001228431 0.8016432263 0.2865931857 0.0003426033 0.0484023111 0.7070394786 0.4394996956 0.6470731308 0.3301180125 0.0001819921 1.4928987006 1.4783214813 1.5432208234 0.0001740465 11.5054106671 11.5050915517 11.5051067647 136.4156287409 0.0000722312 0.0004564389 0.7487406197 0.6116131457 0.1279574694 0.0131905468
-83.8501503028 0.0008625884 0.9953424735 0.9998617646 0.0000167298 0.9988027630 0.6991717363 0.9608085612 0.3392304787 0.0011380396 0.0631387349 0.2286726537 0.0001228558 0.8016032278 0.2868901283 0.0003426552 0.0484092979 0.7070385954 0.4394636322 0.6470988800 0.3301346182 0.0001821636 1.4924939959 1.4778897566 1.5432197537 0.0001741935 11.5055347152 11.5052162159 11.5052314471 136.4156636685 0.0000723720 0.0004565086 0.7486767187 0.6118390019 0.1280522130 0.0132310874
-83.8489548428 0.0008627640 0.9953410965 0.9998617223 0.0000167325 0.9988023295 0.6990526006 0.9607671960 0.3395205018 0.0011381387 0.0630827055 0.2282620773 0.0001228701 0.8015582019 0.2871938628 0.0003427137 0.0484171603 0.7070315175 0.4394181854 0.6471201506 0.3301436747 0.0001823424 1.4920566073 1.4774371869 1.5432122511 0.0001743468 11.5056419746 11.5053241051 11.5053393553 136.4156964324 0.0000725179 0.0004565870 0.7486042600 0.6120743178 0.1281353462 0.0132725334
-83.8476315684 0.0008629583 0.9953395699 0.9998616754 0.0000167355 0.9988018458 0.6989263608 0.9607252904 0.3398132530 0.0011382485 0.0630287559 0.2278439426 0.0001228860 0.8015083653 0.2875005266 0.0003427784 0.0484258663 0.7070188470 0.4393639722 0.6471372721 0.3301459607 0.0001825227 1.4916039884 1.4769810449 1.5431993596 0.0001745013 11.5057339421 11.5054166953 11.5054319645 136.4157275260 0.0000726636 0.0004566739 0.7485234295 0.6123112953 0.1282088274 0.0133135201
-83.8461852257 0.0008631708 0.9953378987 0.9998616240 0.0000167387 0.9988013128 0.6987957803 0.9606839104 0.3400985549 0.0011383685 0.0629770991 0.2274232280 0.0001229033 0.8014539356 0.2878061960 0.0003428492 0.0484353855 0.7070009771 0.4393015279 0.6471504722 0.3301421462 0.0001826998 1.4911509164 1.4765349405 1.5431822976 0.0001746530 11.5058132831 11.5054966354 11.5055119233 136.4157571998 0.0000728050 0.0004567689 0.7484344153 0.6125438601 0.1282741866 0.0133529952
-83.8446202937 0.0008634009 0.9953360876 0.9998615684 0.0000167422 0.9988007314 0.6986631970 0.9606438457 0.3403681566 0.0011384983 0.0629279019 0.2270048826 0.0001229220 0.8013951279 0.2881071093 0.0003429258 0.0484456889 0.7069782076 0.4392312945 0.6471599410 0.3301327681 0.0001828705 1.4907090064 1.4761087697 1.5431622500 0.0001747990 11.5058819989 11.5055659147 11.5055812205 136.4157855397 0.0000729392 0.0004568717 0.7483374048 0.6127676161 0.1283326406 0.0133902100
-83.8429409202 0.0008636478 0.9953341408 0.9998615087 0.0000167460 0.9988001026 0.6985303335 0.9606056121 0.3406163205 0.0011386377 0.0628812792 0.2265935019 0.0001229421 0.8013321523 0.2883998949 0.0003430081 0.0484567498 0.7069507899 0.4391536356 0.6471658476 0.3301182476 0.0001830324 1.4902866965 1.4757090287 1.5431402768 0.0001749376 11.5059444732 11.5056289090 11.5056442318 136.4158125539 0.0000730643 0.0004569821 0.7482325819 0.6129797620 0.1283851715 0.0134246906
-83.8411508786 0.0008639112 0.9953320624 0.9998614451 0.0000167501 0.9987994271 0.6983983182 0.9605695114 0.3408396848 0.0011387864 0.0628372826 0.2261929721 0.0001229635 0.8012652118 0.2886818303 0.0003430958 0.0484685438 0.7069189571 0.4390688540 0.6471683670 0.3300989184 0.0001831845 1.4898894158 1.4753392646 1.5431172218 0.0001750676 11.5059972660 11.5056821748 11.5056975133 136.4158382234 0.0000731793 0.0004570998 0.7481201256 0.6131786725 0.1284325883 0.0134561930
-83.8392535572 0.0008641905 0.9953298557 0.9998613775 0.0000167543 0.9987987058 0.6982677622 0.9605356280 0.3410369550 0.0011389439 0.0627959302 0.2258066090 0.0001229863 0.8011945009 0.2889506720 0.0003431888 0.0484810491 0.7068829236 0.4389772063 0.6471676679 0.3300750491 0.0001833262 1.4895199992 1.4750005689 1.5430937730 0.0001751888 11.5060434525 11.5057287863 11.5057441393 136.4158625216 0.0000732842 0.0004572246 0.7480002084 0.6133639757 0.1284755499 0.0134846755
-83.8372519601 0.0008644852 0.9953275240 0.9998613062 0.0000167589 0.9987979393 0.6981388919 0.9605039132 0.3412083542 0.0011391102 0.0627572016 0.2254369747 0.0001230103 0.8011202044 0.2892047550 0.0003432869 0.0484942464 0.7068428911 0.4388789139 0.6471639150 0.3300468616 0.0001834580 1.4891793365 1.4746923492 1.5430704498 0.0001753014 11.5060837245 11.5057694366 11.5057848029 136.4158854327 0.0000733790 0.0004573564 0.7478729951 0.6135360212 0.1285146026 0.0135102332
-83.8351487255 0.0008647950 0.9953250699 0.9998612311 0.0000167636 0.9987971283 0.6980116747 0.9604742252 0.3413551103 0.0011392850 0.0627210431 0.2250858709 0.0001230355 0.8010424971 0.2894429615 0.0003433901 0.0485081187 0.7067990460 0.4387741730 0.6471572591 0.3300145431 0.0001835803 1.4888670594 1.4744130434 1.5430476468 0.0001754060 11.5061224345 11.5058084802 11.5058238588 136.4159069616 0.0000734645 0.0004574949 0.7477386428 0.6136956752 0.1285502035 0.0135330418
-83.8329461446 0.0008651196 0.9953224957 0.9998611525 0.0000167686 0.9987962735 0.6978859533 0.9604464071 0.3414789255 0.0011394681 0.0626873598 0.2247542658 0.0001230619 0.8009615433 0.2896647942 0.0003434982 0.0485226515 0.7067515734 0.4386631594 0.6471478600 0.3299782557 0.0001836940 1.4885819576 1.4741605548 1.5430256062 0.0001755031 11.5061536507 11.5058399890 11.5058553788 136.4159271340 0.0000735414 0.0004576400 0.7475973001 0.6138438294 0.1285827488 0.0135533113
-83.8306461981 0.0008654587 0.9953198033 0.9998610702 0.0000167738 0.9987953753 0.6977614853 0.9604202370 0.3415818343 0.0011396592 0.0626560564 0.2244427499 0.0001230895 0.8008774973 0.2898699824 0.0003436111 0.0485378322 0.7067006406 0.4385460317 0.6471358601 0.3299381404 0.0001837999 1.4883222497 1.4739324216 1.5430045241 0.0001755936 11.5061839399 11.5058705331 11.5058859331 136.4159459854 0.0000736105 0.0004577916 0.7474491077 0.6139817919 0.1286125648 0.0135712873
-83.8282505778 0.0008658121 0.9953169945 0.9998609845 0.0000167793 0.9987944342 0.6976380221 0.9603955279 0.3416658524 0.0011398584 0.0626270122 0.2241513224 0.0001231182 0.8007905033 0.2900586833 0.0003437288 0.0485536501 0.7066464131 0.4384229342 0.6471214079 0.3298943234 0.0001838988 1.4880859552 1.4737262268 1.5429844819 0.0001756781 11.5062087901 11.5058956041 11.5059110135 136.4159635643 0.0000736727 0.0004579496 0.7472941980 0.6141106097 0.1286399396 0.0135872007
-83.8257607225 0.0008661796 0.9953140706 0.9998608953 0.0000167849 0.9987934506 0.6975153120 0.9603720689 0.3417329969 0.0011400655 0.0626001133 0.2238797909 0.0001231481 0.8007006963 0.2902311534 0.0003438511 0.0485700961 0.7065890445 0.4382939988 0.6471046414 0.3298469178 0.0001839917 1.4878708620 1.4735394665 1.5429655284 0.0001757574 11.5062304028 11.5059174069 11.5059328251 136.4159799216 0.0000737287 0.0004581139 0.7471326961 0.6142314988 0.1286651140 0.0136012922
-83.8231778448 0.0008665609 0.9953110326 0.9998608027 0.0000167908 0.9987924250 0.6973931134 0.9603496656 0.3417851795 0.0011402804 0.0625752434 0.2236276990 0.0001231791 0.8006082021 0.2903878096 0.0003439780 0.0485871629 0.7065286744 0.4381593483 0.6470856825 0.3297960266 0.0001840795 1.4876749302 1.4733699287 1.5429476880 0.0001758323 11.5062528091 11.5059399755 11.5059554017 136.4159951163 0.0000737793 0.0004582844 0.7469647196 0.6143455740 0.1286882963 0.0136137766
-83.8205029521 0.0008669561 0.9953078815 0.9998607067 0.0000167969 0.9987913577 0.6972712324 0.9603281759 0.3418240635 0.0011405030 0.0625522700 0.2233942420 0.0001232113 0.8005131381 0.2905293358 0.0003441096 0.0486048444 0.7064654430 0.4380190970 0.6470646592 0.3297417443 0.0001841626 1.4874962693 1.4732156776 1.5429309174 0.0001759033 11.5062698810 11.5059571851 11.5059726187 136.4160092154 0.0000738251 0.0004584611 0.7467903791 0.6144536040 0.1287096788 0.0136248348
-83.8177368778 0.0008673649 0.9953046180 0.9998606074 0.0000168032 0.9987902489 0.6971494903 0.9603074318 0.3418512174 0.0011407332 0.0625310797 0.2231786727 0.0001232445 0.8004156136 0.2906563346 0.0003442456 0.0486231356 0.7063994731 0.4378733514 0.6470416803 0.3296841573 0.0001842419 1.4873330523 1.4730748765 1.5429151984 0.0001759710 11.5062878883 11.5059753074 11.5059907480 136.4160222827 0.0000738667 0.0004586439 0.7466097789 0.6145565620 0.1287294201 0.0136346447
-83.8148802943 0.0008677872 0.9953012425 0.9998605046 0.0000168097 0.9987890990 0.6970277525 0.9602873226 0.3418679628 0.0011409710 0.0625115483 0.2229800216 0.0001232788 0.8003157306 0.2907695867 0.0003443862 0.0486420326 0.7063308876 0.4377222111 0.6470168598 0.3296233459 0.0001843178 1.4871836875 1.4729459939 1.5429004627 0.0001760358 11.5063016638 11.5059891779 11.5060046250 136.4160343847 0.0000739047 0.0004588328 0.7464230172 0.6146550400 0.1287476694 0.0136433485
-83.8119337387 0.0008682232 0.9952977553 0.9998603985 0.0000168164 0.9987879081 0.6969058993 0.9602677169 0.3418755262 0.0011412163 0.0624935696 0.2227974233 0.0001233143 0.8002135844 0.2908697673 0.0003445313 0.0486615327 0.7062597949 0.4375657691 0.6469902946 0.3295593843 0.0001843909 1.4870466488 1.4728275837 1.5428866648 0.0001760982 11.5063162959 11.5060038866 11.5060193399 136.4160455827 0.0000739394 0.0004590277 0.7462301864 0.6147497970 0.1287645506 0.0136510854
-83.8088976231 0.0008686726 0.9952941568 0.9998602891 0.0000168233 0.9987866765 0.6967838485 0.9602485324 0.3418749114 0.0011414692 0.0624770315 0.2226298797 0.0001233508 0.8001092636 0.2909576667 0.0003446808 0.0486816336 0.7061863029 0.4374041135 0.6469620851 0.3294923418 0.0001844614 1.4869206718 1.4727184874 1.5428737296 0.0001761584 11.5063277531 11.5060154038 11.5060308629 136.4160559383 0.0000739712 0.0004592286 0.7460313739 0.6148412686 0.1287801815 0.0136579619
-83.8057722535 0.0008691354 0.9952904468 0.9998601763 0.0000168305 0.9987854044 0.6966615296 0.9602296702 0.3418670515 0.0011417295 0.0624618387 0.2224765321 0.0001233884 0.8000028511 0.2910339548 0.0003448348 0.0487023340 0.7061105101 0.4372373266 0.6469323226 0.3294222838 0.0001845299 1.4868044489 1.4726175107 1.5428615944 0.0001762169 11.5063374645 11.5060251602 11.5060406247 136.4160655058 0.0000740006 0.0004594356 0.7458266619 0.6149300179 0.1287946606 0.0136640905
-83.8025578427 0.0008696117 0.9952866254 0.9998600602 0.0000168378 0.9987840918 0.6965388775 0.9602110420 0.3418527917 0.0011419974 0.0624479027 0.2223365432 0.0001234271 0.7998944242 0.2910992722 0.0003449933 0.0487236332 0.7060325034 0.4370654870 0.6469010824 0.3293492711 0.0001845967 1.4866969027 1.4725236910 1.5428502081 0.0001762740 11.5063493284 11.5060370551 11.5060525249 136.4160743387 0.0000740278 0.0004596485 0.7456161284 0.6150165510 0.1288080751 0.0136695645
-83.7992545167 0.0008701015 0.9952826924 0.9998599407 0.0000168454 0.9987827390 0.6964158592 0.9601926067 0.3418327847 0.0011422727 0.0624351251 0.2222089394 0.0001234669 0.7997840550 0.2911543886 0.0003451563 0.0487455311 0.7059523725 0.4368886698 0.6468684478 0.3292733615 0.0001846620 1.4865971764 1.4724362958 1.5428394937 0.0001763298 11.5063570830 11.5060448283 11.5060603030 136.4160824933 0.0000740530 0.0004598675 0.7453998468 0.6151010594 0.1288205140 0.0136744493
-83.7958623325 0.0008706047 0.9952786476 0.9998598178 0.0000168531 0.9987813461 0.6962924373 0.9601742856 0.3418076803 0.0011425555 0.0624234295 0.2220929596 0.0001235077 0.7996718111 0.2911998877 0.0003453237 0.0487680280 0.7058701924 0.4367069462 0.6468344836 0.3291946090 0.0001847262 1.4865043844 1.4723545465 1.5428294120 0.0001763845 11.5063668928 11.5060546446 11.5060701242 136.4160900180 0.0000740765 0.0004600924 0.7451778869 0.6151840093 0.1288320468 0.0136788209
-83.7923812782 0.0008711214 0.9952744907 0.9998596916 0.0000168611 0.9987799130 0.6961685987 0.9601560492 0.3417779703 0.0011428458 0.0624127303 0.2219877294 0.0001235497 0.7995577556 0.2912364623 0.0003454955 0.0487911248 0.7057860409 0.4365203836 0.6467992622 0.3291130646 0.0001847892 1.4864178284 1.4722778680 1.5428198907 0.0001764384 11.5063732666 11.5060610143 11.5060764985 136.4160969616 0.0000740985 0.0004603234 0.7449503146 0.6152655336 0.1288427459 0.0136827296
-83.7888112890 0.0008716516 0.9952702211 0.9998595620 0.0000168693 0.9987784399 0.6960443250 0.9601378363 0.3417441451 0.0011431436 0.0624029611 0.2218925633 0.0001235927 0.7994419476 0.2912646407 0.0003456719 0.0488148227 0.7056999839 0.4363290463 0.6467628404 0.3290287763 0.0001848515 1.4863368244 1.4722056664 1.5428108980 0.0001764916 11.5063814855 11.5060692186 11.5060847073 136.4161033660 0.0000741191 0.0004605605 0.7447171926 0.6153459960 0.1288526680 0.0136862336
-83.7851522463 0.0008721954 0.9952658385 0.9998594290 0.0000168777 0.9987769269 0.6959196191 0.9601196275 0.3417065571 0.0011434489 0.0623940478 0.2218066862 0.0001236368 0.7993244425 0.2912850411 0.0003458528 0.0488391233 0.7056120896 0.4361329957 0.6467252815 0.3289417903 0.0001849130 1.4862608348 1.4721375166 1.5428023694 0.0001765441 11.5063869978 11.5060747070 11.5060901999 136.4161092724 0.0000741385 0.0004608035 0.7444785803 0.6154254777 0.1288618725 0.0136893691
-83.7814039889 0.0008727528 0.9952613424 0.9998592925 0.0000168863 0.9987753740 0.6957944792 0.9601013766 0.3416655725 0.0011437617 0.0623859341 0.2217295113 0.0001236820 0.7992052922 0.2912981247 0.0003460381 0.0488640285 0.7055224190 0.4359322904 0.6466866410 0.3288521503 0.0001849740 1.4861892218 1.4720728642 1.5427942664 0.0001765963 11.5063914017 11.5060790781 11.5060945753 136.4161147138 0.0000741569 0.0004610527 0.7442345344 0.6155042494 0.1288704060 0.0136921879
-83.7775663184 0.0008733239 0.9952567320 0.9998591527 0.0000168951 0.9987737811 0.6956688949 0.9600830410 0.3416215428 0.0011440821 0.0623785684 0.2216604876 0.0001237283 0.7990845452 0.2913043132 0.0003462280 0.0488895404 0.7054310239 0.4357269870 0.6466469603 0.3287598979 0.0001850347 1.4861215014 1.4720113049 1.5427865617 0.0001766481 11.5063987039 11.5060863389 11.5061018402 136.4161197233 0.0000741743 0.0004613079 0.7439851086 0.6155825617 0.1288783098 0.0136947304
-83.7736389986 0.0008739087 0.9952520069 0.9998590093 0.0000169041 0.9987721484 0.6955428781 0.9600646212 0.3415746861 0.0011444100 0.0623718865 0.2215989255 0.0001237757 0.7989622475 0.2913041636 0.0003464224 0.0489156615 0.7053379615 0.4355171405 0.6466062915 0.3286650735 0.0001850950 1.4860573285 1.4719525854 1.5427791967 0.0001766997 11.5064021160 11.5060897019 11.5061052071 136.4161243374 0.0000741909 0.0004615693 0.7437303544 0.6156603738 0.1288856326 0.0136970159
-83.7696217674 0.0008745072 0.9952471663 0.9998588625 0.0000169134 0.9987704757 0.6954164255 0.9600460723 0.3415252776 0.0011447456 0.0623658457 0.2215443635 0.0001238243 0.7988384417 0.2912980311 0.0003466214 0.0489423945 0.7052432761 0.4353028038 0.6465646694 0.3285677147 0.0001851552 1.4859963049 1.4718963604 1.5427721630 0.0001767511 11.5064082836 11.5060958125 11.5061113217 136.4161285850 0.0000742067 0.0004618368 0.7434703206 0.6157379659 0.1288924078 0.0136990801
-83.7655143322 0.0008751197 0.9952422095 0.9998587122 0.0000169228 0.9987687632 0.6952895517 0.9600273969 0.3414734786 0.0011450888 0.0623603912 0.2214962078 0.0001238739 0.7987131684 0.2912863981 0.0003468250 0.0489697422 0.7051470175 0.4350840273 0.6465221395 0.3284678581 0.0001852152 1.4859381442 1.4718424228 1.5427654091 0.0001768024 11.5064110522 11.5060985171 11.5061140301 136.4161324970 0.0000742219 0.0004621105 0.7432050539 0.6158152896 0.1288986760 0.0137009383
-83.7613163812 0.0008757461 0.9952371357 0.9998585584 0.0000169325 0.9987670107 0.6951622569 0.9600085570 0.3414195048 0.0011454396 0.0623554869 0.2214540653 0.0001239246 0.7985864653 0.2912695686 0.0003470332 0.0489977077 0.7050492245 0.4348608598 0.6464787319 0.3283655380 0.0001852752 1.4858825109 1.4717904835 1.5427589272 0.0001768537 11.5064163214 11.5061037152 11.5061192320 136.4161360976 0.0000742364 0.0004623904 0.7429345992 0.6158925840 0.1289044644 0.0137026203
-83.7570275782 0.0008763865 0.9952319441 0.9998584010 0.0000169424 0.9987652182 0.6950345567 0.9599895576 0.3413634717 0.0011457982 0.0623510856 0.2214174217 0.0001239765 0.7984583683 0.2912479619 0.0003472461 0.0490262942 0.7049499407 0.4346333485 0.6464344860 0.3282607881 0.0001853351 1.4858291952 1.4717403947 1.5427526758 0.0001769050 11.5064186667 11.5061059828 11.5061215033 136.4161394132 0.0000742504 0.0004626766 0.7426589992 0.6159697905 0.1289098074 0.0137041363
-83.7526475728 0.0008770410 0.9952266339 0.9998582400 0.0000169525 0.9987633857 0.6949064542 0.9599703678 0.3413055436 0.0011461645 0.0623471564 0.2213859358 0.0001240295 0.7983289110 0.2912218434 0.0003474635 0.0490555050 0.7048492006 0.4344015391 0.6463894277 0.3281536404 0.0001853952 1.4857779255 1.4716919264 1.5427466480 0.0001769564 11.5064232033 11.5061104351 11.5061259592 136.4161424642 0.0000742640 0.0004629690 0.7423782948 0.6160471054 0.1289147276 0.0137055100
-83.7481759953 0.0008777096 0.9952212043 0.9998580754 0.0000169628 0.9987615131 0.6947779683 0.9599509945 0.3412457869 0.0011465386 0.0623436587 0.2213591636 0.0001240836 0.7981981250 0.2911915785 0.0003476857 0.0490853436 0.7047470427 0.4341654760 0.6463435918 0.3280441262 0.0001854553 1.4857285544 1.4716449805 1.5427408082 0.0001770078 11.5064254164 11.5061125578 11.5061280855 136.4161452719 0.0000742770 0.0004632677 0.7420925256 0.6161244648 0.1289192539 0.0137067469
-83.7436124642 0.0008783926 0.9952156542 0.9998579071 0.0000169734 0.9987596004 0.6946491087 0.9599314142 0.3411843216 0.0011469206 0.0623405671 0.2213368314 0.0001241389 0.7980660403 0.2911573881 0.0003479126 0.0491158136 0.7046435007 0.4339252017 0.6462970070 0.3279322757 0.0001855156 1.4856807699 1.4715992841 1.5427351405 0.0001770594 11.5064268168 11.5061138618 11.5061293930 136.4161478506 0.0000742898 0.0004635728 0.7418017292 0.6162020129 0.1289234051 0.0137078727
-83.7389565873 0.0008790899 0.9952099829 0.9998577352 0.0000169842 0.9987576474 0.6945198724 0.9599116044 0.3411212827 0.0011473103 0.0623378588 0.2213186850 0.0001241953 0.7979326850 0.2911194648 0.0003481443 0.0491469188 0.7045386009 0.4336807585 0.6462496900 0.3278181181 0.0001855762 1.4856343903 1.4715546836 1.5427296415 0.0001771113 11.5064313906 11.5061183331 11.5061338678 136.4161502159 0.0000743021 0.0004638842 0.7415059421 0.6162798892 0.1289271979 0.0137089040
-83.7342079585 0.0008798016 0.9952041893 0.9998575596 0.0000169952 0.9987556542 0.6943902760 0.9598915837 0.3410566991 0.0011477080 0.0623354968 0.2213043142 0.0001242528 0.7977980857 0.2910781502 0.0003483807 0.0491786630 0.7044323766 0.4334321877 0.6462016698 0.3277016822 0.0001856370 1.4855893471 1.4715111534 1.5427242757 0.0001771633 11.5064323204 11.5061191550 11.5061346932 136.4161523879 0.0000743142 0.0004642021 0.7412051992 0.6163579530 0.1289306584 0.0137098394
-83.7293661674 0.0008805280 0.9951982725 0.9998573802 0.0000170064 0.9987536205 0.6942603183 0.9598713215 0.3409906844 0.0011481136 0.0623334633 0.2212935205 0.0001243115 0.7976622676 0.2910335954 0.0003486219 0.0492110500 0.7043248502 0.4331795297 0.6461529599 0.3275829948 0.0001856981 1.4855454598 1.4714685305 1.5427190512 0.0001772156 11.5064362398 11.5061229606 11.5061385022 136.4161543803 0.0000743260 0.0004645265 0.7408995342 0.6164364043 0.1289337993 0.0137106973
-83.7244307914 0.0008812689 0.9951922314 0.9998571971 0.0000170178 0.9987515464 0.6941300144 0.9598508341 0.3409232568 0.0011485273 0.0623317266 0.2212859553 0.0001243714 0.7975252543 0.2909860923 0.0003488680 0.0492440839 0.7042160508 0.4329228233 0.6461035860 0.3274620826 0.0001857594 1.4855026530 1.4714267797 1.5427139343 0.0001772681 11.5064369443 11.5061235461 11.5061390911 136.4161562100 0.0000743376 0.0004648574 0.7405889795 0.6165151193 0.1289366429 0.0137114770
-83.7194014055 0.0008820246 0.9951860651 0.9998570102 0.0000170295 0.9987494317 0.6939993630 0.9598300956 0.3408545072 0.0011489489 0.0623302724 0.2212814559 0.0001244325 0.7973870683 0.2909357644 0.0003491189 0.0492777687 0.7041059982 0.4326621066 0.6460535597 0.3273389709 0.0001858211 1.4854607923 1.4713857723 1.5427089364 0.0001773209 11.5064403544 11.5061268317 11.5061423800 136.4161578881 0.0000743489 0.0004651948 0.7402735668 0.6165942691 0.1289391997 0.0137121937
-83.7142775752 0.0008827952 0.9951797725 0.9998568194 0.0000170414 0.9987472764 0.6938683777 0.9598091212 0.3407844436 0.0011493786 0.0623290733 0.2212797217 0.0001244947 0.7972477306 0.2908828641 0.0003493747 0.0493121086 0.7039947183 0.4323974166 0.6460029035 0.3272136848 0.0001858830 1.4854198215 1.4713454872 1.5427040282 0.0001773740 11.5064409733 11.5061273208 11.5061428725 136.4161594287 0.0000743600 0.0004655388 0.7399533261 0.6166737389 0.1289414884 0.0137128459
-83.7090588647 0.0008835807 0.9951733525 0.9998566248 0.0000170535 0.9987450802 0.6937370583 0.9597878890 0.3407131353 0.0011498165 0.0623281169 0.2212806121 0.0001245581 0.7971072614 0.2908274988 0.0003496354 0.0493471078 0.7038822289 0.4321287899 0.6459516276 0.3270862483 0.0001859454 1.4853796303 1.4713058199 1.5426992193 0.0001774274 11.5064439707 11.5061301830 11.5061457381 136.4161608409 0.0000743710 0.0004658895 0.7396282870 0.6167536735 0.1289435178 0.0137134457
-83.7037448311 0.0008843813 0.9951668041 0.9998564262 0.0000170659 0.9987428431 0.6936054202 0.9597664141 0.3406405672 0.0011502625 0.0623273797 0.2212838676 0.0001246227 0.7969656795 0.2907698889 0.0003499012 0.0493827705 0.7037685533 0.4318562620 0.6458997520 0.3269566853 0.0001860081 1.4853401918 1.4712667730 1.5426944834 0.0001774811 11.5064447346 11.5061308067 11.5061463650 136.4161621359 0.0000743817 0.0004662468 0.7392984778 0.6168339643 0.1289453041 0.0137139895
-83.6983350295 0.0008851970 0.9951601261 0.9998562237 0.0000170785 0.9987405650 0.6934734686 0.9597446798 0.3405667878 0.0011507167 0.0623268523 0.2212893888 0.0001246885 0.7968230027 0.2907101168 0.0003501719 0.0494191010 0.7036537108 0.4315798675 0.6458472921 0.3268250195 0.0001860711 1.4853013164 1.4712281677 1.5426898174 0.0001775351 11.5064448138 11.5061307407 11.5061463023 136.4161633180 0.0000743923 0.0004666109 0.7389639262 0.6169147169 0.1289468544 0.0137144942
-83.6928290145 0.0008860280 0.9951533175 0.9998560173 0.0000170913 0.9987382457 0.6933411960 0.9597226696 0.3404918702 0.0011511792 0.0623265267 0.2212970832 0.0001247555 0.7966792479 0.2906482469 0.0003504476 0.0494561037 0.7035377140 0.4312996410 0.6457942518 0.3266912733 0.0001861346 1.4852629312 1.4711899373 1.5426852286 0.0001775895 11.5064482103 11.5061339868 11.5061495517 136.4161643940 0.0000744029 0.0004669817 0.7386246588 0.6169960359 0.1289481746 0.0137149687
-83.6872263349 0.0008868744 0.9951463769 0.9998558068 0.0000171044 0.9987358852 0.6932086143 0.9597004075 0.3404157898 0.0011516500 0.0623263795 0.2213066880 0.0001248237 0.7965344311 0.2905845041 0.0003507284 0.0494937830 0.7034205842 0.4310156169 0.6457406487 0.3265554697 0.0001861985 1.4852250482 1.4711521222 1.5426806875 0.0001776443 11.5064480214 11.5061336428 11.5061492109 136.4161653757 0.0000744133 0.0004673594 0.7382807018 0.6170777508 0.1289492813 0.0137154054
-83.6815265427 0.0008877363 0.9951393034 0.9998555923 0.0000171177 0.9987334832 0.6930757173 0.9596778680 0.3403386121 0.0011521292 0.0623264054 0.2213181442 0.0001248932 0.7963885673 0.2905189278 0.0003510143 0.0495321434 0.7033023317 0.4307278291 0.6456864850 0.3264176301 0.0001862628 1.4851875901 1.4711146372 1.5426762145 0.0001776994 11.5064509576 11.5061364188 11.5061519901 136.4161662693 0.0000744236 0.0004677439 0.7379320805 0.6171600320 0.1289501782 0.0137158158
-83.6757291848 0.0008886137 0.9951320957 0.9998553737 0.0000171312 0.9987310396 0.6929425153 0.9596550721 0.3402603140 0.0011526167 0.0623265846 0.2213312300 0.0001249638 0.7962416707 0.2904517090 0.0003513053 0.0495711894 0.7031829750 0.4304363102 0.6456317767 0.3262777758 0.0001863275 1.4851505541 1.4710775053 1.5426717822 0.0001777549 11.5064507103 11.5061360066 11.5061515812 136.4161670846 0.0000744338 0.0004681353 0.7375788193 0.6172427298 0.1289508795 0.0137161940
-83.6698338118 0.0008895069 0.9951247527 0.9998551509 0.0000171450 0.9987285543 0.6928090021 0.9596319966 0.3401809528 0.0011531128 0.0623269133 0.2213459032 0.0001250357 0.7960937546 0.2903828747 0.0003516015 0.0496109254 0.7030625234 0.4301410926 0.6455765260 0.3261359273 0.0001863927 1.4851138620 1.4710406429 1.5426674068 0.0001778108 11.5064533003 11.5061384266 11.5061540043 136.4161678261 0.0000744439 0.0004685337 0.7372209424 0.6173259990 0.1289513881 0.0137165510
-83.6638399705 0.0008904159 0.9951172730 0.9998549240 0.0000171590 0.9987260271 0.6926751864 0.9596086612 0.3401005031 0.0011536173 0.0623273742 0.2213619713 0.0001251089 0.7959448317 0.2903125907 0.0003519029 0.0496513561 0.7029409934 0.4298422081 0.6455207468 0.3259921051 0.0001864582 1.4850775370 1.4710040892 1.5426630687 0.0001778670 11.5064531055 11.5061380572 11.5061536381 136.4161685022 0.0000744540 0.0004689391 0.7368584732 0.6174096988 0.1289517161 0.0137168799
-83.6577472120 0.0008913409 0.9951096555 0.9998546929 0.0000171733 0.9987234580 0.6925410634 0.9595850457 0.3400190101 0.0011541304 0.0623279644 0.2213793977 0.0001251833 0.7957949139 0.2902408806 0.0003522096 0.0496924861 0.7028183936 0.4295396880 0.6454644410 0.3258463290 0.0001865243 1.4850415036 1.4709677697 1.5426587792 0.0001779236 11.5064554205 11.5061401925 11.5061557766 136.4161691164 0.0000744640 0.0004693516 0.7364914346 0.6174939644 0.1289518659 0.0137171902
-83.6515550845 0.0008922819 0.9951018988 0.9998544575 0.0000171878 0.9987208466 0.6924066440 0.9595611693 0.3399364323 0.0011546520 0.0623286685 0.2213980153 0.0001252589 0.7956440123 0.2901678909 0.0003525215 0.0497343200 0.7026947392 0.4292335636 0.6454076213 0.3256986190 0.0001865907 1.4850058048 1.4709317403 1.5426545204 0.0001779806 11.5064554886 11.5061400764 11.5061556636 136.4161696745 0.0000744738 0.0004697711 0.7361198490 0.6175786637 0.1289518478 0.0137174735
-83.6452631394 0.0008932391 0.9950940018 0.9998542178 0.0000172026 0.9987181930 0.6922719291 0.9595370161 0.3398528004 0.0011551824 0.0623294855 0.2214178149 0.0001253359 0.7954921374 0.2900936311 0.0003528387 0.0497768624 0.7025700413 0.4289238648 0.6453502961 0.3255489948 0.0001866575 1.4849702774 1.4708958416 1.5426502913 0.0001780379 11.5064549378 11.5061393366 11.5061549270 136.4161701763 0.0000744837 0.0004701979 0.7357437382 0.6176638963 0.1289516638 0.0137177448
-83.6388709313 0.0008942126 0.9950859631 0.9998539738 0.0000172176 0.9987154968 0.6921369066 0.9595125719 0.3397681706 0.0011557214 0.0623304148 0.2214387859 0.0001254141 0.7953392991 0.2900180993 0.0003531613 0.0498201181 0.7024443052 0.4286106223 0.6452924626 0.3253974755 0.0001867249 1.4849348897 1.4708600411 1.5426461035 0.0001780957 11.5064577996 11.5061420046 11.5061575981 136.4161706240 0.0000744935 0.0004706318 0.7353631238 0.6177497548 0.1289513148 0.0137180102
-83.6323780133 0.0008952025 0.9950777815 0.9998537254 0.0000172328 0.9987127580 0.6920015845 0.9594878633 0.3396825011 0.0011562692 0.0623314395 0.2214607388 0.0001254936 0.7951855065 0.2899414612 0.0003534893 0.0498640918 0.7023175451 0.4282938669 0.6452341324 0.3252440806 0.0001867926 1.4848997046 1.4708244168 1.5426419337 0.0001781539 11.5064570631 11.5061410698 11.5061566664 136.4161710257 0.0000745033 0.0004710729 0.7349780269 0.6178360521 0.1289508129 0.0137182587
-83.6257839453 0.0008962089 0.9950694555 0.9998534726 0.0000172483 0.9987099763 0.6918659523 0.9594628651 0.3395958478 0.0011568258 0.0623325609 0.2214836858 0.0001255743 0.7950307685 0.2898636987 0.0003538226 0.0499087881 0.7021897646 0.4279736287 0.6451753019 0.3250888286 0.0001868608 1.4848646527 1.4707888920 1.5426378015 0.0001782125 11.5064595497 11.5061433532 11.5061589529 136.4161713835 0.0000745131 0.0004715214 0.7345884682 0.6179229577 0.1289501578 0.0137185009
-83.6190882857 0.0008972319 0.9950609839 0.9998532154 0.0000172641 0.9987071517 0.6917300168 0.9594376010 0.3395081734 0.0011573912 0.0623337646 0.2215074676 0.0001256564 0.7948750928 0.2897849525 0.0003541615 0.0499542119 0.7020609760 0.4276499373 0.6451159820 0.3249317379 0.0001869295 1.4848297820 1.4707535272 1.5426336857 0.0001782714 11.5064588249 11.5061424208 11.5061580236 136.4161717040 0.0000745228 0.0004719772 0.7341944680 0.6180103052 0.1289493599 0.0137187277
-83.6122906004 0.0008982718 0.9950523653 0.9998529536 0.0000172801 0.9987042838 0.6915937678 0.9594120480 0.3394195280 0.0011579655 0.0623350527 0.2215321032 0.0001257398 0.7947184870 0.2897051992 0.0003545058 0.0500003680 0.7019311825 0.4273228220 0.6450561695 0.3247728261 0.0001869986 1.4847950272 1.4707182509 1.5426296040 0.0001783308 11.5064610394 11.5061444227 11.5061600286 136.4161719886 0.0000745325 0.0004724404 0.7337960464 0.6180982485 0.1289484184 0.0137189490
-83.6053904547 0.0008993285 0.9950435983 0.9998526872 0.0000172964 0.9987013727 0.6914572108 0.9593862275 0.3393298770 0.0011585488 0.0623364126 0.2215574534 0.0001258245 0.7945609581 0.2896245621 0.0003548557 0.0500472610 0.7018003952 0.4269923118 0.6449958739 0.3246121112 0.0001870681 1.4847604349 1.4706831208 1.5426255381 0.0001783905 11.5064604260 11.5061435923 11.5061592013 136.4161722427 0.0000745421 0.0004729111 0.7333932232 0.6181866368 0.1289473426 0.0137191564
-83.5983874215 0.0009004022 0.9950346815 0.9998524163 0.0000173129 0.9986984180 0.6913203373 0.9593601202 0.3392392586 0.0011591411 0.0623378461 0.2215835346 0.0001259105 0.7944025123 0.2895430213 0.0003552111 0.0500948959 0.7016686172 0.4266584355 0.6449350924 0.3244496106 0.0001871381 1.4847259604 1.4706480837 1.5426215042 0.0001784507 11.5064624312 11.5061453756 11.5061609876 136.4161724670 0.0000745518 0.0004733892 0.7329860180 0.6182756008 0.1289461317 0.0137193574
-83.5912810743 0.0009014931 0.9950256136 0.9998521407 0.0000173297 0.9986954196 0.6911831556 0.9593337459 0.3391476249 0.0011597424 0.0623393420 0.2216102244 0.0001259978 0.7942431557 0.2894606872 0.0003555722 0.0501432774 0.7015358587 0.4263212218 0.6448738339 0.3242853420 0.0001872085 1.4846916538 1.4706132035 1.5426174834 0.0001785112 11.5064621333 11.5061448513 11.5061604665 136.4161726651 0.0000745614 0.0004738749 0.7325744500 0.6183650022 0.1289447934 0.0137195428
-83.5840709930 0.0009026012 0.9950163930 0.9998518604 0.0000173468 0.9986923774 0.6910456632 0.9593070895 0.3390550018 0.0011603528 0.0623409034 0.2216375604 0.0001260865 0.7940828934 0.2893775313 0.0003559389 0.0501924104 0.7014021259 0.4259806987 0.6448121028 0.3241193231 0.0001872794 1.4846573734 1.4705783380 1.5426134782 0.0001785721 11.5064612569 11.5061437440 11.5061593622 136.4161728340 0.0000745709 0.0004743682 0.7321585384 0.6184549377 0.1289433272 0.0137197264
-83.5767567641 0.0009037267 0.9950070184 0.9998515754 0.0000173641 0.9986892911 0.6909078449 0.9592801368 0.3389614429 0.0011609724 0.0623425336 0.2216655734 0.0001261765 0.7939217306 0.2892935176 0.0003563112 0.0502422997 0.7012674196 0.4256368948 0.6447498923 0.3239515709 0.0001873507 1.4846230931 1.4705434566 1.5426095003 0.0001786334 11.5064638688 11.5061461202 11.5061617414 136.4161729738 0.0000745805 0.0004748692 0.7317383023 0.6185454996 0.1289417313 0.0137199138
-83.5693379756 0.0009048697 0.9949974882 0.9998512856 0.0000173817 0.9986861605 0.6907697059 0.9592529159 0.3388669011 0.0011616011 0.0623442188 0.2216941096 0.0001262679 0.7937596715 0.2892087831 0.0003566893 0.0502929502 0.7011317494 0.4252898390 0.6446872109 0.3237821031 0.0001874225 1.4845888985 1.4705086564 1.5426055292 0.0001786951 11.5064628388 11.5061448502 11.5061604744 136.4161730906 0.0000745901 0.0004753779 0.7313137603 0.6186364924 0.1289400161 0.0137200924
-83.5618142263 0.0009060303 0.9949878011 0.9998509910 0.0000173996 0.9986829856 0.6906312330 0.9592254011 0.3387714312 0.0011622391 0.0623459638 0.2217232175 0.0001263606 0.7935967201 0.2891232799 0.0003570732 0.0503443666 0.7009951147 0.4249395600 0.6446240513 0.3236109364 0.0001874948 1.4845547219 1.4704738625 1.5426015845 0.0001787572 11.5064651154 11.5061468819 11.5061625092 136.4161731849 0.0000745997 0.0004758943 0.7308849313 0.6187280882 0.1289381790 0.0137202728
-83.5541851164 0.0009072087 0.9949779555 0.9998506915 0.0000174177 0.9986797660 0.6904924302 0.9591976171 0.3386749922 0.0011628864 0.0623477569 0.2217527678 0.0001264547 0.7934328800 0.2890371240 0.0003574628 0.0503965539 0.7008575239 0.4245860858 0.6445604212 0.3234380877 0.0001875674 1.4845206274 1.4704391465 1.5425976468 0.0001788197 11.5064641245 11.5061456418 11.5061612720 136.4161732612 0.0000746093 0.0004764186 0.7304518338 0.6188201141 0.1289362289 0.0137204449
-83.5464502574 0.0009084050 0.9949679499 0.9998503870 0.0000174361 0.9986765016 0.6903532846 0.9591695408 0.3385776337 0.0011635430 0.0623496031 0.2217828121 0.0001265502 0.7932681541 0.2889502658 0.0003578583 0.0504495168 0.7007189762 0.4242294445 0.6444963145 0.3232635730 0.0001876406 1.4844865571 1.4704044429 1.5425937356 0.0001788826 11.5064661606 11.5061474240 11.5061630572 136.4161733193 0.0000746188 0.0004769507 0.7300144864 0.6189127257 0.1289341633 0.0137206183
-83.5386092637 0.0009096192 0.9949577829 0.9998500776 0.0000174548 0.9986731923 0.6902137992 0.9591411939 0.3384793205 0.0011642091 0.0623514922 0.2218132379 0.0001266471 0.7931025450 0.2888628067 0.0003582597 0.0505032603 0.7005794789 0.4238696639 0.6444317378 0.3230874090 0.0001877141 1.4844525541 1.4703698069 1.5425898307 0.0001789459 11.5064652886 11.5061462936 11.5061619298 136.4161733632 0.0000746284 0.0004774907 0.7295729076 0.6190057701 0.1289319898 0.0137207845
-83.5306617610 0.0009108516 0.9949474528 0.9998497631 0.0000174737 0.9986698377 0.6900739615 0.9591125564 0.3383800950 0.0011648845 0.0623534288 0.2218440934 0.0001267453 0.7929360550 0.2887747007 0.0003586669 0.0505577890 0.7004390313 0.4235067720 0.6443666851 0.3229096116 0.0001877881 1.4844185856 1.4703351907 1.5425859523 0.0001790096 11.5064670974 11.5061478393 11.5061634785 136.4161733925 0.0000746379 0.0004780386 0.7291271161 0.6190993810 0.1289297061 0.0137209511
-83.5226073794 0.0009121023 0.9949369581 0.9998494435 0.0000174929 0.9986664379 0.6899337732 0.9590836473 0.3382799273 0.0011655694 0.0623554041 0.2218752797 0.0001268450 0.7927686859 0.2886860368 0.0003590801 0.0506131080 0.7002976398 0.4231407966 0.6443011620 0.3227301974 0.0001878625 1.4843846746 1.4703006362 1.5425820796 0.0001790736 11.5064663974 11.5061468718 11.5061625140 136.4161734106 0.0000746474 0.0004785946 0.7286771303 0.6191934265 0.1289273192 0.0137211111
-83.5144457608 0.0009133713 0.9949262972 0.9998491188 0.0000175124 0.9986629925 0.6897932236 0.9590544502 0.3381788483 0.0011662639 0.0623574220 0.2219068358 0.0001269460 0.7926004390 0.2885967777 0.0003594993 0.0506692219 0.7001553036 0.4227717657 0.6442351632 0.3225491823 0.0001879373 1.4843508137 1.4702661174 1.5425782328 0.0001791381 11.5064680097 11.5061482119 11.5061638570 136.4161734170 0.0000746570 0.0004791587 0.7282229689 0.6192880150 0.1289248270 0.0137212697
-83.5061765528 0.0009146588 0.9949154686 0.9998487890 0.0000175322 0.9986595014 0.6896523167 0.9590249826 0.3380768169 0.0011669679 0.0623594747 0.2219386760 0.0001270485 0.7924313154 0.2885070027 0.0003599246 0.0507261355 0.7000120284 0.4223997073 0.6441686936 0.3223665829 0.0001880126 1.4843170371 1.4702316851 1.5425743927 0.0001792029 11.5064676561 11.5061475816 11.5061632297 136.4161734134 0.0000746664 0.0004797308 0.7277646505 0.6193830276 0.1289222353 0.0137214191
-83.4977994138 0.0009159650 0.9949044707 0.9998484538 0.0000175522 0.9986559643 0.6895110475 0.9589952320 0.3379738542 0.0011676816 0.0623615667 0.2219708525 0.0001271524 0.7922613155 0.2884166713 0.0003603559 0.0507838537 0.6998678167 0.4220246488 0.6441017545 0.3221824154 0.0001880883 1.4842832301 1.4701972218 1.5425705628 0.0001792680 11.5064666685 11.5061463129 11.5061619639 136.4161733965 0.0000746760 0.0004803112 0.7273021940 0.6194785433 0.1289195427 0.0137215707
-83.4893140140 0.0009172899 0.9948933019 0.9998481134 0.0000175726 0.9986523812 0.6893693986 0.9589651849 0.3378700098 0.0011684049 0.0623637030 0.2220034159 0.0001272577 0.7920904397 0.2883257320 0.0003607933 0.0508423811 0.6997226654 0.4216466184 0.6440343369 0.3219966961 0.0001881645 1.4842493809 1.4701627066 1.5425667564 0.0001793337 11.5064689755 11.5061483342 11.5061639881 136.4161733651 0.0000746855 0.0004808997 0.7268356182 0.6195746487 0.1289167465 0.0137217292
-83.4807200300 0.0009186337 0.9948819605 0.9998477676 0.0000175932 0.9986487519 0.6892273720 0.9589348677 0.3377652411 0.0011691380 0.0623658725 0.2220362411 0.0001273645 0.7919186877 0.2882342978 0.0003612368 0.0509017226 0.6995765805 0.4212656449 0.6439664458 0.3218094415 0.0001882410 1.4842155579 1.4701282241 1.5425629514 0.0001793996 11.5064678902 11.5061469589 11.5061626157 136.4161733240 0.0000746950 0.0004814965 0.7263649422 0.6196711627 0.1289138553 0.0137218833
-83.4720171543 0.0009199965 0.9948704450 0.9998474165 0.0000176141 0.9986450760 0.6890849520 0.9589042574 0.3376595967 0.0011698808 0.0623680813 0.2220693906 0.0001274727 0.7917460590 0.2881423094 0.0003616865 0.0509618827 0.6994295580 0.4208817570 0.6438980719 0.3216206674 0.0001883181 1.4841817270 1.4700937247 1.5425591709 0.0001794660 11.5064698804 11.5061486544 11.5061643141 136.4161732728 0.0000747046 0.0004821017 0.7258901854 0.6197682386 0.1289108659 0.0137220413
-83.4632050865 0.0009213784 0.9948587536 0.9998470598 0.0000176353 0.9986413536 0.6889421397 0.9588733766 0.3375530410 0.0011706334 0.0623703201 0.2221027605 0.0001275824 0.7915725526 0.2880498616 0.0003621424 0.0510228661 0.6992816023 0.4204949827 0.6438292197 0.3214303899 0.0001883955 1.4841479301 1.4700592637 1.5425553934 0.0001795327 11.5064688761 11.5061473512 11.5061630138 136.4161732150 0.0000747141 0.0004827152 0.7254113670 0.6198657206 0.1289077858 0.0137221944
-83.4542835425 0.0009227796 0.9948468847 0.9998466977 0.0000176568 0.9986375843 0.6887989199 0.9588422049 0.3374456173 0.0011713958 0.0623725948 0.2221364120 0.0001276935 0.7913981673 0.2879568973 0.0003626046 0.0510846774 0.6991327099 0.4201053507 0.6437598811 0.3212386245 0.0001884733 1.4841141378 1.4700247984 1.5425516401 0.0001795998 11.5064706360 11.5061488074 11.5061644729 136.4161731499 0.0000747236 0.0004833371 0.7249285069 0.6199637450 0.1289046118 0.0137223502
-83.4452522470 0.0009242001 0.9948348367 0.9998463300 0.0000176786 0.9986337680 0.6886552924 0.9588107623 0.3373372941 0.0011721681 0.0623748973 0.2221702542 0.0001278061 0.7912229015 0.2878634992 0.0003630730 0.0511473213 0.6989828845 0.4197128892 0.6436900595 0.3210453874 0.0001885516 1.4840803858 1.4699903778 1.5425478918 0.0001796673 11.5064698004 11.5061476639 11.5061633323 136.4161730803 0.0000747331 0.0004839675 0.7244416249 0.6200621737 0.1289013504 0.0137225009
-83.4361109416 0.0009256402 0.9948226079 0.9998459567 0.0000177006 0.9986299046 0.6885112439 0.9587790319 0.3372281042 0.0011729504 0.0623772326 0.2222043382 0.0001279201 0.7910467531 0.2877696194 0.0003635478 0.0512108023 0.6988321226 0.4193176269 0.6436197475 0.3208506941 0.0001886303 1.4840466603 1.4699559728 1.5425441675 0.0001797352 11.5064713789 11.5061489300 11.5061646012 136.4161730051 0.0000747427 0.0004846064 0.7239507413 0.6201611207 0.1288979990 0.0137226521
-83.4268593782 0.0009270999 0.9948101965 0.9998455777 0.0000177230 0.9986259939 0.6883667765 0.9587470324 0.3371180041 0.0011737426 0.0623795935 0.2222385846 0.0001280356 0.7908697197 0.2876753321 0.0003640289 0.0512751247 0.6986804277 0.4189195927 0.6435489482 0.3206545607 0.0001887094 1.4840130050 1.4699216426 1.5425404489 0.0001798034 11.5064708981 11.5061481323 11.5061638064 136.4161729258 0.0000747522 0.0004852539 0.7234558766 0.6202604601 0.1288945631 0.0137227951
-83.4174973251 0.0009285793 0.9947976010 0.9998451929 0.0000177457 0.9986220357 0.6882218829 0.9587147505 0.3370070163 0.0011745448 0.0623819857 0.2222730575 0.0001281527 0.7906917988 0.2875805869 0.0003645165 0.0513402931 0.6985277996 0.4185188150 0.6434776610 0.3204570036 0.0001887888 1.4839793006 1.4698872626 1.5425367394 0.0001798719 11.5064698080 11.5061467210 11.5061623980 136.4161728383 0.0000747617 0.0004859100 0.7229570519 0.6203602767 0.1288910404 0.0137229417
-83.4080245672 0.0009300786 0.9947848195 0.9998448024 0.0000177686 0.9986180298 0.6880765430 0.9586821732 0.3368951913 0.0011753570 0.0623844152 0.2223078168 0.0001282712 0.7905129873 0.2874853241 0.0003650104 0.0514063118 0.6983742329 0.4181153231 0.6434058749 0.3202580388 0.0001888688 1.4839455398 1.4698528187 1.5425330534 0.0001799409 11.5064720816 11.5061486689 11.5061643487 136.4161727410 0.0000747712 0.0004865748 0.7224542883 0.6204606562 0.1288874279 0.0137230967
-83.3984409017 0.0009315979 0.9947718504 0.9998444060 0.0000177919 0.9986139760 0.6879307566 0.9586493271 0.3367824862 0.0011761794 0.0623868712 0.2223427419 0.0001283912 0.7903332819 0.2873896529 0.0003655108 0.0514731852 0.6982197314 0.4177091473 0.6433335931 0.3200576830 0.0001889491 1.4839117879 1.4698183929 1.5425293672 0.0001800102 11.5064708927 11.5061471502 11.5061628328 136.4161726385 0.0000747808 0.0004872482 0.7219476075 0.6205614155 0.1288837339 0.0137232484
-83.3887461466 0.0009331372 0.9947586919 0.9998440037 0.0000178154 0.9986098743 0.6877845054 0.9586161894 0.3366689498 0.0011770118 0.0623893607 0.2223779039 0.0001285127 0.7901526789 0.2872935065 0.0003660177 0.0515409173 0.6980642886 0.4173003176 0.6432608043 0.3198559521 0.0001890299 1.4838780218 1.4697839406 1.5425257064 0.0001800800 11.5064728600 11.5061487831 11.5061644686 136.4161725299 0.0000747904 0.0004879305 0.7214370316 0.6206627093 0.1288799548 0.0137234049
-83.3789401331 0.0009346968 0.9947453424 0.9998435955 0.0000178393 0.9986057245 0.6876377880 0.9585827833 0.3365545469 0.0011778544 0.0623918748 0.2224132024 0.0001286357 0.7899711742 0.2871969766 0.0003665312 0.0516095125 0.6979079071 0.4168888637 0.6431875113 0.3196528623 0.0001891111 1.4838442743 1.4697495161 1.5425220472 0.0001801500 11.5064717534 11.5061473380 11.5061630263 136.4161724186 0.0000747999 0.0004886215 0.7209225832 0.6207643798 0.1288760977 0.0137235576
-83.3690227143 0.0009362767 0.9947318000 0.9998431812 0.0000178634 0.9986015264 0.6874905867 0.9585490881 0.3364393213 0.0011787072 0.0623944202 0.2224487061 0.0001287603 0.7897887636 0.2870999992 0.0003670512 0.0516789747 0.6977505808 0.4164748160 0.6431137038 0.3194484294 0.0001891927 1.4838105241 1.4697150781 1.5425184129 0.0001802205 11.5064735038 11.5061487454 11.5061644365 136.4161723034 0.0000748095 0.0004893214 0.7204042853 0.6208665659 0.1288721592 0.0137237140
-83.3589937580 0.0009378771 0.9947180630 0.9998427608 0.0000178879 0.9985972798 0.6873428988 0.9585151251 0.3363232402 0.0011795702 0.0623969889 0.2224843263 0.0001288863 0.7896054424 0.2870026552 0.0003675778 0.0517493079 0.6975923114 0.4160582047 0.6430393837 0.3192426698 0.0001892746 1.4837768124 1.4696806811 1.5425147843 0.0001802913 11.5064725682 11.5061474626 11.5061631566 136.4161721871 0.0000748190 0.0004900302 0.7198821616 0.6209691242 0.1288681456 0.0137238655
-83.3488531549 0.0009394980 0.9947041297 0.9998423344 0.0000179127 0.9985929847 0.6871947081 0.9584808764 0.3362063392 0.0011804435 0.0623995866 0.2225201207 0.0001290139 0.7894212057 0.2869048903 0.0003681111 0.0518205162 0.6974330933 0.4156390606 0.6429645415 0.3190355997 0.0001893570 1.4837431129 1.4696462888 1.5425111791 0.0001803624 11.5064741535 11.5061486963 11.5061643930 136.4161720683 0.0000748286 0.0004907479 0.7193562360 0.6210721758 0.1288640538 0.0137240187
-83.3386008123 0.0009411396 0.9946899984 0.9998419017 0.0000179377 0.9985886409 0.6870460145 0.9584463624 0.3360885714 0.0011813270 0.0624022065 0.2225560105 0.0001291431 0.7892360483 0.2868067782 0.0003686510 0.0518926031 0.6972729281 0.4152174147 0.6428891788 0.3188272356 0.0001894398 1.4837094886 1.4696119716 1.5425075810 0.0001804339 11.5064735791 11.5061477661 11.5061634656 136.4161719483 0.0000748381 0.0004914746 0.7188265333 0.6211755860 0.1288598894 0.0137241637
-83.3282366600 0.0009428020 0.9946756672 0.9998414627 0.0000179631 0.9985842482 0.6868968076 0.9584115690 0.3359699620 0.0011822209 0.0624048547 0.2225920666 0.0001292737 0.7890499645 0.2867082622 0.0003691976 0.0519655725 0.6971118137 0.4147932977 0.6428132932 0.3186175945 0.0001895229 1.4836758024 1.4695775940 1.5425039917 0.0001805057 11.5064724209 11.5061462481 11.5061619503 136.4161718226 0.0000748477 0.0004922103 0.7182930787 0.6212794473 0.1288556497 0.0137243134
-83.3177606510 0.0009444852 0.9946611344 0.9998410175 0.0000179888 0.9985798066 0.6867470644 0.9583764833 0.3358505621 0.0011831250 0.0624075377 0.2226283528 0.0001294060 0.7888629487 0.2866092787 0.0003697509 0.0520394280 0.6969497425 0.4143667416 0.6427368715 0.3184066930 0.0001896065 1.4836420560 1.4695431471 1.5425004271 0.0001805780 11.5064746969 11.5061481599 11.5061638649 136.4161716894 0.0000748573 0.0004929550 0.7177558983 0.6213838444 0.1288513315 0.0137244720
-83.3071727570 0.0009461895 0.9946463983 0.9998405658 0.0000180148 0.9985753159 0.6865967817 0.9583411331 0.3357303286 0.0011840396 0.0624102448 0.2226647482 0.0001295397 0.7886749946 0.2865099365 0.0003703110 0.0521141730 0.6967867164 0.4139377791 0.6426599153 0.3181945487 0.0001896905 1.4836083133 1.4695087111 1.5424968626 0.0001806505 11.5064734356 11.5061465304 11.5061622382 136.4161715533 0.0000748669 0.0004937089 0.7172150186 0.6214885916 0.1288469430 0.0137246280
-83.2964729774 0.0009479148 0.9946314571 0.9998401077 0.0000180412 0.9985707760 0.6864459381 0.9583054953 0.3356093121 0.0011849645 0.0624129834 0.2227013276 0.0001296750 0.7884860958 0.2864101650 0.0003708778 0.0521898108 0.6966227271 0.4135064432 0.6425824112 0.3179811781 0.0001897749 1.4835745500 1.4694742436 1.5424933244 0.0001807235 11.5064754140 11.5061481363 11.5061638469 136.4161714133 0.0000748765 0.0004944719 0.7166704668 0.6215938470 0.1288424803 0.0137247895
-83.2856613313 0.0009496613 0.9946163090 0.9998396432 0.0000180678 0.9985661868 0.6862945293 0.9582695941 0.3354874761 0.0011858998 0.0624157445 0.2227379892 0.0001298119 0.7882962457 0.2863100564 0.0003714515 0.0522663447 0.6964577754 0.4130727667 0.6425043604 0.3177665986 0.0001898596 1.4835408079 1.4694398024 1.5424897893 0.0001807968 11.5064742340 11.5061465800 11.5061622933 136.4161712728 0.0000748861 0.0004952441 0.7161222710 0.6216994473 0.1288379508 0.0137249474
-83.2747378668 0.0009514291 0.9946009523 0.9998391721 0.0000180947 0.9985615483 0.6861425339 0.9582334085 0.3353648674 0.0011868455 0.0624185351 0.2227748049 0.0001299504 0.7881054374 0.2862095430 0.0003720319 0.0523437779 0.6962918531 0.4126367828 0.6424257504 0.3175508269 0.0001899448 1.4835070573 1.4694053409 1.5424862801 0.0001808704 11.5064760076 11.5061479730 11.5061636890 136.4161711303 0.0000748957 0.0004960255 0.7155704598 0.6218055378 0.1288333507 0.0137251097
-83.2637026537 0.0009532183 0.9945853852 0.9998386943 0.0000181220 0.9985568603 0.6859899463 0.9581969609 0.3352414524 0.0011878017 0.0624213473 0.2228116833 0.0001300904 0.7879136635 0.2861087071 0.0003726193 0.0524221131 0.6961249605 0.4121985251 0.6423465816 0.3173338804 0.0001900303 1.4834733450 1.4693709196 1.5424827777 0.0001809444 11.5064749990 11.5061465798 11.5061622985 136.4161709889 0.0000749053 0.0004968162 0.7150150630 0.6219119688 0.1288286865 0.0137252674
-83.2525557920 0.0009550290 0.9945696059 0.9998382099 0.0000181496 0.9985521227 0.6858367466 0.9581602329 0.3351172690 0.0011887683 0.0624241871 0.2228486848 0.0001302319 0.7877209167 0.2860074915 0.0003732135 0.0525013533 0.6959570900 0.4117580279 0.6422668422 0.3171157763 0.0001901162 1.4834396425 1.4693364969 1.5424793004 0.0001810187 11.5064766227 11.5061478148 11.5061635363 136.4161708468 0.0000749149 0.0004976161 0.7144561107 0.6220188677 0.1288239549 0.0137254274
-83.2412974053 0.0009568612 0.9945536129 0.9998377188 0.0000181775 0.9985473355 0.6856829316 0.9581232467 0.3349922693 0.0011897454 0.0624270473 0.2228857263 0.0001303751 0.7875271892 0.2859059724 0.0003738147 0.0525815010 0.6957882416 0.4113153255 0.6421865323 0.3168965327 0.0001902025 1.4834060194 1.4693021514 1.5424758321 0.0001810933 11.5064759816 11.5061467810 11.5061625052 136.4161707056 0.0000749245 0.0004984254 0.7138936342 0.6221260923 0.1288191616 0.0137255792
-83.2299276473 0.0009587150 0.9945374041 0.9998372209 0.0000182057 0.9985424986 0.6855284872 0.9580859871 0.3348664820 0.0011907330 0.0624299343 0.2229228813 0.0001305198 0.7873324731 0.2858040899 0.0003744227 0.0526625588 0.6956184116 0.4108704527 0.6421056475 0.3166761675 0.0001902891 1.4833723233 1.4692677349 1.5424723731 0.0001811683 11.5064747831 11.5061451860 11.5061609129 136.4161705605 0.0000749342 0.0004992440 0.7133276656 0.6222337433 0.1288143038 0.0137257368
-83.2184467026 0.0009605906 0.9945209781 0.9998367161 0.0000182343 0.9985376120 0.6853733863 0.9580484418 0.3347399601 0.0011917310 0.0624328546 0.2229602132 0.0001306661 0.7871367601 0.2857017794 0.0003750377 0.0527445289 0.6954475908 0.4104234450 0.6420241725 0.3164546990 0.0001903762 1.4833385660 1.4692332426 1.5424689414 0.0001812437 11.5064770921 11.5061470945 11.5061628241 136.4161704097 0.0000749438 0.0005000719 0.7127582380 0.6223419047 0.1288093782 0.0137259040
-83.2068547816 0.0009624880 0.9945043330 0.9998362045 0.0000182631 0.9985326755 0.6852176221 0.9580106397 0.3346126617 0.0011927396 0.0624357973 0.2229975961 0.0001308140 0.7869400419 0.2855991527 0.0003756597 0.0528274135 0.6952757795 0.4099743393 0.6419421072 0.3162321462 0.0001904636 1.4833048091 1.4691987573 1.5424655117 0.0001813194 11.5064757855 11.5061453838 11.5061611161 136.4161702579 0.0000749535 0.0005009093 0.7121853851 0.6224503875 0.1288043933 0.0137260692
-83.1951521306 0.0009644072 0.9944874671 0.9998356858 0.0000182923 0.9985276893 0.6850611690 0.9579725569 0.3344846417 0.0011937586 0.0624387699 0.2230351040 0.0001309634 0.7867423097 0.2854961384 0.0003762887 0.0529112145 0.6951029677 0.4095231727 0.6418594359 0.3160085271 0.0001905515 1.4832710221 1.4691642282 1.5424621100 0.0001813955 11.5064778057 11.5061469958 11.5061627308 136.4161701041 0.0000749631 0.0005017561 0.7116091419 0.6225593560 0.1287993451 0.0137262412
-83.1833390235 0.0009663484 0.9944703788 0.9998351602 0.0000183218 0.9985226532 0.6849040186 0.9579342193 0.3343558643 0.0011947882 0.0624417629 0.2230726294 0.0001311145 0.7865435548 0.2853928322 0.0003769247 0.0529959337 0.6949291547 0.4090699825 0.6417761580 0.3157838607 0.0001906396 1.4832372556 1.4691297200 1.5424587145 0.0001814718 11.5064765784 11.5061453568 11.5061610945 136.4161699517 0.0000749728 0.0005026123 0.7110295443 0.6226686412 0.1287942413 0.0137264104
-83.1714157711 0.0009683116 0.9944530663 0.9998346275 0.0000183516 0.9985175673 0.6847461451 0.9578956049 0.3342263826 0.0011958282 0.0624447833 0.2231102430 0.0001312671 0.7863437680 0.2852891659 0.0003775677 0.0530815726 0.6947543309 0.4086148062 0.6416922588 0.3155581653 0.0001907282 1.4832034666 1.4690951770 1.5424553470 0.0001815485 11.5064784015 11.5061467643 11.5061625047 136.4161697994 0.0000749825 0.0005034780 0.7104466293 0.6227783965 0.1287890781 0.0137265856
-83.1593827139 0.0009702969 0.9944355279 0.9998340876 0.0000183818 0.9985124315 0.6845875383 0.9578567374 0.3340961656 0.0011968788 0.0624478228 0.2231478475 0.0001314213 0.7861429401 0.2851852253 0.0003782177 0.0531681325 0.6945784952 0.4081576821 0.6416077368 0.3153314603 0.0001908171 1.4831697074 1.4690606597 1.5424519890 0.0001816256 11.5064773301 11.5061452737 11.5061610169 136.4161696502 0.0000749922 0.0005043532 0.7098604347 0.6228884676 0.1287838622 0.0137267578
-83.1472402310 0.0009723043 0.9944177621 0.9998335405 0.0000184123 0.9985072459 0.6844281722 0.9578175970 0.3339652631 0.0011979398 0.0624508875 0.2231855045 0.0001315771 0.7859410617 0.2850809502 0.0003788748 0.0532556145 0.6944016383 0.4076986491 0.6415225779 0.3151037647 0.0001909065 1.4831359324 1.4690261141 1.5424486586 0.0001817030 11.5064789670 11.5061464877 11.5061622335 136.4161695031 0.0000750019 0.0005052379 0.7092709997 0.6229989924 0.1287785907 0.0137269353
-83.1349887337 0.0009743338 0.9943997672 0.9998329863 0.0000184431 0.9985020105 0.6842680349 0.9577782059 0.3338336482 0.0011990113 0.0624539697 0.2232231243 0.0001317345 0.7857381230 0.2849764186 0.0003795389 0.0533440195 0.6942237585 0.4072377467 0.6414367792 0.3148750982 0.0001909961 1.4831022029 1.4689916058 1.5424453420 0.0001817807 11.5064781022 11.5061451965 11.5061609450 136.4161693608 0.0000750116 0.0005061321 0.7086783645 0.6231098308 0.1287732695 0.0137271094
-83.1226286729 0.0009763856 0.9943815416 0.9998324247 0.0000184742 0.9984967253 0.6841071014 0.9577385471 0.3337013633 0.0012000933 0.0624570744 0.2232607535 0.0001318935 0.7855341145 0.2848715832 0.0003802101 0.0534333482 0.6940448470 0.4067750151 0.6413503273 0.3146454806 0.0001910862 1.4830684734 1.4689570843 1.5424420526 0.0001818587 11.5064795832 11.5061462474 11.5061619986 136.4161692222 0.0000750213 0.0005070358 0.7080825705 0.6232211019 0.1287678962 0.0137272870
-83.1101605342 0.0009784596 0.9943630837 0.9998318557 0.0000185056 0.9984913903 0.6839453614 0.9576986417 0.3335683712 0.0012011857 0.0624601945 0.2232983095 0.0001320541 0.7853290261 0.2847665165 0.0003808883 0.0535236008 0.6938649016 0.4063104951 0.6412632188 0.3144149322 0.0001911765 1.4830348209 1.4689226295 1.5424387792 0.0001819370 11.5064790995 11.5061453302 11.5061610840 136.4161690890 0.0000750310 0.0005079491 0.7074836602 0.6233326766 0.1287624763 0.0137274584
-83.0975848431 0.0009805559 0.9943443919 0.9998312793 0.0000185374 0.9984860057 0.6837827948 0.9576584769 0.3334347049 0.0012022885 0.0624633351 0.2233358468 0.0001322162 0.7851228478 0.2846611722 0.0003815737 0.0536147775 0.6936839175 0.4058442277 0.6411754469 0.3141834739 0.0001912673 1.4830011069 1.4688881048 1.5424355218 0.0001820157 11.5064780019 11.5061437958 11.5061595523 136.4161689573 0.0000750407 0.0005088719 0.7068816774 0.6234446428 0.1287570080 0.0137276359
-83.0849021666 0.0009826745 0.9943254647 0.9998306955 0.0000185695 0.9984805715 0.6836193688 0.9576180411 0.3333004241 0.0012034018 0.0624665015 0.2233734150 0.0001323799 0.7849155695 0.2845554950 0.0003822661 0.0537068782 0.6935018840 0.4053762553 0.6410869942 0.3139511264 0.0001913584 1.4829673327 1.4688535010 1.5424322965 0.0001820947 11.5064802317 11.5061455852 11.5061613444 136.4161688261 0.0000750505 0.0005098043 0.7062766672 0.6235570848 0.1287514884 0.0137278240
-83.0721131085 0.0009848155 0.9943063007 0.9998301042 0.0000186019 0.9984750878 0.6834550696 0.9575773628 0.3331654971 0.0012045254 0.0624696826 0.2234108829 0.0001325452 0.7847071809 0.2844495978 0.0003829656 0.0537999024 0.6933187999 0.4049066214 0.6409978575 0.3137179115 0.0001914499 1.4829335739 1.4688189053 1.5424290831 0.0001821741 11.5064790692 11.5061439793 11.5061597412 136.4161687002 0.0000750603 0.0005107462 0.7056686758 0.6236698208 0.1287459263 0.0137280110
-83.0592183188 0.0009869788 0.9942868982 0.9998295053 0.0000186347 0.9984695547 0.6832898652 0.9575364194 0.3330299873 0.0012056594 0.0624728843 0.2234483065 0.0001327121 0.7844976715 0.2843434218 0.0003836721 0.0538938495 0.6931346542 0.4044353701 0.6409080193 0.3134838503 0.0001915418 1.4828997853 1.4687842588 1.5424259030 0.0001822538 11.5064810218 11.5061454851 11.5061612497 136.4161685794 0.0000750701 0.0005116977 0.7050577509 0.6237830094 0.1287403187 0.0137282060
-83.0462184861 0.0009891645 0.9942672559 0.9998288988 0.0000186677 0.9984639724 0.6831237400 0.9574952367 0.3328938712 0.0012068037 0.0624760965 0.2234855697 0.0001328805 0.7842870310 0.2842370661 0.0003843858 0.0539887183 0.6929494447 0.4039625457 0.6408174758 0.3132489645 0.0001916340 1.4828660341 1.4687496364 1.5424227405 0.0001823337 11.5064799740 11.5061439875 11.5061597547 136.4161684678 0.0000750799 0.0005126587 0.7044439414 0.6238964890 0.1287346732 0.0137283991
-83.0331143466 0.0009913726 0.9942473723 0.9998282846 0.0000187011 0.9984583409 0.6829566614 0.9574537941 0.3327572114 0.0012079582 0.0624793246 0.2235227207 0.0001330505 0.7840752489 0.2841304784 0.0003851065 0.0540845076 0.6927631611 0.4034881933 0.6407262104 0.3130132757 0.0001917266 1.4828322663 1.4687149739 1.5424196130 0.0001824141 11.5064817381 11.5061452985 11.5061610684 136.4161683650 0.0000750897 0.0005136293 0.7038272976 0.6240104056 0.1287289873 0.0137285992
-83.0199066777 0.0009936030 0.9942272462 0.9998276627 0.0000187348 0.9984526605 0.6827886117 0.9574121149 0.3326199912 0.0012091231 0.0624825593 0.2235596498 0.0001332221 0.7838623146 0.2840237506 0.0003858343 0.0541812157 0.6925758008 0.4030123587 0.6406342184 0.3127768065 0.0001918195 1.4827985490 1.4686803429 1.5424165078 0.0001824947 11.5064808949 11.5061439992 11.5061597718 136.4161682747 0.0000750995 0.0005146093 0.7032078714 0.6241246137 0.1287232680 0.0137287972
-83.0065963061 0.0009958558 0.9942068762 0.9998270331 0.0000187689 0.9984469313 0.6826195592 0.9573701821 0.3324822665 0.0012102980 0.0624858042 0.2235963885 0.0001333953 0.7836482175 0.2839168444 0.0003865691 0.0542788406 0.6923873542 0.4025350885 0.6405414837 0.3125395790 0.0001919128 1.4827648418 1.4686456949 1.5424134407 0.0001825757 11.5064825236 11.5061451687 11.5061609441 136.4161681966 0.0000751093 0.0005155990 0.7025857158 0.6242392377 0.1287175136 0.0137290002
-82.9931841021 0.0009981309 0.9941862609 0.9998263957 0.0000188032 0.9984411535 0.6824494873 0.9573280177 0.3323440125 0.0012114832 0.0624890505 0.2236328311 0.0001335699 0.7834329472 0.2838098485 0.0003873110 0.0543773800 0.6921978188 0.4020564301 0.6404480014 0.3123016167 0.0001920064 1.4827312171 1.4686111052 1.5424103989 0.0001826569 11.5064820753 11.5061442585 11.5061600365 136.4161681334 0.0000751191 0.0005165981 0.7019608856 0.6243541456 0.1287117305 0.0137291985
-82.9796709856 0.0010004282 0.9941653992 0.9998257505 0.0000188379 0.9984353273 0.6822783694 0.9572856085 0.3322052782 0.0012126784 0.0624923018 0.2236690151 0.0001337462 0.7832164930 0.2837027271 0.0003880598 0.0544768312 0.6920071888 0.4015764313 0.6403537625 0.3120629431 0.0001921003 1.4826975368 1.4685764376 1.5424073850 0.0001827385 11.5064810473 11.5061427658 11.5061585465 136.4161680821 0.0000751290 0.0005176066 0.7013334368 0.6244694308 0.1287059176 0.0137294050
-82.9660579275 0.0010027479 0.9941442898 0.9998250973 0.0000188729 0.9984294530 0.6821061653 0.9572429425 0.3320661408 0.0012138837 0.0624955619 0.2237049687 0.0001339239 0.7829988445 0.2835954389 0.0003888157 0.0545771910 0.6918154533 0.4010951414 0.6402587474 0.3118235821 0.0001921947 1.4826637979 1.4685416760 1.5424044152 0.0001828204 11.5064834349 11.5061446859 11.5061604693 136.4161680425 0.0000751389 0.0005186247 0.7007034272 0.6245851819 0.1287000731 0.0137296246
-82.9523459449 0.0010050898 0.9941229317 0.9998244363 0.0000189083 0.9984235308 0.6819328543 0.9572000495 0.3319265846 0.0012150989 0.0624988173 0.2237405328 0.0001341032 0.7827799912 0.2834881159 0.0003895786 0.0546784562 0.6916226109 0.4006126110 0.6401629509 0.3115835586 0.0001922894 1.4826300826 1.4685069128 1.5424014705 0.0001829027 11.5064823507 11.5061431317 11.5061589178 136.4161680210 0.0000751488 0.0005196521 0.7000709160 0.6247012134 0.1286942070 0.0137298451
-82.9385361111 0.0010074538 0.9941013237 0.9998237673 0.0000189439 0.9984175610 0.6817583969 0.9571569062 0.3317866935 0.0012163240 0.0625020719 0.2237757383 0.0001342841 0.7825599229 0.2833807159 0.0003903484 0.0547806228 0.6914286501 0.4001288915 0.6400663533 0.3113428967 0.0001923845 1.4825963398 1.4684720844 1.5423985736 0.0001829853 11.5064844859 11.5061447942 11.5061605831 136.4161680187 0.0000751587 0.0005206890 0.6994359640 0.6248176916 0.1286883174 0.0137300765
-82.9246295479 0.0010098399 0.9940794648 0.9998230903 0.0000189799 0.9984115439 0.6815827701 0.9571135393 0.3316464622 0.0012175589 0.0625053130 0.2238104369 0.0001344664 0.7823386294 0.2832733607 0.0003911251 0.0548836866 0.6912335689 0.3996440348 0.6399689491 0.3111016218 0.0001924799 1.4825626427 1.4684372659 1.5423957094 0.0001830681 11.5064835332 11.5061433665 11.5061591581 136.4161680411 0.0000751687 0.0005217352 0.6987986337 0.6249344514 0.1286824134 0.0137303086
-82.9106274344 0.0010122481 0.9940573541 0.9998224054 0.0000190161 0.9984054797 0.6814059337 0.9570699272 0.3315059768 0.0012188036 0.0625085436 0.2238446472 0.0001346502 0.7821161005 0.2831660177 0.0003919088 0.0549876429 0.6910373568 0.3991580934 0.6398707196 0.3108597587 0.0001925758 1.4825289294 1.4684023890 1.5423928967 0.0001831514 11.5064855131 11.5061448689 11.5061606632 136.4161680894 0.0000751787 0.0005227907 0.6981589892 0.6250516478 0.1286764938 0.0137305512
-82.8965310012 0.0010146782 0.9940349907 0.9998217123 0.0000190527 0.9983993689 0.6812278623 0.9570260942 0.3313652414 0.0012200580 0.0625117511 0.2238782214 0.0001348355 0.7818923266 0.2830588058 0.0003926993 0.0550924867 0.6908400117 0.3986711210 0.6397716584 0.3106173335 0.0001926719 1.4824952715 1.4683675245 1.5423901236 0.0001832349 11.5064847879 11.5061436640 11.5061594610 136.4161681692 0.0000751887 0.0005238555 0.6975170963 0.6251691321 0.1286705675 0.0137307950
-82.8823415384 0.0010171301 0.9940123737 0.9998210112 0.0000190896 0.9983932118 0.6810485160 0.9569820223 0.3312243373 0.0012213219 0.0625149365 0.2239111558 0.0001350224 0.7816672979 0.2829517108 0.0003934966 0.0551982123 0.6906415241 0.3981831722 0.6396717477 0.3103743720 0.0001927684 1.4824616258 1.4683326202 1.5423874080 0.0001833188 11.5064866742 11.5061450683 11.5061608681 136.4161682821 0.0000751987 0.0005249295 0.6968730226 0.6252870376 0.1286646342 0.0137310477
-82.8680603899 0.0010196038 0.9939895024 0.9998203020 0.0000191268 0.9983870088 0.6808678708 0.9569377342 0.3310832630 0.0012225953 0.0625180871 0.2239432999 0.0001352106 0.7814410051 0.2828448538 0.0003943007 0.0553048138 0.6904418925 0.3976943025 0.6395709810 0.3101309014 0.0001928652 1.4824280612 1.4682977493 1.5423847367 0.0001834029 11.5064863785 11.5061442886 11.5061600912 136.4161684329 0.0000752087 0.0005260127 0.6962268374 0.6254052301 0.1286587026 0.0137312999
-82.8536889597 0.0010220990 0.9939663761 0.9998195847 0.0000191643 0.9983807603 0.6806858916 0.9568932156 0.3309420957 0.0012238781 0.0625212031 0.2239746505 0.0001354004 0.7812134393 0.2827382274 0.0003951116 0.0554122848 0.6902411119 0.3972045681 0.6394693480 0.3098869492 0.0001929624 1.4823944327 1.4682627637 1.5423821143 0.0001834874 11.5064855487 11.5061429730 11.5061587783 136.4161686206 0.0000752188 0.0005271050 0.6955786117 0.6255238132 0.1286527733 0.0137315655
-82.8392287135 0.0010246158 0.9939429943 0.9998188593 0.0000192021 0.9983744667 0.6805025297 0.9568484536 0.3308009418 0.0012251702 0.0625242845 0.2240051888 0.0001355915 0.7809845916 0.2826318232 0.0003959291 0.0555206181 0.6900391721 0.3967140268 0.6393668274 0.3096425433 0.0001930601 1.4823607304 1.4682276427 1.5423795582 0.0001835723 11.5064882358 11.5061451723 11.5061609804 136.4161688476 0.0000752290 0.0005282063 0.6949284187 0.6256428816 0.1286468469 0.0137318500
-82.8246811742 0.0010271540 0.9939193564 0.9998181256 0.0000192403 0.9983681285 0.6803177563 0.9568034783 0.3306598136 0.0012264715 0.0625273131 0.2240346999 0.0001357841 0.7807544539 0.2825258143 0.0003967533 0.0556298065 0.6898360733 0.3962227380 0.6392634132 0.3093977126 0.0001931581 1.4823270315 1.4681924707 1.5423770495 0.0001836575 11.5064873814 11.5061438286 11.5061596396 136.4161691231 0.0000752392 0.0005293166 0.6942763330 0.6257622511 0.1286409359 0.0137321421
-82.8100479316 0.0010297133 0.9938954619 0.9998173839 0.0000192787 0.9983617462 0.6801315231 0.9567582650 0.3305188270 0.0012277818 0.0625302881 0.2240631600 0.0001359781 0.7805230182 0.2824201975 0.0003975841 0.0557398418 0.6896318053 0.3957307621 0.6391590842 0.3091524857 0.0001932566 1.4822932767 1.4681571749 1.5423746129 0.0001837431 11.5064898663 11.5061458225 11.5061616363 136.4161694508 0.0000752494 0.0005304358 0.6936224315 0.6258820986 0.1286350410 0.0137324525
-82.7953306353 0.0010322937 0.9938713107 0.9998166339 0.0000193174 0.9983553203 0.6799437990 0.9567128401 0.3303780076 0.0012291011 0.0625331916 0.2240903558 0.0001361735 0.7802902771 0.2823151427 0.0003984213 0.0558507155 0.6894263683 0.3952381600 0.6390538345 0.3089068922 0.0001933553 1.4822595261 1.4681218195 1.5423722329 0.0001838289 11.5064891865 11.5061446504 11.5061604671 136.4161698399 0.0000752597 0.0005315638 0.6929667929 0.6260022624 0.1286291747 0.0137327723
-82.7805310040 0.0010348950 0.9938469024 0.9998158758 0.0000193564 0.9983488513 0.6797545349 0.9566671803 0.3302374760 0.0012304291 0.0625360209 0.2241162423 0.0001363703 0.7800562240 0.2822106637 0.0003992651 0.0559624186 0.6892197536 0.3947449939 0.6389476444 0.3086609617 0.0001934546 1.4822257063 1.4680863202 1.5423699301 0.0001839152 11.5064915750 11.5061465451 11.5061623647 136.4161702949 0.0000752701 0.0005327005 0.6923094978 0.6261229103 0.1286233386 0.0137331124
-82.7656508192 0.0010375169 0.9938222370 0.9998151095 0.0000193957 0.9983423399 0.6795636970 0.9566213095 0.3300972701 0.0012317659 0.0625387572 0.2241405975 0.0001365684 0.7798208524 0.2821069354 0.0004001152 0.0560749413 0.6890119620 0.3942513269 0.6388405078 0.3084147249 0.0001935541 1.4821918701 1.4680507339 1.5423676918 0.0001840018 11.5064911625 11.5061456379 11.5061614604 136.4161708253 0.0000752805 0.0005338459 0.6916506290 0.6262438983 0.1286175456 0.0137334653
-82.7506919342 0.0010401593 0.9937973144 0.9998143350 0.0000194353 0.9983357866 0.6793712357 0.9565752061 0.3299575139 0.0012331111 0.0625413954 0.2241633461 0.0001367679 0.7795841571 0.2820039962 0.0004009717 0.0561882735 0.6888029866 0.3937572235 0.6387324062 0.3081682127 0.0001936542 1.4821579369 1.4680149712 1.5423655348 0.0001840888 11.5064934839 11.5061474634 11.5061632888 136.4161714372 0.0000752910 0.0005349998 0.6909902714 0.6263653816 0.1286117989 0.0137338417
-82.7356562685 0.0010428219 0.9937721347 0.9998135524 0.0000194752 0.9983291921 0.6791771150 0.9565288912 0.3298182568 0.0012344648 0.0625439155 0.2241842515 0.0001369687 0.7793461330 0.2819020306 0.0004018344 0.0563024043 0.6885928289 0.3932627496 0.6386233332 0.3079214572 0.0001937546 1.4821239524 1.4679790802 1.5423634493 0.0001841762 11.5064934091 11.5061468920 11.5061627204 136.4161721414 0.0000753015 0.0005361622 0.6903285119 0.6264872358 0.1286061118 0.0137342351
-82.7205458158 0.0010455045 0.9937466982 0.9998127616 0.0000195153 0.9983225571 0.6789812860 0.9564823462 0.3296796211 0.0012358266 0.0625463087 0.2242031992 0.0001371708 0.7791067764 0.2818011095 0.0004027033 0.0564173222 0.6883814840 0.3927679722 0.6385132720 0.3076744907 0.0001938555 1.4820898376 1.4679429780 1.5423614491 0.0001842639 11.5064957161 11.5061487015 11.5061645329 136.4161729452 0.0000753122 0.0005373329 0.6896654398 0.6266095979 0.1286004896 0.0137346552
-82.7053626398 0.0010482069 0.9937210053 0.9998119626 0.0000195558 0.9983158822 0.6787837145 0.9564355896 0.3295416536 0.0012371965 0.0625485535 0.2242199338 0.0001373741 0.7788660840 0.2817014331 0.0004035782 0.0565330151 0.6881689548 0.3922729597 0.6384022168 0.3074273469 0.0001939569 1.4820556289 1.4679067037 1.5423595237 0.0001843520 11.5064961767 11.5061486643 11.5061644987 136.4161738598 0.0000753229 0.0005385118 0.6890011465 0.6267323633 0.1285949461 0.0137350959
-82.6901088801 0.0010509288 0.9936950564 0.9998111556 0.0000195965 0.9983091682 0.6785843568 0.9563886059 0.3294044748 0.0012385744 0.0625506387 0.2242343207 0.0001375787 0.7786240539 0.2816030961 0.0004044591 0.0566494702 0.6879552422 0.3917777814 0.6382901590 0.3071800602 0.0001940587 1.4820211373 1.4678700781 1.5423576722 0.0001844406 11.5064961041 11.5061480937 11.5061639311 136.4161748916 0.0000753338 0.0005396988 0.6883357258 0.6268556439 0.1285894888 0.0137355735
-82.6747867548 0.0010536699 0.9936688522 0.9998103404 0.0000196374 0.9983024160 0.6783831571 0.9563413798 0.3292682316 0.0012399599 0.0625525523 0.2242462057 0.0001377846 0.7783806851 0.2815061965 0.0004053459 0.0567666741 0.6877403426 0.3912825088 0.6381770803 0.3069326655 0.0001941611 1.4819863109 1.4678330395 1.5423559105 0.0001845297 11.5064994351 11.5061509265 11.5061667670 136.4161760508 0.0000753449 0.0005408937 0.6876692739 0.6269795516 0.1285841250 0.0137360966
-82.6593985563 0.0010564299 0.9936423935 0.9998095172 0.0000196786 0.9982956261 0.6781800790 0.9562939354 0.3291329858 0.0012413530 0.0625542642 0.2242552374 0.0001379916 0.7781359778 0.2814110147 0.0004062385 0.0568846125 0.6875242631 0.3907872152 0.6380629776 0.3066851993 0.0001942639 1.4819511383 1.4677956021 1.5423542133 0.0001846191 11.5064995055 11.5061504992 11.5061663429 136.4161773548 0.0000753561 0.0005420965 0.6870018895 0.6271039422 0.1285788743 0.0137366597
-82.6439466627 0.0010592085 0.9936156812 0.9998086859 0.0000197201 0.9982887997 0.6779750691 0.9562462460 0.3289988912 0.0012427534 0.0625557597 0.2242612330 0.0001381998 0.7778899333 0.2813176752 0.0004071368 0.0570032705 0.6873070021 0.3902919754 0.6379478345 0.3064376980 0.0001943674 1.4819155103 1.4677576481 1.5423526023 0.0001847092 11.5065027855 11.5061532816 11.5061691285 136.4161788167 0.0000753675 0.0005433069 0.6863336735 0.6272290055 0.1285737456 0.0137372772
-82.6284335302 0.0010620054 0.9935887165 0.9998078467 0.0000197619 0.9982819375 0.6777680916 0.9561983300 0.3288660230 0.0012441609 0.0625570065 0.2242638189 0.0001384091 0.7776425545 0.2812264768 0.0004080406 0.0571226324 0.6870885686 0.3897968652 0.6378316498 0.3061901993 0.0001944714 1.4818793532 1.4677191356 1.5423510493 0.0001847996 11.5065032202 11.5061532196 11.5061690698 136.4161804554 0.0000753791 0.0005445249 0.6856647298 0.6273546340 0.1285687596 0.0137379482
-82.6128617047 0.0010648202 0.9935615006 0.9998069995 0.0000198038 0.9982750404 0.6775590958 0.9561501610 0.3287345354 0.0012455754 0.0625579853 0.2242627646 0.0001386195 0.7773938457 0.2811375859 0.0004089498 0.0572426819 0.6868689648 0.3893019622 0.6377144108 0.3059427412 0.0001945762 1.4818425203 1.4676799192 1.5423495701 0.0001848907 11.5065065860 11.5061560897 11.5061719432 136.4161822868 0.0000753910 0.0005457502 0.6849951649 0.6274810149 0.1285639278 0.0137386889
-82.5972338160 0.0010676524 0.9935340351 0.9998061445 0.0000198461 0.9982681095 0.6773480476 0.9561017530 0.3286045108 0.0012469965 0.0625586606 0.2242576602 0.0001388311 0.7771438130 0.2810513328 0.0004098644 0.0573634015 0.6866482030 0.3888073455 0.6375961187 0.3056953636 0.0001946815 1.4818048917 1.4676399196 1.5423481351 0.0001849824 11.5065075278 11.5061565372 11.5061723941 136.4161843324 0.0000754032 0.0005469827 0.6843250878 0.6276080715 0.1285592726 0.0137395021
-82.5815525883 0.0010705019 0.9935063215 0.9998052816 0.0000198885 0.9982611458 0.6771349021 0.9560530798 0.3284760965 0.0012484242 0.0625590073 0.2242482126 0.0001390436 0.7768924641 0.2809679401 0.0004107841 0.0574847733 0.6864262900 0.3883130961 0.6374767650 0.3054481068 0.0001947876 1.4817662672 1.4675989538 1.5423467499 0.0001850747 11.5065110930 11.5061596095 11.5061754699 136.4161866114 0.0000754157 0.0005482222 0.6836546109 0.6277359897 0.1285548089 0.0137404056
-82.5658208363 0.0010733680 0.9934783619 0.9998044111 0.0000199312 0.9982541502 0.6769196333 0.9560041511 0.3283493618 0.0012498580 0.0625589854 0.2242339671 0.0001392572 0.7766398087 0.2808877810 0.0004117088 0.0576067781 0.6862032425 0.3878192970 0.6373563548 0.3052010129 0.0001948945 1.4817264775 1.4675569046 1.5423453803 0.0001851677 11.5065128000 11.5061608258 11.5061766898 136.4161891477 0.0000754285 0.0005494685 0.6829838492 0.6278647240 0.1285505612 0.0137414052
-82.5500414737 0.0010762504 0.9934501584 0.9998035328 0.0000199741 0.9982471241 0.6767022092 0.9559549406 0.3282244432 0.0012512979 0.0625585645 0.2242145851 0.0001394717 0.7763858586 0.2808111308 0.0004126385 0.0577293961 0.6859790764 0.3873260326 0.6372348916 0.3049541255 0.0001950023 1.4816851338 1.4675134329 1.5423440080 0.0001852614 11.5065141383 11.5061616762 11.5061775438 136.4161919619 0.0000754419 0.0005507214 0.6823129209 0.6279944574 0.1285465481 0.0137425299
-82.5342175169 0.0010791485 0.9934217132 0.9998026470 0.0000200172 0.9982400684 0.6764825900 0.9559054202 0.3281014972 0.0012527435 0.0625577117 0.2241896907 0.0001396872 0.7761306279 0.2807382867 0.0004135728 0.0578526063 0.6857538052 0.3868333902 0.6371123714 0.3047074889 0.0001951112 1.4816419244 1.4674682790 1.5423426215 0.0001853561 11.5065191203 11.5061661731 11.5061820444 136.4161950795 0.0000754558 0.0005519807 0.6816419477 0.6281253852 0.1285427890 0.0137438038
-82.5183520840 0.0010820621 0.9933930290 0.9998017537 0.0000200605 0.9982329845 0.6762607622 0.9558556015 0.3279805810 0.0012541945 0.0625563736 0.2241586910 0.0001399036 0.7758741332 0.2806697523 0.0004145118 0.0579763870 0.6855274557 0.3863414596 0.6369888081 0.3044611500 0.0001952211 1.4815965536 1.4674212379 1.5423411661 0.0001854516 11.5065209133 11.5061674848 11.5061833600 136.4161985353 0.0000754704 0.0005532463 0.6809710545 0.6282574498 0.1285393169 0.0137452386
-82.5024484077 0.0010849904 0.9933641086 0.9998008530 0.0000201040 0.9982258736 0.6760367019 0.9558054410 0.3278618331 0.0012556508 0.0625545111 0.2241211527 0.0001401209 0.7756163938 0.2806058887 0.0004154551 0.0581007151 0.6853000480 0.3858503331 0.6368642051 0.3042151560 0.0001953322 1.4815485735 1.4673719311 1.5423396286 0.0001855483 11.5065262116 11.5061723058 11.5061881850 136.4162023611 0.0000754856 0.0005545178 0.6803003698 0.6283909524 0.1285361549 0.0137468688
-82.4865098315 0.0010879329 0.9933349553 0.9997999451 0.0000201477 0.9982187370 0.6758104114 0.9557549407 0.3277452927 0.0012571119 0.0625520649 0.2240764308 0.0001403389 0.7753574317 0.2805472598 0.0004164027 0.0582255667 0.6850716163 0.3853601046 0.6367385846 0.3039695563 0.0001954447 1.4814975319 1.4673200288 1.5423379420 0.0001856460 11.5065287696 11.5061743916 11.5061902749 136.4162065971 0.0000755018 0.0005557950 0.6796300260 0.6285258998 0.1285333392 0.0137487167
-82.4705398239 0.0010908892 0.9933055724 0.9997990301 0.0000201916 0.9982115761 0.6755818883 0.9557040529 0.3276310593 0.0012585776 0.0625489874 0.2240240155 0.0001405577 0.7750972722 0.2804943129 0.0004173543 0.0583509166 0.6848421910 0.3848708710 0.6366119612 0.3037244014 0.0001955586 1.4814428333 1.4672650420 1.5423360758 0.0001857451 11.5065346203 11.5061797755 11.5061956632 136.4162112818 0.0000755189 0.0005570777 0.6789601591 0.6286626243 0.1285308976 0.0137508254
-82.4545419767 0.0010938585 0.9932759637 0.9997981080 0.0000202356 0.9982043924 0.6753511594 0.9556527708 0.3275191277 0.0012600475 0.0625452118 0.2239631977 0.0001407773 0.7748359441 0.2804476917 0.0004183097 0.0584767384 0.6846118169 0.3843827315 0.6364843683 0.3034797447 0.0001956743 1.4813838692 1.4672065204 1.5423339514 0.0001858456 11.5065381952 11.5061828903 11.5061987824 136.4162164624 0.0000755371 0.0005583656 0.6782909097 0.6288011966 0.1285288703 0.0137532275
-82.4385200195 0.0010968403 0.9932461333 0.9997971791 0.0000202798 0.9981971873 0.6751182547 0.9556010428 0.3274095255 0.0012615214 0.0625406806 0.2238933813 0.0001409975 0.7745734796 0.2804079505 0.0004192688 0.0586030044 0.6843805376 0.3838957885 0.6363558349 0.3032356407 0.0001957918 1.4813198785 1.4671438529 1.5423315195 0.0001859477 11.5065448360 11.5061890781 11.5062049750 136.4162221863 0.0000755567 0.0005596584 0.6776224225 0.6289419832 0.1285272909 0.0137559755
-82.4224778204 0.0010998338 0.9932160858 0.9997962435 0.0000203242 0.9981899625 0.6748832411 0.9555488533 0.3273021537 0.0012629989 0.0625353185 0.2238137935 0.0001412184 0.7743099151 0.2803758296 0.0004202313 0.0587296857 0.6841484124 0.3834101477 0.6362264109 0.3029921475 0.0001959114 1.4812500723 1.4670764516 1.5423286853 0.0001860516 11.5065498265 11.5061936241 11.5062095259 136.4162285085 0.0000755778 0.0005609558 0.6769548469 0.6290851255 0.1285262044 0.0137591133
-82.4064193998 0.0011028385 0.9931858260 0.9997953015 0.0000203687 0.9981827197 0.6746461997 0.9554961471 0.3271969267 0.0012644795 0.0625290592 0.2237237841 0.0001414398 0.7740452913 0.2803519899 0.0004211969 0.0588567517 0.6839155060 0.3829259175 0.6360961522 0.3027493254 0.0001960334 1.4811733907 1.4670034612 1.5423253714 0.0001861575 11.5065548620 11.5061982248 11.5062141319 136.4162354838 0.0000756006 0.0005622576 0.6762883373 0.6292310225 0.1285256505 0.0137627131
-82.3903489396 0.0011058535 0.9931553592 0.9997943531 0.0000204133 0.9981754605 0.6744072272 0.9554428663 0.3270937099 0.0012659631 0.0625218319 0.2236226673 0.0001416617 0.7737796533 0.2803371436 0.0004221655 0.0589841706 0.6836818879 0.3824432104 0.6359651166 0.3025072372 0.0001961581 1.4810887856 1.4669240590 1.5423215032 0.0001862658 11.5065640595 11.5062069981 11.5062229107 136.4162431759 0.0000756254 0.0005635634 0.6756230531 0.6293801023 0.1285256713 0.0137668467
-82.3742707880 0.0011088780 0.9931246912 0.9997933986 0.0000204581 0.9981681868 0.6741664754 0.9553889942 0.3269921781 0.0012674490 0.0625135444 0.2235095498 0.0001418841 0.7735130514 0.2803322410 0.0004231368 0.0591119085 0.6834476501 0.3819621436 0.6358333919 0.3022659497 0.0001962858 1.4809952140 1.4668374585 1.5423169692 0.0001863766 11.5065704462 11.5062129731 11.5062288915 136.4162516616 0.0000756525 0.0005648728 0.6749591593 0.6295325435 0.1285263241 0.0137715761
-82.3581894795 0.0011119113 0.9930938282 0.9997924381 0.0000205029 0.9981609004 0.6739241177 0.9553344574 0.3268919864 0.0012689370 0.0625041195 0.2233837325 0.0001421068 0.7732455412 0.2803381046 0.0004241105 0.0592399304 0.6832128887 0.3814828380 0.6357010688 0.3020255320 0.0001964168 1.4808914371 1.4667426617 1.5423117063 0.0001864903 11.5065809758 11.5062231043 11.5062390290 136.4162610194 0.0000756822 0.0005661856 0.6742968268 0.6296889092 0.1285276570 0.0137769917
-82.3421097369 0.0011149525 0.9930627770 0.9997914721 0.0000205479 0.9981536034 0.6736803920 0.9552792334 0.3267925556 0.0012704266 0.0624934614 0.2232443458 0.0001423299 0.7729771838 0.2803557822 0.0004250863 0.0593681989 0.6829777267 0.3810054182 0.6355682749 0.3017860573 0.0001965514 1.4807762526 1.4666387361 1.5423056153 0.0001866070 11.5065892424 11.5062309878 11.5062469191 136.4162713404 0.0000757147 0.0005675012 0.6736362325 0.6298494553 0.1285297324 0.0137831725
-82.3260364932 0.0011180006 0.9930315450 0.9997905006 0.0000205929 0.9981462979 0.6734355732 0.9552232517 0.3266932183 0.0012719173 0.0624814909 0.2230907342 0.0001425533 0.7727080466 0.2803862026 0.0004260640 0.0594966749 0.6827422985 0.3805300135 0.6354351505 0.3015476024 0.0001966902 1.4806483327 1.4665245875 1.5422986536 0.0001867273 11.5066015704 11.5062429491 11.5062588875 136.4162827192 0.0000757505 0.0005688194 0.6729775598 0.6300147761 0.1285326054 0.0137902218
-82.3099748957 0.0011210547 0.9930001400 0.9997895241 0.0000206380 0.9981389860 0.6731900136 0.9551664940 0.3265930114 0.0012734087 0.0624681175 0.2229221403 0.0001427768 0.7724382035 0.2804304881 0.0004270433 0.0596253174 0.6825067726 0.3800567579 0.6353018821 0.3013102495 0.0001968333 1.4805064896 1.4663992461 1.5422907711 0.0001868514 11.5066121985 11.5062532291 11.5062691752 136.4162952640 0.0000757899 0.0005701397 0.6723209988 0.6301851642 0.1285363442 0.0137982298
-82.2939303273 0.0011241137 0.9929685706 0.9997885427 0.0000206831 0.9981316701 0.6729441196 0.9551089052 0.3264907985 0.0012749002 0.0624532736 0.2227380750 0.0001430005 0.7721677351 0.2804896290 0.0004280237 0.0597540828 0.6822713390 0.3795857903 0.6351686838 0.3010740851 0.0001969813 1.4803495268 1.4662616579 1.5422819946 0.0001869796 11.5066267712 11.5062674734 11.5062834276 136.4163090877 0.0000758332 0.0005714616 0.6716667468 0.6303611930 0.1285410104 0.0138073057
-82.2779084115 0.0011271766 0.9929368462 0.9997875568 0.0000207283 0.9981243525 0.6726983875 0.9550504850 0.3263850758 0.0012763914 0.0624368947 0.2225380594 0.0001432242 0.7718967291 0.2805647457 0.0004290050 0.0598829254 0.6820362323 0.3791172548 0.6350358319 0.3008392025 0.0001971344 1.4801765261 1.4661109726 1.5422723776 0.0001871121 11.5066402734 11.5062806688 11.5062966317 136.4163243164 0.0000758807 0.0005727847 0.6710150085 0.6305431347 0.1285466771 0.0138175425
-82.2619150320 0.0011302423 0.9929049766 0.9997865667 0.0000207735 0.9981170357 0.6724533823 0.9549912143 0.3262740663 0.0012778816 0.0624189560 0.2223219806 0.0001434478 0.7716252808 0.2806567786 0.0004299867 0.0600117973 0.6818017253 0.3786513010 0.6349036548 0.3006057011 0.0001972930 1.4799868180 1.4659464273 1.5422620916 0.0001872494 11.5066576035 11.5062977148 11.5063136870 136.4163410803 0.0000759329 0.0005741085 0.6703659961 0.6307314445 0.1285534111 0.0138290405
-82.2459563357 0.0011333094 0.9928729727 0.9997855729 0.0000208187 0.9981097225 0.6722097663 0.9549311364 0.3261555488 0.0012793703 0.0623994646 0.2220899086 0.0001436713 0.7713534931 0.2807666817 0.0004309686 0.0601406476 0.6815681533 0.3781880834 0.6347725714 0.3003736885 0.0001974572 1.4797802566 1.4657676084 1.5422513827 0.0001873916 11.5066746453 11.5063144964 11.5063304786 136.4163595184 0.0000759899 0.0005754326 0.6697199294 0.6309262503 0.1285612884 0.0138418742
-82.2300387460 0.0011363769 0.9928408460 0.9997845757 0.0000208639 0.9981024155 0.6719682723 0.9548702986 0.3260269712 0.0012808569 0.0623785051 0.2218424618 0.0001438946 0.7710814763 0.2808951000 0.0004319502 0.0602694231 0.6813359185 0.3777277609 0.6346430989 0.3001432814 0.0001976272 1.4795572031 1.4655743330 1.5422406596 0.0001875387 11.5066928259 11.5063324415 11.5063484343 136.4163797669 0.0000760519 0.0005767562 0.6690770361 0.6311277268 0.1285703780 0.0138561156
-82.2141689662 0.0011394432 0.9928086088 0.9997835755 0.0000209090 0.9980951176 0.6717296875 0.9548087961 0.3258854078 0.0012823408 0.0623562587 0.2215807813 0.0001441175 0.7708093488 0.2810423778 0.0004329310 0.0603980679 0.6811055046 0.3772704971 0.6345158744 0.2999146066 0.0001978030 1.4793190652 1.4653670962 1.5422305195 0.0001876908 11.5067161843 11.5063555887 11.5063715928 136.4164019612 0.0000761189 0.0005780789 0.6684375511 0.6313358277 0.1285807470 0.0138717949
-82.1983539721 0.0011425071 0.9927762744 0.9997825728 0.0000209541 0.9980878318 0.6714948619 0.9547468288 0.3257274819 0.0012838212 0.0623330253 0.2213064791 0.0001443400 0.7705372361 0.2812086135 0.0004339107 0.0605265235 0.6808775148 0.3768164591 0.6343917181 0.2996878047 0.0001979840 1.4790685754 1.4651472722 1.5422217402 0.0001878474 11.5067381201 11.5063773372 11.5063933532 136.4164262314 0.0000761909 0.0005794000 0.6678017164 0.6315499293 0.1285924710 0.0138888741
-82.1826010103 0.0011455669 0.9927438568 0.9997815681 0.0000209991 0.9980805612 0.6712646301 0.9546846242 0.3255496431 0.0012852975 0.0623092995 0.2210221493 0.0001445620 0.7702652708 0.2813931350 0.0004348887 0.0606547285 0.6806526806 0.3763658139 0.6342716554 0.2994630309 0.0001981698 1.4788099934 1.4649171591 1.5422153955 0.0001880081 11.5067651512 11.5064042021 11.5064202305 136.4164526756 0.0000762672 0.0005807190 0.6671697803 0.6317693114 0.1286056084 0.0139072594
-82.1669175681 0.0011486213 0.9927113709 0.9997805618 0.0000210439 0.9980733091 0.6710397830 0.9546225583 0.3253481662 0.0012867689 0.0622857688 0.2207311407 0.0001447833 0.7699935916 0.2815946431 0.0004358645 0.0607826195 0.6804319174 0.3759187242 0.6341570120 0.2992404612 0.0001983588 1.4785497600 1.4646805410 1.5422128034 0.0001881717 11.5067911827 11.5064300852 11.5064461264 136.4164813519 0.0000763470 0.0005820351 0.6665419963 0.6319923681 0.1286202200 0.0139267340
-82.1513113465 0.0011516687 0.9926788324 0.9997795545 0.0000210887 0.9980660787 0.6708209451 0.9545610839 0.3251195944 0.0012882348 0.0622633235 0.2204380258 0.0001450039 0.7697223425 0.2818106432 0.0004368378 0.0609101306 0.6802163497 0.3754753418 0.6340494756 0.2990202973 0.0001985495 1.4782968473 1.4644428638 1.5422156290 0.0001883368 11.5068218992 11.5064606642 11.5064767184 136.4165122407 0.0000764290 0.0005833477 0.6659186214 0.6322170359 0.1286363438 0.0139469541
-82.1357901978 0.0011547073 0.9926462577 0.9997785468 0.0000211333 0.9980588734 0.6706084877 0.9545008432 0.3248609826 0.0012896943 0.0622428760 0.2201483742 0.0001452236 0.7694516712 0.2820374899 0.0004378079 0.0610371945 0.6800073781 0.3750357943 0.6339512368 0.2988027766 0.0001987390 1.4780634490 1.4642118476 1.5422258066 0.0001885010 11.5068516870 11.5064903170 11.5065063841 136.4165452201 0.0000765111 0.0005846562 0.6652999139 0.6324400239 0.1286540098 0.0139673732
-82.1203620562 0.0011577355 0.9926136636 0.9997775393 0.0000211778 0.9980516966 0.6704023550 0.9544426060 0.3245705558 0.0012911468 0.0622250136 0.2198691192 0.0001454424 0.7691817275 0.2822698066 0.0004387743 0.0611637427 0.6798067145 0.3746001625 0.6338651131 0.2985881848 0.0001989238 1.4778653440 1.4639977326 1.5422455867 0.0001886612 11.5068852082 11.5065236925 11.5065397720 136.4165800119 0.0000765903 0.0005859597 0.6646861307 0.6326571366 0.1286732152 0.0139872234
-82.1050348243 0.0011607517 0.9925810674 0.9997765324 0.0000212220 0.9980445517 0.6702019339 0.9543873631 0.3242481628 0.0012925913 0.0622093896 0.2196082814 0.0001456600 0.7689126614 0.2825004849 0.0004397365 0.0612897066 0.6796164348 0.3741684383 0.6337947540 0.2983768765 0.0001990989 1.4777223717 1.4638137863 1.5422774001 0.0001888132 11.5069172993 11.5065556109 11.5065717018 136.4166161385 0.0000766629 0.0005872575 0.6640775236 0.6328625941 0.1286939338 0.0140054428
-82.0898162401 0.0011637541 0.9925484864 0.9997755268 0.0000212660 0.9980374422 0.6700058780 0.9543362488 0.3238960311 0.0012940272 0.0621942987 0.2193752015 0.0001458764 0.7686446207 0.2827201767 0.0004406940 0.0614150185 0.6794389629 0.3737404473 0.6337448381 0.2981693060 0.0001992583 1.4776580976 1.4636761288 1.5423237941 0.0001889521 11.5069484904 11.5065865815 11.5066026823 136.4166528524 0.0000767238 0.0005885491 0.6634743348 0.6330494132 0.1287160902 0.0140206870
-82.0747137033 0.0011667414 0.9925159379 0.9997745230 0.0000213098 0.9980303712 0.6698120047 0.9542905469 0.3235191810 0.0012954538 0.0621769686 0.2191802698 0.0001460915 0.7683777487 0.2829172770 0.0004416463 0.0615396131 0.6792769631 0.3733157057 0.6337212851 0.2979660728 0.0001993950 1.4776994916 1.4636037380 1.5423872748 0.0001890715 11.5069813974 11.5066191947 11.5066353028 136.4166890799 0.0000767672 0.0005898336 0.6628767921 0.6332092930 0.1287395561 0.0140313126
-82.0597340608 0.0011697118 0.9924834382 0.9997735216 0.0000213533 0.9980233420 0.6696173324 0.9542516567 0.3231254721 0.0012968703 0.0621547832 0.2190345773 0.0001463051 0.7681121817 0.2830781227 0.0004425928 0.0616634295 0.6791330555 0.3728931526 0.6337314502 0.2977679956 0.0001995007 1.4778753228 1.4636175139 1.5424700825 0.0001891647 11.5070071797 11.5066445827 11.5066606949 136.4167233654 0.0000767865 0.0005911105 0.6622851021 0.6333327631 0.1287641493 0.0140354466
-82.0448833823 0.0011726640 0.9924510028 0.9997725232 0.0000213966 0.9980163573 0.6694181925 0.9542208720 0.3227254863 0.0012982762 0.0621266916 0.2189501086 0.0001465173 0.7678480466 0.2831868034 0.0004435333 0.0617864128 0.6790091874 0.3724706691 0.6337840992 0.2975762228 0.0001995677 1.4782134939 1.4637384481 1.5425741133 0.0001892248 11.5070299024 11.5066667820 11.5066828941 136.4167538126 0.0000767747 0.0005923792 0.6616994442 0.6334105729 0.1287895959 0.0140311758
-82.0301667093 0.0011755970 0.9924186453 0.9997715280 0.0000214395 0.9980094197 0.6692105913 0.9541994022 0.3223313214 0.0012996710 0.0620937076 0.2189391567 0.0001467278 0.7675854576 0.2832259847 0.0004444672 0.0619085160 0.6789057280 0.3720442886 0.6338890853 0.2973924091 0.0001995880 1.4787393278 1.4639866526 1.5427008168 0.0001892451 11.5070397600 11.5066759606 11.5066920678 136.4167781089 0.0000767254 0.0005936392 0.6611199637 0.6334336627 0.1288155379 0.0140166441
-82.0155878382 0.0011785097 0.9923863774 0.9997705366 0.0000214821 0.9980025313 0.6689906526 0.9541884430 0.3219547167 0.0013010542 0.0620585764 0.2190144960 0.0001469366 0.7673245127 0.2831772845 0.0004453944 0.0620297026 0.6788207224 0.3716071888 0.6340563280 0.2972189878 0.0001995540 1.4794768838 1.4643827528 1.5428514430 0.0001892190 11.5070388099 11.5066741479 11.5066902443 136.4167936176 0.0000766320 0.0005948901 0.6605467638 0.6333930699 0.1288414966 0.0139899747
-82.0011491038 0.0011814016 0.9923542081 0.9997695491 0.0000215244 0.9979956938 0.6687552481 0.9541901730 0.3216030536 0.0013024256 0.0620250964 0.2191888964 0.0001471438 0.7670652877 0.2830226621 0.0004463146 0.0621499482 0.6787512733 0.3711493901 0.6342939004 0.2970595983 0.0001994535 1.4804607399 1.4649582877 1.5430275521 0.0001891361 11.5070175711 11.5066518203 11.5066678988 136.4167976896 0.0000764842 0.0005961317 0.6599798985 0.6332744816 0.1288668810 0.0139483518
-81.9868511088 0.0011842724 0.9923221426 0.9997685658 0.0000215664 0.9979889081 0.6685026858 0.9542095220 0.3212735035 0.0013037852 0.0619977013 0.2194754534 0.0001473492 0.7668078278 0.2827454014 0.0004472278 0.0622692438 0.6787004178 0.3706610776 0.6346049514 0.2969197460 0.0001992618 1.4817625700 1.4657784223 1.5432330969 0.0001889750 11.5069820885 11.5066149325 11.5066309835 136.4167883089 0.0000762614 0.0005973638 0.6594193621 0.6330485363 0.1288909636 0.0138861055
-81.9726920995 0.0011871223 0.9922901818 0.9997675866 0.0000216080 0.9979821746 0.6682337324 0.9542555946 0.3209480356 0.0013051331 0.0619811941 0.2198877054 0.0001475530 0.7665521365 0.2823318162 0.0004481340 0.0623876014 0.6786892855 0.3701435164 0.6349838674 0.2968078220 0.0001989347 1.4835226909 1.4669660825 1.5434810579 0.0001886982 11.5069394480 11.5065704145 11.5065864233 136.4167651831 0.0000759268 0.0005985865 0.6588650729 0.6326629545 0.1289129176 0.0137929914
-81.9586666047 0.0011899523 0.9922583189 0.9997666112 0.0000216494 0.9979754921 0.6679530255 0.9543348707 0.3206240590 0.0013064698 0.0619804150 0.2204420823 0.0001477551 0.7662981703 0.2817714682 0.0004490336 0.0625050634 0.6787589590 0.3696238501 0.6354127881 0.2967366429 0.0001984399 1.4859061706 1.4686550329 1.5438047400 0.0001882782 11.5069445004 11.5065729997 11.5065889482 136.4167298721 0.0000754484 0.0005998003 0.6583168524 0.6320784231 0.1289318677 0.0136587762
-81.9447635538 0.0011927644 0.9922265383 0.9997656391 0.0000216904 0.9979688585 0.6676705380 0.9544208663 0.3205138166 0.0013077962 0.0619997472 0.2211654392 0.0001479557 0.7660458516 0.2810539344 0.0004499271 0.0626217103 0.6789419206 0.3691557375 0.6358615468 0.2967257030 0.0001978827 1.4887001262 1.4706821975 1.5442055753 0.0001878055 11.5071765111 11.5068023105 11.5068181916 136.4166809836 0.0000748851 0.0006010060 0.6577744121 0.6314179263 0.1289471099 0.0134923224
-81.9309659996 0.0011955608 0.9921948194 0.9997646695 0.0000217312 0.9979622708 0.6673977648 0.9543975765 0.3208520826 0.0013091136 0.0620443744 0.2221110143 0.0001481550 0.7657951306 0.2801536669 0.0004508154 0.0627376417 0.6792223383 0.3687954647 0.6362976315 0.2968045171 0.0001978288 1.4891413491 1.4711492604 1.5441304140 0.0001877628 11.5082331213 11.5078579163 11.5078737828 136.4166105049 0.0000746912 0.0006022047 0.6572374010 0.6313530517 0.1289586672 0.0133835723
-81.9172637841 0.0011983419 0.9921631618 0.9997637024 0.0000217718 0.9979557284 0.6671264684 0.9540569210 0.3218869348 0.0013104220 0.0621148325 0.2233294456 0.0001483531 0.7655461390 0.2790193622 0.0004516986 0.0628528700 0.6795408562 0.3685708083 0.6367170665 0.2970187353 0.0001993182 1.4826467156 1.4666654362 1.5427618877 0.0001890391 11.5117123786 11.5113413178 11.5113573311 136.4165138908 0.0000757317 0.0006033963 0.6567056316 0.6331103476 0.1289689278 0.0135320787
-81.9037023945 0.0012011011 0.9921316320 0.9997627400 0.0000218120 0.9979492387 0.6668466276 0.9538341157 0.3230204600 0.0013117185 0.0622083245 0.2247452811 0.0001485494 0.7652994551 0.2776747841 0.0004525745 0.0629671279 0.6798765923 0.3685130635 0.6371134340 0.2974737789 0.0002001541 1.4784471597 1.4638587193 1.5417606460 0.0001897453 11.5067937362 11.5064258313 11.5064419412 136.4163867620 0.0000763331 0.0006045782 0.6561794834 0.6340915223 0.1289894125 0.0136264837
-81.8903101907 0.0012038333 0.9921002835 0.9997617842 0.0000218518 0.9979428075 0.6665943636 0.9537656765 0.3231516555 0.0013130007 0.0623303414 0.2261326071 0.0001487436 0.7650556204 0.2763693521 0.0004534415 0.0630802040 0.6799703193 0.3687091738 0.6371759923 0.2981577889 0.0002003520 1.4778445397 1.4634251897 1.5415961936 0.0001899141 11.5061224348 11.5057548853 11.5057710129 136.4162561435 0.0000764175 0.0006057482 0.6556592301 0.6343224733 0.1290545132 0.0136363115
-81.8897284110 0.0012039522 0.9920989170 0.9997617426 0.0000218535 0.9979425276 0.6665838781 0.9537638516 0.3231530801 0.0013130564 0.0623357227 0.2261899067 0.0001487520 0.7650450240 0.2763157518 0.0004534792 0.0630851208 0.6799684917 0.3687161657 0.6371740148 0.2981845640 0.0002003552 1.4778416022 1.4634236054 1.5415934713 0.0001899169 11.5061012081 11.5057336544 11.5057497821 136.4162515963 0.0000764168 0.0006057991 0.6556366120 0.6343262844 0.1290594536 0.0136358396
