-84.8691904674 0.0007248900 0.9963858344 0.9998927998 0.0000145608 0.9992527919 0.8777021804 0.9706277333 0.5015166543 0.0010564713 0.0746105819 0.1669150249 0.0001112295 0.9588443019 0.4651649735 0.0002962038 0.0421213471 0.8885753173 0.8033363889 0.7344403604 0.6144096884 0.0001297732 1.5453450866 1.5513060552 1.5742472831 0.0001298016 11.5180325507 11.5176373438 11.5176475025 136.4476955349 0.0000583438 0.0003941199 0.9861922081 0.5274422423 0.0909927236 0.0172041837
-84.8691755025 0.0007248916 0.9963858234 0.9998927995 0.0000145609 0.9992527909 0.8776966911 0.9706286346 0.5015318585 0.0010564723 0.0745943538 0.1668792620 0.0001112296 0.9588439421 0.4651927019 0.0002962044 0.0421214254 0.8885787863 0.8033367503 0.7344497618 0.6144144357 0.0001297669 1.5453263957 1.5512862548 1.5742380125 0.0001297951 11.5175370692 11.5171418987 11.5171520573 136.4477201735 0.0000583425 0.0003941207 0.9861921545 0.5274302075 0.0910106076 0.0172129748
-84.8691452854 0.0007248950 0.9963858014 0.9998927988 0.0000145609 0.9992527889 0.8776861880 0.9706304960 0.5015640668 0.0010564744 0.0745613556 0.1668030583 0.0001112299 0.9588432249 0.4652509803 0.0002962056 0.0421215812 0.8885855252 0.8033375541 0.7344680367 0.6144242014 0.0001297535 1.5453009073 1.5512599246 1.5742231288 0.0001297821 11.5164041292 11.5160090482 11.5160192068 136.4477686699 0.0000583392 0.0003941222 0.9861920475 0.5274045456 0.0910461000 0.0172256852
-84.8691001423 0.0007249000 0.9963857688 0.9998927978 0.0000145610 0.9992527859 0.8776733343 0.9706333184 0.5015973376 0.0010564775 0.0745123150 0.1666848228 0.0001112303 0.9588421549 0.4653426293 0.0002962073 0.0421218128 0.8885949782 0.8033389111 0.7344939244 0.6144395037 0.0001297343 1.5452766233 1.5512382670 1.5741981325 0.0001297645 11.5146969516 11.5143020151 11.5143121737 136.4478400110 0.0000583335 0.0003941244 0.9861918881 0.5273666340 0.0910986618 0.0172327395
-84.8690425218 0.0007249065 0.9963857258 0.9998927964 0.0000145611 0.9992527820 0.8776597173 0.9706360175 0.5016282724 0.0010564816 0.0744514145 0.1665400252 0.0001112309 0.9588407390 0.4654615804 0.0002962095 0.0421221175 0.8886067044 0.8033409704 0.7345256334 0.6144610446 0.0001297161 1.5452239593 1.5511882883 1.5741569628 0.0001297470 11.5132506377 11.5128558234 11.5128659818 136.4479337685 0.0000583285 0.0003941274 0.9861916774 0.5273314147 0.0911676781 0.0172451837
-84.8688550101 0.0007249146 0.9963856729 0.9998927948 0.0000145612 0.9992527772 0.8776384129 0.9706377332 0.5016849338 0.0010564866 0.0743846334 0.1663725400 0.0001112316 0.9588389849 0.4656009241 0.0002962123 0.0421224928 0.8886211417 0.8033441444 0.7345623061 0.6144895922 0.0001297027 1.5451454549 1.5511007567 1.5741427030 0.0001297301 11.5126939309 11.5122991423 11.5123092996 136.3977476323 0.0000583258 0.0003941311 0.9861914167 0.5273082786 0.0912530974 0.0172969969
-84.8687880762 0.0007249227 0.9963856195 0.9998927931 0.0000145613 0.9992527724 0.8776119409 0.9706376520 0.5017675758 0.0010564917 0.0743089472 0.1661853910 0.0001112323 0.9588369279 0.4657492722 0.0002962150 0.0421228722 0.8886338479 0.8033471676 0.7345965909 0.6145165379 0.0001296985 1.5451300915 1.5510730768 1.5741863873 0.0001297215 11.5129820007 11.5125871740 11.5125973302 136.3978662823 0.0000583228 0.0003941348 0.9861911237 0.5273031500 0.0913343926 0.0173525070
-84.8687188284 0.0007249309 0.9963855656 0.9998927914 0.0000145615 0.9992527675 0.8775877995 0.9706388069 0.5018251822 0.0010564968 0.0742348909 0.1659922230 0.0001112330 0.9588345769 0.4659060477 0.0002962178 0.0421232552 0.8886436929 0.8033495216 0.7346279007 0.6145418043 0.0001296884 1.5451067333 1.5510460632 1.5741995109 0.0001297094 11.5125087339 11.5121139418 11.5121240974 136.3979808253 0.0000583186 0.0003941385 0.9861907993 0.5272850638 0.0914118454 0.0173881331
-84.8686517634 0.0007249392 0.9963855114 0.9998927897 0.0000145616 0.9992527628 0.8775604577 0.9706388638 0.5018911518 0.0010565019 0.0741693672 0.1658043968 0.0001112338 0.9588319408 0.4660588805 0.0002962207 0.0421236401 0.8886530726 0.8033514942 0.7346563887 0.6145653854 0.0001296851 1.5450545751 1.5509811659 1.5742259048 0.0001297003 11.5129801172 11.5125852587 11.5125954130 136.3980939804 0.0000583174 0.0003941423 0.9861904446 0.5272823015 0.0914854779 0.0174518152
-84.8685846364 0.0007249475 0.9963854569 0.9998927880 0.0000145617 0.9992527580 0.8775303642 0.9706381063 0.5019764617 0.0010565071 0.0740955095 0.1656039394 0.0001112345 0.9588290279 0.4662165891 0.0002962235 0.0421240270 0.8886615163 0.8033533176 0.7346836081 0.6145873250 0.0001296853 1.5450476612 1.5509624057 1.5742816109 0.0001296951 11.5136476015 11.5132526701 11.5132628233 136.3982047273 0.0000583152 0.0003941461 0.9861900603 0.5272857927 0.0915556770 0.0175089605
-84.8685153832 0.0007249558 0.9963854022 0.9998927863 0.0000145618 0.9992527533 0.8775026401 0.9706389992 0.5020345563 0.0010565123 0.0740281062 0.1654072743 0.0001112352 0.9588258467 0.4663755564 0.0002962264 0.0421244158 0.8886678231 0.8033544329 0.7347088026 0.6146077033 0.0001296772 1.5450050006 1.5509145806 1.5742911417 0.0001296837 11.5134255032 11.5130305739 11.5130407263 136.3983103848 0.0000583123 0.0003941499 0.9861896471 0.5272724059 0.0916226761 0.0175528096
-84.8684480924 0.0007249642 0.9963853474 0.9998927845 0.0000145620 0.9992527486 0.8774713472 0.9706386981 0.5021080099 0.0010565175 0.0739636188 0.1652115515 0.0001112359 0.9588224055 0.4665301881 0.0002962292 0.0421248054 0.8886745666 0.8033553596 0.7347323724 0.6146266262 0.0001296761 1.5449599348 1.5508559197 1.5743274163 0.0001296760 11.5140413212 11.5136463092 11.5136564604 136.3984147914 0.0000583114 0.0003941537 0.9861892060 0.5272738750 0.0916865240 0.0176189174
-84.8683796136 0.0007249726 0.9963852925 0.9998927828 0.0000145621 0.9992527439 0.8774411081 0.9706386271 0.5021792935 0.0010565227 0.0738945731 0.1650103222 0.0001112367 0.9588187125 0.4666882845 0.0002962321 0.0421251962 0.8886798527 0.8033560186 0.7347549926 0.6146442082 0.0001296732 1.5449409928 1.5508309565 1.5743576453 0.0001296691 11.5142936291 11.5138985807 11.5139087310 136.3985158471 0.0000583084 0.0003941575 0.9861887377 0.5272705078 0.0917475319 0.0176631763
-84.8683109978 0.0007249810 0.9963852375 0.9998927811 0.0000145622 0.9992527392 0.8774113362 0.9706391675 0.5022359002 0.0010565280 0.0738360945 0.1648183895 0.0001112374 0.9588147757 0.4668411344 0.0002962350 0.0421255878 0.8886842164 0.8033561023 0.7347758181 0.6146605634 0.0001296681 1.5448790537 1.5507611237 1.5743641127 0.0001296588 11.5143938345 11.5139987502 11.5140088995 136.3986139238 0.0000583071 0.0003941613 0.9861882429 0.5272633545 0.0918057821 0.0177158736
-84.8682435911 0.0007249894 0.9963851825 0.9998927793 0.0000145623 0.9992527346 0.8773794735 0.9706384640 0.5023122632 0.0010565332 0.0737712749 0.1646218525 0.0001112381 0.9588106032 0.4669928668 0.0002962378 0.0421259797 0.8886889124 0.8033562229 0.7347957870 0.6146758045 0.0001296693 1.5448516614 1.5507235602 1.5744020315 0.0001296541 11.5150979553 11.5147027874 11.5147129358 136.3987108468 0.0000583056 0.0003941651 0.9861877225 0.5272686311 0.0918614543 0.0177709261
-84.8681738182 0.0007249978 0.9963851273 0.9998927776 0.0000145625 0.9992527301 0.8773505696 0.9706394728 0.5023611401 0.0010565384 0.0737118384 0.1644303617 0.0001112389 0.9588062025 0.4671438379 0.0002962407 0.0421263724 0.8886916945 0.8033558315 0.7348145216 0.6146900346 0.0001296615 1.5447996785 1.5506694278 1.5743960522 0.0001296431 11.5147688384 11.5143736804 11.5143838281 136.3988032981 0.0000583029 0.0003941690 0.9861871771 0.5272552491 0.0919147854 0.0178071182
-84.8681060939 0.0007250063 0.9963850722 0.9998927759 0.0000145626 0.9992527255 0.8773196383 0.9706393636 0.5024205080 0.0010565437 0.0736559958 0.1642434386 0.0001112396 0.9588015816 0.4672882916 0.0002962436 0.0421267649 0.8886950511 0.8033552805 0.7348319891 0.6147033479 0.0001296607 1.5447458034 1.5506057283 1.5744141154 0.0001296360 11.5152518811 11.5148566520 11.5148667988 136.3988947914 0.0000583022 0.0003941728 0.9861866076 0.5272564670 0.0919657444 0.0178629294
-84.8680374627 0.0007250147 0.9963850171 0.9998927741 0.0000145627 0.9992527210 0.8772903416 0.9706394070 0.5024769453 0.0010565489 0.0735963460 0.1640557414 0.0001112404 0.9587967479 0.4674330807 0.0002962465 0.0421271576 0.8886973022 0.8033546110 0.7348487698 0.6147158297 0.0001296583 1.5447135702 1.5505707327 1.5744238114 0.0001296300 11.5154214767 11.5150262189 11.5150363650 136.3989829810 0.0000582998 0.0003941766 0.9861860146 0.5272536967 0.0920145809 0.0178976341
-84.8679689402 0.0007250231 0.9963849621 0.9998927724 0.0000145628 0.9992527165 0.8772615352 0.9706399718 0.5025193415 0.0010565542 0.0735470009 0.1638783913 0.0001112411 0.9587917087 0.4675708808 0.0002962494 0.0421275500 0.8886988723 0.8033534800 0.7348641247 0.6147275540 0.0001296543 1.5446476768 1.5504993069 1.5744182776 0.0001296211 11.5154920051 11.5150967151 11.5151068604 136.3990684623 0.0000582988 0.0003941804 0.9861853990 0.5272481997 0.0920613546 0.0179419032
-84.8679013964 0.0007250315 0.9963849071 0.9998927707 0.0000145630 0.9992527121 0.8772317999 0.9706394452 0.5025789197 0.0010565594 0.0734907162 0.1636990562 0.0001112418 0.9587864711 0.4677066580 0.0002962522 0.0421279421 0.8887007671 0.8033524710 0.7348788506 0.6147385887 0.0001296557 1.5446150234 1.5504610141 1.5744368143 0.0001296174 11.5160317890 11.5156364344 11.5156465789 136.3991520711 0.0000582974 0.0003941843 0.9861847614 0.5272530259 0.0921062209 0.0179831542
-84.8678320017 0.0007250400 0.9963848522 0.9998927689 0.0000145631 0.9992527077 0.8772046930 0.9706404873 0.5026114447 0.0010565647 0.0734424070 0.1635283595 0.0001112426 0.9587810420 0.4678388133 0.0002962551 0.0421283340 0.8887009803 0.8033510000 0.7348924564 0.6147489920 0.0001296489 1.5445538269 1.5503993808 1.5744164639 0.0001296077 11.5156813961 11.5152860542 11.5152961984 136.3992314719 0.0000582956 0.0003941881 0.9861841025 0.5272413839 0.0921493516 0.0180120048
-84.8677645586 0.0007250483 0.9963847974 0.9998927672 0.0000145632 0.9992527033 0.8771756930 0.9706402928 0.5026602947 0.0010565699 0.0733934396 0.1633609094 0.0001112433 0.9587754285 0.4679648627 0.0002962580 0.0421287252 0.8887020178 0.8033495392 0.7349051605 0.6147588163 0.0001296493 1.5445052800 1.5503439457 1.5744269040 0.0001296025 11.5160976891 11.5157022879 11.5157124313 136.3993095410 0.0000582952 0.0003941919 0.9861834232 0.5272444515 0.0921907276 0.0180564622
-84.8676961368 0.0007250567 0.9963847427 0.9998927655 0.0000145633 0.9992526990 0.8771490789 0.9706406300 0.5026936310 0.0010565751 0.0733447280 0.1631975324 0.0001112440 0.9587696373 0.4680893198 0.0002962609 0.0421291157 0.8887016386 0.8033478990 0.7349171860 0.6147681073 0.0001296467 1.5444629215 1.5503025352 1.5744150519 0.0001295972 11.5160921865 11.5156967760 11.5157069190 136.3993839182 0.0000582932 0.0003941957 0.9861827240 0.5272405895 0.0922305350 0.0180787539
-84.8676286406 0.0007250651 0.9963846881 0.9998927638 0.0000145635 0.9992526947 0.8771216778 0.9706409018 0.5027248110 0.0010565803 0.0733034767 0.1630430753 0.0001112448 0.9587636745 0.4682059169 0.0002962637 0.0421295053 0.8887013090 0.8033459822 0.7349280515 0.6147769050 0.0001296455 1.5444017940 1.5502365358 1.5744089262 0.0001295910 11.5163079847 11.5159125326 11.5159226749 136.3994561965 0.0000582929 0.0003941995 0.9861820056 0.5272402160 0.0922688012 0.0181175924
-84.8675611727 0.0007250734 0.9963846337 0.9998927620 0.0000145636 0.9992526904 0.8770947156 0.9706406560 0.5027658134 0.0010565855 0.0732559645 0.1628883742 0.0001112455 0.9587575467 0.4683212182 0.0002962666 0.0421298941 0.8887007314 0.8033441747 0.7349384607 0.6147852463 0.0001296461 1.5443687277 1.5502025651 1.5744091650 0.0001295880 11.5165689530 11.5161734691 11.5161836110 136.3995256623 0.0000582916 0.0003942033 0.9861812687 0.5272427693 0.0923057001 0.0181426181
-84.8674931017 0.0007250818 0.9963845794 0.9998927603 0.0000145637 0.9992526861 0.8770689900 0.9706414202 0.5027860458 0.0010565907 0.0732186529 0.1627443402 0.0001112462 0.9587512596 0.4684302453 0.0002962694 0.0421302820 0.8886990447 0.8033419336 0.7349477478 0.6147931624 0.0001296421 1.5443057249 1.5501386170 1.5743873725 0.0001295807 11.5163954753 11.5159999897 11.5160101312 136.3995921467 0.0000582909 0.0003942071 0.9861805138 0.5272365544 0.0923412998 0.0181695154
-84.8674267312 0.0007250901 0.9963845253 0.9998927586 0.0000145638 0.9992526819 0.8770417968 0.9706408199 0.5028259490 0.0010565959 0.0731753546 0.1626005804 0.0001112469 0.9587448195 0.4685355480 0.0002962723 0.0421306688 0.8886981043 0.8033398647 0.7349564877 0.6148006822 0.0001296454 1.5442709878 1.5501002223 1.5743948984 0.0001295793 11.5169289476 11.5165334029 11.5165435439 136.3996571051 0.0000582906 0.0003942109 0.9861797418 0.5272446590 0.0923756483 0.0182006659
-84.8673584270 0.0007250984 0.9963844714 0.9998927569 0.0000145640 0.9992526777 0.8770170485 0.9706417559 0.5028406833 0.0010566010 0.0731380909 0.1624643294 0.0001112477 0.9587382319 0.4686379394 0.0002962751 0.0421310548 0.8886955462 0.8033374641 0.7349644374 0.6148078311 0.0001296402 1.5442171203 1.5500490062 1.5743662238 0.0001295723 11.5165216141 11.5161260962 11.5161362371 136.3997181150 0.0000582893 0.0003942147 0.9861789530 0.5272355610 0.0924089155 0.0182156535
-84.8672921754 0.0007251066 0.9963844176 0.9998927552 0.0000145641 0.9992526736 0.8769904644 0.9706415836 0.5028694533 0.0010566062 0.0731016608 0.1623328913 0.0001112484 0.9587315027 0.4687336796 0.0002962779 0.0421314393 0.8886937900 0.8033350509 0.7349715985 0.6148146325 0.0001296419 1.5441699563 1.5499975322 1.5743662705 0.0001295691 11.5168614559 11.5164658919 11.5164760323 136.3997780007 0.0000582895 0.0003942184 0.9861781483 0.5272405064 0.0924410245 0.0182485082
-84.8672251537 0.0007251148 0.9963843641 0.9998927535 0.0000145642 0.9992526695 0.8769656906 0.9706417412 0.5028889413 0.0010566113 0.0730639088 0.1622048264 0.0001112491 0.9587246372 0.4688279946 0.0002962807 0.0421318226 0.8886909337 0.8033325799 0.7349783177 0.6148211078 0.0001296411 1.5441324432 1.5499627947 1.5743484641 0.0001295663 11.5168438839 11.5164483190 11.5164584592 136.3998345652 0.0000582884 0.0003942221 0.9861773282 0.5272399164 0.0924721299 0.0182603432
-84.8671589531 0.0007251230 0.9963843107 0.9998927518 0.0000145643 0.9992526654 0.8769402188 0.9706419944 0.5029037732 0.0010566164 0.0730338983 0.1620856814 0.0001112498 0.9587176407 0.4689148976 0.0002962835 0.0421322044 0.8886880141 0.8033298356 0.7349840714 0.6148272760 0.0001296410 1.5440767430 1.5499046670 1.5743355958 0.0001295620 11.5169649250 11.5165693342 11.5165794740 136.3998894144 0.0000582888 0.0003942259 0.9861764933 0.5272412112 0.0925022292 0.0182879532
-84.8670930702 0.0007251312 0.9963842576 0.9998927502 0.0000145645 0.9992526613 0.8769147785 0.9706416322 0.5029310682 0.0010566215 0.0729971026 0.1619662299 0.0001112505 0.9587105184 0.4690005350 0.0002962863 0.0421325849 0.8886850977 0.8033272639 0.7349895332 0.6148331562 0.0001296431 1.5440475195 1.5498760798 1.5743301614 0.0001295612 11.5172136520 11.5168180366 11.5168281762 136.3999418474 0.0000582882 0.0003942296 0.9861756441 0.5272464655 0.0925314464 0.0183037831
-84.8670265122 0.0007251393 0.9963842046 0.9998927485 0.0000145646 0.9992526573 0.8768904082 0.9706423209 0.5029379338 0.0010566265 0.0729701128 0.1618565983 0.0001112512 0.9587032752 0.4690805920 0.0002962891 0.0421329641 0.8886810874 0.8033243003 0.7349940907 0.6148387643 0.0001296404 1.5439912722 1.5498207533 1.5743043854 0.0001295558 11.5169746714 11.5165790670 11.5165892065 136.3999917808 0.0000582881 0.0003942333 0.9861747812 0.5272421906 0.0925598306 0.0183210080
-84.8669618181 0.0007251475 0.9963841519 0.9998927468 0.0000145647 0.9992526533 0.8768644255 0.9706416266 0.5029653516 0.0010566316 0.0729369155 0.1617470291 0.0001112519 0.9586959159 0.4691573107 0.0002962919 0.0421333416 0.8886779318 0.8033215378 0.7349982598 0.6148441160 0.0001296450 1.5439620386 1.5497893886 1.5743079694 0.0001295563 11.5174782177 11.5170825630 11.5170927021 136.4000406406 0.0000582883 0.0003942370 0.9861739052 0.5272526156 0.0925873887 0.0183434352
-84.8668952494 0.0007251555 0.9963840994 0.9998927452 0.0000145648 0.9992526493 0.8768405921 0.9706424218 0.5029689414 0.0010566366 0.0729095231 0.1616442509 0.0001112526 0.9586884453 0.4692316324 0.0002962946 0.0421337180 0.8886732600 0.8033184874 0.7350018240 0.6148492252 0.0001296413 1.5439136045 1.5497447958 1.5742763901 0.0001295514 11.5170457507 11.5166501316 11.5166602709 136.4000860789 0.0000582878 0.0003942406 0.9861730165 0.5272460387 0.0926142647 0.0183503541
-84.8668307883 0.0007251636 0.9963840471 0.9998927435 0.0000145649 0.9992526454 0.8768148087 0.9706421421 0.5029877339 0.0010566416 0.0728822752 0.1615454005 0.0001112533 0.9586808681 0.4693000615 0.0002962974 0.0421340924 0.8886694671 0.8033154572 0.7350047843 0.6148541053 0.0001296442 1.5438737223 1.5497019541 1.5742750389 0.0001295500 11.5173557199 11.5169600631 11.5169702020 136.4001308912 0.0000582886 0.0003942443 0.9861721158 0.5272531509 0.0926403592 0.0183754963
-84.8667655933 0.0007251716 0.9963839951 0.9998927419 0.0000145651 0.9992526414 0.8767906744 0.9706422373 0.5029969586 0.0010566466 0.0728538585 0.1614495578 0.0001112540 0.9586731887 0.4693675409 0.0002963001 0.0421344654 0.8886646349 0.8033123922 0.7350074521 0.6148587691 0.0001296444 1.5438401718 1.5496724314 1.5742530675 0.0001295486 11.5172957411 11.5169000925 11.5169102315 136.4001728066 0.0000582880 0.0003942479 0.9861712035 0.5272540930 0.0926657975 0.0183798873
-84.8667013470 0.0007251795 0.9963839433 0.9998927402 0.0000145652 0.9992526376 0.8767655714 0.9706423450 0.5030037423 0.0010566516 0.0728323540 0.1613613584 0.0001112547 0.9586654115 0.4694283746 0.0002963028 0.0421348366 0.8886598829 0.8033090979 0.7350093418 0.6148632282 0.0001296456 1.5437927256 1.5496233304 1.5742411933 0.0001295462 11.5174155782 11.5170199089 11.5170300477 136.4002136720 0.0000582889 0.0003942516 0.9861702802 0.5272578594 0.0926905564 0.0184012999
-84.8666373150 0.0007251875 0.9963838918 0.9998927386 0.0000145653 0.9992526337 0.8767405514 0.9706419080 0.5030222894 0.0010566565 0.0728040753 0.1612723757 0.0001112554 0.9586575406 0.4694887089 0.0002963056 0.0421352062 0.8886551213 0.8033059914 0.7350110894 0.6148674948 0.0001296487 1.5437680182 1.5496004624 1.5742324493 0.0001295469 11.5176060141 11.5172103312 11.5172204699 136.4002524216 0.0000582889 0.0003942552 0.9861693464 0.5272645886 0.0927147412 0.0184097139
-84.8665727615 0.0007251954 0.9963838405 0.9998927370 0.0000145654 0.9992526299 0.8767162281 0.9706424888 0.5030224886 0.0010566614 0.0727853834 0.1611922193 0.0001112561 0.9586495801 0.4695439366 0.0002963083 0.0421355742 0.8886494396 0.8033025248 0.7350120851 0.6148715791 0.0001296470 1.5437170142 1.5495508173 1.5742070390 0.0001295429 11.5173481314 11.5169524652 11.5169626039 136.4002892424 0.0000582894 0.0003942588 0.9861684025 0.5272622481 0.0927383730 0.0184222533
-84.8665101174 0.0007252032 0.9963837895 0.9998927353 0.0000145655 0.9992526261 0.8766903858 0.9706416495 0.5030434227 0.0010566663 0.0727596455 0.1611110066 0.0001112568 0.9586415341 0.4695969581 0.0002963109 0.0421359403 0.8886446160 0.8032992938 0.7350128702 0.6148754915 0.0001296529 1.5436951073 1.5495279324 1.5742102360 0.0001295451 11.5178496981 11.5174539872 11.5174641258 136.4003255587 0.0000582901 0.0003942623 0.9861674490 0.5272748126 0.0927614513 0.0184381082
-84.8664456110 0.0007252111 0.9963837387 0.9998927337 0.0000145657 0.9992526223 0.8766664568 0.9706423629 0.5030408712 0.0010566712 0.0727403914 0.1610362158 0.0001112575 0.9586334064 0.4696478729 0.0002963136 0.0421363051 0.8886383637 0.8032957747 0.7350131590 0.6148792412 0.0001296500 1.5436503159 1.5494872385 1.5741779418 0.0001295413 11.5173947179 11.5169990481 11.5170091869 136.4003588818 0.0000582901 0.0003942659 0.9861664864 0.5272697526 0.0927840948 0.0184407877
-84.8663832252 0.0007252189 0.9963836881 0.9998927321 0.0000145658 0.9992526185 0.8766404777 0.9706419208 0.5030562077 0.0010566760 0.0727196277 0.1609636525 0.0001112582 0.9586252010 0.4696940675 0.0002963163 0.0421366679 0.8886331194 0.8032923378 0.7350130413 0.6148828376 0.0001296541 1.5436183734 1.5494532069 1.5741785220 0.0001295414 11.5176943055 11.5172986037 11.5173087424 136.4003920595 0.0000582913 0.0003942694 0.9861655151 0.5272789808 0.0928061980 0.0184608857
-84.8663200591 0.0007252266 0.9963836378 0.9998927305 0.0000145659 0.9992526148 0.8766162081 0.9706419980 0.5030586450 0.0010566809 0.0726987842 0.1608941212 0.0001112588 0.9586169216 0.4697397099 0.0002963189 0.0421370290 0.8886267715 0.8032888432 0.7350127257 0.6148862894 0.0001296547 1.5435866486 1.5494262046 1.5741533088 0.0001295409 11.5175821951 11.5171865097 11.5171966485 136.4004227207 0.0000582911 0.0003942729 0.9861645357 0.5272806424 0.0928278628 0.0184602973
-84.8662580597 0.0007252343 0.9963835878 0.9998927290 0.0000145660 0.9992526111 0.8765906099 0.9706419236 0.5030630505 0.0010566857 0.0726833932 0.1608305392 0.0001112595 0.9586085718 0.4697795164 0.0002963216 0.0421373882 0.8886207622 0.8032851855 0.7350118056 0.6148896053 0.0001296573 1.5435467576 1.5493846597 1.5741451823 0.0001295399 11.5177417062 11.5173459998 11.5173561386 136.4004529720 0.0000582924 0.0003942765 0.9861635486 0.5272868742 0.0928490533 0.0184786213
-84.8661959948 0.0007252420 0.9963835381 0.9998927274 0.0000145661 0.9992526074 0.8765653904 0.9706414903 0.5030761464 0.0010566904 0.0726617568 0.1607658793 0.0001112602 0.9586001551 0.4698196738 0.0002963242 0.0421377457 0.8886145927 0.8032817033 0.7350108643 0.6148927943 0.0001296605 1.5435243509 1.5493653712 1.5741326974 0.0001295413 11.5178495209 11.5174538122 11.5174639511 136.4004812772 0.0000582927 0.0003942799 0.9861625542 0.5272937827 0.0928698720 0.0184814396
-84.8661337585 0.0007252496 0.9963834885 0.9998927258 0.0000145662 0.9992526038 0.8765404005 0.9706419051 0.5030741336 0.0010566952 0.0726493655 0.1607090562 0.0001112609 0.9585916749 0.4698549781 0.0002963268 0.0421381016 0.8886077685 0.8032778959 0.7350092871 0.6148958638 0.0001296601 1.5434783784 1.5493203330 1.5741106362 0.0001295385 11.5176461364 11.5172504415 11.5172605805 136.4005083915 0.0000582937 0.0003942834 0.9861615528 0.5272938249 0.0928903114 0.0184924838
-84.8660731384 0.0007252572 0.9963834393 0.9998927242 0.0000145663 0.9992526002 0.8765141567 0.9706410058 0.5030921514 0.0010566999 0.0726291009 0.1606500477 0.0001112615 0.9585831347 0.4698893451 0.0002963294 0.0421384557 0.8886017159 0.8032743529 0.7350076624 0.6148988217 0.0001296664 1.5434617588 1.5493038087 1.5741126628 0.0001295417 11.5180937282 11.5176979978 11.5177081367 136.4005351685 0.0000582945 0.0003942869 0.9861605451 0.5273070634 0.0929103856 0.0185029363
-84.8660108184 0.0007252648 0.9963833902 0.9998927227 0.0000145665 0.9992525966 0.8764895257 0.9706416397 0.5030874682 0.0010567046 0.0726163344 0.1605973971 0.0001112622 0.9585745375 0.4699215509 0.0002963320 0.0421388083 0.8885943494 0.8032705074 0.7350055941 0.6149016744 0.0001296642 1.5434176959 1.5492637564 1.5740806565 0.0001295385 11.5176353320 11.5172396442 11.5172497834 136.4005595319 0.0000582951 0.0003942903 0.9861595313 0.5273033079 0.0929301825 0.0185043201
-84.8659508579 0.0007252723 0.9963833414 0.9998927211 0.0000145666 0.9992525930 0.8764627713 0.9706408961 0.5031032881 0.0010567093 0.0726000264 0.1605450134 0.0001112628 0.9585658870 0.4699503582 0.0002963346 0.0421391589 0.8885880930 0.8032668169 0.7350032867 0.6149044288 0.0001296701 1.5433940736 1.5492381844 1.5740847576 0.0001295405 11.5180607611 11.5176650339 11.5176751730 136.4005843346 0.0000582965 0.0003942937 0.9861585119 0.5273160038 0.0929496063 0.0185210392
-84.8658894054 0.0007252798 0.9963832929 0.9998927196 0.0000145667 0.9992525894 0.8764378740 0.9706411698 0.5031019396 0.0010567140 0.0725850937 0.1604951443 0.0001112635 0.9585571861 0.4699795659 0.0002963371 0.0421395081 0.8885806379 0.8032630220 0.7350008433 0.6149070920 0.0001296696 1.5433612895 1.5492106961 1.5740554486 0.0001295395 11.5177579584 11.5173622659 11.5173724053 136.4006066683 0.0000582967 0.0003942971 0.9861574872 0.5273154255 0.0929687881 0.0185171397
-84.8658296495 0.0007252873 0.9963832446 0.9998927181 0.0000145668 0.9992525859 0.8764113303 0.9706408831 0.5031079227 0.0010567186 0.0725737725 0.1604495785 0.0001112641 0.9585484380 0.4700036572 0.0002963397 0.0421398554 0.8885738153 0.8032591463 0.7349979548 0.6149096702 0.0001296735 1.5433273747 1.5491752468 1.5740515654 0.0001295397 11.5179760792 11.5175803627 11.5175905021 136.4006293265 0.0000582982 0.0003943005 0.9861564578 0.5273241252 0.0929876228 0.0185341359
-84.8657695003 0.0007252947 0.9963831965 0.9998927165 0.0000145669 0.9992525824 0.8763855571 0.9706405244 0.5031175953 0.0010567232 0.0725572291 0.1604030428 0.0001112648 0.9585396458 0.4700287135 0.0002963422 0.0421402011 0.8885666141 0.8032554130 0.7349951421 0.6149121705 0.0001296764 1.5433055217 1.5491573591 1.5740347216 0.0001295412 11.5179983162 11.5176026072 11.5176127468 136.4006500774 0.0000582985 0.0003943039 0.9861554239 0.5273301761 0.0930062159 0.0185327812
-84.8657095512 0.0007253021 0.9963831487 0.9998927150 0.0000145670 0.9992525789 0.8763595368 0.9706407506 0.5031164882 0.0010567278 0.0725492666 0.1603633392 0.0001112654 0.9585308124 0.4700490655 0.0002963447 0.0421405453 0.8885590748 0.8032513983 0.7349918050 0.6149145992 0.0001296772 1.5432637999 1.5491159938 1.5740173194 0.0001295394 11.5178760760 11.5174803744 11.5174905141 136.4006702880 0.0000582999 0.0003943073 0.9861543860 0.5273327042 0.0930245375 0.0185439847
-84.8656508160 0.0007253095 0.9963831011 0.9998927135 0.0000145671 0.9992525754 0.8763326590 0.9706398457 0.5031337203 0.0010567324 0.0725329975 0.1603206411 0.0001112661 0.9585219408 0.4700696386 0.0002963473 0.0421408877 0.8885521514 0.8032476620 0.7349885646 0.6149169634 0.0001296834 1.5432490799 1.5491025253 1.5740163782 0.0001295430 11.5182537216 11.5178579935 11.5178681333 136.4006901511 0.0000583008 0.0003943106 0.9861533444 0.5273457142 0.0930426246 0.0185502216
-84.8655906431 0.0007253168 0.9963830537 0.9998927120 0.0000145672 0.9992525719 0.8763070565 0.9706404111 0.5031295037 0.0010567370 0.0725251278 0.1602842633 0.0001112667 0.9585130338 0.4700878285 0.0002963498 0.0421412288 0.8885440855 0.8032436129 0.7349849245 0.6149192689 0.0001296818 1.5432058268 1.5490627114 1.5739859488 0.0001295402 11.5178246481 11.5174289596 11.5174390996 136.4007081626 0.0000583016 0.0003943139 0.9861522995 0.5273430039 0.0930605335 0.0185521399
-84.8655328312 0.0007253241 0.9963830065 0.9998927105 0.0000145673 0.9992525685 0.8762794415 0.9706394287 0.5031474038 0.0010567415 0.0725117484 0.1602464232 0.0001112673 0.9585040943 0.4701039456 0.0002963523 0.0421415681 0.8885371733 0.8032397855 0.7349812186 0.6149215217 0.0001296890 1.5431883094 1.5490438565 1.5739925820 0.0001295436 11.5183287488 11.5179330171 11.5179431571 136.4007269886 0.0000583031 0.0003943172 0.9861512518 0.5273582233 0.0930781897 0.0185660764
-84.8654730691 0.0007253313 0.9963829595 0.9998927090 0.0000145675 0.9992525651 0.8762537415 0.9706398769 0.5031448668 0.0010567460 0.0725015126 0.1602115241 0.0001112680 0.9584951251 0.4701204865 0.0002963547 0.0421419062 0.8885289976 0.8032358013 0.7349773986 0.6149237278 0.0001296875 1.5431513407 1.5490123729 1.5739586936 0.0001295418 11.5178897675 11.5174940820 11.5175042224 136.4007433687 0.0000583034 0.0003943205 0.9861502015 0.5273556215 0.0930957247 0.0185610543
-84.8654153487 0.0007253386 0.9963829128 0.9998927075 0.0000145676 0.9992525617 0.8762261304 0.9706394044 0.5031549778 0.0010567505 0.0724926913 0.1601790806 0.0001112686 0.9584861290 0.4701328052 0.0002963572 0.0421422427 0.8885217225 0.8032318255 0.7349732968 0.6149258926 0.0001296923 1.5431232279 1.5489825364 1.5739591605 0.0001295428 11.5181605187 11.5177648059 11.5177749462 136.4007606535 0.0000583050 0.0003943238 0.9861491490 0.5273661332 0.0931130064 0.0185773939
-84.8653569007 0.0007253457 0.9963828662 0.9998927061 0.0000145677 0.9992525583 0.8761996863 0.9706391310 0.5031624964 0.0010567550 0.0724801669 0.1601461536 0.0001112692 0.9584771088 0.4701464541 0.0002963597 0.0421425778 0.8885138299 0.8032279409 0.7349693234 0.6149280222 0.0001296947 1.5430984104 1.5489625230 1.5739370898 0.0001295442 11.5180997949 11.5177040980 11.5177142387 136.4007760338 0.0000583055 0.0003943271 0.9861480947 0.5273712108 0.0931301389 0.0185732378
-84.8652990477 0.0007253529 0.9963828199 0.9998927046 0.0000145678 0.9992525549 0.8761724897 0.9706392068 0.5031644788 0.0010567595 0.0724750889 0.1601188280 0.0001112699 0.9584680670 0.4701556169 0.0002963621 0.0421429114 0.8885059528 0.8032238371 0.7349649308 0.6149301219 0.0001296965 1.5430597000 1.5489236290 1.5739237430 0.0001295430 11.5180708197 11.5176751211 11.5176852618 136.4007914430 0.0000583069 0.0003943303 0.9861470389 0.5273756170 0.0931470756 0.0185857825
-84.8652418964 0.0007253600 0.9963827738 0.9998927031 0.0000145679 0.9992525515 0.8761449232 0.9706383484 0.5031820017 0.0010567639 0.0724618214 0.1600881125 0.0001112705 0.9584590064 0.4701659989 0.0002963646 0.0421432436 0.8884984617 0.8032200053 0.7349607445 0.6149321981 0.0001297023 1.5430450982 1.5489113020 1.5739189326 0.0001295465 11.5183611180 11.5179654027 11.5179755436 136.4008063726 0.0000583078 0.0003943336 0.9861459821 0.5273876338 0.0931638766 0.0185884638
-84.8651836567 0.0007253672 0.9963827278 0.9998927017 0.0000145680 0.9992525482 0.8761181931 0.9706388048 0.5031805125 0.0010567683 0.0724575101 0.1600635689 0.0001112711 0.9584499293 0.4701736679 0.0002963670 0.0421435748 0.8884900693 0.8032158645 0.7349561921 0.6149342558 0.0001297013 1.5430005755 1.5488694701 1.5738905411 0.0001295440 11.5179940278 11.5175983450 11.5176084862 136.4008200150 0.0000583089 0.0003943368 0.9861449244 0.5273864342 0.0931805656 0.0185924933
-84.8651275205 0.0007253742 0.9963826820 0.9998927002 0.0000145681 0.9992525448 0.8760897007 0.9706377782 0.5032012021 0.0010567727 0.0724460188 0.1600361014 0.0001112717 0.9584408387 0.4701805819 0.0002963694 0.0421439045 0.8884827888 0.8032119998 0.7349517310 0.6149363003 0.0001297086 1.5429866777 1.5488550829 1.5738966792 0.0001295477 11.5184900149 11.5180942910 11.5181044322 136.4008345089 0.0000583101 0.0003943400 0.9861438663 0.5274016104 0.0931970974 0.0186038912
-84.8650693323 0.0007253813 0.9963826363 0.9998926987 0.0000145682 0.9992525415 0.8760630592 0.9706382595 0.5031998821 0.0010567771 0.0724395191 0.1600122010 0.0001112723 0.9584317369 0.4701876284 0.0002963718 0.0421442334 0.8884742400 0.8032079275 0.7349471536 0.6149383365 0.0001297069 1.5429451162 1.5488187629 1.5738604910 0.0001295456 11.5180097452 11.5176140701 11.5176242116 136.4008468198 0.0000583108 0.0003943432 0.9861428080 0.5273987055 0.0932135827 0.0185995507
-84.8650132730 0.0007253883 0.9963825908 0.9998926973 0.0000145683 0.9992525382 0.8760343454 0.9706376587 0.5032158691 0.0010567815 0.0724320090 0.1599888937 0.0001112729 0.9584226265 0.4701914651 0.0002963742 0.0421445609 0.8884668078 0.8032039557 0.7349424584 0.6149403696 0.0001297122 1.5429205876 1.5487926516 1.5738636996 0.0001295470 11.5183143365 11.5179186311 11.5179287726 136.4008603124 0.0000583123 0.0003943464 0.9861417500 0.5274101426 0.0932298923 0.0186157706
-84.8649562024 0.0007253953 0.9963825455 0.9998926959 0.0000145684 0.9992525349 0.8760071346 0.9706375080 0.5032223622 0.0010567859 0.0724227349 0.1599659518 0.0001112736 0.9584135101 0.4701966739 0.0002963766 0.0421448874 0.8884585289 0.8032000105 0.7349379099 0.6149424046 0.0001297139 1.5428913659 1.5487687433 1.5738361658 0.0001295479 11.5181803521 11.5177846689 11.5177948107 136.4008719243 0.0000583128 0.0003943496 0.9861406926 0.5274137944 0.0932461208 0.0186101298
-84.8649000444 0.0007254023 0.9963825003 0.9998926944 0.0000145685 0.9992525316 0.8759786823 0.9706374184 0.5032296018 0.0010567902 0.0724192692 0.1599471879 0.0001112742 0.9584043901 0.4701977258 0.0002963790 0.0421452127 0.8884506308 0.8031959243 0.7349330558 0.6149444466 0.0001297165 1.5428544934 1.5487311554 1.5738268634 0.0001295472 11.5182448546 11.5178491601 11.5178593020 136.4008840448 0.0000583143 0.0003943528 0.9861396360 0.5274200664 0.0932622132 0.0186246477
-84.8648440670 0.0007254093 0.9963824553 0.9998926930 0.0000145686 0.9992525283 0.8759503853 0.9706367022 0.5032479792 0.0010567945 0.0724083438 0.1599251434 0.0001112748 0.9583952690 0.4702007175 0.0002963814 0.0421455371 0.8884428367 0.8031920820 0.7349284843 0.6149465014 0.0001297213 1.5428371606 1.5487172226 1.5738162609 0.0001295501 11.5184342234 11.5180385212 11.5180486633 136.4008954901 0.0000583148 0.0003943559 0.9861385807 0.5274299520 0.0932782486 0.0186248144
-84.8647873821 0.0007254162 0.9963824104 0.9998926916 0.0000145687 0.9992525250 0.8759223901 0.9706370334 0.5032509940 0.0010567989 0.0724064338 0.1599089349 0.0001112754 0.9583861490 0.4702006286 0.0002963838 0.0421458608 0.8884344493 0.8031879535 0.7349235853 0.6149485731 0.0001297211 1.5427915883 1.5486734822 1.5737910830 0.0001295478 11.5181530021 11.5177573225 11.5177674648 136.4009062248 0.0000583162 0.0003943591 0.9861375269 0.5274303908 0.0932942203 0.0186319797
-84.8647324519 0.0007254232 0.9963823655 0.9998926901 0.0000145688 0.9992525217 0.8758929959 0.9706359706 0.5032752938 0.0010568032 0.0723961765 0.1598887823 0.0001112760 0.9583770328 0.4702009717 0.0002963861 0.0421461835 0.8884270411 0.8031841367 0.7349189126 0.6149506671 0.0001297283 1.5427783874 1.5486606520 1.5737952466 0.0001295516 11.5186391162 11.5182433973 11.5182535397 136.4009178120 0.0000583171 0.0003943623 0.9861364749 0.5274453965 0.0933101170 0.0186413702
-84.8646753900 0.0007254301 0.9963823208 0.9998926887 0.0000145689 0.9992525184 0.8758652006 0.9706365330 0.5032773607 0.0010568075 0.0723925734 0.1598728958 0.0001112766 0.9583679226 0.4702008620 0.0002963885 0.0421465059 0.8884184399 0.8031800716 0.7349141026 0.6149527870 0.0001297261 1.5427317504 1.5486187488 1.5737574352 0.0001295487 11.5181205984 11.5177249285 11.5177350712 136.4009273981 0.0000583179 0.0003943654 0.9861354250 0.5274415248 0.0933260258 0.0186393434
-84.8646205684 0.0007254370 0.9963822762 0.9998926873 0.0000145690 0.9992525151 0.8758352398 0.9706357474 0.5033004573 0.0010568118 0.0723855277 0.1598557675 0.0001112772 0.9583588209 0.4701986547 0.0002963909 0.0421468273 0.8884110866 0.8031761949 0.7349093162 0.6149549372 0.0001297321 1.5427098464 1.5485954914 1.5737628683 0.0001295506 11.5185033777 11.5181076707 11.5181178135 136.4009384521 0.0000583192 0.0003943685 0.9861343776 0.5274544914 0.0933418296 0.0186556270
-84.8645642449 0.0007254439 0.9963822316 0.9998926859 0.0000145691 0.9992525118 0.8758070411 0.9706358373 0.5033079134 0.0010568161 0.0723787850 0.1598392788 0.0001112778 0.9583497302 0.4701983290 0.0002963932 0.0421471484 0.8884027047 0.8031722733 0.7349046805 0.6149571228 0.0001297323 1.5426745661 1.5485657745 1.5737298445 0.0001295502 11.5182460975 11.5178504211 11.5178605641 136.4009476817 0.0000583196 0.0003943717 0.9861333329 0.5274551524 0.0933576422 0.0186501237
-84.8645091851 0.0007254508 0.9963821871 0.9998926845 0.0000145692 0.9992525085 0.8757772046 0.9706355857 0.5033224752 0.0010568204 0.0723758410 0.1598255806 0.0001112784 0.9583406528 0.4701942147 0.0002963956 0.0421474687 0.8883950506 0.8031683017 0.7348998598 0.6149593476 0.0001297357 1.5426402874 1.5485302367 1.5737251426 0.0001295498 11.5183977395 11.5180020426 11.5180121856 136.4009578196 0.0000583209 0.0003943748 0.9861322914 0.5274629817 0.0933733643 0.0186669229
-84.8644537837 0.0007254576 0.9963821426 0.9998926831 0.0000145693 0.9992525052 0.8757480265 0.9706350143 0.5033424994 0.0010568246 0.0723667086 0.1598091813 0.0001112790 0.9583315911 0.4701924092 0.0002963979 0.0421477888 0.8883872008 0.8031645273 0.7348953798 0.6149616170 0.0001297394 1.5426177701 1.5485119413 1.5737084675 0.0001295519 11.5184882057 11.5180925092 11.5181026524 136.4009670647 0.0000583214 0.0003943779 0.9861312531 0.5274707688 0.0933890890 0.0186657213
-84.8643980975 0.0007254645 0.9963820982 0.9998926816 0.0000145694 0.9992525019 0.8757186071 0.9706352647 0.5033516271 0.0010568289 0.0723660889 0.1597980709 0.0001112796 0.9583225473 0.4701872301 0.0002964003 0.0421481086 0.8883791062 0.8031605075 0.7348906358 0.6149639352 0.0001297396 1.5425723655 1.5484673171 1.5736875125 0.0001295494 11.5183103769 11.5179146899 11.5179248333 136.4009761371 0.0000583225 0.0003943810 0.9861302185 0.5274722129 0.0934047861 0.0186769244
-84.8643435901 0.0007254714 0.9963820539 0.9998926802 0.0000145695 0.9992524986 0.8756882465 0.9706342477 0.5033801635 0.0010568332 0.0723565988 0.1597824811 0.0001112802 0.9583135240 0.4701834742 0.0002964026 0.0421484280 0.8883717916 0.8031568125 0.7348862373 0.6149663076 0.0001297462 1.5425582109 1.5484544265 1.5736886350 0.0001295528 11.5187289812 11.5183332612 11.5183434046 136.4009858456 0.0000583232 0.0003943841 0.9861291879 0.5274859393 0.0934204789 0.0186847099
-84.8642871413 0.0007254782 0.9963820094 0.9998926788 0.0000145696 0.9992524953 0.8756591345 0.9706348042 0.5033877084 0.0010568374 0.0723550363 0.1597716795 0.0001112808 0.9583045231 0.4701786182 0.0002964049 0.0421487477 0.8883634466 0.8031528461 0.7348816975 0.6149687383 0.0001297440 1.5425072070 1.5484072222 1.5736519753 0.0001295493 11.5182410897 11.5178454119 11.5178555556 136.4009939675 0.0000583241 0.0003943873 0.9861281614 0.5274822037 0.0934362236 0.0186867436
-84.8642329685 0.0007254851 0.9963819651 0.9998926774 0.0000145697 0.9992524919 0.8756279669 0.9706338375 0.5034179832 0.0010568417 0.0723478400 0.1597580945 0.0001112814 0.9582955475 0.4701728113 0.0002964073 0.0421490671 0.8883563933 0.8031491413 0.7348773333 0.6149712319 0.0001297508 1.5424899768 1.5483887939 1.5736609121 0.0001295518 11.5187453789 11.5183496529 11.5183597965 136.4010038788 0.0000583250 0.0003943904 0.9861271396 0.5274966812 0.0934519311 0.0187033872
-84.8641765240 0.0007254919 0.9963819206 0.9998926760 0.0000145698 0.9992524886 0.8755986608 0.9706341810 0.5034286072 0.0010568460 0.0723430494 0.1597460218 0.0001112820 0.9582865991 0.4701686180 0.0002964096 0.0421493870 0.8883482061 0.8031453239 0.7348731058 0.6149737928 0.0001297492 1.5424473013 1.5483515571 1.5736235215 0.0001295498 11.5183147309 11.5179190478 11.5179291918 136.4010117085 0.0000583254 0.0003943935 0.9861261224 0.5274940399 0.0934677275 0.0186994274
-84.8641217634 0.0007254988 0.9963818762 0.9998926746 0.0000145699 0.9992524852 0.8755674229 0.9706337932 0.5034523085 0.0010568503 0.0723397551 0.1597351486 0.0001112826 0.9582776806 0.4701612865 0.0002964120 0.0421497068 0.8883410402 0.8031415518 0.7348688361 0.6149764253 0.0001297530 1.5424162412 1.5483188330 1.5736242933 0.0001295493 11.5185386474 11.5181429352 11.5181530791 136.4010210082 0.0000583264 0.0003943966 0.9861251103 0.5275028816 0.0934834785 0.0187190086
-84.8640661848 0.0007255057 0.9963818317 0.9998926732 0.0000145701 0.9992524818 0.8755373037 0.9706333975 0.5034742634 0.0010568545 0.0723319871 0.1597224803 0.0001112832 0.9582687943 0.4701563941 0.0002964143 0.0421500270 0.8883333927 0.8031379150 0.7348649372 0.6149791343 0.0001297556 1.5423900727 1.5482973265 1.5736036096 0.0001295504 11.5185410163 11.5181453107 11.5181554548 136.4010292500 0.0000583266 0.0003943997 0.9861241037 0.5275082492 0.0934992820 0.0187176373
-84.8640106572 0.0007255126 0.9963817871 0.9998926718 0.0000145702 0.9992524784 0.8755064147 0.9706335059 0.5034910608 0.0010568588 0.0723316548 0.1597141946 0.0001112838 0.9582599424 0.4701480692 0.0002964167 0.0421503476 0.8883258773 0.8031340949 0.7348608590 0.6149819239 0.0001297565 1.5423470646 1.5482537575 1.5735897634 0.0001295479 11.5184731480 11.5180774388 11.5180875830 136.4010378236 0.0000583277 0.0003944029 0.9861231026 0.5275113434 0.0935150920 0.0187333896
-84.8639556955 0.0007255195 0.9963817424 0.9998926703 0.0000145703 0.9992524750 0.8754751378 0.9706326015 0.5035241448 0.0010568631 0.0723225775 0.1597013243 0.0001112844 0.9582511273 0.4701420156 0.0002964190 0.0421506688 0.8883188811 0.8031305895 0.7348572249 0.6149847996 0.0001297620 1.5423324149 1.5482411579 1.5735889205 0.0001295506 11.5188053896 11.5184096543 11.5184197985 136.4010467835 0.0000583280 0.0003944060 0.9861221075 0.5275229311 0.0935309615 0.0187404542
-84.8638990565 0.0007255264 0.9963816977 0.9998926689 0.0000145704 0.9992524716 0.8754446839 0.9706330992 0.5035384470 0.0010568674 0.0723221628 0.1596934597 0.0001112850 0.9582423513 0.4701342703 0.0002964214 0.0421509909 0.8883111021 0.8031268107 0.7348534648 0.6149877652 0.0001297600 1.5422818196 1.5481928477 1.5735582706 0.0001295467 11.5183844738 11.5179887707 11.5179989151 136.4010546705 0.0000583289 0.0003944091 0.9861211185 0.5275199082 0.0935469148 0.0187475845
-84.8638444106 0.0007255333 0.9963816528 0.9998926675 0.0000145705 0.9992524681 0.8754124891 0.9706320476 0.5035756592 0.0010568717 0.0723143402 0.1596815497 0.0001112856 0.9582336169 0.4701267909 0.0002964238 0.0421513135 0.8883045656 0.8031233495 0.7348500347 0.6149908253 0.0001297669 1.5422702964 1.5481802084 1.5735715218 0.0001295492 11.5189230901 11.5185273356 11.5185374799 136.4010644386 0.0000583293 0.0003944123 0.9861201360 0.5275346091 0.0935628961 0.0187645307
-84.8637871319 0.0007255403 0.9963816077 0.9998926661 0.0000145706 0.9992524646 0.8753821611 0.9706325139 0.5035909942 0.0010568760 0.0723109417 0.1596721166 0.0001112862 0.9582249262 0.4701204454 0.0002964262 0.0421516375 0.8882968798 0.8031197161 0.7348467293 0.6149939841 0.0001297645 1.5422252100 1.5481396300 1.5735358852 0.0001295460 11.5184135562 11.5180178485 11.5180279931 136.4010722234 0.0000583298 0.0003944155 0.9861191601 0.5275302778 0.0935790186 0.0187638487
-84.8637316431 0.0007255472 0.9963815625 0.9998926646 0.0000145707 0.9992524610 0.8753498217 0.9706320126 0.5036241788 0.0010568804 0.0723065352 0.1596621957 0.0001112868 0.9582162820 0.4701118930 0.0002964285 0.0421519623 0.8882904434 0.8031162234 0.7348435501 0.6149972461 0.0001297685 1.5422024885 1.5481144019 1.5735458666 0.0001295454 11.5186838278 11.5182880854 11.5182982299 136.4010818758 0.0000583305 0.0003944186 0.9861181913 0.5275395957 0.0935951437 0.0187860129
-84.8636749188 0.0007255542 0.9963815171 0.9998926632 0.0000145708 0.9992524575 0.8753190701 0.9706317435 0.5036479732 0.0010568847 0.0722997065 0.1596516251 0.0001112874 0.9582076865 0.4701057161 0.0002964309 0.0421522883 0.8882832780 0.8031127930 0.7348407633 0.6150006157 0.0001297701 1.5421765848 1.5480928175 1.5735259887 0.0001295457 11.5186120251 11.5182162946 11.5182264394 136.4010905040 0.0000583306 0.0003944218 0.9861172297 0.5275432124 0.0936113615 0.0187854804
-84.8636185062 0.0007255613 0.9963814715 0.9998926617 0.0000145709 0.9992524538 0.8752871896 0.9706316759 0.5036726414 0.0010568891 0.0722986587 0.1596441928 0.0001112880 0.9581991421 0.4700963799 0.0002964333 0.0421526156 0.8882766311 0.8031092594 0.7348379233 0.6150040975 0.0001297719 1.5421429740 1.5480572758 1.5735246562 0.0001295435 11.5186492095 11.5182534641 11.5182636088 136.4011000544 0.0000583315 0.0003944250 0.9861162756 0.5275481159 0.0936276168 0.0188056858
-84.8635620041 0.0007255683 0.9963814258 0.9998926603 0.0000145710 0.9992524502 0.8752556578 0.9706308768 0.5037085544 0.0010568935 0.0722896027 0.1596325063 0.0001112886 0.9581906511 0.4700900347 0.0002964357 0.0421529443 0.8882702077 0.8031060073 0.7348356232 0.6150076969 0.0001297764 1.5421340436 1.5480500756 1.5735269421 0.0001295455 11.5188814732 11.5184857113 11.5184958561 136.4011099048 0.0000583315 0.0003944282 0.9861153293 0.5275576171 0.0936439831 0.0188119566
-84.8635041401 0.0007255754 0.9963813797 0.9998926588 0.0000145711 0.9992524465 0.8752246328 0.9706312215 0.5037286912 0.0010568979 0.0722893052 0.1596256872 0.0001112893 0.9581822159 0.4700816212 0.0002964382 0.0421532748 0.8882633306 0.8031025032 0.7348332610 0.6150114179 0.0001297753 1.5420927016 1.5480090100 1.5735099118 0.0001295418 11.5185519884 11.5181562487 11.5181663937 136.4011194700 0.0000583325 0.0003944314 0.9861143909 0.5275564439 0.0936604507 0.0188240976
-84.8634478102 0.0007255825 0.9963813334 0.9998926574 0.0000145712 0.9992524428 0.8751925483 0.9706300748 0.5037699694 0.0010569024 0.0722803533 0.1596139676 0.0001112899 0.9581738391 0.4700747634 0.0002964406 0.0421536068 0.8882575637 0.8030993509 0.7348314036 0.6150152655 0.0001297823 1.5420940368 1.5480090889 1.5735324396 0.0001295448 11.5190813007 11.5186855129 11.5186956578 136.4011311714 0.0000583326 0.0003944347 0.9861134609 0.5275713287 0.0936769969 0.0188402433
-84.8633886876 0.0007255897 0.9963812869 0.9998926559 0.0000145713 0.9992524390 0.8751624369 0.9706305463 0.5037879990 0.0010569068 0.0722775431 0.1596056552 0.0001112905 0.9581655227 0.4700685221 0.0002964431 0.0421539410 0.8882507406 0.8030959813 0.7348296958 0.6150192435 0.0001297796 1.5420580768 1.5479757863 1.5735078107 0.0001295412 11.5185369769 11.5181412383 11.5181513835 136.4011414497 0.0000583333 0.0003944379 0.9861125392 0.5275666836 0.0936937057 0.0188425930
-84.8633314671 0.0007255969 0.9963812400 0.9998926544 0.0000145714 0.9992524352 0.8751306923 0.9706297344 0.5038263948 0.0010569113 0.0722711710 0.1595951870 0.0001112911 0.9581572696 0.4700613816 0.0002964455 0.0421542769 0.8882453180 0.8030928418 0.7348283229 0.6150233567 0.0001297852 1.5420560709 1.5479700966 1.5735351441 0.0001295421 11.5189230913 11.5185273114 11.5185374566 136.4011544865 0.0000583338 0.0003944412 0.9861116265 0.5275788838 0.0937104458 0.0188651090
-84.8632722487 0.0007256042 0.9963811929 0.9998926529 0.0000145715 0.9992524313 0.8751013631 0.9706296009 0.5038472561 0.0010569158 0.0722644662 0.1595846476 0.0001112918 0.9581490820 0.4700573074 0.0002964480 0.0421546150 0.8882390016 0.8030896873 0.7348274264 0.6150276105 0.0001297858 1.5420431968 1.5479602754 1.5735244305 0.0001295420 11.5186935081 11.5182977573 11.5183079028 136.4011669035 0.0000583339 0.0003944445 0.9861107227 0.5275803231 0.0937273220 0.0188633964
-84.8632137525 0.0007256115 0.9963811454 0.9998926514 0.0000145716 0.9992524273 0.8750712050 0.9706292419 0.5038737393 0.0010569204 0.0722614154 0.1595761506 0.0001112924 0.9581409624 0.4700506970 0.0002964505 0.0421549551 0.8882335937 0.8030865234 0.7348267067 0.6150320095 0.0001297891 1.5420345240 1.5479475466 1.5735448299 0.0001295412 11.5188268500 11.5184310803 11.5184412257 136.4011815234 0.0000583349 0.0003944478 0.9861098282 0.5275881384 0.0937442199 0.0188844144
-84.8631545452 0.0007256188 0.9963810976 0.9998926499 0.0000145717 0.9992524233 0.8750427672 0.9706284112 0.5039027633 0.0010569249 0.0722516177 0.1595645206 0.0001112931 0.9581329131 0.4700476850 0.0002964530 0.0421552974 0.8882281340 0.8030835887 0.7348267192 0.6150365606 0.0001297936 1.5420465486 1.5479608199 1.5735590693 0.0001295443 11.5189604193 11.5185646499 11.5185747956 136.4011970727 0.0000583350 0.0003944512 0.9861089432 0.5275973394 0.0937612146 0.0188859247
-84.8630943445 0.0007256262 0.9963810495 0.9998926484 0.0000145719 0.9992524193 0.8750153087 0.9706284117 0.5039177748 0.0010569296 0.0722500021 0.1595578311 0.0001112937 0.9581249364 0.4700425664 0.0002964555 0.0421556420 0.8882226394 0.8030804450 0.7348269087 0.6150412696 0.0001297946 1.5420351762 1.5479470544 1.5735669699 0.0001295429 11.5187423116 11.5183465620 11.5183567079 136.4012139731 0.0000583365 0.0003944545 0.9861080680 0.5276002250 0.0937782554 0.0188975551
-84.8630350921 0.0007256337 0.9963810011 0.9998926468 0.0000145720 0.9992524152 0.8749885371 0.9706270770 0.5039481436 0.0010569342 0.0722391567 0.1595467116 0.0001112943 0.9581170348 0.4700402469 0.0002964581 0.0421559888 0.8882181026 0.8030776635 0.7348279464 0.6150461452 0.0001298026 1.5420688483 1.5479789258 1.5736073593 0.0001295481 11.5192091872 11.5188134084 11.5188235545 136.4012340500 0.0000583368 0.0003944579 0.9861072029 0.5276163835 0.0937953347 0.0189056432
-84.8629731862 0.0007256412 0.9963809522 0.9998926453 0.0000145721 0.9992524110 0.8749648485 0.9706272009 0.5039519799 0.0010569389 0.0722358200 0.1595408720 0.0001112950 0.9581092103 0.4700379930 0.0002964607 0.0421563383 0.8882127754 0.8030746406 0.7348294157 0.6150511950 0.0001298023 1.5420678178 1.5479778460 1.5736078185 0.0001295477 11.5187028352 11.5183071154 11.5183172621 136.4012546300 0.0000583385 0.0003944613 0.9861063480 0.5276159429 0.0938124780 0.0189031714
-84.8629132374 0.0007256487 0.9963809031 0.9998926437 0.0000145722 0.9992524068 0.8749414734 0.9706258021 0.5039727925 0.0010569436 0.0722266135 0.1595331868 0.0001112957 0.9581014654 0.4700360893 0.0002964632 0.0421566898 0.8882089919 0.8030719245 0.7348317512 0.6150564294 0.0001298114 1.5421134406 1.5480184556 1.5736637831 0.0001295537 11.5192246225 11.5188288693 11.5188390162 136.4012799968 0.0000583397 0.0003944648 0.9861055036 0.5276345458 0.0938295512 0.0189150577
-84.8628505278 0.0007256563 0.9963808536 0.9998926422 0.0000145723 0.9992524025 0.8749226879 0.9706254555 0.5039650687 0.0010569483 0.0722196991 0.1595290588 0.0001112963 0.9580938022 0.4700366278 0.0002964658 0.0421570439 0.8882043512 0.8030691181 0.7348350272 0.6150618609 0.0001298137 1.5421428230 1.5480491858 1.5736758946 0.0001295573 11.5188327107 11.5184370232 11.5184471707 136.4013063612 0.0000583414 0.0003944682 0.9861046700 0.5276384612 0.0938466300 0.0189004485
-84.8627890572 0.0007256640 0.9963808038 0.9998926406 0.0000145724 0.9992523982 0.8749052506 0.9706243687 0.5039625775 0.0010569530 0.0722140407 0.1595286435 0.0001112970 0.9580862226 0.4700348576 0.0002964685 0.0421573999 0.8882011258 0.8030664117 0.7348392778 0.6150675049 0.0001298218 1.5421953354 1.5480952309 1.5737338087 0.0001295633 11.5190719441 11.5186762558 11.5186864039 136.4013374952 0.0000583439 0.0003944717 0.9861038474 0.5276548373 0.0938635168 0.0189072596
-84.8627264308 0.0007256717 0.9963807537 0.9998926390 0.0000145725 0.9992523938 0.8748928715 0.9706230198 0.5039446497 0.0010569578 0.0722046732 0.1595310943 0.0001112977 0.9580787286 0.4700355132 0.0002964711 0.0421577580 0.8881977542 0.8030638563 0.7348451195 0.6150733825 0.0001298304 1.5422680883 1.5481676341 1.5737774735 0.0001295735 11.5191409681 11.5187453208 11.5187554697 136.4013712004 0.0000583463 0.0003944752 0.9861030361 0.5276707704 0.0938802289 0.0188870237
-84.8626634309 0.0007256794 0.9963807034 0.9998926374 0.0000145726 0.9992523894 0.8748840255 0.9706219562 0.5039105803 0.0010569626 0.0722029629 0.1595429693 0.0001112983 0.9580713218 0.4700323411 0.0002964737 0.0421581179 0.8881951519 0.8030611786 0.7348523710 0.6150795209 0.0001298392 1.5423364016 1.5482291138 1.5738358514 0.0001295822 11.5191301540 11.5187345470 11.5187446967 136.4014084266 0.0000583510 0.0003944787 0.9861022363 0.5276877846 0.0938966263 0.0188796890
-84.8626007567 0.0007256872 0.9963806528 0.9998926358 0.0000145728 0.9992523849 0.8748802601 0.9706196815 0.5038752910 0.0010569675 0.0721946112 0.1595584348 0.0001112990 0.9580640037 0.4700300434 0.0002964764 0.0421584793 0.8881935436 0.8030588360 0.7348620672 0.6150859590 0.0001298544 1.5424550730 1.5483431624 1.5739202600 0.0001295986 11.5195575835 11.5191620014 11.5191721522 136.4014489538 0.0000583555 0.0003944822 0.9861014482 0.5277163387 0.0939126466 0.0188577662
-84.8625362676 0.0007256950 0.9963806020 0.9998926342 0.0000145729 0.9992523804 0.8748826981 0.9706182737 0.5038058495 0.0010569723 0.0721974545 0.1595878062 0.0001112997 0.9580567753 0.4700231325 0.0002964790 0.0421588423 0.8881921567 0.8030562684 0.7348742574 0.6150927488 0.0001298660 1.5425574075 1.5484378731 1.5739912680 0.0001296124 11.5193334923 11.5189379978 11.5189481502 136.4014898644 0.0000583632 0.0003944858 0.9861006719 0.5277378286 0.0939281628 0.0188316995
-84.8624734656 0.0007257028 0.9963805510 0.9998926326 0.0000145730 0.9992523758 0.8748905823 0.9706150363 0.5037388326 0.0010569772 0.0721958215 0.1596250051 0.0001113004 0.9580496378 0.4700130743 0.0002964817 0.0421592059 0.8881928661 0.8030540774 0.7348902710 0.6150999655 0.0001298888 1.5427283556 1.5485973886 1.5741254904 0.0001296361 11.5200507873 11.5196553128 11.5196654666 136.4015314762 0.0000583715 0.0003944893 0.9860999078 0.5277812858 0.0939429667 0.0188081731
-84.8624082786 0.0007257106 0.9963805000 0.9998926310 0.0000145731 0.9992523712 0.8749070663 0.9706124059 0.5036286033 0.0010569820 0.0722059365 0.1596793236 0.0001113011 0.9580425916 0.4699969326 0.0002964844 0.0421595705 0.8881938989 0.8030517000 0.7349109453 0.6151077165 0.0001299092 1.5428982315 1.5487553842 1.5742457189 0.0001296601 11.5199632364 11.5195678757 11.5195780318 136.4015666830 0.0000583843 0.0003944929 0.9860991558 0.5278190936 0.0939569345 0.0187663359
-84.8623451114 0.0007257184 0.9963804489 0.9998926294 0.0000145732 0.9992523666 0.8749305172 0.9706075360 0.5035180744 0.0010569869 0.0722144391 0.1597485649 0.0001113017 0.9580356374 0.4699719913 0.0002964871 0.0421599349 0.8881979721 0.8030496208 0.7349380926 0.6151161603 0.0001299444 1.5431524994 1.5489878791 1.5744634234 0.0001296953 11.5209371476 11.5205418213 11.5205519800 136.4015930663 0.0000584005 0.0003944964 0.9860984163 0.5278865011 0.0939697193 0.0187397209
-84.8622800672 0.0007257262 0.9963803979 0.9998926278 0.0000145734 0.9992523620 0.8749648618 0.9706019030 0.5033626884 0.0010569918 0.0722304304 0.1598408338 0.0001113024 0.9580287752 0.4699360073 0.0002964897 0.0421602993 0.8882033483 0.8030474429 0.7349739251 0.6151255357 0.0001299856 1.5434633800 1.5492728819 1.5747260462 0.0001297387 11.5214791622 11.5210839510 11.5210941134 136.4016001986 0.0000584246 0.0003945000 0.9860976892 0.5279648513 0.0939811353 0.0186957101
-84.8622166664 0.0007257340 0.9963803470 0.9998926262 0.0000145735 0.9992523574 0.8750093119 0.9705926589 0.5032036585 0.0010569966 0.0722412962 0.1599619009 0.0001113031 0.9580220050 0.4698817734 0.0002964924 0.0421606624 0.8882129272 0.8030454506 0.7350216076 0.6151362096 0.0001300509 1.5439133546 1.5496788264 1.5751630175 0.0001298001 11.5231285982 11.5227334390 11.5227436060 136.4015811174 0.0000584596 0.0003945035 0.9860969747 0.5280911341 0.0939907531 0.0186775565
-84.8621535074 0.0007257418 0.9963802963 0.9998926246 0.0000145736 0.9992523528 0.8750666876 0.9705802869 0.5030045153 0.0010570015 0.0722575876 0.1601274972 0.0001113038 0.9580153270 0.4698005232 0.0002964951 0.0421610243 0.8882257117 0.8030433080 0.7350858140 0.6151487696 0.0001301389 1.5444623488 1.5501721853 1.5757305455 0.0001298802 11.5253805788 11.5249854687 11.5249956419 136.4015246327 0.0000585098 0.0003945071 0.9860962728 0.5282622782 0.0939983007 0.0186669503
-84.8620963520 0.0007257495 0.9963802457 0.9998926230 0.0000145737 0.9992523482 0.8751342542 0.9705633438 0.5028099647 0.0010570063 0.0722766769 0.1603566664 0.0001113045 0.9580087411 0.4696748539 0.0002964977 0.0421613847 0.8882447724 0.8030411428 0.7351735352 0.6151642034 0.0001302605 1.5449912456 1.5506415298 1.5763625455 0.0001299812 11.5303128305 11.5299175315 11.5299277107 136.4014236397 0.0000585720 0.0003945106 0.9860955835 0.5285017553 0.0940034344 0.0186950411
-84.8620531823 0.0007257573 0.9963801950 0.9998926214 0.0000145738 0.9992523435 0.8752045074 0.9705439319 0.5026333637 0.0010570111 0.0723102153 0.1606648064 0.0001113051 0.9580022460 0.4694833631 0.0002965004 0.0421617464 0.8882712932 0.8030383397 0.7352965747 0.6151843425 0.0001304112 1.5451996682 1.5508021367 1.5768264429 0.0001300869 11.5403756671 11.5399795931 11.5399897743 136.4012738529 0.0000586318 0.0003945141 0.9860949054 0.5288041417 0.0940062172 0.0188065043
-84.8620437818 0.0007257653 0.9963801426 0.9998926197 0.0000145739 0.9992523386 0.8752637600 0.9705130559 0.5025136307 0.0010570161 0.0723350683 0.1610455874 0.0001113058 0.9579958362 0.4692101832 0.0002965031 0.0421621202 0.8883092663 0.8030340974 0.7354751473 0.6152131665 0.0001306568 1.5451558440 1.5507168476 1.5771317448 0.0001302466 11.5647884617 11.5643901912 11.5644003654 136.4010849350 0.0000586733 0.0003945177 0.9860942354 0.5292986956 0.0940076026 0.0189992303
-84.8620193580 0.0007257743 0.9963800842 0.9998926179 0.0000145741 0.9992523331 0.8753076364 0.9704969541 0.5024120456 0.0010570217 0.0723691373 0.1614713790 0.0001113066 0.9579894913 0.4688649562 0.0002965062 0.0421625361 0.8883656318 0.8030259000 0.7357297874 0.6152616662 0.0001307839 1.5443610688 1.5500144050 1.5762677420 0.0001303431 11.5841636212 11.5837635734 11.5837737358 136.4008031485 0.0000586494 0.0003945218 0.9860935634 0.5295479072 0.0940118534 0.0188732525
-84.8618433303 0.0007257847 0.9963800161 0.9998926158 0.0000145742 0.9992523265 0.8753429573 0.9705727091 0.5023297809 0.0010570281 0.0724437719 0.1619028463 0.0001113075 0.9579831871 0.4684954647 0.0002965097 0.0421630201 0.8884653139 0.8030264287 0.7359918844 0.6153572197 0.0001302443 1.5422779815 1.5481989172 1.5736465735 0.0001299548 11.5384621710 11.5380658931 11.5380760600 136.4003482458 0.0000585373 0.0003945265 0.9860928802 0.5284729924 0.0940293146 0.0183666323
-84.8617115362 0.0007257954 0.9963799454 0.9998926135 0.0000145744 0.9992523196 0.8753688803 0.9706086532 0.5022230287 0.0010570348 0.0725418711 0.1622978434 0.0001113085 0.9579769630 0.4681640542 0.0002965134 0.0421635222 0.8885401194 0.8030487503 0.7361354471 0.6155084474 0.0001300028 1.5413448049 1.5473822261 1.5724659375 0.0001297758 11.5171873300 11.5167928375 11.5168030070 136.4000290737 0.0000584893 0.0003945314 0.9860922008 0.5279915705 0.0940822557 0.0181323016
-84.8616921988 0.0007257973 0.9963799331 0.9998926132 0.0000145744 0.9992523185 0.8753721253 0.9706115407 0.5022138602 0.0010570360 0.0725599626 0.1623624500 0.0001113086 0.9579758857 0.4681112490 0.0002965140 0.0421636094 0.8885479732 0.8030535063 0.7361495099 0.6155370712 0.0001299835 1.5412678632 1.5473153005 1.5723669213 0.0001297615 11.5154051398 11.5150108063 11.5150209760 136.3999801247 0.0000584856 0.0003945323 0.9860920831 0.5279529440 0.0940982312 0.0181109192
