-81.9627578437 0.0424847593 0.8654050320 0.5102047613 
-81.9627598149 0.0424847546 0.8654050594 0.5101910546 
-81.9627639406 0.0424847448 0.8654051176 0.5101633739 
-81.9627705920 0.0424847290 0.8654052131 0.5101212534 
-81.9627803356 0.0424847059 0.8654053562 0.5100641624 
-81.9627939423 0.0424846736 0.8654055607 0.5099916856 
-81.9628122173 0.0424846302 0.8654058411 0.5098851348 
-81.9628372055 0.0424845708 0.8654062341 0.5098073444 
-81.9628697685 0.0424844934 0.8654067553 0.5097373536 
-81.9629108566 0.0424843958 0.8654074216 0.5096738756 
-81.9629613417 0.0424842758 0.8654082487 0.5096159588 
-81.9630220299 0.0424841315 0.8654092511 0.5095629057 
-81.9630936703 0.0424839612 0.8654104423 0.5095142044 
-81.9631769627 0.0424837631 0.8654118346 0.5094694754 
-81.9632725618 0.0424835358 0.8654134400 0.5094284325 
-81.9633810818 0.0424832777 0.8654152693 0.5093908540 
-81.9635030994 0.0424829876 0.8654173329 0.5093565638 
-81.9636391562 0.0424826640 0.8654196405 0.5093254174 
-81.9637897613 0.0424823059 0.8654222011 0.5092972925 
-81.9639553929 0.0424819120 0.8654250233 0.5092720830 
-81.9641365000 0.0424814812 0.8654281151 0.5092496948 
-81.9643335041 0.0424810127 0.8654314840 0.5092300424 
-81.9645468004 0.0424805054 0.8654351369 0.5092130473 
-81.9647767592 0.0424799585 0.8654390806 0.5091986362 
-81.9650237269 0.0424793711 0.8654433212 0.5091867402 
-81.9652880274 0.0424787425 0.8654478643 0.5091772941 
-81.9655699632 0.0424780720 0.8654527153 0.5091702361 
-81.9658698161 0.0424773588 0.8654578792 0.5091655071 
-81.9661878484 0.0424766024 0.8654633606 0.5091630510 
-81.9665243037 0.0424758022 0.8654691638 0.5091628142 
-81.9668794081 0.0424749577 0.8654752928 0.5091647457 
-81.9672533703 0.0424740683 0.8654817512 0.5091687966 
-81.9676463833 0.0424731336 0.8654885422 0.5091749204 
-81.9680586243 0.0424721532 0.8654956691 0.5091830729 
-81.9684902560 0.0424711267 0.8655031347 0.5091932118 
-81.9689414271 0.0424700538 0.8655109414 0.5092052967 
-81.9694122726 0.0424689340 0.8655190915 0.5092192895 
-81.9699029149 0.0424677673 0.8655275872 0.5092351535 
-81.9704134643 0.0424665532 0.8655364303 0.5092528541 
-81.9709440189 0.0424652915 0.8655456224 0.5092723583 
-81.9714946661 0.0424639821 0.8655551649 0.5092936349 
-81.9720654822 0.0424626248 0.8655650591 0.5093166542 
-81.9726565333 0.0424612194 0.8655753060 0.5093413881 
-81.9732678758 0.0424597658 0.8655859065 0.5093678102 
-81.9738995565 0.0424582639 0.8655968612 0.5093958952 
-81.9745516129 0.0424567136 0.8656081706 0.5094256197 
-81.9752240739 0.0424551148 0.8656198352 0.5094569615 
-81.9759169601 0.0424534676 0.8656318551 0.5094898997 
-81.9766302837 0.0424517718 0.8656442304 0.5095244148 
-81.9773640491 0.0424500274 0.8656569609 0.5095604889 
-81.9781182531 0.0424482345 0.8656700464 0.5095981049 
-81.9788928850 0.0424463932 0.8656834866 0.5096372473 
-81.9796879270 0.0424445034 0.8656972810 0.5096779018 
-81.9805033544 0.0424425652 0.8657114288 0.5097200553 
-81.9813391353 0.0424405787 0.8657259294 0.5097636958 
-81.9821952315 0.0424385441 0.8657407818 0.5098088126 
-81.9830715980 0.0424364613 0.8657559851 0.5098553961 
-81.9839681834 0.0424343306 0.8657715380 0.5099034379 
-81.9848849298 0.0424321521 0.8657874394 0.5099529308 
-81.9858217733 0.0424299259 0.8658036879 0.5100038686 
-81.9867786435 0.0424276523 0.8658202820 0.5100562461 
-81.9877554639 0.0424253314 0.8658372201 0.5101100595 
-81.9887521517 0.0424229633 0.8658545004 0.5101653059 
-81.9897686178 0.0424205485 0.8658721212 0.5102219834 
-81.9908047672 0.0424180869 0.8658900805 0.5102800913 
-81.9918604984 0.0424155791 0.8659083762 0.5103396297 
-81.9929357036 0.0424130250 0.8659270061 0.5104005999 
-81.9940302685 0.0424104252 0.8659459680 0.5104630039 
-81.9951440726 0.0424077798 0.8659652594 0.5105268449 
-81.9962769885 0.0424050892 0.8659848778 0.5105921265 
-81.9974288822 0.0424023536 0.8660048204 0.5106588534 
-81.9985996130 0.0423995736 0.8660250846 0.5107270308 
-81.9997890330 0.0423967493 0.8660456672 0.5107966641 
-82.0009969873 0.0423938811 0.8660665654 0.5108677593 
-82.0022233135 0.0423909696 0.8660877759 0.5109403220 
-82.0034678419 0.0423880150 0.8661092953 0.5110143576 
-82.0047303951 0.0423850178 0.8661311201 0.5110898706 
-82.0060107877 0.0423819785 0.8661532468 0.5111668636 
-82.0073088267 0.0423788975 0.8661756715 0.5112453368 
-82.0086243106 0.0423757754 0.8661983904 0.5113252870 
-82.0099570301 0.0423726125 0.8662213993 0.5114067051 
-82.0113067675 0.0423694095 0.8662446941 0.5114895749 
-82.0126732970 0.0423661669 0.8662682702 0.5115738696 
-82.0140563849 0.0423628852 0.8662921233 0.5116595486 
-82.0154557901 0.0423595651 0.8663162486 0.5117465515 
-82.0168712643 0.0423562071 0.8663406413 0.5118347922 
-82.0183025536 0.0423528118 0.8663652966 0.5119241498 
-82.0197493991 0.0423493799 0.8663902094 0.5120144568 
-82.0212115395 0.0423459120 0.8664153746 0.5121054847 
-82.0226887137 0.0423424087 0.8664407872 0.5121969240 
-82.0241806644 0.0423388707 0.8664664423 0.5122883613 
-82.0256871436 0.0423352985 0.8664923348 0.5123792493 
-82.0272079196 0.0423316927 0.8665184605 0.5124688742 
-82.0287427858 0.0423280538 0.8665448150 0.5125563195 
-82.0302915732 0.0423243823 0.8665713949 0.5126404370 
-82.0318541658 0.0423206783 0.8665981978 0.5127198391 
-82.0334305199 0.0423169420 0.8666252224 0.5127929498 
-82.0350206874 0.0423131733 0.8666524691 0.5128581939 
-82.0366248422 0.0423093717 0.8666799406 0.5129144973 
-82.0382433065 0.0423055366 0.8667076422 0.5129624608 
-82.0398765635 0.0423016668 0.8667355819 0.5130064787 
-82.0407008656 0.0422997139 0.8667496762 0.5130290357 
-82.0415407305 0.0422977242 0.8667640253 0.5130490126 
-82.0423964696 0.0422956970 0.8667786345 0.5130678165 
-82.0432684176 0.0422936315 0.8667935095 0.5130863743 
-82.0441569215 0.0422915269 0.8668086561 0.5131052783 
-82.0450623337 0.0422893823 0.8668240803 0.5131248950 
-82.0459850078 0.0422871970 0.8668397881 0.5131454430 
-82.0469252973 0.0422849702 0.8668557854 0.5131670466 
-82.0478835533 0.0422827008 0.8668720781 0.5131897714 
-82.0488601249 0.0422803883 0.8668886719 0.5132136473 
-82.0498553590 0.0422780317 0.8669055728 0.5132386825 
-82.0508696003 0.0422756302 0.8669227863 0.5132648719 
-82.0519031918 0.0422731830 0.8669403182 0.5132922025 
-82.0529564755 0.0422706894 0.8669581741 0.5133206560 
-82.0540297923 0.0422681485 0.8669763596 0.5133502117 
-82.0551234832 0.0422655596 0.8669948802 0.5133808465 
-82.0562378896 0.0422629217 0.8670137415 0.5134125370 
-82.0573733536 0.0422602342 0.8670329492 0.5134452588 
-82.0585302191 0.0422574963 0.8670525086 0.5134789878 
-82.0597088320 0.0422547070 0.8670724255 0.5135136998 
-82.0609095410 0.0422518656 0.8670927054 0.5135493713 
-82.0621326980 0.0422489713 0.8671133541 0.5135859789 
-82.0633786589 0.0422460233 0.8671343771 0.5136234999 
-82.0646477841 0.0422430206 0.8671557803 0.5136619122 
-82.0659404389 0.0422399625 0.8671775695 0.5137011943 
-82.0672569944 0.0422368481 0.8671997505 0.5137413254 
-82.0685978276 0.0422336765 0.8672223295 0.5137822852 
-82.0699633227 0.0422304468 0.8672453124 0.5138240544 
-82.0713538709 0.0422271581 0.8672687054 0.5138666140 
-82.0727698712 0.0422238095 0.8672925150 0.5139099460 
-82.0742117315 0.0422203999 0.8673167474 0.5139540328 
-82.0756798682 0.0422169285 0.8673414094 0.5139988576 
-82.0771747076 0.0422133943 0.8673665075 0.5140444044 
-82.0786966859 0.0422097962 0.8673920486 0.5140906574 
-82.0802462501 0.0422061332 0.8674180399 0.5141376019 
-82.0818238584 0.0422024042 0.8674444884 0.5141852235 
-82.0834299809 0.0421986082 0.8674714016 0.5142335086 
-82.0850650997 0.0421947439 0.8674987870 0.5142824442 
-82.0867297102 0.0421908103 0.8675266524 0.5143320178 
-82.0884243211 0.0421868062 0.8675550057 0.5143822175 
-82.0901494551 0.0421827304 0.8675838552 0.5144330320 
-82.0919056496 0.0421785815 0.8676132093 0.5144844506 
-82.0936934573 0.0421743584 0.8676430766 0.5145364633 
-82.0955134463 0.0421700597 0.8676734660 0.5145890603 
-82.0973662015 0.0421656840 0.8677043867 0.5146422326 
-82.0992523244 0.0421612299 0.8677358480 0.5146959719 
-82.1011724342 0.0421566961 0.8677678597 0.5147502702 
-82.1031271684 0.0421520810 0.8678004317 0.5148051201 
-82.1051171829 0.0421473831 0.8678335743 0.5148605149 
-82.1071431532 0.0421426008 0.8678672980 0.5149164482 
-82.1092057749 0.0421377326 0.8679016137 0.5149729144 
-82.1113057641 0.0421327767 0.8679365326 0.5150299083 
-82.1134438581 0.0421277315 0.8679720662 0.5150874254 
-82.1156208165 0.0421225951 0.8680082264 0.5151454615 
-82.1178374211 0.0421173659 0.8680450254 0.5152040132 
-82.1200944772 0.0421120418 0.8680824757 0.5152630776 
-82.1223928140 0.0421066210 0.8681205904 0.5153226522 
-82.1247332856 0.0421011015 0.8681593827 0.5153827354 
-82.1271167711 0.0420954813 0.8681988663 0.5154433259 
-82.1295441760 0.0420897583 0.8682390555 0.5155044230 
-82.1320164326 0.0420839303 0.8682799646 0.5155660266 
-82.1345345007 0.0420779951 0.8683216087 0.5156281373 
-82.1370993684 0.0420719504 0.8683640033 0.5156907560 
-82.1397120532 0.0420657938 0.8684071641 0.5157538843 
-82.1423736023 0.0420595230 0.8684511074 0.5158175244 
-82.1450850938 0.0420531354 0.8684958501 0.5158816790 
-82.1478476373 0.0420466285 0.8685414094 0.5159463511 
-82.1506623748 0.0420399997 0.8685878031 0.5160115443 
-82.1535304817 0.0420332462 0.8686350495 0.5160772626 
-82.1564531676 0.0420263652 0.8686831674 0.5161435103 
-82.1594316772 0.0420193539 0.8687321761 0.5162102917 
-82.1624672910 0.0420122093 0.8687820955 0.5162776114 
-82.1655613270 0.0420049284 0.8688329460 0.5163454735 
-82.1687151408 0.0419975080 0.8688847488 0.5164138819 
-82.1719301273 0.0419899450 0.8689375253 0.5164828395 
-82.1752077214 0.0419822360 0.8689912980 0.5165523479 
-82.1785493995 0.0419743776 0.8690460895 0.5166224066 
-82.1819566803 0.0419663665 0.8691019234 0.5166930121 
-82.1854311262 0.0419581988 0.8691588239 0.5167641569 
-82.1889743448 0.0419498711 0.8692168159 0.5168358274 
-82.1925879902 0.0419413794 0.8692759247 0.5169080020 
-82.1962737648 0.0419327198 0.8693361768 0.5169806481 
-82.2000334207 0.0419238885 0.8693975991 0.5170537182 
-82.2038687624 0.0419148811 0.8694602195 0.5171271447 
-82.2077816484 0.0419056935 0.8695240664 0.5172008327 
-82.2117739943 0.0418963212 0.8695891695 0.5172746514 
-82.2158477761 0.0418867598 0.8696555591 0.5173484216 
-82.2200050341 0.0418770046 0.8697232665 0.5174219007 
-82.2242478775 0.0418670507 0.8697923242 0.5174947627 
-82.2285784907 0.0418568932 0.8698627657 0.5175665734 
-82.2329991406 0.0418465269 0.8699346259 0.5176367601 
-82.2375121859 0.0418359464 0.8700079409 0.5177045769 
-82.2421200892 0.0418251460 0.8700827488 0.5177690673 
-82.2468254320 0.0418141200 0.8701590892 0.5178290328 
-82.2516309329 0.0418028620 0.8702370041 0.5178830242 
-82.2565394704 0.0417913656 0.8703165380 0.5179293926 
-82.2615541103 0.0417796237 0.8703977385 0.5179664842 
-82.2666781358 0.0417676288 0.8704806568 0.5179931601 
-82.2719150778 0.0417553729 0.8705653479 0.5180100270 
-82.2772687318 0.0417428473 0.8706518714 0.5180216817 
-82.2800058982 0.0417364447 0.8706960867 0.5180275487 
-82.2828657104 0.0417297562 0.8707422644 0.5180296046 
-82.2858503339 0.0417227768 0.8707904383 0.5180293075 
-82.2889620583 0.0417155013 0.8708406444 0.5180276100 
-82.2922032868 0.0417079243 0.8708929203 0.5180251138 
-82.2955765315 0.0417000401 0.8709473053 0.5180221846 
-82.2990844108 0.0416918426 0.8710038402 0.5180190345 
-82.3027296489 0.0416833257 0.8710625676 0.5180157781 
-82.3065150772 0.0416744829 0.8711235315 0.5180124703 
-82.3104436356 0.0416653076 0.8711867777 0.5180091291 
-82.3145183745 0.0416557929 0.8712523535 0.5180057505 
-82.3187424578 0.0416459316 0.8713203080 0.5180023168 
-82.3231191655 0.0416357161 0.8713906918 0.5179988019 
-82.3276518964 0.0416251390 0.8714635575 0.5179951746 
-82.3323441717 0.0416141921 0.8715389594 0.5179914001 
-82.3371996376 0.0416028674 0.8716169535 0.5179874417 
-82.3422220694 0.0415911561 0.8716975977 0.5179832609 
-82.3474153745 0.0415790496 0.8717809521 0.5179788186 
-82.3527835963 0.0415665387 0.8718670784 0.5179740752 
-82.3583309177 0.0415536140 0.8719560404 0.5179689904 
-82.3640616653 0.0415402659 0.8720479040 0.5179635240 
-82.3699803131 0.0415264842 0.8721427373 0.5179576356 
-82.3760914868 0.0415122586 0.8722406102 0.5179512849 
-82.3823999681 0.0414975783 0.8723415951 0.5179444315 
-82.3889106988 0.0414824324 0.8724457666 0.5179370350 
-82.3956287856 0.0414668095 0.8725532014 0.5179290552 
-82.4025595046 0.0414506977 0.8726639788 0.5179204517 
-82.4097083062 0.0414340849 0.8727781803 0.5179111845 
-82.4170808201 0.0414169587 0.8728958899 0.5179012132 
-82.4246828602 0.0413993060 0.8730171940 0.5178904977 
-82.4325204301 0.0413811137 0.8731421818 0.5178789977 
-82.4405997284 0.0413623679 0.8732709449 0.5178666730 
-82.4489271545 0.0413430546 0.8734035776 0.5178534830 
-82.4575093142 0.0413231591 0.8735401770 0.5178393874 
-82.4663530257 0.0413026664 0.8736808428 0.5178243454 
-82.4754653259 0.0412815611 0.8738256776 0.5178083163 
-82.4848534768 0.0412598273 0.8739747871 0.5177912589 
-82.4945249719 0.0412374485 0.8741282797 0.5177731319 
-82.5044875432 0.0412144077 0.8742862668 0.5177538938 
-82.5147491680 0.0411906877 0.8744488630 0.5177335027 
-82.5253180765 0.0411662705 0.8746161860 0.5177119162 
-82.5362027590 0.0411411377 0.8747883565 0.5176890918 
-82.5474119739 0.0411152702 0.8749654988 0.5176649863 
-82.5589547556 0.0410886485 0.8751477401 0.5176395561 
-82.5708404226 0.0410612525 0.8753352113 0.5176127573 
-82.5830785866 0.0410330616 0.8755280464 0.5175845451 
-82.5956791608 0.0410040544 0.8757263833 0.5175548745 
-82.6086523694 0.0409742091 0.8759303630 0.5175236994 
-82.6220087570 0.0409435031 0.8761401305 0.5174909735 
-82.6357591985 0.0409119132 0.8763558341 0.5174566494 
-82.6499149092 0.0408794157 0.8765776260 0.5174206790 
-82.6644874551 0.0408459861 0.8768056623 0.5173830135 
-82.6794887644 0.0408115990 0.8770401028 0.5173436031 
-82.6949311382 0.0407762288 0.8772811111 0.5173023971 
-82.7108272622 0.0407398487 0.8775288549 0.5172593435 
-82.7271902194 0.0407024313 0.8777835059 0.5172143896 
-82.7440335020 0.0406639486 0.8780452397 0.5171674812 
-82.7613710245 0.0406243716 0.8783142361 0.5171185629 
-82.7792171376 0.0405836706 0.8785906791 0.5170675779 
-82.7975866418 0.0405418152 0.8788747568 0.5170144678 
-82.8164948017 0.0404987739 0.8791666616 0.5169591726 
-82.8359573617 0.0404545145 0.8794665901 0.5169016305 
-82.8559905609 0.0404090040 0.8797747432 0.5168417775 
-82.8766111499 0.0403622083 0.8800913263 0.5167795476 
-82.8978364069 0.0403140924 0.8804165491 0.5167148720 
-82.9196841558 0.0402646207 0.8807506255 0.5166476791 
-82.9421727842 0.0402137561 0.8810937740 0.5165778942 
-82.9653212620 0.0401614609 0.8814462175 0.5165054386 
-82.9891491610 0.0401076963 0.8818081834 0.5164302295 
-83.0136766758 0.0400524223 0.8821799035 0.5163521789 
-83.0389246444 0.0399955981 0.8825616138 0.5162711927 
-83.0649145706 0.0399371817 0.8829535551 0.5161871699 
-83.0916686471 0.0398771299 0.8833559724 0.5161000006 
-83.1192097792 0.0398153985 0.8837691150 0.5160095647 
-83.1475616103 0.0397519420 0.8841932368 0.5159157292 
-83.1767485477 0.0396867139 0.8846285958 0.5158183452 
-83.2067957899 0.0396196663 0.8850754542 0.5157172439 
-83.2377293559 0.0395507501 0.8855340786 0.5156122318 
-83.2695761145 0.0394799151 0.8860047396 0.5155030837 
-83.3023638163 0.0394071095 0.8864877119 0.5153895342 
-83.3361211272 0.0393322804 0.8869832739 0.5152712658 
-83.3708776629 0.0392553734 0.8874917082 0.5151478940 
-83.4066640271 0.0391763329 0.8880133009 0.5150189472 
-83.4435118504 0.0390951015 0.8885483419 0.5148838393 
-83.4814538335 0.0390116207 0.8890971245 0.5147418341 
-83.5205237923 0.0389258302 0.8896599454 0.5145919973 
-83.5607567083 0.0388376683 0.8902371048 0.5144331323 
-83.6021887825 0.0387470716 0.8908289058 0.5142636938 
-83.6448574955 0.0386539750 0.8914356549 0.5140816729 
-83.6888016752 0.0385583118 0.8920576617 0.5138844433 
-83.7340615722 0.0384600133 0.8926952389 0.5136685588 
-83.7806789477 0.0383590089 0.8933487024 0.5134294885 
-83.8286971753 0.0382552258 0.8940183719 0.5131612823 
-83.8781613604 0.0381485893 0.8947045708 0.5128561719 
-83.9291184841 0.0380390220 0.8954076270 0.5125041380 
-83.9816175738 0.0379264438 0.8961278742 0.5120924543 
-84.0357099082 0.0378107717 0.8968656526 0.5116053288 
-84.0914494260 0.0376919190 0.8976213129 0.5110433313 
-84.1488934382 0.0375697940 0.8983952247 0.5105029346 
-84.2081005585 0.0374443042 0.8991877443 0.5100622357 
-82.2800058982 0.0417364447 0.8706960867 0.5180275487 
-82.2828657104 0.0417297562 0.8707422644 0.5180296046 
-82.2858503339 0.0417227768 0.8707904383 0.5180293075 
-82.2889620583 0.0417155013 0.8708406444 0.5180276100 
-82.2922032868 0.0417079243 0.8708929203 0.5180251138 
-82.2955765315 0.0417000401 0.8709473053 0.5180221846 
-82.2990844108 0.0416918426 0.8710038402 0.5180190345 
-82.3027296489 0.0416833257 0.8710625676 0.5180157781 
-82.3065150772 0.0416744829 0.8711235315 0.5180124703 
-82.3104436356 0.0416653076 0.8711867777 0.5180091291 
-82.3145183745 0.0416557929 0.8712523535 0.5180057505 
-82.3187424578 0.0416459316 0.8713203080 0.5180023168 
-82.3231191655 0.0416357161 0.8713906918 0.5179988019 
-82.3276518964 0.0416251390 0.8714635575 0.5179951746 
-82.3323441717 0.0416141921 0.8715389594 0.5179914001 
-82.3371996376 0.0416028674 0.8716169535 0.5179874417 
-82.3422220694 0.0415911561 0.8716975977 0.5179832609 
-82.3474153745 0.0415790496 0.8717809521 0.5179788186 
-82.3527835963 0.0415665387 0.8718670784 0.5179740752 
-82.3583309177 0.0415536140 0.8719560404 0.5179689904 
-82.3640616653 0.0415402659 0.8720479040 0.5179635240 
-82.3699803131 0.0415264842 0.8721427373 0.5179576356 
-82.3760914868 0.0415122586 0.8722406102 0.5179512849 
-82.3823999681 0.0414975783 0.8723415951 0.5179444315 
-82.3889106988 0.0414824324 0.8724457666 0.5179370350 
-82.3956287856 0.0414668095 0.8725532014 0.5179290552 
-82.4025595046 0.0414506977 0.8726639788 0.5179204517 
-82.4097083062 0.0414340849 0.8727781803 0.5179111845 
-82.4170808201 0.0414169587 0.8728958899 0.5179012132 
-82.4246828602 0.0413993060 0.8730171940 0.5178904977 
-82.4325204301 0.0413811137 0.8731421818 0.5178789977 
-82.4405997284 0.0413623679 0.8732709449 0.5178666730 
-82.4489271545 0.0413430546 0.8734035776 0.5178534830 
-82.4575093142 0.0413231591 0.8735401770 0.5178393874 
-82.4663530257 0.0413026664 0.8736808428 0.5178243454 
-82.4754653259 0.0412815611 0.8738256776 0.5178083163 
-82.4848534768 0.0412598273 0.8739747871 0.5177912589 
-82.4945249719 0.0412374485 0.8741282797 0.5177731319 
-82.5044875432 0.0412144077 0.8742862668 0.5177538938 
-82.5147491680 0.0411906877 0.8744488630 0.5177335027 
-82.5253180765 0.0411662705 0.8746161860 0.5177119162 
-82.5362027590 0.0411411377 0.8747883565 0.5176890918 
-82.5474119739 0.0411152702 0.8749654988 0.5176649863 
-82.5589547556 0.0410886485 0.8751477401 0.5176395561 
-82.5708404226 0.0410612525 0.8753352113 0.5176127573 
-82.5830785866 0.0410330616 0.8755280464 0.5175845451 
-82.5956791608 0.0410040544 0.8757263833 0.5175548745 
-82.6086523694 0.0409742091 0.8759303630 0.5175236994 
-82.6220087570 0.0409435031 0.8761401305 0.5174909735 
-82.6357591985 0.0409119132 0.8763558341 0.5174566494 
-82.6499149092 0.0408794157 0.8765776260 0.5174206790 
-82.6644874551 0.0408459861 0.8768056623 0.5173830135 
-82.6794887644 0.0408115990 0.8770401028 0.5173436031 
-82.6949311382 0.0407762288 0.8772811111 0.5173023971 
-82.7108272622 0.0407398487 0.8775288549 0.5172593435 
-82.7271902194 0.0407024313 0.8777835059 0.5172143896 
-82.7440335020 0.0406639486 0.8780452397 0.5171674812 
-82.7613710245 0.0406243716 0.8783142361 0.5171185629 
-82.7792171376 0.0405836706 0.8785906791 0.5170675779 
-82.7975866418 0.0405418152 0.8788747568 0.5170144678 
-82.8164948017 0.0404987739 0.8791666616 0.5169591726 
-82.8359573617 0.0404545145 0.8794665901 0.5169016305 
-82.8559905609 0.0404090040 0.8797747432 0.5168417775 
-82.8766111499 0.0403622083 0.8800913263 0.5167795476 
-82.8978364069 0.0403140924 0.8804165491 0.5167148720 
-82.9196841558 0.0402646207 0.8807506255 0.5166476791 
-82.9421727842 0.0402137561 0.8810937740 0.5165778942 
-82.9653212620 0.0401614609 0.8814462175 0.5165054386 
-82.9891491610 0.0401076963 0.8818081834 0.5164302295 
-83.0136766758 0.0400524223 0.8821799035 0.5163521789 
-83.0389246444 0.0399955981 0.8825616138 0.5162711927 
-83.0649145706 0.0399371817 0.8829535551 0.5161871699 
-83.0916686471 0.0398771299 0.8833559724 0.5161000006 
-83.1192097792 0.0398153985 0.8837691150 0.5160095647 
-83.1475616103 0.0397519420 0.8841932368 0.5159157292 
-83.1767485477 0.0396867139 0.8846285958 0.5158183452 
-83.2067957899 0.0396196663 0.8850754542 0.5157172439 
-83.2377293559 0.0395507501 0.8855340786 0.5156122318 
-83.2695761145 0.0394799151 0.8860047396 0.5155030837 
-83.3023638163 0.0394071095 0.8864877119 0.5153895342 
-83.3361211272 0.0393322804 0.8869832739 0.5152712658 
-83.3708776629 0.0392553734 0.8874917082 0.5151478940 
-83.4066640271 0.0391763329 0.8880133009 0.5150189472 
-83.4435118504 0.0390951015 0.8885483419 0.5148838393 
-83.4814538335 0.0390116207 0.8890971245 0.5147418341 
-83.5205237923 0.0389258302 0.8896599454 0.5145919973 
-83.5607567083 0.0388376683 0.8902371048 0.5144331323 
-83.6021887825 0.0387470716 0.8908289058 0.5142636938 
-83.6448574955 0.0386539750 0.8914356549 0.5140816729 
-83.6888016752 0.0385583118 0.8920576617 0.5138844433 
-83.7340615722 0.0384600133 0.8926952389 0.5136685588 
-83.7806789477 0.0383590089 0.8933487024 0.5134294885 
-83.8286971753 0.0382552258 0.8940183719 0.5131612823 
-83.8781613604 0.0381485893 0.8947045708 0.5128561719 
-83.9291184841 0.0380390220 0.8954076270 0.5125041380 
-83.9816175738 0.0379264438 0.8961278742 0.5120924543 
-84.0357099082 0.0378107717 0.8968656526 0.5116053288 
-84.0914494260 0.0376919190 0.8976213129 0.5110433313 
-84.1488934382 0.0375697940 0.8983952247 0.5105029346 
-84.2081005585 0.0374443042 0.8991877443 0.5100622357 
-82.0407008656 0.0422997139 0.8667496762 0.5130290357 
-82.0415407305 0.0422977242 0.8667640253 0.5130490126 
-82.0423964696 0.0422956970 0.8667786345 0.5130678165 
-82.0432684176 0.0422936315 0.8667935095 0.5130863743 
-82.0441569215 0.0422915269 0.8668086561 0.5131052783 
-82.0450623336 0.0422893823 0.8668240803 0.5131248950 
-82.0459850078 0.0422871970 0.8668397881 0.5131454430 
-82.0469252973 0.0422849702 0.8668557854 0.5131670466 
-82.0478835533 0.0422827008 0.8668720781 0.5131897714 
-82.0488601249 0.0422803883 0.8668886719 0.5132136473 
-82.0498553590 0.0422780317 0.8669055728 0.5132386825 
-82.0508696003 0.0422756302 0.8669227863 0.5132648719 
-82.0519031918 0.0422731830 0.8669403182 0.5132922025 
-82.0529564755 0.0422706894 0.8669581741 0.5133206560 
-82.0540297923 0.0422681485 0.8669763596 0.5133502117 
-82.0551234832 0.0422655596 0.8669948802 0.5133808465 
-82.0562378896 0.0422629217 0.8670137415 0.5134125370 
-82.0573733536 0.0422602342 0.8670329492 0.5134452588 
-82.0585302191 0.0422574963 0.8670525086 0.5134789878 
-82.0597088320 0.0422547070 0.8670724255 0.5135136998 
-82.0609095410 0.0422518656 0.8670927054 0.5135493713 
-82.0621326980 0.0422489713 0.8671133541 0.5135859789 
-82.0633786589 0.0422460233 0.8671343771 0.5136234999 
-82.0646477841 0.0422430206 0.8671557803 0.5136619122 
-82.0659404389 0.0422399625 0.8671775695 0.5137011943 
-82.0672569944 0.0422368481 0.8671997505 0.5137413254 
-82.0685978276 0.0422336765 0.8672223295 0.5137822852 
-82.0699633227 0.0422304468 0.8672453124 0.5138240544 
-82.0713538709 0.0422271581 0.8672687054 0.5138666140 
-82.0727698712 0.0422238095 0.8672925150 0.5139099460 
-82.0742117315 0.0422203999 0.8673167474 0.5139540328 
-82.0756798682 0.0422169285 0.8673414094 0.5139988576 
-82.0771747076 0.0422133943 0.8673665075 0.5140444044 
-82.0786966859 0.0422097962 0.8673920486 0.5140906574 
-82.0802462501 0.0422061332 0.8674180399 0.5141376019 
-82.0818238584 0.0422024042 0.8674444884 0.5141852235 
-82.0834299809 0.0421986082 0.8674714016 0.5142335086 
-82.0850650997 0.0421947439 0.8674987870 0.5142824442 
-82.0867297102 0.0421908103 0.8675266524 0.5143320178 
-82.0884243211 0.0421868062 0.8675550057 0.5143822175 
-82.0901494551 0.0421827304 0.8675838552 0.5144330320 
-82.0919056496 0.0421785815 0.8676132093 0.5144844506 
-82.0936934573 0.0421743584 0.8676430766 0.5145364633 
-82.0955134463 0.0421700597 0.8676734660 0.5145890603 
-82.0973662015 0.0421656840 0.8677043867 0.5146422326 
-82.0992523244 0.0421612299 0.8677358480 0.5146959719 
-82.1011724342 0.0421566961 0.8677678597 0.5147502702 
-82.1031271684 0.0421520810 0.8678004317 0.5148051201 
-82.1051171829 0.0421473831 0.8678335743 0.5148605149 
-82.1071431532 0.0421426008 0.8678672980 0.5149164482 
-82.1092057749 0.0421377326 0.8679016137 0.5149729144 
-82.1113057641 0.0421327767 0.8679365326 0.5150299083 
-82.1134438581 0.0421277315 0.8679720662 0.5150874254 
-82.1156208165 0.0421225951 0.8680082264 0.5151454615 
-82.1178374211 0.0421173659 0.8680450254 0.5152040132 
-82.1200944772 0.0421120418 0.8680824757 0.5152630776 
-82.1223928140 0.0421066210 0.8681205904 0.5153226522 
-82.1247332856 0.0421011015 0.8681593827 0.5153827354 
-82.1271167711 0.0420954813 0.8681988663 0.5154433259 
-82.1295441761 0.0420897583 0.8682390555 0.5155044230 
-82.1320164326 0.0420839303 0.8682799646 0.5155660266 
-82.1345345007 0.0420779951 0.8683216087 0.5156281373 
-82.1370993684 0.0420719504 0.8683640033 0.5156907560 
-82.1397120532 0.0420657938 0.8684071641 0.5157538843 
-82.1423736023 0.0420595230 0.8684511074 0.5158175244 
-82.1450850938 0.0420531354 0.8684958501 0.5158816790 
-82.1478476373 0.0420466285 0.8685414094 0.5159463511 
-82.1506623748 0.0420399997 0.8685878031 0.5160115443 
-82.1535304817 0.0420332462 0.8686350495 0.5160772626 
-82.1564531676 0.0420263652 0.8686831674 0.5161435103 
-82.1594316772 0.0420193539 0.8687321761 0.5162102917 
-82.1624672910 0.0420122093 0.8687820955 0.5162776114 
-82.1655613270 0.0420049284 0.8688329460 0.5163454735 
-82.1687151408 0.0419975080 0.8688847488 0.5164138819 
-82.1719301273 0.0419899450 0.8689375253 0.5164828395 
-82.1752077214 0.0419822360 0.8689912980 0.5165523479 
-82.1785493995 0.0419743776 0.8690460895 0.5166224066 
-82.1819566803 0.0419663665 0.8691019234 0.5166930121 
-82.1854311262 0.0419581988 0.8691588239 0.5167641569 
-82.1889743448 0.0419498711 0.8692168159 0.5168358274 
-82.1925879902 0.0419413794 0.8692759247 0.5169080020 
-82.1962737648 0.0419327198 0.8693361768 0.5169806481 
-82.2000334207 0.0419238885 0.8693975991 0.5170537182 
-82.2038687624 0.0419148811 0.8694602195 0.5171271447 
-82.2077816484 0.0419056935 0.8695240664 0.5172008327 
-82.2117739943 0.0418963212 0.8695891695 0.5172746514 
-82.2158477761 0.0418867598 0.8696555591 0.5173484216 
-82.2200050341 0.0418770046 0.8697232665 0.5174219007 
-82.2242478775 0.0418670507 0.8697923242 0.5174947627 
-82.2285784907 0.0418568932 0.8698627657 0.5175665734 
-82.2329991406 0.0418465269 0.8699346259 0.5176367601 
-82.2375121859 0.0418359464 0.8700079409 0.5177045769 
-82.2421200892 0.0418251460 0.8700827488 0.5177690673 
-82.2468254320 0.0418141200 0.8701590892 0.5178290328 
-82.2516309329 0.0418028620 0.8702370041 0.5178830242 
-82.2565394704 0.0417913656 0.8703165380 0.5179293926 
-82.2615541103 0.0417796237 0.8703977385 0.5179664842 
-82.2666781358 0.0417676288 0.8704806568 0.5179931601 
-82.2719150778 0.0417553729 0.8705653479 0.5180100270 
-82.2772687318 0.0417428473 0.8706518714 0.5180216817 
-82.2800058982 0.0417364447 0.8706960867 0.5180275487 
-82.2828657104 0.0417297562 0.8707422644 0.5180296046 
-82.2858503339 0.0417227768 0.8707904383 0.5180293075 
-82.2889620583 0.0417155013 0.8708406444 0.5180276100 
-82.2922032868 0.0417079243 0.8708929203 0.5180251138 
-82.2955765315 0.0417000401 0.8709473053 0.5180221846 
-82.2990844108 0.0416918426 0.8710038402 0.5180190345 
-82.3027296489 0.0416833257 0.8710625676 0.5180157781 
-82.3065150772 0.0416744829 0.8711235315 0.5180124703 
-82.3104436356 0.0416653076 0.8711867777 0.5180091291 
-82.3145183745 0.0416557929 0.8712523535 0.5180057505 
-82.3187424578 0.0416459316 0.8713203080 0.5180023168 
-82.3231191655 0.0416357161 0.8713906918 0.5179988019 
-82.3276518964 0.0416251390 0.8714635575 0.5179951746 
-82.3323441717 0.0416141921 0.8715389594 0.5179914001 
-82.3371996376 0.0416028674 0.8716169535 0.5179874417 
-82.3422220694 0.0415911561 0.8716975977 0.5179832609 
-82.3474153745 0.0415790496 0.8717809521 0.5179788186 
-82.3527835963 0.0415665387 0.8718670784 0.5179740752 
-82.3583309177 0.0415536140 0.8719560404 0.5179689904 
-82.3640616653 0.0415402659 0.8720479040 0.5179635240 
-82.3699803131 0.0415264842 0.8721427373 0.5179576356 
-82.3760914868 0.0415122586 0.8722406102 0.5179512849 
-82.3823999681 0.0414975783 0.8723415951 0.5179444315 
-82.3889106988 0.0414824324 0.8724457666 0.5179370350 
-82.3956287856 0.0414668095 0.8725532014 0.5179290552 
-82.4025595046 0.0414506977 0.8726639788 0.5179204517 
-82.4097083062 0.0414340849 0.8727781803 0.5179111845 
-82.4170808201 0.0414169587 0.8728958899 0.5179012132 
-82.4246828602 0.0413993060 0.8730171940 0.5178904977 
-82.4325204301 0.0413811137 0.8731421818 0.5178789977 
-82.4405997284 0.0413623679 0.8732709449 0.5178666730 
-82.4489271545 0.0413430546 0.8734035776 0.5178534830 
-82.4575093142 0.0413231591 0.8735401770 0.5178393874 
-82.4663530257 0.0413026664 0.8736808428 0.5178243454 
-82.4754653259 0.0412815611 0.8738256776 0.5178083163 
-82.4848534768 0.0412598273 0.8739747871 0.5177912589 
-82.4945249719 0.0412374485 0.8741282797 0.5177731319 
-82.5044875432 0.0412144077 0.8742862668 0.5177538938 
-82.5147491680 0.0411906877 0.8744488630 0.5177335027 
-82.5253180765 0.0411662705 0.8746161860 0.5177119162 
-82.5362027590 0.0411411377 0.8747883565 0.5176890918 
-82.5474119739 0.0411152702 0.8749654988 0.5176649863 
-82.5589547556 0.0410886485 0.8751477401 0.5176395561 
-82.5708404226 0.0410612525 0.8753352113 0.5176127573 
-82.5830785866 0.0410330616 0.8755280464 0.5175845451 
-82.5956791608 0.0410040544 0.8757263833 0.5175548745 
-82.6086523694 0.0409742091 0.8759303630 0.5175236994 
-82.6220087570 0.0409435031 0.8761401305 0.5174909735 
-82.6357591985 0.0409119132 0.8763558341 0.5174566494 
-82.6499149092 0.0408794157 0.8765776260 0.5174206790 
-82.6644874551 0.0408459861 0.8768056623 0.5173830135 
-82.6794887644 0.0408115990 0.8770401028 0.5173436031 
-82.6949311382 0.0407762288 0.8772811111 0.5173023971 
-82.7108272622 0.0407398487 0.8775288549 0.5172593435 
-82.7271902194 0.0407024313 0.8777835059 0.5172143896 
-82.7440335020 0.0406639486 0.8780452397 0.5171674812 
-82.7613710245 0.0406243716 0.8783142361 0.5171185629 
-82.7792171376 0.0405836706 0.8785906791 0.5170675779 
-82.7975866418 0.0405418152 0.8788747568 0.5170144678 
-82.8164948017 0.0404987739 0.8791666616 0.5169591726 
-82.8359573617 0.0404545145 0.8794665901 0.5169016305 
-82.8559905609 0.0404090040 0.8797747432 0.5168417775 
-82.8766111499 0.0403622083 0.8800913263 0.5167795476 
-82.8978364069 0.0403140924 0.8804165491 0.5167148720 
-82.9196841558 0.0402646207 0.8807506255 0.5166476791 
-82.9421727842 0.0402137561 0.8810937740 0.5165778942 
-82.9653212620 0.0401614609 0.8814462175 0.5165054386 
-82.9891491610 0.0401076963 0.8818081834 0.5164302295 
-83.0136766758 0.0400524223 0.8821799035 0.5163521789 
-83.0389246444 0.0399955981 0.8825616138 0.5162711927 
-83.0649145706 0.0399371817 0.8829535551 0.5161871699 
-83.0916686471 0.0398771299 0.8833559724 0.5161000006 
-83.1192097792 0.0398153985 0.8837691150 0.5160095647 
-83.1475616103 0.0397519420 0.8841932368 0.5159157292 
-83.1767485477 0.0396867139 0.8846285958 0.5158183452 
-83.2067957899 0.0396196663 0.8850754542 0.5157172439 
-83.2377293559 0.0395507501 0.8855340786 0.5156122318 
-83.2695761145 0.0394799151 0.8860047396 0.5155030837 
-83.3023638163 0.0394071095 0.8864877119 0.5153895342 
-83.3361211272 0.0393322804 0.8869832739 0.5152712658 
-83.3708776629 0.0392553734 0.8874917082 0.5151478940 
-83.4066640271 0.0391763329 0.8880133009 0.5150189472 
-83.4435118504 0.0390951015 0.8885483419 0.5148838393 
-83.4814538335 0.0390116207 0.8890971245 0.5147418341 
-83.5205237923 0.0389258302 0.8896599454 0.5145919973 
-83.5607567083 0.0388376683 0.8902371048 0.5144331323 
-83.6021887825 0.0387470716 0.8908289058 0.5142636938 
-83.6448574955 0.0386539750 0.8914356549 0.5140816729 
-83.6888016752 0.0385583118 0.8920576617 0.5138844433 
-83.7340615722 0.0384600133 0.8926952389 0.5136685588 
-83.7806789477 0.0383590089 0.8933487024 0.5134294885 
-83.8286971753 0.0382552258 0.8940183719 0.5131612823 
-83.8781613604 0.0381485893 0.8947045708 0.5128561719 
-83.9291184841 0.0380390220 0.8954076270 0.5125041380 
-83.9816175738 0.0379264438 0.8961278742 0.5120924543 
-84.0357099082 0.0378107717 0.8968656526 0.5116053288 
-84.0914494260 0.0376919190 0.8976213129 0.5110433313 
-84.1488934382 0.0375697940 0.8983952247 0.5105029346 
-84.2081005585 0.0374443042 0.8991877443 0.5100622357 
-82.2800058982 0.0417364447 0.8706960867 0.5180275487 
-82.2828657104 0.0417297562 0.8707422644 0.5180296046 
-82.2858503339 0.0417227768 0.8707904383 0.5180293075 
-82.2889620583 0.0417155013 0.8708406444 0.5180276100 
-82.2922032868 0.0417079243 0.8708929203 0.5180251138 
-82.2955765315 0.0417000401 0.8709473053 0.5180221846 
-82.2990844108 0.0416918426 0.8710038402 0.5180190345 
-82.3027296489 0.0416833257 0.8710625676 0.5180157781 
-82.3065150772 0.0416744829 0.8711235315 0.5180124703 
-82.3104436356 0.0416653076 0.8711867777 0.5180091291 
-82.3145183745 0.0416557929 0.8712523535 0.5180057505 
-82.3187424578 0.0416459316 0.8713203080 0.5180023168 
-82.3231191655 0.0416357161 0.8713906918 0.5179988019 
-82.3276518964 0.0416251390 0.8714635575 0.5179951746 
-82.3323441717 0.0416141921 0.8715389594 0.5179914001 
-82.3371996376 0.0416028674 0.8716169535 0.5179874417 
-82.3422220694 0.0415911561 0.8716975977 0.5179832609 
-82.3474153745 0.0415790496 0.8717809521 0.5179788186 
-82.3527835963 0.0415665387 0.8718670784 0.5179740752 
-82.3583309177 0.0415536140 0.8719560404 0.5179689904 
-82.3640616653 0.0415402659 0.8720479040 0.5179635240 
-82.3699803131 0.0415264842 0.8721427373 0.5179576356 
-82.3760914868 0.0415122586 0.8722406102 0.5179512849 
-82.3823999681 0.0414975783 0.8723415951 0.5179444315 
-82.3889106988 0.0414824324 0.8724457666 0.5179370350 
-82.3956287856 0.0414668095 0.8725532014 0.5179290552 
-82.4025595046 0.0414506977 0.8726639788 0.5179204517 
-82.4097083062 0.0414340849 0.8727781803 0.5179111845 
-82.4170808201 0.0414169587 0.8728958899 0.5179012132 
-82.4246828602 0.0413993060 0.8730171940 0.5178904977 
-82.4325204301 0.0413811137 0.8731421818 0.5178789977 
-82.4405997284 0.0413623679 0.8732709449 0.5178666730 
-82.4489271545 0.0413430546 0.8734035776 0.5178534830 
-82.4575093142 0.0413231591 0.8735401770 0.5178393874 
-82.4663530257 0.0413026664 0.8736808428 0.5178243454 
-82.4754653259 0.0412815611 0.8738256776 0.5178083163 
-82.4848534768 0.0412598273 0.8739747871 0.5177912589 
-82.4945249719 0.0412374485 0.8741282797 0.5177731319 
-82.5044875432 0.0412144077 0.8742862668 0.5177538938 
-82.5147491680 0.0411906877 0.8744488630 0.5177335027 
-82.5253180765 0.0411662705 0.8746161860 0.5177119162 
-82.5362027590 0.0411411377 0.8747883565 0.5176890918 
-82.5474119739 0.0411152702 0.8749654988 0.5176649863 
-82.5589547556 0.0410886485 0.8751477401 0.5176395561 
-82.5708404227 0.0410612525 0.8753352113 0.5176127573 
-82.5830785866 0.0410330616 0.8755280464 0.5175845451 
-82.5956791608 0.0410040544 0.8757263833 0.5175548745 
-82.6086523694 0.0409742091 0.8759303630 0.5175236994 
-82.6220087570 0.0409435031 0.8761401305 0.5174909735 
-82.6357591985 0.0409119132 0.8763558341 0.5174566494 
-82.6499149092 0.0408794157 0.8765776260 0.5174206790 
-82.6644874551 0.0408459861 0.8768056623 0.5173830135 
-82.6794887644 0.0408115990 0.8770401028 0.5173436031 
-82.6949311382 0.0407762288 0.8772811111 0.5173023971 
-82.7108272622 0.0407398487 0.8775288549 0.5172593435 
-82.7271902194 0.0407024313 0.8777835059 0.5172143896 
-82.7440335020 0.0406639486 0.8780452397 0.5171674812 
-82.7613710245 0.0406243716 0.8783142361 0.5171185629 
-82.7792171376 0.0405836706 0.8785906791 0.5170675779 
-82.7975866418 0.0405418152 0.8788747568 0.5170144678 
-82.8164948017 0.0404987739 0.8791666616 0.5169591726 
-82.8359573617 0.0404545145 0.8794665901 0.5169016305 
-82.8559905609 0.0404090040 0.8797747432 0.5168417775 
-82.8766111499 0.0403622083 0.8800913263 0.5167795476 
-82.8978364069 0.0403140924 0.8804165491 0.5167148720 
-82.9196841559 0.0402646207 0.8807506255 0.5166476791 
-82.9421727842 0.0402137561 0.8810937740 0.5165778942 
-82.9653212620 0.0401614609 0.8814462175 0.5165054386 
-82.9891491610 0.0401076963 0.8818081834 0.5164302295 
-83.0136766758 0.0400524223 0.8821799035 0.5163521789 
-83.0389246444 0.0399955981 0.8825616138 0.5162711927 
-83.0649145706 0.0399371817 0.8829535551 0.5161871699 
-83.0916686471 0.0398771299 0.8833559724 0.5161000006 
-83.1192097793 0.0398153985 0.8837691150 0.5160095647 
-83.1475616103 0.0397519420 0.8841932368 0.5159157292 
-83.1767485477 0.0396867139 0.8846285958 0.5158183452 
-83.2067957899 0.0396196663 0.8850754542 0.5157172439 
-83.2377293559 0.0395507501 0.8855340786 0.5156122318 
-83.2695761145 0.0394799151 0.8860047396 0.5155030837 
-83.3023638163 0.0394071095 0.8864877119 0.5153895342 
-83.3361211272 0.0393322804 0.8869832739 0.5152712658 
-83.3708776629 0.0392553734 0.8874917082 0.5151478940 
-83.4066640271 0.0391763329 0.8880133009 0.5150189472 
-83.4435118504 0.0390951015 0.8885483419 0.5148838393 
-83.4814538335 0.0390116207 0.8890971245 0.5147418341 
-83.5205237923 0.0389258302 0.8896599454 0.5145919973 
-83.5607567083 0.0388376683 0.8902371048 0.5144331323 
-83.6021887825 0.0387470716 0.8908289058 0.5142636938 
-83.6448574956 0.0386539750 0.8914356549 0.5140816729 
-83.6888016752 0.0385583118 0.8920576617 0.5138844433 
-83.7340615722 0.0384600133 0.8926952389 0.5136685588 
-83.7806789477 0.0383590089 0.8933487024 0.5134294885 
-83.8286971753 0.0382552258 0.8940183719 0.5131612823 
-83.8781613604 0.0381485893 0.8947045708 0.5128561719 
-83.9291184841 0.0380390220 0.8954076270 0.5125041380 
-83.9816175738 0.0379264438 0.8961278742 0.5120924543 
-84.0357099082 0.0378107717 0.8968656526 0.5116053288 
-84.0914494260 0.0376919190 0.8976213129 0.5110433313 
-84.1488934382 0.0375697940 0.8983952247 0.5105029346 
-84.2081005585 0.0374443042 0.8991877443 0.5100622357 
-84.2153347892 0.0374289974 0.8992843965 0.5100201693 
-84.2153347892 0.0374289974 0.8992843965 0.5100201693 
-84.2153347892 0.0374289974 0.8992843965 0.5100201693 
-84.2153347892 0.0374289974 0.8992843965 0.5100201693 
