-81.9805671531 0.0424424060 0.8657158864 0.5110671651 
-81.9805675629 0.0424424050 0.8657158918 0.5110605250 
-81.9805684056 0.0424424030 0.8657159029 0.5110473171 
-81.9805697275 0.0424423999 0.8657159206 0.5110276875 
-81.9805715970 0.0424423954 0.8657159461 0.5110018583 
-81.9805741047 0.0424423895 0.8657159811 0.5109701322 
-81.9805772077 0.0424423821 0.8657160248 0.5109168776 
-81.9805814565 0.0424423720 0.8657160870 0.5108806001 
-81.9805868167 0.0424423593 0.8657161672 0.5108449433 
-81.9805934101 0.0424423437 0.8657162675 0.5108099589 
-81.9806013562 0.0424423248 0.8657163901 0.5107756890 
-81.9806107722 0.0424423025 0.8657165371 0.5107421672 
-81.9806217731 0.0424422764 0.8657167104 0.5107094200 
-81.9806344715 0.0424422462 0.8657169123 0.5106774677 
-81.9806489774 0.0424422118 0.8657171445 0.5106463253 
-81.9806653985 0.0424421728 0.8657174092 0.5106160038 
-81.9806838398 0.0424421290 0.8657177080 0.5105865103 
-81.9807044042 0.0424420802 0.8657180429 0.5105578494 
-81.9807271918 0.0424420261 0.8657184157 0.5105300232 
-81.9807523004 0.0424419664 0.8657188282 0.5105030316 
-81.9807798252 0.0424419010 0.8657192819 0.5104768729 
-81.9808098592 0.0424418297 0.8657197787 0.5104515442 
-81.9808424929 0.0424417522 0.8657203200 0.5104270409 
-81.9808778144 0.0424416683 0.8657209076 0.5104033577 
-81.9809159096 0.0424415778 0.8657215429 0.5103804884 
-81.9809568619 0.0424414805 0.8657222273 0.5103584261 
-81.9810007527 0.0424413762 0.8657229625 0.5103371631 
-81.9810476611 0.0424412648 0.8657237497 0.5103166916 
-81.9810976640 0.0424411460 0.8657245904 0.5102970032 
-81.9811508362 0.0424410197 0.8657254859 0.5102780895 
-81.9812072504 0.0424408857 0.8657264375 0.5102599417 
-81.9812669772 0.0424407437 0.8657274465 0.5102425509 
-81.9813300853 0.0424405938 0.8657285140 0.5102259081 
-81.9813966414 0.0424404357 0.8657296413 0.5102100045 
-81.9814667104 0.0424402692 0.8657308295 0.5101948311 
-81.9815403550 0.0424400942 0.8657320797 0.5101803789 
-81.9816176363 0.0424399106 0.8657333931 0.5101666391 
-81.9816986137 0.0424397182 0.8657347707 0.5101536028 
-81.9817833446 0.0424395169 0.8657362135 0.5101412614 
-81.9818718848 0.0424393065 0.8657377225 0.5101296061 
-81.9819642884 0.0424390869 0.8657392986 0.5101186285 
-81.9820606078 0.0424388581 0.8657409429 0.5101083202 
-81.9821608940 0.0424386198 0.8657426561 0.5100986729 
-81.9822651961 0.0424383719 0.8657444393 0.5100896783 
-81.9823735620 0.0424381144 0.8657462931 0.5100813285 
-81.9824860378 0.0424378472 0.8657482185 0.5100736156 
-81.9826026682 0.0424375700 0.8657502162 0.5100665317 
-81.9827234968 0.0424372829 0.8657522871 0.5100600693 
-81.9828485652 0.0424369857 0.8657544317 0.5100542208 
-81.9829779142 0.0424366784 0.8657566509 0.5100489788 
-81.9831115829 0.0424363608 0.8657589454 0.5100443362 
-81.9832496091 0.0424360328 0.8657613158 0.5100402858 
-81.9833920297 0.0424356944 0.8657637628 0.5100368207 
-81.9835388798 0.0424353454 0.8657662870 0.5100339340 
-81.9836901936 0.0424349859 0.8657688889 0.5100316190 
-81.9838460042 0.0424346157 0.8657715692 0.5100298692 
-81.9840063432 0.0424342347 0.8657743285 0.5100286781 
-81.9841712414 0.0424338428 0.8657771672 0.5100280395 
-81.9843407282 0.0424334401 0.8657800859 0.5100279471 
-81.9845148321 0.0424330264 0.8657830850 0.5100283949 
-81.9846935805 0.0424326017 0.8657861652 0.5100293771 
-81.9848769996 0.0424321659 0.8657893267 0.5100308878 
-81.9850651149 0.0424317189 0.8657925701 0.5100329212 
-81.9852579506 0.0424312607 0.8657958958 0.5100354720 
-81.9854555301 0.0424307912 0.8657993041 0.5100385347 
-81.9856578758 0.0424303105 0.8658027955 0.5100421039 
-81.9858650092 0.0424298183 0.8658063704 0.5100461745 
-81.9860769508 0.0424293147 0.8658100291 0.5100507413 
-81.9862937202 0.0424287997 0.8658137719 0.5100557995 
-81.9865153364 0.0424282731 0.8658175991 0.5100613442 
-81.9867418173 0.0424277350 0.8658215111 0.5100673706 
-81.9869731800 0.0424271853 0.8658255082 0.5100738741 
-81.9872094408 0.0424266240 0.8658295906 0.5100808503 
-81.9874506153 0.0424260510 0.8658337586 0.5100882946 
-81.9876967182 0.0424254663 0.8658380124 0.5100962028 
-81.9879477635 0.0424248698 0.8658423523 0.5101045707 
-81.9882037644 0.0424242616 0.8658467785 0.5101133942 
-81.9884647335 0.0424236416 0.8658512912 0.5101226693 
-81.9887306827 0.0424230098 0.8658558906 0.5101323920 
-81.9890016229 0.0424223661 0.8658605769 0.5101425587 
-81.9892775647 0.0424217105 0.8658653502 0.5101531655 
-81.9895585177 0.0424210431 0.8658702108 0.5101642089 
-81.9898444912 0.0424203637 0.8658751587 0.5101756854 
-81.9901354936 0.0424196724 0.8658801940 0.5101875915 
-81.9904315327 0.0424189691 0.8658853170 0.5101999240 
-81.9907326158 0.0424182539 0.8658905277 0.5102126796 
-81.9910387494 0.0424175267 0.8658958262 0.5102258551 
-81.9913499397 0.0424167874 0.8659012126 0.5102394476 
-81.9916661920 0.0424160362 0.8659066870 0.5102534540 
-81.9919875112 0.0424152729 0.8659122495 0.5102678714 
-81.9923139017 0.0424144976 0.8659179001 0.5102826971 
-81.9926453673 0.0424137103 0.8659236388 0.5102979284 
-81.9929819111 0.0424129109 0.8659294657 0.5103135627 
-81.9933235359 0.0424120994 0.8659353808 0.5103295973 
-81.9936702438 0.0424112759 0.8659413842 0.5103460299 
-81.9940220366 0.0424104404 0.8659474758 0.5103628581 
-81.9943789154 0.0424095927 0.8659536557 0.5103800796 
-81.9947408808 0.0424087330 0.8659599238 0.5103976921 
-81.9951079331 0.0424078613 0.8659662801 0.5104156936 
-81.9954800720 0.0424069774 0.8659727246 0.5104340820 
-81.9958572967 0.0424060815 0.8659792573 0.5104528553 
-81.9962396059 0.0424051736 0.8659858780 0.5104720116 
-81.9966269980 0.0424042536 0.8659925869 0.5104915491 
-81.9970194708 0.0424033215 0.8659993837 0.5105114660 
-81.9974170218 0.0424023774 0.8660062684 0.5105317608 
-81.9978196478 0.0424014213 0.8660132410 0.5105524317 
-81.9982273454 0.0424004531 0.8660203014 0.5105734773 
-81.9986401108 0.0423994730 0.8660274494 0.5105948961 
-81.9990579394 0.0423984808 0.8660346849 0.5106166868 
-81.9994808267 0.0423974766 0.8660420080 0.5106388480 
-81.9999087674 0.0423964605 0.8660494183 0.5106613786 
-82.0003417558 0.0423954324 0.8660569159 0.5106842773 
-82.0007797860 0.0423943923 0.8660645005 0.5107075431 
-82.0012228516 0.0423933403 0.8660721721 0.5107311750 
-82.0016709457 0.0423922765 0.8660799304 0.5107551720 
-82.0021240611 0.0423912007 0.8660877754 0.5107795333 
-82.0025821901 0.0423901130 0.8660957069 0.5108042580 
-82.0030453247 0.0423890135 0.8661037246 0.5108293455 
-82.0035134564 0.0423879021 0.8661118284 0.5108547950 
-82.0039865763 0.0423867789 0.8661200182 0.5108806060 
-82.0044646753 0.0423856439 0.8661282937 0.5109067779 
-82.0049477437 0.0423844972 0.8661366548 0.5109333103 
-82.0054357714 0.0423833387 0.8661451011 0.5109602029 
-82.0059287480 0.0423821685 0.8661536326 0.5109874551 
-82.0064266627 0.0423809866 0.8661622489 0.5110150669 
-82.0069295041 0.0423797931 0.8661709500 0.5110430380 
-82.0074372608 0.0423785879 0.8661797354 0.5110713683 
-82.0079499205 0.0423773711 0.8661886050 0.5111000576 
-82.0084674710 0.0423761427 0.8661975585 0.5111291061 
-82.0089898993 0.0423749028 0.8662065956 0.5111585138 
-82.0095171922 0.0423736513 0.8662157162 0.5111882807 
-82.0100493360 0.0423723884 0.8662249199 0.5112184072 
-82.0105863167 0.0423711141 0.8662342064 0.5112488933 
-82.0111281198 0.0423698283 0.8662435754 0.5112797395 
-82.0116747304 0.0423685312 0.8662530267 0.5113109460 
-82.0122261332 0.0423672227 0.8662625599 0.5113425132 
-82.0127823124 0.0423659030 0.8662721747 0.5113744417 
-82.0133432518 0.0423645720 0.8662818708 0.5114067319 
-82.0139089350 0.0423632297 0.8662916479 0.5114393844 
-82.0144793448 0.0423618763 0.8663015056 0.5114723997 
-82.0150544638 0.0423605118 0.8663114436 0.5115057785 
-82.0156342740 0.0423591362 0.8663214615 0.5115395214 
-82.0162187572 0.0423577495 0.8663315590 0.5115736292 
-82.0168078945 0.0423563518 0.8663417357 0.5116081025 
-82.0174016666 0.0423549432 0.8663519912 0.5116429421 
-82.0180000539 0.0423535237 0.8663623251 0.5116781487 
-82.0186030361 0.0423520933 0.8663727370 0.5117137230 
-82.0192105925 0.0423506521 0.8663832266 0.5117496657 
-82.0198227020 0.0423492002 0.8663937933 0.5117859775 
-82.0204393430 0.0423477376 0.8664044369 0.5118226590 
-82.0210604933 0.0423462643 0.8664151568 0.5118597109 
-82.0216861304 0.0423447804 0.8664259525 0.5118971335 
-82.0223162310 0.0423432860 0.8664368238 0.5119349274 
-82.0229507717 0.0423417811 0.8664477700 0.5119730928 
-82.0235897282 0.0423402658 0.8664587908 0.5120116298 
-82.0242330759 0.0423387401 0.8664698856 0.5120505383 
-82.0248807897 0.0423372042 0.8664810539 0.5120898179 
-82.0255328439 0.0423356579 0.8664922953 0.5121294681 
-82.0261892122 0.0423341016 0.8665036093 0.5121694880 
-82.0268498680 0.0423325351 0.8665149953 0.5122098761 
-82.0275147841 0.0423309585 0.8665264528 0.5122506307 
-82.0281839326 0.0423293720 0.8665379812 0.5122917494 
-82.0288572852 0.0423277756 0.8665495801 0.5123332291 
-82.0295348133 0.0423261693 0.8665612488 0.5123750660 
-82.0302164874 0.0423245532 0.8665729868 0.5124172555 
-82.0309022778 0.0423229275 0.8665847935 0.5124597917 
-82.0315921542 0.0423212921 0.8665966684 0.5125026677 
-82.0322860859 0.0423196472 0.8666086108 0.5125458750 
-82.0329840417 0.0423179928 0.8666206201 0.5125894036 
-82.0336859901 0.0423163290 0.8666326958 0.5126332415 
-82.0343918989 0.0423146559 0.8666448372 0.5126773746 
-82.0351017360 0.0423129735 0.8666570436 0.5127217859 
-82.0358154688 0.0423112820 0.8666693146 0.5127664559 
-82.0365330643 0.0423095814 0.8666816493 0.5128113614 
-82.0372544896 0.0423078718 0.8666940473 0.5128564753 
-82.0379797117 0.0423061532 0.8667065078 0.5129017661 
-82.0387086974 0.0423044258 0.8667190302 0.5129471972 
-82.0394414139 0.0423026896 0.8667316140 0.5129927260 
-82.0401778283 0.0423009447 0.8667442583 0.5130383032 
-82.0409179086 0.0422991912 0.8667569627 0.5130838722 
-82.0416616230 0.0422974292 0.8667697265 0.5131293675 
-82.0424089407 0.0422956587 0.8667825492 0.5131747144 
-82.0431598318 0.0422938798 0.8667954300 0.5132198271 
-82.0439142678 0.0422920926 0.8668083685 0.5132646085 
-82.0446722219 0.0422902972 0.8668213642 0.5133089480 
-82.0454336693 0.0422884935 0.8668344164 0.5133527214 
-82.0461985874 0.0422866817 0.8668475249 0.5133957895 
-82.0469669567 0.0422848618 0.8668606892 0.5134379980 
-82.0477387611 0.0422830338 0.8668739089 0.5134791770 
-82.0485139884 0.0422811978 0.8668871838 0.5135191426 
-82.0492926311 0.0422793538 0.8669005136 0.5135576991 
-82.0500746871 0.0422775018 0.8669138984 0.5135946433 
-82.0508601603 0.0422756418 0.8669273380 0.5136297723 
-82.0516490616 0.0422737737 0.8669408327 0.5136628964 
-82.0524414099 0.0422718976 0.8669543827 0.5136938579 
-82.0532372324 0.0422700133 0.8669679885 0.5137225619 
-82.0540365660 0.0422681208 0.8669816506 0.5137490208 
-82.0548394574 0.0422662199 0.8669953698 0.5137734188 
-82.0556459634 0.0422643106 0.8670091470 0.5137961921 
-82.0564561505 0.0422623926 0.8670229835 0.5138181035 
-82.0572700919 0.0422604659 0.8670368803 0.5138402515 
-82.0576789726 0.0422594980 0.8670438596 0.5138516116 
-82.0580916906 0.0422585211 0.8670509017 0.5138621727 
-82.0585082822 0.0422575350 0.8670580071 0.5138721563 
-82.0589287858 0.0422565397 0.8670651765 0.5138817440 
-82.0593532417 0.0422555351 0.8670724105 0.5138910842 
-82.0597816917 0.0422545210 0.8670797099 0.5139002966 
-82.0602141781 0.0422534974 0.8670870754 0.5139094777 
-82.0606507443 0.0422524642 0.8670945077 0.5139187043 
-82.0610914339 0.0422514213 0.8671020075 0.5139280369 
-82.0615362909 0.0422503685 0.8671095757 0.5139375233 
-82.0619853594 0.0422493058 0.8671172129 0.5139472003 
-82.0624386836 0.0422482330 0.8671249198 0.5139570964 
-82.0628963076 0.0422471501 0.8671326973 0.5139672331 
-82.0633582756 0.0422460570 0.8671405461 0.5139776266 
-82.0638246314 0.0422449535 0.8671484669 0.5139882889 
-82.0642954190 0.0422438395 0.8671564604 0.5139992287 
-82.0647706820 0.0422427150 0.8671645273 0.5140104518 
-82.0652504639 0.0422415799 0.8671726685 0.5140219622 
-82.0657348082 0.0422404339 0.8671808845 0.5140337624 
-82.0662237581 0.0422392771 0.8671891762 0.5140458533 
-82.0667173566 0.0422381094 0.8671975443 0.5140582353 
-82.0672156468 0.0422369305 0.8672059894 0.5140709078 
-82.0677186714 0.0422357406 0.8672145122 0.5140838695 
-82.0682264732 0.0422345393 0.8672231135 0.5140971189 
-82.0687390948 0.0422333267 0.8672317940 0.5141106540 
-82.0692565787 0.0422321026 0.8672405544 0.5141244726 
-82.0697789673 0.0422308669 0.8672493954 0.5141385721 
-82.0703063032 0.0422296196 0.8672583176 0.5141529501 
-82.0708386286 0.0422283605 0.8672673217 0.5141676036 
-82.0713759859 0.0422270896 0.8672764085 0.5141825299 
-82.0719184176 0.0422258067 0.8672855787 0.5141977260 
-82.0724659659 0.0422245117 0.8672948328 0.5142131889 
-82.0730186733 0.0422232046 0.8673041717 0.5142289157 
-82.0735765824 0.0422218852 0.8673135960 0.5142449033 
-82.0741397355 0.0422205535 0.8673231064 0.5142611486 
-82.0747081754 0.0422192093 0.8673327036 0.5142776487 
-82.0752819449 0.0422178525 0.8673423882 0.5142944004 
-82.0758610868 0.0422164831 0.8673521611 0.5143114007 
-82.0764456441 0.0422151009 0.8673620227 0.5143286467 
-82.0770356601 0.0422137059 0.8673719740 0.5143461354 
-82.0776311781 0.0422122979 0.8673820155 0.5143638638 
-82.0782322417 0.0422108768 0.8673921479 0.5143818289 
-82.0788388948 0.0422094426 0.8674023720 0.5144000280 
-82.0794511813 0.0422079951 0.8674126884 0.5144184581 
-82.0800691456 0.0422065342 0.8674230979 0.5144371164 
-82.0806928322 0.0422050598 0.8674336012 0.5144560001 
-82.0813222861 0.0422035719 0.8674441990 0.5144751066 
-82.0819575523 0.0422020703 0.8674548920 0.5144944330 
-82.0825986765 0.0422005549 0.8674656809 0.5145139768 
-82.0832457045 0.0421990256 0.8674765665 0.5145337352 
-82.0838986824 0.0421974822 0.8674875494 0.5145537058 
-82.0845576570 0.0421959248 0.8674986305 0.5145738860 
-82.0852226752 0.0421943532 0.8675098105 0.5145942733 
-82.0858937844 0.0421927672 0.8675210902 0.5146148653 
-82.0865710326 0.0421911667 0.8675324702 0.5146356594 
-82.0872544680 0.0421895517 0.8675439513 0.5146566535 
-82.0879441394 0.0421879220 0.8675555344 0.5146778451 
-82.0886400961 0.0421862776 0.8675672202 0.5146992320 
-82.0893423879 0.0421846182 0.8675790094 0.5147208119 
-82.0900510651 0.0421829438 0.8675909030 0.5147425826 
-82.0907661785 0.0421812542 0.8676029016 0.5147645420 
-82.0914877795 0.0421795495 0.8676150061 0.5147866880 
-82.0922159202 0.0421778293 0.8676272173 0.5148090184 
-82.0929506531 0.0421760936 0.8676395360 0.5148315313 
-82.0936920314 0.0421743423 0.8676519631 0.5148542247 
-82.0944401089 0.0421725752 0.8676644994 0.5148770965 
-82.0951949400 0.0421707923 0.8676771457 0.5149001449 
-82.0959565799 0.0421689933 0.8676899030 0.5149233680 
-82.0967250844 0.0421671782 0.8677027721 0.5149467641 
-82.0975005100 0.0421653469 0.8677157539 0.5149703311 
-82.0982829139 0.0421634991 0.8677288493 0.5149940675 
-82.0990723540 0.0421616348 0.8677420592 0.5150179716 
-82.0998688891 0.0421597539 0.8677553845 0.5150420415 
-82.1006725786 0.0421578561 0.8677688261 0.5150662757 
-82.1014834827 0.0421559413 0.8677823850 0.5150906726 
-82.1023016625 0.0421540095 0.8677960622 0.5151152306 
-82.1031271799 0.0421520605 0.8678098586 0.5151399481 
-82.1039600975 0.0421500940 0.8678237751 0.5151648237 
-82.1048004790 0.0421481100 0.8678378129 0.5151898560 
-82.1056483887 0.0421461084 0.8678519728 0.5152150434 
-82.1065038921 0.0421440889 0.8678662560 0.5152403847 
-82.1073670552 0.0421420514 0.8678806634 0.5152658784 
-82.1082379453 0.0421399958 0.8678951961 0.5152915233 
-82.1091166306 0.0421379219 0.8679098551 0.5153173180 
-82.1100031799 0.0421358295 0.8679246416 0.5153432614 
-82.1108976635 0.0421337185 0.8679395567 0.5153693522 
-82.1118001523 0.0421315887 0.8679546014 0.5153955892 
-82.1127107183 0.0421294399 0.8679697768 0.5154219713 
-82.1136294348 0.0421272720 0.8679850842 0.5154484974 
-82.1145563758 0.0421250849 0.8680005246 0.5154751665 
-82.1154916166 0.0421228782 0.8680160992 0.5155019775 
-82.1164352334 0.0421206519 0.8680318093 0.5155289293 
-82.1173873038 0.0421184058 0.8680476561 0.5155560211 
-82.1183479061 0.0421161397 0.8680636407 0.5155832519 
-82.1193171203 0.0421138533 0.8680797644 0.5156106209 
-82.1202950270 0.0421115466 0.8680960285 0.5156381270 
-82.1212817084 0.0421092193 0.8681124342 0.5156657696 
-82.1222772477 0.0421068713 0.8681289829 0.5156935479 
-82.1232817294 0.0421045022 0.8681456758 0.5157214610 
-82.1242952392 0.0421021120 0.8681625144 0.5157495082 
-82.1253178642 0.0420997005 0.8681794999 0.5157776889 
-82.1263496925 0.0420972674 0.8681966337 0.5158060025 
-82.1273908138 0.0420948125 0.8682139173 0.5158344482 
-82.1284413189 0.0420923356 0.8682313520 0.5158630255 
-82.1295013002 0.0420898365 0.8682489393 0.5158917339 
-82.1305708512 0.0420873150 0.8682666807 0.5159205728 
-82.1316500668 0.0420847709 0.8682845776 0.5159495418 
-82.1327390436 0.0420822039 0.8683026315 0.5159786404 
-82.1338378794 0.0420796138 0.8683208439 0.5160078681 
-82.1349466734 0.0420770004 0.8683392165 0.5160372248 
-82.1360655264 0.0420743634 0.8683577508 0.5160667099 
-82.1371945405 0.0420717026 0.8683764483 0.5160963231 
-82.1383338197 0.0420690179 0.8683953106 0.5161260643 
-82.1394834691 0.0420663088 0.8684143395 0.5161559332 
-82.1406435956 0.0420635752 0.8684335366 0.5161859295 
-82.1418143077 0.0420608169 0.8684529036 0.5162160532 
-82.1429957153 0.0420580335 0.8684724421 0.5162463040 
-82.1441879300 0.0420552249 0.8684921540 0.5162766820 
-82.1453910653 0.0420523907 0.8685120410 0.5163071870 
-82.1466052361 0.0420495307 0.8685321048 0.5163378190 
-82.1478305590 0.0420466446 0.8685523473 0.5163685780 
-82.1490671524 0.0420437322 0.8685727704 0.5163994641 
-82.1503151364 0.0420407931 0.8685933758 0.5164304774 
-82.1515746329 0.0420378271 0.8686141656 0.5164616180 
-82.1528457656 0.0420348339 0.8686351416 0.5164928860 
-82.1541286599 0.0420318133 0.8686563057 0.5165242817 
-82.1554234432 0.0420287648 0.8686776601 0.5165558052 
-82.1567302447 0.0420256882 0.8686992065 0.5165874569 
-82.1580491954 0.0420225833 0.8687209472 0.5166192370 
-82.1593804283 0.0420194497 0.8687428842 0.5166511458 
-82.1607240783 0.0420162871 0.8687650195 0.5166831837 
-82.1620802824 0.0420130951 0.8687873553 0.5167153511 
-82.1634491794 0.0420098735 0.8688098937 0.5167476484 
-82.1648309101 0.0420066220 0.8688326370 0.5167800761 
-82.1662256176 0.0420033401 0.8688555874 0.5168126345 
-82.1676334469 0.0420000277 0.8688787470 0.5168453243 
-82.1690545451 0.0419966842 0.8689021182 0.5168781459 
-82.1704890613 0.0419933094 0.8689257034 0.5169110998 
-82.1719371471 0.0419899030 0.8689495048 0.5169441867 
-82.1733989560 0.0419864646 0.8689735248 0.5169774070 
-82.1748746437 0.0419829938 0.8689977659 0.5170107614 
-82.1763643684 0.0419794902 0.8690222305 0.5170442503 
-82.1778682904 0.0419759535 0.8690469211 0.5170778744 
-82.1793865721 0.0419723834 0.8690718401 0.5171116343 
-82.1809193788 0.0419687794 0.8690969903 0.5171455304 
-82.1824668775 0.0419651411 0.8691223741 0.5171795632 
-82.1840292380 0.0419614682 0.8691479941 0.5172137333 
-82.1856066326 0.0419577603 0.8691738531 0.5172480410 
-82.1871992358 0.0419540169 0.8691999538 0.5172824866 
-82.1888072246 0.0419502377 0.8692262988 0.5173170705 
-82.1904307788 0.0419464222 0.8692528910 0.5173517927 
-82.1920700806 0.0419425700 0.8692797332 0.5173866534 
-82.1937253147 0.0419386808 0.8693068282 0.5174216522 
-82.1953966687 0.0419347540 0.8693341789 0.5174567891 
-82.1970843327 0.0419307893 0.8693617883 0.5174920632 
-82.1987884994 0.0419267861 0.8693896593 0.5175274740 
-82.2005093647 0.0419227441 0.8694177950 0.5175630202 
-82.2022471268 0.0419186627 0.8694461983 0.5175987003 
-82.2040019872 0.0419145416 0.8694748726 0.5176345125 
-82.2057741499 0.0419103802 0.8695038207 0.5176704542 
-82.2075638221 0.0419061781 0.8695330461 0.5177065225 
-82.2093712139 0.0419019348 0.8695625518 0.5177427136 
-82.2111965385 0.0418976498 0.8695923412 0.5177790229 
-82.2130400123 0.0418933227 0.8696224176 0.5178154450 
-82.2149018546 0.0418889528 0.8696527844 0.5178519732 
-82.2167822882 0.0418845397 0.8696834451 0.5178885997 
-82.2186815392 0.0418800829 0.8697144029 0.5179253152 
-82.2205998368 0.0418755819 0.8697456616 0.5179621085 
-82.2225374141 0.0418710361 0.8697772247 0.5179989665 
-82.2244945074 0.0418664450 0.8698090958 0.5180358740 
-82.2264713568 0.0418618080 0.8698412786 0.5180728128 
-82.2284682061 0.0418571245 0.8698737769 0.5181097619 
-82.2304853032 0.0418523941 0.8699065944 0.5181466966 
-82.2325228998 0.0418476162 0.8699397350 0.5181835883 
-82.2345812517 0.0418427900 0.8699732026 0.5182204036 
-82.2366606193 0.0418379151 0.8700070013 0.5182571039 
-82.2387612672 0.0418329909 0.8700411350 0.5182936444 
-82.2408834648 0.0418280167 0.8700756080 0.5183299735 
-82.2430274866 0.0418229919 0.8701104244 0.5183660316 
-82.2451936120 0.0418179159 0.8701455885 0.5184017505 
-82.2473821260 0.0418127880 0.8701811047 0.5184370519 
-82.2495933195 0.0418076076 0.8702169775 0.5184718463 
-82.2518274893 0.0418023739 0.8702532113 0.5185060320 
-82.2540849389 0.0417970863 0.8702898109 0.5185394940 
-82.2563659787 0.0417917441 0.8703267811 0.5185721024 
-82.2586709267 0.0417863466 0.8703641266 0.5186037121 
-82.2610001088 0.0417808929 0.8704018526 0.5186341617 
-82.2633538597 0.0417753824 0.8704399642 0.5186632740 
-82.2657325235 0.0417698143 0.8704784667 0.5186908566 
-82.2681364543 0.0417641877 0.8705173655 0.5187167046 
-82.2705660173 0.0417585018 0.8705566664 0.5187406051 
-82.2730215895 0.0417527559 0.8705963751 0.5187623450 
-82.2755035607 0.0417469488 0.8706364977 0.5187817243 
-82.2780123345 0.0417410799 0.8706770404 0.5187985762 
-82.2805483291 0.0417351480 0.8707180099 0.5188127983 
-82.2831119785 0.0417291522 0.8707594127 0.5188244004 
-82.2857037330 0.0417230915 0.8708012560 0.5188335718 
-82.2883240596 0.0417169649 0.8708435471 0.5188407675 
-82.2909734411 0.0417107711 0.8708862936 0.5188467876 
-82.2936523738 0.0417045092 0.8709295031 0.5188527885 
-82.2950068629 0.0417013434 0.8709513449 0.5188559555 
-82.2963916312 0.0416981071 0.8709736702 0.5188580091 
-82.2978069386 0.0416947996 0.8709964833 0.5188591797 
-82.2992530532 0.0416914205 0.8710197882 0.5188596562 
-82.3007302514 0.0416879689 0.8710435893 0.5188595916 
-82.3022388172 0.0416844443 0.8710678911 0.5188591092 
-82.3037790417 0.0416808461 0.8710926981 0.5188583077 
-82.3053512232 0.0416771735 0.8711180149 0.5188572652 
-82.3069556666 0.0416734258 0.8711438464 0.5188560427 
-82.3085926839 0.0416696024 0.8711701973 0.5188546879 
-82.3102625934 0.0416657024 0.8711970728 0.5188532372 
-82.3119657203 0.0416617253 0.8712244777 0.5188517183 
-82.3137023962 0.0416576701 0.8712524174 0.5188501516 
-82.3154729594 0.0416535363 0.8712808971 0.5188485522 
-82.3172777548 0.0416493228 0.8713099221 0.5188469307 
-82.3191171339 0.0416450291 0.8713394980 0.5188452944 
-82.3209914550 0.0416406542 0.8713696302 0.5188436477 
-82.3229010833 0.0416361973 0.8714003245 0.5188419932 
-82.3248463906 0.0416316576 0.8714315866 0.5188403318 
-82.3268277558 0.0416270342 0.8714634225 0.5188386629 
-82.3288455647 0.0416223262 0.8714958380 0.5188369853 
-82.3309002102 0.0416175329 0.8715288393 0.5188352968 
-82.3329920924 0.0416126531 0.8715624325 0.5188335947 
-82.3351216187 0.0416076861 0.8715966240 0.5188318757 
-82.3372892038 0.0416026309 0.8716314202 0.5188301362 
-82.3394952698 0.0415974865 0.8716668275 0.5188283723 
-82.3417402463 0.0415922520 0.8717028526 0.5188265799 
-82.3440245707 0.0415869263 0.8717395022 0.5188247547 
-82.3463486881 0.0415815085 0.8717767832 0.5188228921 
-82.3487130513 0.0415759976 0.8718147025 0.5188209876 
-82.3511181213 0.0415703925 0.8718532672 0.5188190364 
-82.3535643668 0.0415646921 0.8718924844 0.5188170338 
-82.3560522650 0.0415588954 0.8719323616 0.5188149750 
-82.3585823013 0.0415530012 0.8719729061 0.5188128549 
-82.3611549694 0.0415470086 0.8720141255 0.5188106687 
-82.3637707715 0.0415409163 0.8720560275 0.5188084114 
-82.3664302186 0.0415347231 0.8720986198 0.5188060780 
-82.3691338302 0.0415284280 0.8721419104 0.5188036634 
-82.3718821348 0.0415220297 0.8721859073 0.5188011628 
-82.3746756700 0.0415155270 0.8722306187 0.5187985709 
-82.3775149822 0.0415089188 0.8722760529 0.5187958829 
-82.3804006273 0.0415022037 0.8723222183 0.5187930935 
-82.3833331704 0.0414953804 0.8723691235 0.5187901978 
-82.3863131864 0.0414884478 0.8724167773 0.5187871908 
-82.3893412593 0.0414814044 0.8724651884 0.5187840673 
-82.3924179834 0.0414742491 0.8725143658 0.5187808224 
-82.3955439625 0.0414669803 0.8725643186 0.5187774509 
-82.3987198107 0.0414595967 0.8726150561 0.5187739479 
-82.4019461522 0.0414520970 0.8726665877 0.5187703083 
-82.4052236214 0.0414444797 0.8727189229 0.5187665270 
-82.4085528633 0.0414367434 0.8727720715 0.5187625991 
-82.4119345335 0.0414288867 0.8728260431 0.5187585195 
-82.4153692984 0.0414209079 0.8728808478 0.5187542832 
-82.4188578351 0.0414128057 0.8729364958 0.5187498851 
-82.4224008321 0.0414045785 0.8729929973 0.5187453202 
-82.4259989888 0.0413962247 0.8730503627 0.5187405836 
-82.4296530163 0.0413877429 0.8731086026 0.5187356701 
-82.4333636369 0.0413791312 0.8731677278 0.5187305748 
-82.4371315849 0.0413703882 0.8732277492 0.5187252926 
-82.4409576064 0.0413615122 0.8732886778 0.5187198186 
-82.4448424596 0.0413525015 0.8733505248 0.5187141476 
-82.4487869146 0.0413433544 0.8734133016 0.5187082747 
-82.4527917544 0.0413340691 0.8734770198 0.5187021948 
-82.4568577742 0.0413246440 0.8735416911 0.5186959029 
-82.4609857820 0.0413150771 0.8736073274 0.5186893939 
-82.4651765990 0.0413053668 0.8736739406 0.5186826627 
-82.4694310591 0.0412955112 0.8737415431 0.5186757044 
-82.4737500100 0.0412855084 0.8738101473 0.5186685138 
-82.4781343124 0.0412753564 0.8738797656 0.5186610859 
-82.4825848411 0.0412650535 0.8739504110 0.5186534155 
-82.4871024847 0.0412545976 0.8740220962 0.5186454975 
-82.4916881457 0.0412439868 0.8740948344 0.5186373268 
-82.4963427412 0.0412332190 0.8741686388 0.5186288984 
-82.5010672025 0.0412222923 0.8742435231 0.5186202069 
-82.5058624760 0.0412112045 0.8743195008 0.5186112474 
-82.5107295227 0.0411999535 0.8743965858 0.5186020145 
-82.5156693190 0.0411885372 0.8744747920 0.5185925030 
-82.5206828566 0.0411769535 0.8745541339 0.5185827078 
-82.5257711427 0.0411652001 0.8746346257 0.5185726236 
-82.5309352005 0.0411532748 0.8747162821 0.5185622452 
-82.5361760692 0.0411411754 0.8747991180 0.5185515671 
-82.5414948044 0.0411288996 0.8748831483 0.5185405842 
-82.5468924781 0.0411164450 0.8749683882 0.5185292911 
-82.5523701792 0.0411038093 0.8750548532 0.5185176823 
-82.5579290137 0.0410909901 0.8751425590 0.5185057525 
-82.5635701047 0.0410779849 0.8752315212 0.5184934964 
-82.5692945931 0.0410647913 0.8753217561 0.5184809083 
-82.5751036375 0.0410514069 0.8754132798 0.5184679828 
-82.5809984146 0.0410378289 0.8755061089 0.5184547145 
-82.5869801194 0.0410240550 0.8756002599 0.5184410977 
-82.5930499657 0.0410100825 0.8756957498 0.5184271268 
-82.5992091860 0.0409959086 0.8757925957 0.5184127963 
-82.6054590323 0.0409815309 0.8758908149 0.5183981003 
-82.6118007758 0.0409669464 0.8759904251 0.5183830333 
-82.6182357076 0.0409521525 0.8760914439 0.5183675895 
-82.6247651391 0.0409371464 0.8761938894 0.5183517631 
-82.6313904016 0.0409219252 0.8762977798 0.5183355482 
-82.6381128476 0.0409064860 0.8764031336 0.5183189390 
-82.6449338504 0.0408908259 0.8765099695 0.5183019295 
-82.6518548047 0.0408749420 0.8766183064 0.5182845137 
-82.6588771268 0.0408588312 0.8767281635 0.5182666857 
-82.6660022550 0.0408424906 0.8768395601 0.5182484392 
-82.6732316501 0.0408259170 0.8769525160 0.5182297683 
-82.6805667955 0.0408091072 0.8770670509 0.5182106666 
-82.6880091976 0.0407920581 0.8771831850 0.5181911280 
-82.6955603862 0.0407747666 0.8773009388 0.5181711460 
-82.7032219149 0.0407572292 0.8774203327 0.5181507145 
-82.7109953614 0.0407394427 0.8775413876 0.5181298267 
-82.7188823280 0.0407214038 0.8776641247 0.5181084764 
-82.7268844418 0.0407031091 0.8777885653 0.5180866569 
-82.7350033552 0.0406845550 0.8779147310 0.5180643615 
-82.7432407463 0.0406657381 0.8780426437 0.5180415835 
-82.7515983193 0.0406466549 0.8781723254 0.5180183162 
-82.7600778047 0.0406273017 0.8783037987 0.5179945526 
-82.7686809603 0.0406076749 0.8784370860 0.5179702857 
-82.7774095710 0.0405877708 0.8785722103 0.5179455085 
-82.7862654493 0.0405675857 0.8787091948 0.5179202138 
-82.7952504364 0.0405471157 0.8788480629 0.5178943945 
-82.8043664016 0.0405263571 0.8789888382 0.5178680431 
-82.8136152439 0.0405053058 0.8791315447 0.5178411522 
-82.8229988914 0.0404839581 0.8792762066 0.5178137142 
-82.8325193026 0.0404623097 0.8794228483 0.5177857215 
-82.8421784664 0.0404403568 0.8795714948 0.5177571662 
-82.8519784029 0.0404180951 0.8797221708 0.5177280405 
-82.8619211635 0.0403955205 0.8798749018 0.5176983363 
-82.8720088319 0.0403726287 0.8800297134 0.5176680454 
-82.8822435244 0.0403494155 0.8801866312 0.5176371594 
-82.8926273902 0.0403258766 0.8803456816 0.5176056699 
-82.9031626124 0.0403020074 0.8805068907 0.5175735681 
-82.9138514082 0.0402778036 0.8806702854 0.5175408452 
-82.9246960296 0.0402532606 0.8808358925 0.5175074922 
-82.9356987640 0.0402283739 0.8810037392 0.5174734998 
-82.9468619347 0.0402031388 0.8811738531 0.5174388586 
-82.9581879016 0.0401775506 0.8813462619 0.5174035589 
-82.9696790617 0.0401516044 0.8815209936 0.5173675907 
-82.9813378497 0.0401252956 0.8816980766 0.5173309439 
-82.9931667390 0.0400986192 0.8818775394 0.5172936078 
-83.0051682417 0.0400715702 0.8820594110 0.5172555718 
-83.0173449098 0.0400441436 0.8822437205 0.5172168246 
-83.0296993356 0.0400163342 0.8824304974 0.5171773548 
-83.0422341527 0.0399881371 0.8826197713 0.5171371503 
-83.0549520361 0.0399595468 0.8828115722 0.5170961988 
-83.0678557037 0.0399305582 0.8830059305 0.5170544874 
-83.0809479162 0.0399011658 0.8832028766 0.5170120028 
-83.0942314787 0.0398713642 0.8834024413 0.5169687309 
-83.1077092406 0.0398411478 0.8836046559 0.5169246572 
-83.1213840972 0.0398105112 0.8838095515 0.5168797663 
-83.1352589898 0.0397794487 0.8840171599 0.5168340420 
-83.1493369069 0.0397479544 0.8842275130 0.5167874674 
-83.1636208852 0.0397160227 0.8844406430 0.5167400244 
-83.1781140097 0.0396836477 0.8846565822 0.5166916939 
-83.1928194154 0.0396508233 0.8848753634 0.5166424557 
-83.2077402880 0.0396175436 0.8850970197 0.5165922880 
-83.2228798641 0.0395838024 0.8853215841 0.5165411677 
-83.2382414334 0.0395495936 0.8855490903 0.5164890698 
-83.2538283383 0.0395149108 0.8857795720 0.5164359673 
-83.2696439760 0.0394797478 0.8860130631 0.5163818312 
-83.2856917989 0.0394440981 0.8862495980 0.5163266299 
-83.3019753155 0.0394079552 0.8864892112 0.5162703289 
-83.3184980922 0.0393713125 0.8867319375 0.5162128906 
-83.3352637536 0.0393341633 0.8869778118 0.5161542737 
-83.3522759839 0.0392965008 0.8872268694 0.5160944328 
-83.3695385283 0.0392583182 0.8874791457 0.5160333177 
-83.3870551938 0.0392196086 0.8877346766 0.5159708728 
-83.4048298507 0.0391803648 0.8879934980 0.5159070365 
-83.4228664337 0.0391405798 0.8882556460 0.5158417397 
-83.4411689434 0.0391002464 0.8885211570 0.5157749057 
-83.4597414474 0.0390593573 0.8887900677 0.5157064480 
-83.4785880818 0.0390179050 0.8890624149 0.5156362697 
-83.4977130529 0.0389758821 0.8893382357 0.5155642616 
-83.5171206385 0.0389332810 0.8896175672 0.5154903001 
-83.5368151893 0.0388900939 0.8899004471 0.5154142456 
-83.5568011310 0.0388463131 0.8901869130 0.5153359392 
-83.5770829659 0.0388019307 0.8904770027 0.5152552009 
-83.5976652745 0.0387569387 0.8907707544 0.5151718251 
-83.6185527176 0.0387113290 0.8910682062 0.5150855775 
-83.6397500386 0.0386650934 0.8913693967 0.5149961904 
-83.6612620652 0.0386182236 0.8916743646 0.5149033576 
-83.6830937119 0.0385707111 0.8919831486 0.5148067280 
-83.7052499828 0.0385225474 0.8922957878 0.5147058994 
-83.7277359737 0.0384737238 0.8926123216 0.5146004104 
-83.7505568753 0.0384242315 0.8929327893 0.5144897313 
-83.7737179761 0.0383740616 0.8932572307 0.5143732542 
-83.7972246659 0.0383232051 0.8935856855 0.5142502819 
-83.8210824394 0.0382716529 0.8939181941 0.5141200154 
-83.8452968998 0.0382193954 0.8942547966 0.5139815406 
-83.8698737635 0.0381664234 0.8945955339 0.5138338148 
-83.8948188648 0.0381127272 0.8949404467 0.5136756532 
-83.9201381607 0.0380582970 0.8952895763 0.5135057162 
-83.9458377372 0.0380031229 0.8956429644 0.5133224985 
-83.9719238147 0.0379471947 0.8960006528 0.5131243179 
-83.9984027554 0.0378905022 0.8963626840 0.5129092999 
-84.0252810701 0.0378330347 0.8967291008 0.5126753809 
-84.0525654294 0.0377747817 0.8970999466 0.5124206319 
-84.0802626898 0.0377157320 0.8974752657 0.5121455097 
-84.1083799470 0.0376558744 0.8978551039 0.5118590364 
-84.1369245088 0.0375951971 0.8982395082 0.5115788117 
-84.1659037392 0.0375336885 0.8986285243 0.5113186482 
-84.1953249863 0.0374713370 0.8990221957 0.5110845296 
-84.2251955905 0.0374081314 0.8994205636 0.5108771948 
-82.2950068629 0.0417013434 0.8709513449 0.5188559555 
-82.2963916312 0.0416981071 0.8709736702 0.5188580091 
-82.2978069386 0.0416947996 0.8709964833 0.5188591797 
-82.2992530532 0.0416914205 0.8710197882 0.5188596562 
-82.3007302514 0.0416879689 0.8710435893 0.5188595916 
-82.3022388172 0.0416844443 0.8710678911 0.5188591092 
-82.3037790417 0.0416808461 0.8710926981 0.5188583077 
-82.3053512232 0.0416771735 0.8711180149 0.5188572652 
-82.3069556666 0.0416734258 0.8711438464 0.5188560427 
-82.3085926839 0.0416696024 0.8711701973 0.5188546879 
-82.3102625934 0.0416657024 0.8711970728 0.5188532372 
-82.3119657203 0.0416617253 0.8712244777 0.5188517183 
-82.3137023962 0.0416576701 0.8712524174 0.5188501516 
-82.3154729594 0.0416535363 0.8712808971 0.5188485522 
-82.3172777548 0.0416493228 0.8713099221 0.5188469307 
-82.3191171339 0.0416450291 0.8713394980 0.5188452944 
-82.3209914550 0.0416406542 0.8713696302 0.5188436477 
-82.3229010833 0.0416361973 0.8714003245 0.5188419932 
-82.3248463906 0.0416316576 0.8714315866 0.5188403318 
-82.3268277558 0.0416270342 0.8714634225 0.5188386629 
-82.3288455647 0.0416223262 0.8714958380 0.5188369853 
-82.3309002102 0.0416175329 0.8715288393 0.5188352968 
-82.3329920924 0.0416126531 0.8715624325 0.5188335947 
-82.3351216187 0.0416076861 0.8715966240 0.5188318757 
-82.3372892038 0.0416026309 0.8716314202 0.5188301362 
-82.3394952698 0.0415974865 0.8716668275 0.5188283723 
-82.3417402463 0.0415922520 0.8717028526 0.5188265799 
-82.3440245707 0.0415869263 0.8717395022 0.5188247547 
-82.3463486881 0.0415815085 0.8717767832 0.5188228921 
-82.3487130513 0.0415759976 0.8718147025 0.5188209876 
-82.3511181213 0.0415703925 0.8718532672 0.5188190364 
-82.3535643668 0.0415646921 0.8718924844 0.5188170338 
-82.3560522650 0.0415588954 0.8719323616 0.5188149750 
-82.3585823013 0.0415530012 0.8719729061 0.5188128549 
-82.3611549694 0.0415470086 0.8720141255 0.5188106687 
-82.3637707715 0.0415409163 0.8720560275 0.5188084114 
-82.3664302186 0.0415347231 0.8720986198 0.5188060780 
-82.3691338302 0.0415284280 0.8721419104 0.5188036634 
-82.3718821348 0.0415220297 0.8721859073 0.5188011628 
-82.3746756700 0.0415155270 0.8722306187 0.5187985709 
-82.3775149822 0.0415089188 0.8722760529 0.5187958829 
-82.3804006273 0.0415022037 0.8723222183 0.5187930935 
-82.3833331704 0.0414953804 0.8723691235 0.5187901978 
-82.3863131864 0.0414884478 0.8724167773 0.5187871908 
-82.3893412593 0.0414814044 0.8724651884 0.5187840673 
-82.3924179834 0.0414742491 0.8725143658 0.5187808224 
-82.3955439625 0.0414669803 0.8725643186 0.5187774509 
-82.3987198107 0.0414595967 0.8726150561 0.5187739479 
-82.4019461522 0.0414520970 0.8726665877 0.5187703083 
-82.4052236214 0.0414444797 0.8727189229 0.5187665270 
-82.4085528633 0.0414367434 0.8727720715 0.5187625991 
-82.4119345335 0.0414288867 0.8728260431 0.5187585195 
-82.4153692984 0.0414209079 0.8728808478 0.5187542832 
-82.4188578351 0.0414128057 0.8729364958 0.5187498851 
-82.4224008321 0.0414045785 0.8729929973 0.5187453202 
-82.4259989888 0.0413962247 0.8730503627 0.5187405836 
-82.4296530163 0.0413877429 0.8731086026 0.5187356701 
-82.4333636369 0.0413791312 0.8731677278 0.5187305748 
-82.4371315849 0.0413703882 0.8732277492 0.5187252926 
-82.4409576064 0.0413615122 0.8732886778 0.5187198186 
-82.4448424596 0.0413525015 0.8733505248 0.5187141476 
-82.4487869146 0.0413433544 0.8734133016 0.5187082747 
-82.4527917544 0.0413340691 0.8734770198 0.5187021948 
-82.4568577742 0.0413246440 0.8735416911 0.5186959029 
-82.4609857820 0.0413150771 0.8736073274 0.5186893939 
-82.4651765990 0.0413053668 0.8736739406 0.5186826627 
-82.4694310591 0.0412955112 0.8737415431 0.5186757044 
-82.4737500100 0.0412855084 0.8738101473 0.5186685138 
-82.4781343124 0.0412753564 0.8738797656 0.5186610859 
-82.4825848411 0.0412650535 0.8739504110 0.5186534155 
-82.4871024847 0.0412545976 0.8740220962 0.5186454975 
-82.4916881457 0.0412439868 0.8740948344 0.5186373268 
-82.4963427412 0.0412332190 0.8741686388 0.5186288984 
-82.5010672025 0.0412222923 0.8742435231 0.5186202069 
-82.5058624760 0.0412112045 0.8743195008 0.5186112474 
-82.5107295227 0.0411999535 0.8743965858 0.5186020145 
-82.5156693190 0.0411885372 0.8744747920 0.5185925030 
-82.5206828566 0.0411769535 0.8745541339 0.5185827078 
-82.5257711427 0.0411652001 0.8746346257 0.5185726236 
-82.5309352005 0.0411532748 0.8747162821 0.5185622452 
-82.5361760692 0.0411411754 0.8747991180 0.5185515671 
-82.5414948044 0.0411288996 0.8748831483 0.5185405842 
-82.5468924781 0.0411164450 0.8749683882 0.5185292911 
-82.5523701792 0.0411038093 0.8750548532 0.5185176823 
-82.5579290137 0.0410909901 0.8751425590 0.5185057525 
-82.5635701047 0.0410779849 0.8752315212 0.5184934964 
-82.5692945931 0.0410647913 0.8753217561 0.5184809083 
-82.5751036375 0.0410514069 0.8754132798 0.5184679828 
-82.5809984146 0.0410378289 0.8755061089 0.5184547145 
-82.5869801194 0.0410240550 0.8756002599 0.5184410977 
-82.5930499657 0.0410100825 0.8756957498 0.5184271268 
-82.5992091860 0.0409959086 0.8757925957 0.5184127963 
-82.6054590323 0.0409815309 0.8758908149 0.5183981003 
-82.6118007758 0.0409669464 0.8759904251 0.5183830333 
-82.6182357076 0.0409521525 0.8760914439 0.5183675895 
-82.6247651391 0.0409371464 0.8761938894 0.5183517631 
-82.6313904016 0.0409219252 0.8762977798 0.5183355482 
-82.6381128476 0.0409064860 0.8764031336 0.5183189390 
-82.6449338504 0.0408908259 0.8765099695 0.5183019295 
-82.6518548047 0.0408749420 0.8766183064 0.5182845137 
-82.6588771268 0.0408588312 0.8767281635 0.5182666857 
-82.6660022550 0.0408424906 0.8768395601 0.5182484392 
-82.6732316501 0.0408259170 0.8769525160 0.5182297683 
-82.6805667955 0.0408091072 0.8770670509 0.5182106666 
-82.6880091976 0.0407920581 0.8771831850 0.5181911280 
-82.6955603862 0.0407747666 0.8773009388 0.5181711460 
-82.7032219149 0.0407572292 0.8774203327 0.5181507145 
-82.7109953614 0.0407394427 0.8775413876 0.5181298267 
-82.7188823280 0.0407214038 0.8776641247 0.5181084764 
-82.7268844418 0.0407031091 0.8777885653 0.5180866569 
-82.7350033552 0.0406845550 0.8779147310 0.5180643615 
-82.7432407463 0.0406657381 0.8780426437 0.5180415835 
-82.7515983193 0.0406466549 0.8781723254 0.5180183162 
-82.7600778047 0.0406273017 0.8783037987 0.5179945526 
-82.7686809603 0.0406076749 0.8784370860 0.5179702857 
-82.7774095710 0.0405877708 0.8785722103 0.5179455085 
-82.7862654493 0.0405675857 0.8787091948 0.5179202138 
-82.7952504364 0.0405471157 0.8788480629 0.5178943945 
-82.8043664016 0.0405263571 0.8789888382 0.5178680431 
-82.8136152439 0.0405053058 0.8791315447 0.5178411522 
-82.8229988914 0.0404839581 0.8792762066 0.5178137142 
-82.8325193026 0.0404623097 0.8794228483 0.5177857215 
-82.8421784664 0.0404403568 0.8795714948 0.5177571662 
-82.8519784029 0.0404180951 0.8797221708 0.5177280405 
-82.8619211635 0.0403955205 0.8798749018 0.5176983363 
-82.8720088319 0.0403726287 0.8800297134 0.5176680454 
-82.8822435244 0.0403494155 0.8801866312 0.5176371594 
-82.8926273902 0.0403258766 0.8803456816 0.5176056699 
-82.9031626124 0.0403020074 0.8805068907 0.5175735681 
-82.9138514082 0.0402778036 0.8806702854 0.5175408452 
-82.9246960296 0.0402532606 0.8808358925 0.5175074922 
-82.9356987640 0.0402283739 0.8810037392 0.5174734998 
-82.9468619347 0.0402031388 0.8811738531 0.5174388586 
-82.9581879016 0.0401775506 0.8813462619 0.5174035589 
-82.9696790617 0.0401516044 0.8815209936 0.5173675907 
-82.9813378497 0.0401252956 0.8816980766 0.5173309439 
-82.9931667390 0.0400986192 0.8818775394 0.5172936078 
-83.0051682417 0.0400715702 0.8820594110 0.5172555718 
-83.0173449098 0.0400441436 0.8822437205 0.5172168246 
-83.0296993356 0.0400163342 0.8824304974 0.5171773548 
-83.0422341527 0.0399881371 0.8826197713 0.5171371503 
-83.0549520361 0.0399595468 0.8828115722 0.5170961988 
-83.0678557037 0.0399305582 0.8830059305 0.5170544874 
-83.0809479162 0.0399011658 0.8832028766 0.5170120028 
-83.0942314787 0.0398713642 0.8834024413 0.5169687309 
-83.1077092406 0.0398411478 0.8836046559 0.5169246572 
-83.1213840972 0.0398105112 0.8838095515 0.5168797663 
-83.1352589898 0.0397794487 0.8840171599 0.5168340420 
-83.1493369069 0.0397479544 0.8842275130 0.5167874674 
-83.1636208852 0.0397160227 0.8844406430 0.5167400244 
-83.1781140097 0.0396836477 0.8846565822 0.5166916939 
-83.1928194154 0.0396508233 0.8848753634 0.5166424557 
-83.2077402880 0.0396175436 0.8850970197 0.5165922880 
-83.2228798641 0.0395838024 0.8853215841 0.5165411677 
-83.2382414334 0.0395495936 0.8855490903 0.5164890698 
-83.2538283383 0.0395149108 0.8857795720 0.5164359673 
-83.2696439760 0.0394797478 0.8860130631 0.5163818312 
-83.2856917989 0.0394440981 0.8862495980 0.5163266299 
-83.3019753155 0.0394079552 0.8864892112 0.5162703289 
-83.3184980922 0.0393713125 0.8867319375 0.5162128906 
-83.3352637536 0.0393341633 0.8869778118 0.5161542737 
-83.3522759839 0.0392965008 0.8872268694 0.5160944328 
-83.3695385283 0.0392583182 0.8874791457 0.5160333177 
-83.3870551938 0.0392196086 0.8877346766 0.5159708728 
-83.4048298507 0.0391803648 0.8879934980 0.5159070365 
-83.4228664337 0.0391405798 0.8882556460 0.5158417397 
-83.4411689434 0.0391002464 0.8885211570 0.5157749057 
-83.4597414474 0.0390593573 0.8887900677 0.5157064480 
-83.4785880818 0.0390179050 0.8890624149 0.5156362697 
-83.4977130529 0.0389758821 0.8893382357 0.5155642616 
-83.5171206385 0.0389332810 0.8896175672 0.5154903001 
-83.5368151893 0.0388900939 0.8899004471 0.5154142456 
-83.5568011310 0.0388463131 0.8901869130 0.5153359392 
-83.5770829659 0.0388019307 0.8904770027 0.5152552009 
-83.5976652745 0.0387569387 0.8907707544 0.5151718251 
-83.6185527176 0.0387113290 0.8910682062 0.5150855775 
-83.6397500386 0.0386650934 0.8913693967 0.5149961904 
-83.6612620652 0.0386182236 0.8916743646 0.5149033576 
-83.6830937119 0.0385707111 0.8919831486 0.5148067280 
-83.7052499828 0.0385225474 0.8922957878 0.5147058994 
-83.7277359737 0.0384737238 0.8926123216 0.5146004104 
-83.7505568753 0.0384242315 0.8929327893 0.5144897313 
-83.7737179761 0.0383740616 0.8932572307 0.5143732542 
-83.7972246659 0.0383232051 0.8935856855 0.5142502819 
-83.8210824394 0.0382716529 0.8939181941 0.5141200154 
-83.8452968998 0.0382193954 0.8942547966 0.5139815406 
-83.8698737635 0.0381664234 0.8945955339 0.5138338148 
-83.8948188648 0.0381127272 0.8949404467 0.5136756532 
-83.9201381607 0.0380582970 0.8952895763 0.5135057162 
-83.9458377372 0.0380031229 0.8956429644 0.5133224985 
-83.9719238147 0.0379471947 0.8960006528 0.5131243179 
-83.9984027554 0.0378905022 0.8963626840 0.5129092999 
-84.0252810701 0.0378330347 0.8967291008 0.5126753809 
-84.0525654294 0.0377747817 0.8970999466 0.5124206319 
-84.0802626898 0.0377157320 0.8974752657 0.5121455097 
-84.1083799470 0.0376558744 0.8978551039 0.5118590364 
-84.1369245088 0.0375951971 0.8982395082 0.5115788117 
-84.1659037392 0.0375336885 0.8986285243 0.5113186482 
-84.1953249863 0.0374713370 0.8990221957 0.5110845296 
-84.2251955905 0.0374081314 0.8994205636 0.5108771948 
-82.0576789726 0.0422594980 0.8670438596 0.5138516116 
-82.0580916906 0.0422585211 0.8670509017 0.5138621727 
-82.0585082822 0.0422575350 0.8670580071 0.5138721563 
-82.0589287858 0.0422565397 0.8670651765 0.5138817440 
-82.0593532417 0.0422555351 0.8670724105 0.5138910842 
-82.0597816917 0.0422545210 0.8670797099 0.5139002966 
-82.0602141781 0.0422534974 0.8670870754 0.5139094777 
-82.0606507443 0.0422524642 0.8670945077 0.5139187043 
-82.0610914339 0.0422514213 0.8671020075 0.5139280369 
-82.0615362909 0.0422503685 0.8671095757 0.5139375233 
-82.0619853594 0.0422493058 0.8671172129 0.5139472003 
-82.0624386836 0.0422482330 0.8671249198 0.5139570964 
-82.0628963076 0.0422471501 0.8671326973 0.5139672331 
-82.0633582756 0.0422460570 0.8671405461 0.5139776266 
-82.0638246314 0.0422449535 0.8671484669 0.5139882889 
-82.0642954190 0.0422438395 0.8671564604 0.5139992287 
-82.0647706820 0.0422427150 0.8671645273 0.5140104518 
-82.0652504639 0.0422415799 0.8671726685 0.5140219622 
-82.0657348082 0.0422404339 0.8671808845 0.5140337624 
-82.0662237581 0.0422392771 0.8671891762 0.5140458533 
-82.0667173566 0.0422381094 0.8671975443 0.5140582353 
-82.0672156468 0.0422369305 0.8672059894 0.5140709078 
-82.0677186714 0.0422357406 0.8672145122 0.5140838695 
-82.0682264732 0.0422345393 0.8672231135 0.5140971189 
-82.0687390948 0.0422333267 0.8672317940 0.5141106540 
-82.0692565787 0.0422321026 0.8672405544 0.5141244726 
-82.0697789673 0.0422308669 0.8672493954 0.5141385721 
-82.0703063032 0.0422296196 0.8672583176 0.5141529501 
-82.0708386286 0.0422283605 0.8672673217 0.5141676036 
-82.0713759859 0.0422270896 0.8672764085 0.5141825299 
-82.0719184176 0.0422258067 0.8672855787 0.5141977260 
-82.0724659659 0.0422245117 0.8672948328 0.5142131889 
-82.0730186733 0.0422232046 0.8673041717 0.5142289157 
-82.0735765824 0.0422218852 0.8673135960 0.5142449033 
-82.0741397355 0.0422205535 0.8673231064 0.5142611486 
-82.0747081754 0.0422192093 0.8673327036 0.5142776487 
-82.0752819449 0.0422178525 0.8673423882 0.5142944004 
-82.0758610868 0.0422164831 0.8673521611 0.5143114007 
-82.0764456441 0.0422151009 0.8673620227 0.5143286467 
-82.0770356601 0.0422137059 0.8673719740 0.5143461354 
-82.0776311781 0.0422122979 0.8673820155 0.5143638638 
-82.0782322417 0.0422108768 0.8673921479 0.5143818289 
-82.0788388948 0.0422094426 0.8674023720 0.5144000280 
-82.0794511813 0.0422079951 0.8674126884 0.5144184581 
-82.0800691456 0.0422065342 0.8674230979 0.5144371164 
-82.0806928322 0.0422050598 0.8674336012 0.5144560001 
-82.0813222861 0.0422035719 0.8674441990 0.5144751066 
-82.0819575523 0.0422020703 0.8674548920 0.5144944330 
-82.0825986765 0.0422005549 0.8674656809 0.5145139768 
-82.0832457045 0.0421990256 0.8674765665 0.5145337352 
-82.0838986824 0.0421974822 0.8674875494 0.5145537058 
-82.0845576570 0.0421959248 0.8674986305 0.5145738860 
-82.0852226752 0.0421943532 0.8675098105 0.5145942733 
-82.0858937844 0.0421927672 0.8675210902 0.5146148653 
-82.0865710326 0.0421911667 0.8675324702 0.5146356594 
-82.0872544680 0.0421895517 0.8675439513 0.5146566535 
-82.0879441394 0.0421879220 0.8675555344 0.5146778451 
-82.0886400961 0.0421862776 0.8675672202 0.5146992320 
-82.0893423879 0.0421846182 0.8675790094 0.5147208119 
-82.0900510651 0.0421829438 0.8675909030 0.5147425826 
-82.0907661785 0.0421812542 0.8676029016 0.5147645420 
-82.0914877795 0.0421795495 0.8676150061 0.5147866880 
-82.0922159202 0.0421778293 0.8676272173 0.5148090184 
-82.0929506531 0.0421760936 0.8676395360 0.5148315313 
-82.0936920314 0.0421743423 0.8676519631 0.5148542247 
-82.0944401089 0.0421725752 0.8676644994 0.5148770965 
-82.0951949400 0.0421707923 0.8676771457 0.5149001449 
-82.0959565799 0.0421689933 0.8676899030 0.5149233680 
-82.0967250844 0.0421671782 0.8677027721 0.5149467641 
-82.0975005100 0.0421653469 0.8677157539 0.5149703311 
-82.0982829139 0.0421634991 0.8677288493 0.5149940675 
-82.0990723540 0.0421616348 0.8677420592 0.5150179716 
-82.0998688891 0.0421597539 0.8677553845 0.5150420415 
-82.1006725786 0.0421578561 0.8677688261 0.5150662757 
-82.1014834827 0.0421559413 0.8677823850 0.5150906726 
-82.1023016625 0.0421540095 0.8677960622 0.5151152306 
-82.1031271799 0.0421520605 0.8678098586 0.5151399481 
-82.1039600975 0.0421500940 0.8678237751 0.5151648237 
-82.1048004790 0.0421481100 0.8678378129 0.5151898560 
-82.1056483887 0.0421461084 0.8678519728 0.5152150434 
-82.1065038921 0.0421440889 0.8678662560 0.5152403847 
-82.1073670552 0.0421420514 0.8678806634 0.5152658784 
-82.1082379453 0.0421399958 0.8678951961 0.5152915233 
-82.1091166306 0.0421379219 0.8679098551 0.5153173180 
-82.1100031799 0.0421358295 0.8679246416 0.5153432614 
-82.1108976635 0.0421337185 0.8679395567 0.5153693522 
-82.1118001523 0.0421315887 0.8679546014 0.5153955892 
-82.1127107183 0.0421294399 0.8679697768 0.5154219713 
-82.1136294348 0.0421272720 0.8679850842 0.5154484974 
-82.1145563758 0.0421250849 0.8680005246 0.5154751665 
-82.1154916166 0.0421228782 0.8680160992 0.5155019775 
-82.1164352334 0.0421206519 0.8680318093 0.5155289293 
-82.1173873038 0.0421184058 0.8680476561 0.5155560211 
-82.1183479061 0.0421161397 0.8680636407 0.5155832519 
-82.1193171203 0.0421138533 0.8680797644 0.5156106209 
-82.1202950270 0.0421115466 0.8680960285 0.5156381270 
-82.1212817084 0.0421092193 0.8681124342 0.5156657696 
-82.1222772477 0.0421068713 0.8681289829 0.5156935479 
-82.1232817294 0.0421045022 0.8681456758 0.5157214610 
-82.1242952392 0.0421021120 0.8681625144 0.5157495082 
-82.1253178642 0.0420997005 0.8681794999 0.5157776889 
-82.1263496925 0.0420972674 0.8681966337 0.5158060025 
-82.1273908138 0.0420948125 0.8682139173 0.5158344482 
-82.1284413189 0.0420923356 0.8682313520 0.5158630255 
-82.1295013002 0.0420898365 0.8682489393 0.5158917339 
-82.1305708512 0.0420873150 0.8682666807 0.5159205728 
-82.1316500668 0.0420847709 0.8682845776 0.5159495418 
-82.1327390436 0.0420822039 0.8683026315 0.5159786404 
-82.1338378794 0.0420796138 0.8683208439 0.5160078681 
-82.1349466734 0.0420770004 0.8683392165 0.5160372248 
-82.1360655264 0.0420743634 0.8683577508 0.5160667099 
-82.1371945405 0.0420717026 0.8683764483 0.5160963231 
-82.1383338197 0.0420690179 0.8683953106 0.5161260643 
-82.1394834691 0.0420663088 0.8684143395 0.5161559332 
-82.1406435956 0.0420635752 0.8684335366 0.5161859295 
-82.1418143077 0.0420608169 0.8684529036 0.5162160532 
-82.1429957153 0.0420580335 0.8684724421 0.5162463040 
-82.1441879300 0.0420552249 0.8684921540 0.5162766820 
-82.1453910653 0.0420523907 0.8685120410 0.5163071870 
-82.1466052361 0.0420495307 0.8685321048 0.5163378190 
-82.1478305590 0.0420466446 0.8685523473 0.5163685780 
-82.1490671524 0.0420437322 0.8685727704 0.5163994641 
-82.1503151364 0.0420407931 0.8685933758 0.5164304774 
-82.1515746329 0.0420378271 0.8686141656 0.5164616180 
-82.1528457656 0.0420348339 0.8686351416 0.5164928860 
-82.1541286599 0.0420318133 0.8686563057 0.5165242817 
-82.1554234432 0.0420287648 0.8686776601 0.5165558052 
-82.1567302447 0.0420256882 0.8686992065 0.5165874569 
-82.1580491954 0.0420225833 0.8687209472 0.5166192370 
-82.1593804283 0.0420194497 0.8687428842 0.5166511458 
-82.1607240783 0.0420162871 0.8687650195 0.5166831837 
-82.1620802824 0.0420130951 0.8687873553 0.5167153511 
-82.1634491794 0.0420098735 0.8688098937 0.5167476484 
-82.1648309101 0.0420066220 0.8688326370 0.5167800761 
-82.1662256176 0.0420033401 0.8688555874 0.5168126345 
-82.1676334469 0.0420000277 0.8688787470 0.5168453243 
-82.1690545451 0.0419966842 0.8689021182 0.5168781459 
-82.1704890613 0.0419933094 0.8689257034 0.5169110998 
-82.1719371471 0.0419899030 0.8689495048 0.5169441867 
-82.1733989560 0.0419864646 0.8689735248 0.5169774070 
-82.1748746437 0.0419829938 0.8689977659 0.5170107614 
-82.1763643684 0.0419794902 0.8690222305 0.5170442503 
-82.1778682904 0.0419759535 0.8690469211 0.5170778744 
-82.1793865721 0.0419723834 0.8690718401 0.5171116343 
-82.1809193788 0.0419687794 0.8690969903 0.5171455304 
-82.1824668775 0.0419651411 0.8691223741 0.5171795632 
-82.1840292380 0.0419614682 0.8691479941 0.5172137333 
-82.1856066326 0.0419577603 0.8691738531 0.5172480410 
-82.1871992358 0.0419540169 0.8691999538 0.5172824866 
-82.1888072246 0.0419502377 0.8692262988 0.5173170705 
-82.1904307788 0.0419464222 0.8692528910 0.5173517927 
-82.1920700806 0.0419425700 0.8692797332 0.5173866534 
-82.1937253147 0.0419386808 0.8693068282 0.5174216522 
-82.1953966687 0.0419347540 0.8693341789 0.5174567891 
-82.1970843327 0.0419307893 0.8693617883 0.5174920632 
-82.1987884994 0.0419267861 0.8693896593 0.5175274740 
-82.2005093647 0.0419227441 0.8694177950 0.5175630202 
-82.2022471268 0.0419186627 0.8694461983 0.5175987003 
-82.2040019872 0.0419145416 0.8694748726 0.5176345125 
-82.2057741499 0.0419103802 0.8695038207 0.5176704542 
-82.2075638221 0.0419061781 0.8695330461 0.5177065225 
-82.2093712139 0.0419019348 0.8695625518 0.5177427136 
-82.2111965385 0.0418976498 0.8695923412 0.5177790229 
-82.2130400123 0.0418933227 0.8696224176 0.5178154450 
-82.2149018546 0.0418889528 0.8696527844 0.5178519732 
-82.2167822882 0.0418845397 0.8696834451 0.5178885997 
-82.2186815392 0.0418800829 0.8697144029 0.5179253152 
-82.2205998368 0.0418755819 0.8697456616 0.5179621085 
-82.2225374141 0.0418710361 0.8697772247 0.5179989665 
-82.2244945074 0.0418664450 0.8698090958 0.5180358740 
-82.2264713568 0.0418618080 0.8698412786 0.5180728128 
-82.2284682061 0.0418571245 0.8698737769 0.5181097619 
-82.2304853032 0.0418523941 0.8699065944 0.5181466966 
-82.2325228998 0.0418476162 0.8699397350 0.5181835883 
-82.2345812517 0.0418427900 0.8699732026 0.5182204036 
-82.2366606193 0.0418379151 0.8700070013 0.5182571039 
-82.2387612672 0.0418329909 0.8700411350 0.5182936444 
-82.2408834648 0.0418280167 0.8700756080 0.5183299735 
-82.2430274866 0.0418229919 0.8701104244 0.5183660316 
-82.2451936120 0.0418179159 0.8701455885 0.5184017505 
-82.2473821260 0.0418127880 0.8701811047 0.5184370519 
-82.2495933195 0.0418076076 0.8702169775 0.5184718463 
-82.2518274893 0.0418023739 0.8702532113 0.5185060320 
-82.2540849389 0.0417970863 0.8702898109 0.5185394940 
-82.2563659787 0.0417917441 0.8703267811 0.5185721024 
-82.2586709267 0.0417863466 0.8703641266 0.5186037121 
-82.2610001088 0.0417808929 0.8704018526 0.5186341617 
-82.2633538597 0.0417753824 0.8704399642 0.5186632740 
-82.2657325235 0.0417698143 0.8704784667 0.5186908566 
-82.2681364543 0.0417641877 0.8705173655 0.5187167046 
-82.2705660173 0.0417585018 0.8705566664 0.5187406051 
-82.2730215895 0.0417527559 0.8705963751 0.5187623450 
-82.2755035607 0.0417469488 0.8706364977 0.5187817243 
-82.2780123345 0.0417410799 0.8706770404 0.5187985762 
-82.2805483291 0.0417351480 0.8707180099 0.5188127983 
-82.2831119785 0.0417291522 0.8707594127 0.5188244004 
-82.2857037330 0.0417230915 0.8708012560 0.5188335718 
-82.2883240596 0.0417169649 0.8708435471 0.5188407675 
-82.2909734411 0.0417107711 0.8708862936 0.5188467876 
-82.2936523738 0.0417045092 0.8709295031 0.5188527885 
-82.2950068629 0.0417013434 0.8709513449 0.5188559555 
-82.2963916312 0.0416981071 0.8709736702 0.5188580091 
-82.2978069386 0.0416947996 0.8709964833 0.5188591797 
-82.2992530532 0.0416914205 0.8710197882 0.5188596562 
-82.3007302514 0.0416879689 0.8710435893 0.5188595916 
-82.3022388172 0.0416844443 0.8710678911 0.5188591092 
-82.3037790417 0.0416808461 0.8710926981 0.5188583077 
-82.3053512232 0.0416771735 0.8711180149 0.5188572652 
-82.3069556666 0.0416734258 0.8711438464 0.5188560427 
-82.3085926839 0.0416696024 0.8711701973 0.5188546879 
-82.3102625934 0.0416657024 0.8711970728 0.5188532372 
-82.3119657203 0.0416617253 0.8712244777 0.5188517183 
-82.3137023962 0.0416576701 0.8712524174 0.5188501516 
-82.3154729594 0.0416535363 0.8712808971 0.5188485522 
-82.3172777548 0.0416493228 0.8713099221 0.5188469307 
-82.3191171339 0.0416450291 0.8713394980 0.5188452944 
-82.3209914550 0.0416406542 0.8713696302 0.5188436477 
-82.3229010833 0.0416361973 0.8714003245 0.5188419932 
-82.3248463906 0.0416316576 0.8714315866 0.5188403318 
-82.3268277558 0.0416270342 0.8714634225 0.5188386629 
-82.3288455647 0.0416223262 0.8714958380 0.5188369853 
-82.3309002102 0.0416175329 0.8715288393 0.5188352968 
-82.3329920924 0.0416126531 0.8715624325 0.5188335947 
-82.3351216187 0.0416076861 0.8715966240 0.5188318757 
-82.3372892038 0.0416026309 0.8716314202 0.5188301362 
-82.3394952698 0.0415974865 0.8716668275 0.5188283723 
-82.3417402463 0.0415922520 0.8717028526 0.5188265799 
-82.3440245707 0.0415869263 0.8717395022 0.5188247547 
-82.3463486881 0.0415815085 0.8717767832 0.5188228921 
-82.3487130513 0.0415759976 0.8718147025 0.5188209876 
-82.3511181213 0.0415703925 0.8718532672 0.5188190364 
-82.3535643668 0.0415646921 0.8718924844 0.5188170338 
-82.3560522650 0.0415588954 0.8719323616 0.5188149750 
-82.3585823013 0.0415530012 0.8719729061 0.5188128549 
-82.3611549694 0.0415470086 0.8720141255 0.5188106687 
-82.3637707715 0.0415409163 0.8720560275 0.5188084114 
-82.3664302186 0.0415347231 0.8720986198 0.5188060780 
-82.3691338302 0.0415284280 0.8721419104 0.5188036634 
-82.3718821348 0.0415220297 0.8721859073 0.5188011628 
-82.3746756700 0.0415155270 0.8722306187 0.5187985709 
-82.3775149822 0.0415089188 0.8722760529 0.5187958829 
-82.3804006273 0.0415022037 0.8723222183 0.5187930935 
-82.3833331704 0.0414953804 0.8723691235 0.5187901978 
-82.3863131864 0.0414884478 0.8724167773 0.5187871908 
-82.3893412593 0.0414814044 0.8724651884 0.5187840673 
-82.3924179834 0.0414742491 0.8725143658 0.5187808224 
-82.3955439625 0.0414669803 0.8725643186 0.5187774509 
-82.3987198107 0.0414595967 0.8726150561 0.5187739479 
-82.4019461522 0.0414520970 0.8726665877 0.5187703083 
-82.4052236214 0.0414444797 0.8727189229 0.5187665270 
-82.4085528633 0.0414367434 0.8727720715 0.5187625991 
-82.4119345335 0.0414288867 0.8728260431 0.5187585195 
-82.4153692984 0.0414209079 0.8728808478 0.5187542832 
-82.4188578351 0.0414128057 0.8729364958 0.5187498851 
-82.4224008321 0.0414045785 0.8729929973 0.5187453202 
-82.4259989888 0.0413962247 0.8730503627 0.5187405836 
-82.4296530163 0.0413877429 0.8731086026 0.5187356701 
-82.4333636369 0.0413791312 0.8731677278 0.5187305748 
-82.4371315849 0.0413703882 0.8732277492 0.5187252926 
-82.4409576064 0.0413615122 0.8732886778 0.5187198186 
-82.4448424596 0.0413525015 0.8733505248 0.5187141476 
-82.4487869146 0.0413433544 0.8734133016 0.5187082747 
-82.4527917544 0.0413340691 0.8734770198 0.5187021948 
-82.4568577742 0.0413246440 0.8735416911 0.5186959029 
-82.4609857820 0.0413150771 0.8736073274 0.5186893939 
-82.4651765990 0.0413053668 0.8736739406 0.5186826627 
-82.4694310591 0.0412955112 0.8737415431 0.5186757044 
-82.4737500100 0.0412855084 0.8738101473 0.5186685138 
-82.4781343124 0.0412753564 0.8738797656 0.5186610859 
-82.4825848411 0.0412650535 0.8739504110 0.5186534155 
-82.4871024847 0.0412545976 0.8740220962 0.5186454975 
-82.4916881457 0.0412439868 0.8740948344 0.5186373268 
-82.4963427412 0.0412332190 0.8741686388 0.5186288984 
-82.5010672025 0.0412222923 0.8742435231 0.5186202069 
-82.5058624760 0.0412112045 0.8743195008 0.5186112474 
-82.5107295227 0.0411999535 0.8743965858 0.5186020145 
-82.5156693190 0.0411885372 0.8744747920 0.5185925030 
-82.5206828566 0.0411769535 0.8745541339 0.5185827078 
-82.5257711427 0.0411652001 0.8746346257 0.5185726236 
-82.5309352005 0.0411532748 0.8747162821 0.5185622452 
-82.5361760692 0.0411411754 0.8747991180 0.5185515671 
-82.5414948044 0.0411288996 0.8748831483 0.5185405842 
-82.5468924781 0.0411164450 0.8749683882 0.5185292911 
-82.5523701792 0.0411038093 0.8750548532 0.5185176823 
-82.5579290137 0.0410909901 0.8751425590 0.5185057525 
-82.5635701047 0.0410779849 0.8752315212 0.5184934964 
-82.5692945931 0.0410647913 0.8753217561 0.5184809083 
-82.5751036375 0.0410514069 0.8754132798 0.5184679828 
-82.5809984146 0.0410378289 0.8755061089 0.5184547145 
-82.5869801194 0.0410240550 0.8756002599 0.5184410977 
-82.5930499657 0.0410100825 0.8756957498 0.5184271268 
-82.5992091860 0.0409959086 0.8757925957 0.5184127963 
-82.6054590323 0.0409815309 0.8758908149 0.5183981003 
-82.6118007758 0.0409669464 0.8759904251 0.5183830333 
-82.6182357076 0.0409521525 0.8760914439 0.5183675895 
-82.6247651391 0.0409371464 0.8761938894 0.5183517631 
-82.6313904016 0.0409219252 0.8762977798 0.5183355482 
-82.6381128476 0.0409064860 0.8764031336 0.5183189390 
-82.6449338504 0.0408908259 0.8765099695 0.5183019295 
-82.6518548047 0.0408749420 0.8766183064 0.5182845137 
-82.6588771268 0.0408588312 0.8767281635 0.5182666857 
-82.6660022550 0.0408424906 0.8768395601 0.5182484392 
-82.6732316501 0.0408259170 0.8769525160 0.5182297683 
-82.6805667955 0.0408091072 0.8770670509 0.5182106666 
-82.6880091976 0.0407920581 0.8771831850 0.5181911280 
-82.6955603862 0.0407747666 0.8773009388 0.5181711460 
-82.7032219149 0.0407572292 0.8774203327 0.5181507145 
-82.7109953614 0.0407394427 0.8775413876 0.5181298267 
-82.7188823280 0.0407214038 0.8776641247 0.5181084764 
-82.7268844418 0.0407031091 0.8777885653 0.5180866569 
-82.7350033552 0.0406845550 0.8779147310 0.5180643615 
-82.7432407463 0.0406657381 0.8780426437 0.5180415835 
-82.7515983193 0.0406466549 0.8781723254 0.5180183162 
-82.7600778047 0.0406273017 0.8783037987 0.5179945526 
-82.7686809603 0.0406076749 0.8784370860 0.5179702857 
-82.7774095710 0.0405877708 0.8785722103 0.5179455085 
-82.7862654493 0.0405675857 0.8787091948 0.5179202138 
-82.7952504364 0.0405471157 0.8788480629 0.5178943945 
-82.8043664016 0.0405263571 0.8789888382 0.5178680431 
-82.8136152439 0.0405053058 0.8791315447 0.5178411522 
-82.8229988914 0.0404839581 0.8792762066 0.5178137142 
-82.8325193026 0.0404623097 0.8794228483 0.5177857215 
-82.8421784664 0.0404403568 0.8795714948 0.5177571662 
-82.8519784029 0.0404180951 0.8797221708 0.5177280405 
-82.8619211635 0.0403955205 0.8798749018 0.5176983363 
-82.8720088319 0.0403726287 0.8800297134 0.5176680454 
-82.8822435244 0.0403494155 0.8801866312 0.5176371594 
-82.8926273902 0.0403258766 0.8803456816 0.5176056699 
-82.9031626124 0.0403020074 0.8805068907 0.5175735681 
-82.9138514082 0.0402778036 0.8806702854 0.5175408452 
-82.9246960296 0.0402532606 0.8808358925 0.5175074922 
-82.9356987640 0.0402283739 0.8810037392 0.5174734998 
-82.9468619347 0.0402031388 0.8811738531 0.5174388586 
-82.9581879016 0.0401775506 0.8813462619 0.5174035589 
-82.9696790617 0.0401516044 0.8815209936 0.5173675907 
-82.9813378497 0.0401252956 0.8816980766 0.5173309439 
-82.9931667390 0.0400986192 0.8818775394 0.5172936078 
-83.0051682417 0.0400715702 0.8820594110 0.5172555718 
-83.0173449098 0.0400441436 0.8822437205 0.5172168246 
-83.0296993356 0.0400163342 0.8824304974 0.5171773548 
-83.0422341527 0.0399881371 0.8826197713 0.5171371503 
-83.0549520361 0.0399595468 0.8828115722 0.5170961988 
-83.0678557037 0.0399305582 0.8830059305 0.5170544874 
-83.0809479162 0.0399011658 0.8832028766 0.5170120028 
-83.0942314787 0.0398713642 0.8834024413 0.5169687309 
-83.1077092406 0.0398411478 0.8836046559 0.5169246572 
-83.1213840972 0.0398105112 0.8838095515 0.5168797663 
-83.1352589898 0.0397794487 0.8840171599 0.5168340420 
-83.1493369069 0.0397479544 0.8842275130 0.5167874674 
-83.1636208852 0.0397160227 0.8844406430 0.5167400244 
-83.1781140097 0.0396836477 0.8846565822 0.5166916939 
-83.1928194154 0.0396508233 0.8848753634 0.5166424557 
-83.2077402880 0.0396175436 0.8850970197 0.5165922880 
-83.2228798641 0.0395838024 0.8853215841 0.5165411677 
-83.2382414334 0.0395495936 0.8855490903 0.5164890698 
-83.2538283383 0.0395149108 0.8857795720 0.5164359673 
-83.2696439760 0.0394797478 0.8860130631 0.5163818312 
-83.2856917989 0.0394440981 0.8862495980 0.5163266299 
-83.3019753155 0.0394079552 0.8864892112 0.5162703289 
-83.3184980922 0.0393713125 0.8867319375 0.5162128906 
-83.3352637536 0.0393341633 0.8869778118 0.5161542737 
-83.3522759839 0.0392965008 0.8872268694 0.5160944328 
-83.3695385283 0.0392583182 0.8874791457 0.5160333177 
-83.3870551938 0.0392196086 0.8877346766 0.5159708728 
-83.4048298507 0.0391803648 0.8879934980 0.5159070365 
-83.4228664337 0.0391405798 0.8882556460 0.5158417397 
-83.4411689434 0.0391002464 0.8885211570 0.5157749057 
-83.4597414474 0.0390593573 0.8887900677 0.5157064480 
-83.4785880818 0.0390179050 0.8890624149 0.5156362697 
-83.4977130529 0.0389758821 0.8893382357 0.5155642616 
-83.5171206385 0.0389332810 0.8896175672 0.5154903001 
-83.5368151893 0.0388900939 0.8899004471 0.5154142456 
-83.5568011310 0.0388463131 0.8901869130 0.5153359392 
-83.5770829659 0.0388019307 0.8904770027 0.5152552009 
-83.5976652745 0.0387569387 0.8907707544 0.5151718251 
-83.6185527176 0.0387113290 0.8910682062 0.5150855775 
-83.6397500386 0.0386650934 0.8913693967 0.5149961904 
-83.6612620652 0.0386182236 0.8916743646 0.5149033576 
-83.6830937119 0.0385707111 0.8919831486 0.5148067280 
-83.7052499828 0.0385225474 0.8922957878 0.5147058994 
-83.7277359737 0.0384737238 0.8926123216 0.5146004104 
-83.7505568753 0.0384242315 0.8929327893 0.5144897313 
-83.7737179761 0.0383740616 0.8932572307 0.5143732542 
-83.7972246659 0.0383232051 0.8935856855 0.5142502819 
-83.8210824394 0.0382716529 0.8939181941 0.5141200154 
-83.8452968998 0.0382193954 0.8942547966 0.5139815406 
-83.8698737635 0.0381664234 0.8945955339 0.5138338148 
-83.8948188648 0.0381127272 0.8949404467 0.5136756532 
-83.9201381607 0.0380582970 0.8952895763 0.5135057162 
-83.9458377372 0.0380031229 0.8956429644 0.5133224985 
-83.9719238147 0.0379471947 0.8960006528 0.5131243179 
-83.9984027554 0.0378905022 0.8963626840 0.5129092999 
-84.0252810701 0.0378330347 0.8967291008 0.5126753809 
-84.0525654294 0.0377747817 0.8970999466 0.5124206319 
-84.0802626898 0.0377157320 0.8974752657 0.5121455097 
-84.1083799470 0.0376558744 0.8978551039 0.5118590364 
-84.1369245088 0.0375951971 0.8982395082 0.5115788117 
-84.1659037392 0.0375336885 0.8986285243 0.5113186482 
-84.1953249863 0.0374713370 0.8990221957 0.5110845296 
-84.2251955905 0.0374081314 0.8994205636 0.5108771948 
-82.2950068629 0.0417013434 0.8709513449 0.5188559555 
-82.2963916312 0.0416981071 0.8709736702 0.5188580091 
-82.2978069386 0.0416947996 0.8709964833 0.5188591797 
-82.2992530532 0.0416914205 0.8710197882 0.5188596562 
-82.3007302514 0.0416879689 0.8710435893 0.5188595916 
-82.3022388172 0.0416844443 0.8710678911 0.5188591092 
-82.3037790417 0.0416808461 0.8710926981 0.5188583077 
-82.3053512232 0.0416771735 0.8711180149 0.5188572652 
-82.3069556666 0.0416734258 0.8711438464 0.5188560427 
-82.3085926839 0.0416696024 0.8711701973 0.5188546879 
-82.3102625934 0.0416657024 0.8711970728 0.5188532372 
-82.3119657203 0.0416617253 0.8712244777 0.5188517183 
-82.3137023962 0.0416576701 0.8712524174 0.5188501516 
-82.3154729594 0.0416535363 0.8712808971 0.5188485522 
-82.3172777548 0.0416493228 0.8713099221 0.5188469307 
-82.3191171339 0.0416450291 0.8713394980 0.5188452944 
-82.3209914550 0.0416406542 0.8713696302 0.5188436477 
-82.3229010833 0.0416361973 0.8714003245 0.5188419932 
-82.3248463906 0.0416316576 0.8714315866 0.5188403318 
-82.3268277558 0.0416270342 0.8714634225 0.5188386629 
-82.3288455647 0.0416223262 0.8714958380 0.5188369853 
-82.3309002102 0.0416175329 0.8715288393 0.5188352968 
-82.3329920924 0.0416126531 0.8715624325 0.5188335947 
-82.3351216187 0.0416076861 0.8715966240 0.5188318757 
-82.3372892038 0.0416026309 0.8716314202 0.5188301362 
-82.3394952698 0.0415974865 0.8716668275 0.5188283723 
-82.3417402463 0.0415922520 0.8717028526 0.5188265799 
-82.3440245707 0.0415869263 0.8717395022 0.5188247547 
-82.3463486881 0.0415815085 0.8717767832 0.5188228921 
-82.3487130513 0.0415759976 0.8718147025 0.5188209876 
-82.3511181213 0.0415703925 0.8718532672 0.5188190364 
-82.3535643668 0.0415646921 0.8718924844 0.5188170338 
-82.3560522650 0.0415588954 0.8719323616 0.5188149750 
-82.3585823013 0.0415530012 0.8719729061 0.5188128549 
-82.3611549694 0.0415470086 0.8720141255 0.5188106687 
-82.3637707715 0.0415409163 0.8720560275 0.5188084114 
-82.3664302186 0.0415347231 0.8720986198 0.5188060780 
-82.3691338302 0.0415284280 0.8721419104 0.5188036634 
-82.3718821348 0.0415220297 0.8721859073 0.5188011628 
-82.3746756700 0.0415155270 0.8722306187 0.5187985709 
-82.3775149822 0.0415089188 0.8722760529 0.5187958829 
-82.3804006273 0.0415022037 0.8723222183 0.5187930935 
-82.3833331704 0.0414953804 0.8723691235 0.5187901978 
-82.3863131864 0.0414884478 0.8724167773 0.5187871908 
-82.3893412593 0.0414814044 0.8724651884 0.5187840673 
-82.3924179834 0.0414742491 0.8725143658 0.5187808224 
-82.3955439625 0.0414669803 0.8725643186 0.5187774509 
-82.3987198107 0.0414595967 0.8726150561 0.5187739479 
-82.4019461522 0.0414520970 0.8726665877 0.5187703083 
-82.4052236214 0.0414444797 0.8727189229 0.5187665270 
-82.4085528633 0.0414367434 0.8727720715 0.5187625991 
-82.4119345335 0.0414288867 0.8728260431 0.5187585195 
-82.4153692984 0.0414209079 0.8728808478 0.5187542832 
-82.4188578351 0.0414128057 0.8729364958 0.5187498851 
-82.4224008321 0.0414045785 0.8729929973 0.5187453202 
-82.4259989888 0.0413962247 0.8730503627 0.5187405836 
-82.4296530163 0.0413877429 0.8731086026 0.5187356701 
-82.4333636369 0.0413791312 0.8731677278 0.5187305748 
-82.4371315849 0.0413703882 0.8732277492 0.5187252926 
-82.4409576064 0.0413615122 0.8732886778 0.5187198186 
-82.4448424596 0.0413525015 0.8733505248 0.5187141476 
-82.4487869146 0.0413433544 0.8734133016 0.5187082747 
-82.4527917544 0.0413340691 0.8734770198 0.5187021948 
-82.4568577742 0.0413246440 0.8735416911 0.5186959029 
-82.4609857820 0.0413150771 0.8736073274 0.5186893939 
-82.4651765990 0.0413053668 0.8736739406 0.5186826627 
-82.4694310591 0.0412955112 0.8737415431 0.5186757044 
-82.4737500100 0.0412855084 0.8738101473 0.5186685138 
-82.4781343124 0.0412753564 0.8738797656 0.5186610859 
-82.4825848411 0.0412650535 0.8739504110 0.5186534155 
-82.4871024847 0.0412545976 0.8740220962 0.5186454975 
-82.4916881457 0.0412439868 0.8740948344 0.5186373268 
-82.4963427411 0.0412332190 0.8741686388 0.5186288984 
-82.5010672025 0.0412222923 0.8742435231 0.5186202069 
-82.5058624760 0.0412112045 0.8743195008 0.5186112474 
-82.5107295227 0.0411999535 0.8743965858 0.5186020145 
-82.5156693190 0.0411885372 0.8744747920 0.5185925030 
-82.5206828566 0.0411769535 0.8745541339 0.5185827078 
-82.5257711427 0.0411652001 0.8746346257 0.5185726236 
-82.5309352005 0.0411532748 0.8747162821 0.5185622452 
-82.5361760692 0.0411411754 0.8747991180 0.5185515671 
-82.5414948044 0.0411288996 0.8748831483 0.5185405842 
-82.5468924781 0.0411164450 0.8749683882 0.5185292911 
-82.5523701792 0.0411038093 0.8750548532 0.5185176823 
-82.5579290137 0.0410909901 0.8751425590 0.5185057525 
-82.5635701047 0.0410779849 0.8752315212 0.5184934964 
-82.5692945931 0.0410647913 0.8753217561 0.5184809083 
-82.5751036375 0.0410514069 0.8754132798 0.5184679828 
-82.5809984146 0.0410378289 0.8755061089 0.5184547145 
-82.5869801194 0.0410240550 0.8756002599 0.5184410977 
-82.5930499657 0.0410100825 0.8756957498 0.5184271268 
-82.5992091860 0.0409959086 0.8757925957 0.5184127963 
-82.6054590323 0.0409815309 0.8758908149 0.5183981003 
-82.6118007758 0.0409669464 0.8759904251 0.5183830333 
-82.6182357076 0.0409521525 0.8760914439 0.5183675895 
-82.6247651390 0.0409371464 0.8761938894 0.5183517631 
-82.6313904016 0.0409219252 0.8762977798 0.5183355482 
-82.6381128476 0.0409064860 0.8764031336 0.5183189390 
-82.6449338504 0.0408908259 0.8765099695 0.5183019295 
-82.6518548047 0.0408749420 0.8766183064 0.5182845137 
-82.6588771268 0.0408588312 0.8767281635 0.5182666857 
-82.6660022550 0.0408424906 0.8768395601 0.5182484392 
-82.6732316501 0.0408259170 0.8769525160 0.5182297683 
-82.6805667955 0.0408091072 0.8770670509 0.5182106666 
-82.6880091976 0.0407920581 0.8771831850 0.5181911280 
-82.6955603862 0.0407747666 0.8773009388 0.5181711460 
-82.7032219149 0.0407572292 0.8774203327 0.5181507145 
-82.7109953614 0.0407394427 0.8775413876 0.5181298267 
-82.7188823280 0.0407214038 0.8776641247 0.5181084764 
-82.7268844418 0.0407031091 0.8777885653 0.5180866569 
-82.7350033552 0.0406845550 0.8779147310 0.5180643615 
-82.7432407463 0.0406657381 0.8780426437 0.5180415835 
-82.7515983193 0.0406466549 0.8781723254 0.5180183162 
-82.7600778047 0.0406273017 0.8783037987 0.5179945526 
-82.7686809603 0.0406076749 0.8784370860 0.5179702857 
-82.7774095710 0.0405877708 0.8785722103 0.5179455085 
-82.7862654493 0.0405675857 0.8787091948 0.5179202138 
-82.7952504364 0.0405471157 0.8788480629 0.5178943945 
-82.8043664016 0.0405263571 0.8789888382 0.5178680431 
-82.8136152439 0.0405053058 0.8791315447 0.5178411522 
-82.8229988914 0.0404839581 0.8792762066 0.5178137142 
-82.8325193026 0.0404623097 0.8794228483 0.5177857215 
-82.8421784664 0.0404403568 0.8795714948 0.5177571662 
-82.8519784029 0.0404180951 0.8797221708 0.5177280405 
-82.8619211635 0.0403955205 0.8798749018 0.5176983363 
-82.8720088319 0.0403726287 0.8800297134 0.5176680454 
-82.8822435244 0.0403494155 0.8801866312 0.5176371594 
-82.8926273902 0.0403258766 0.8803456816 0.5176056699 
-82.9031626124 0.0403020074 0.8805068907 0.5175735681 
-82.9138514082 0.0402778036 0.8806702854 0.5175408452 
-82.9246960296 0.0402532606 0.8808358925 0.5175074922 
-82.9356987640 0.0402283739 0.8810037392 0.5174734998 
-82.9468619347 0.0402031388 0.8811738531 0.5174388586 
-82.9581879016 0.0401775506 0.8813462619 0.5174035589 
-82.9696790617 0.0401516044 0.8815209936 0.5173675907 
-82.9813378497 0.0401252956 0.8816980766 0.5173309439 
-82.9931667390 0.0400986192 0.8818775394 0.5172936078 
-83.0051682417 0.0400715702 0.8820594110 0.5172555718 
-83.0173449098 0.0400441436 0.8822437205 0.5172168246 
-83.0296993356 0.0400163342 0.8824304974 0.5171773548 
-83.0422341527 0.0399881371 0.8826197713 0.5171371503 
-83.0549520361 0.0399595468 0.8828115722 0.5170961988 
-83.0678557037 0.0399305582 0.8830059305 0.5170544874 
-83.0809479162 0.0399011658 0.8832028766 0.5170120028 
-83.0942314787 0.0398713642 0.8834024413 0.5169687309 
-83.1077092406 0.0398411478 0.8836046559 0.5169246572 
-83.1213840972 0.0398105112 0.8838095515 0.5168797663 
-83.1352589898 0.0397794487 0.8840171599 0.5168340420 
-83.1493369069 0.0397479544 0.8842275130 0.5167874674 
-83.1636208851 0.0397160227 0.8844406430 0.5167400244 
-83.1781140097 0.0396836477 0.8846565822 0.5166916939 
-83.1928194154 0.0396508233 0.8848753634 0.5166424557 
-83.2077402879 0.0396175436 0.8850970197 0.5165922880 
-83.2228798641 0.0395838024 0.8853215841 0.5165411677 
-83.2382414334 0.0395495936 0.8855490903 0.5164890698 
-83.2538283383 0.0395149108 0.8857795720 0.5164359673 
-83.2696439760 0.0394797478 0.8860130631 0.5163818312 
-83.2856917988 0.0394440981 0.8862495980 0.5163266299 
-83.3019753155 0.0394079552 0.8864892112 0.5162703289 
-83.3184980922 0.0393713125 0.8867319375 0.5162128906 
-83.3352637536 0.0393341633 0.8869778118 0.5161542737 
-83.3522759839 0.0392965008 0.8872268694 0.5160944328 
-83.3695385283 0.0392583182 0.8874791457 0.5160333177 
-83.3870551938 0.0392196086 0.8877346766 0.5159708728 
-83.4048298507 0.0391803648 0.8879934980 0.5159070365 
-83.4228664337 0.0391405798 0.8882556460 0.5158417397 
-83.4411689434 0.0391002464 0.8885211570 0.5157749057 
-83.4597414474 0.0390593573 0.8887900677 0.5157064480 
-83.4785880818 0.0390179050 0.8890624149 0.5156362697 
-83.4977130529 0.0389758821 0.8893382357 0.5155642616 
-83.5171206385 0.0389332810 0.8896175672 0.5154903001 
-83.5368151893 0.0388900939 0.8899004471 0.5154142456 
-83.5568011310 0.0388463131 0.8901869130 0.5153359392 
-83.5770829659 0.0388019307 0.8904770027 0.5152552009 
-83.5976652745 0.0387569387 0.8907707544 0.5151718251 
-83.6185527176 0.0387113290 0.8910682062 0.5150855775 
-83.6397500386 0.0386650934 0.8913693967 0.5149961904 
-83.6612620652 0.0386182236 0.8916743646 0.5149033576 
-83.6830937119 0.0385707111 0.8919831486 0.5148067280 
-83.7052499828 0.0385225474 0.8922957878 0.5147058994 
-83.7277359737 0.0384737238 0.8926123216 0.5146004104 
-83.7505568753 0.0384242315 0.8929327893 0.5144897313 
-83.7737179761 0.0383740616 0.8932572307 0.5143732542 
-83.7972246659 0.0383232051 0.8935856855 0.5142502819 
-83.8210824394 0.0382716529 0.8939181941 0.5141200154 
-83.8452968998 0.0382193954 0.8942547966 0.5139815406 
-83.8698737635 0.0381664234 0.8945955339 0.5138338148 
-83.8948188648 0.0381127272 0.8949404467 0.5136756532 
-83.9201381607 0.0380582970 0.8952895763 0.5135057162 
-83.9458377372 0.0380031229 0.8956429644 0.5133224985 
-83.9719238147 0.0379471947 0.8960006528 0.5131243179 
-83.9984027554 0.0378905022 0.8963626840 0.5129092999 
-84.0252810701 0.0378330347 0.8967291008 0.5126753809 
-84.0525654294 0.0377747817 0.8970999466 0.5124206319 
-84.0802626898 0.0377157320 0.8974752657 0.5121455097 
-84.1083799470 0.0376558744 0.8978551039 0.5118590364 
-84.1369245088 0.0375951971 0.8982395082 0.5115788117 
-84.1659037392 0.0375336885 0.8986285243 0.5113186482 
-84.1953249863 0.0374713370 0.8990221957 0.5110845296 
-84.2251955905 0.0374081314 0.8994205636 0.5108771948 
-84.2323971602 0.0373929074 0.8995165788 0.5108351484 
-84.2323971602 0.0373929074 0.8995165788 0.5108351484 
-84.2323971602 0.0373929074 0.8995165788 0.5108351484 
-84.2323971602 0.0373929074 0.8995165788 0.5108351484 
