-81.4313182297 0.0437665676 0.8559010862 0.4916997565 
-81.4312965887 0.0437666205 0.8559006825 0.4916919570 
-81.4312533286 0.0437667263 0.8558998756 0.4916764323 
-81.4311884925 0.0437668849 0.8558986663 0.4916533321 
-81.4311021450 0.0437670961 0.8558970557 0.4916228844 
-81.4309943709 0.0437673596 0.8558950455 0.4915853994 
-81.4308651296 0.0437676757 0.8558926349 0.4915248530 
-81.4307149385 0.0437680430 0.8558898338 0.4914807191 
-81.4305437651 0.0437684617 0.8558866415 0.4914362309 
-81.4303517233 0.0437689314 0.8558830601 0.4913914419 
-81.4301389249 0.0437694518 0.8558790917 0.4913463956 
-81.4299054797 0.0437700228 0.8558747385 0.4913011272 
-81.4296514950 0.0437706439 0.8558700023 0.4912556643 
-81.4293770757 0.0437713151 0.8558648853 0.4912100280 
-81.4290823244 0.0437720360 0.8558593892 0.4911642342 
-81.4287673414 0.0437728065 0.8558535160 0.4911182946 
-81.4284322243 0.0437736261 0.8558472675 0.4910722170 
-81.4280770684 0.0437744948 0.8558406454 0.4910260065 
-81.4277019666 0.0437754123 0.8558336515 0.4909796655 
-81.4273070092 0.0437763784 0.8558262874 0.4909331946 
-81.4268922843 0.0437773929 0.8558185548 0.4908865923 
-81.4264578773 0.0437784555 0.8558104553 0.4908398558 
-81.4260038714 0.0437795661 0.8558019902 0.4907929811 
-81.4255303476 0.0437807245 0.8557931612 0.4907459629 
-81.4250373843 0.0437819304 0.8557839697 0.4906987952 
-81.4245250577 0.0437831838 0.8557744170 0.4906514712 
-81.4239934417 0.0437844843 0.8557645045 0.4906039836 
-81.4234426081 0.0437858320 0.8557542335 0.4905563244 
-81.4228726265 0.0437872265 0.8557436053 0.4905084855 
-81.4222835642 0.0437886677 0.8557326209 0.4904604583 
-81.4216754864 0.0437901555 0.8557212817 0.4904122341 
-81.4210484564 0.0437916897 0.8557095887 0.4903638043 
-81.4204025353 0.0437932702 0.8556975431 0.4903151597 
-81.4197377822 0.0437948969 0.8556851457 0.4902662915 
-81.4190542542 0.0437965695 0.8556723978 0.4902171906 
-81.4183520066 0.0437982880 0.8556593001 0.4901678482 
-81.4176310928 0.0438000523 0.8556458537 0.4901182553 
-81.4168915641 0.0438018621 0.8556320594 0.4900684030 
-81.4161334702 0.0438037175 0.8556179181 0.4900182826 
-81.4153568590 0.0438056183 0.8556034306 0.4899678853 
-81.4145617765 0.0438075643 0.8555885976 0.4899172025 
-81.4137482671 0.0438095556 0.8555734200 0.4898662258 
-81.4129163735 0.0438115919 0.8555578983 0.4898149468 
-81.4120661366 0.0438136732 0.8555420334 0.4897633571 
-81.4111975959 0.0438157994 0.8555258258 0.4897114487 
-81.4103107891 0.0438179704 0.8555092761 0.4896592134 
-81.4094057524 0.0438201862 0.8554923850 0.4896066434 
-81.4084825206 0.0438224466 0.8554751529 0.4895537308 
-81.4075411268 0.0438247516 0.8554575804 0.4895004681 
-81.4065816027 0.0438271011 0.8554396680 0.4894468476 
-81.4056039786 0.0438294950 0.8554214160 0.4893928619 
-81.4046082833 0.0438319333 0.8554028250 0.4893385038 
-81.4035945442 0.0438344159 0.8553838954 0.4892837661 
-81.4025627875 0.0438369428 0.8553646274 0.4892286418 
-81.4015130378 0.0438395139 0.8553450215 0.4891731238 
-81.4004453187 0.0438421291 0.8553250780 0.4891172056 
-81.3993596521 0.0438447884 0.8553047971 0.4890608803 
-81.3982560591 0.0438474918 0.8552841790 0.4890041414 
-81.3971345592 0.0438502393 0.8552632242 0.4889469826 
-81.3959951709 0.0438530307 0.8552419327 0.4888893974 
-81.3948379114 0.0438558660 0.8552203047 0.4888313796 
-81.3936627967 0.0438587453 0.8551983404 0.4887729233 
-81.3924698418 0.0438616685 0.8551760399 0.4887140224 
-81.3912590604 0.0438646355 0.8551534034 0.4886546711 
-81.3900304652 0.0438676464 0.8551304309 0.4885948635 
-81.3887840678 0.0438707011 0.8551071225 0.4885345941 
-81.3875198787 0.0438737996 0.8550834782 0.4884738574 
-81.3862379075 0.0438769419 0.8550594981 0.4884126478 
-81.3849381625 0.0438801280 0.8550351821 0.4883509601 
-81.3836206513 0.0438833578 0.8550105303 0.4882887890 
-81.3822853802 0.0438866314 0.8549855425 0.4882261294 
-81.3809323548 0.0438899488 0.8549602188 0.4881629763 
-81.3795615796 0.0438933099 0.8549345590 0.4880993247 
-81.3781730582 0.0438967147 0.8549085630 0.4880351697 
-81.3767667933 0.0439001634 0.8548822308 0.4879705067 
-81.3753427867 0.0439036557 0.8548555621 0.4879053310 
-81.3739010393 0.0439071919 0.8548285568 0.4878396379 
-81.3724415511 0.0439107718 0.8548012147 0.4877734231 
-81.3709643213 0.0439143956 0.8547735356 0.4877066820 
-81.3694693482 0.0439180631 0.8547455194 0.4876394105 
-81.3679566293 0.0439217745 0.8547171656 0.4875716043 
-81.3664261614 0.0439255297 0.8546884742 0.4875032592 
-81.3648779402 0.0439293287 0.8546594448 0.4874343712 
-81.3633119610 0.0439331717 0.8546300771 0.4873649363 
-81.3617282181 0.0439370585 0.8546003708 0.4872949505 
-81.3601267050 0.0439409893 0.8545703256 0.4872244101 
-81.3585074146 0.0439449641 0.8545399412 0.4871533113 
-81.3568703391 0.0439489828 0.8545092171 0.4870816504 
-81.3552154697 0.0439530456 0.8544781531 0.4870094239 
-81.3535427972 0.0439571524 0.8544467487 0.4869366281 
-81.3518523116 0.0439613033 0.8544150035 0.4868632596 
-81.3501440021 0.0439654984 0.8543829171 0.4867893150 
-81.3484178574 0.0439697376 0.8543504890 0.4867147910 
-81.3466738654 0.0439740211 0.8543177188 0.4866396844 
-81.3449120134 0.0439783488 0.8542846060 0.4865639918 
-81.3431322881 0.0439827208 0.8542511502 0.4864877103 
-81.3413346755 0.0439871372 0.8542173508 0.4864108367 
-81.3395191610 0.0439915979 0.8541832073 0.4863333680 
-81.3376857294 0.0439961031 0.8541487192 0.4862553013 
-81.3358343648 0.0440006528 0.8541138859 0.4861766338 
-81.3339650508 0.0440052471 0.8540787069 0.4860973625 
-81.3320777704 0.0440098860 0.8540431817 0.4860174847 
-81.3301725060 0.0440145695 0.8540073095 0.4859369978 
-81.3282492394 0.0440192977 0.8539710898 0.4858558991 
-81.3263079519 0.0440240708 0.8539345221 0.4857741859 
-81.3243486242 0.0440288886 0.8538976056 0.4856918558 
-81.3223712364 0.0440337514 0.8538603398 0.4856089063 
-81.3203757681 0.0440386591 0.8538227239 0.4855253350 
-81.3183621985 0.0440436119 0.8537847573 0.4854411394 
-81.3163305060 0.0440486098 0.8537464394 0.4853563173 
-81.3142806687 0.0440536528 0.8537077694 0.4852708664 
-81.3122126640 0.0440587411 0.8536687465 0.4851847845 
-81.3101264691 0.0440638747 0.8536293702 0.4850980694 
-81.3080220603 0.0440690536 0.8535896396 0.4850107190 
-81.3058994136 0.0440742781 0.8535495540 0.4849227313 
-81.3037585046 0.0440795480 0.8535091127 0.4848341041 
-81.3015993083 0.0440848636 0.8534683148 0.4847448357 
-81.2994217991 0.0440902248 0.8534271597 0.4846549239 
-81.2972259512 0.0440956318 0.8533856464 0.4845643670 
-81.2950117381 0.0441010846 0.8533437741 0.4844731631 
-81.2927791330 0.0441065834 0.8533015421 0.4843813105 
-81.2905281084 0.0441121282 0.8532589496 0.4842888073 
-81.2882586365 0.0441177191 0.8532159955 0.4841956519 
-81.2859706892 0.0441233561 0.8531726792 0.4841018426 
-81.2836642377 0.0441290394 0.8531289997 0.4840073779 
-81.2813392528 0.0441347691 0.8530849562 0.4839122560 
-81.2789957049 0.0441405452 0.8530405476 0.4838164755 
-81.2766335641 0.0441463679 0.8529957732 0.4837200350 
-81.2742527997 0.0441522371 0.8529506320 0.4836229328 
-81.2718533810 0.0441581531 0.8529051231 0.4835251676 
-81.2694352766 0.0441641160 0.8528592455 0.4834267380 
-81.2669984548 0.0441701257 0.8528129983 0.4833276427 
-81.2645428832 0.0441761824 0.8527663804 0.4832278802 
-81.2620685295 0.0441822862 0.8527193910 0.4831274494 
-81.2595753605 0.0441884373 0.8526720289 0.4830263488 
-81.2570633429 0.0441946356 0.8526242933 0.4829245773 
-81.2545324428 0.0442008814 0.8525761830 0.4828221337 
-81.2519826260 0.0442071746 0.8525276971 0.4827190167 
-81.2494138578 0.0442135155 0.8524788346 0.4826152251 
-81.2468261032 0.0442199041 0.8524295942 0.4825107577 
-81.2442193268 0.0442263405 0.8523799751 0.4824056133 
-81.2415934927 0.0442328249 0.8523299760 0.4822997908 
-81.2389485647 0.0442393573 0.8522795960 0.4821932890 
-81.2362845061 0.0442459378 0.8522288339 0.4820861067 
-81.2336012800 0.0442525666 0.8521776886 0.4819782425 
-81.2308988489 0.0442592438 0.8521261590 0.4818696954 
-81.2281771751 0.0442659695 0.8520742438 0.4817604639 
-81.2254362205 0.0442727438 0.8520219421 0.4816505468 
-81.2226759463 0.0442795668 0.8519692526 0.4815399425 
-81.2198963139 0.0442864386 0.8519161741 0.4814286497 
-81.2170972837 0.0442933594 0.8518627055 0.4813166667 
-81.2142788163 0.0443003293 0.8518088455 0.4812039918 
-81.2114408715 0.0443073484 0.8517545930 0.4810906231 
-81.2085834091 0.0443144167 0.8516999467 0.4809765585 
-81.2057063881 0.0443215345 0.8516449054 0.4808617958 
-81.2028097677 0.0443287019 0.8515894678 0.4807463324 
-81.1998935062 0.0443359190 0.8515336327 0.4806301657 
-81.1969575621 0.0443431858 0.8514773988 0.4805132923 
-81.1940018931 0.0443505027 0.8514207649 0.4803957088 
-81.1910264568 0.0443578695 0.8513637295 0.4802774111 
-81.1880312106 0.0443652866 0.8513062916 0.4801583946 
-81.1850161113 0.0443727540 0.8512484496 0.4800386542 
-81.1819811157 0.0443802718 0.8511902023 0.4799181838 
-81.1789261802 0.0443878403 0.8511315484 0.4797969766 
-81.1758512610 0.0443954594 0.8510724865 0.4796750248 
-81.1727563139 0.0444031294 0.8510130153 0.4795523193 
-81.1696412948 0.0444108504 0.8509531333 0.4794288498 
-81.1665061592 0.0444186225 0.8508928393 0.4793046043 
-81.1633508624 0.0444264458 0.8508321318 0.4791795690 
-81.1601753598 0.0444343206 0.8507710094 0.4790537280 
-81.1569796065 0.0444422469 0.8507094708 0.4789270632 
-81.1537635579 0.0444502248 0.8506475145 0.4787995532 
-81.1505271690 0.0444582545 0.8505851392 0.4786711739 
-81.1472703953 0.0444663362 0.8505223433 0.4785418972 
-81.1439931923 0.0444744699 0.8504591256 0.4784116907 
-81.1406955158 0.0444826559 0.8503954845 0.4782805173 
-81.1373773219 0.0444908942 0.8503314187 0.4781483342 
-81.1340385672 0.0444991849 0.8502669268 0.4780150923 
-81.1306792090 0.0445075283 0.8502020073 0.4778807353 
-81.1272992053 0.0445159244 0.8501366588 0.4777451985 
-81.1238985151 0.0445243734 0.8500708800 0.4776084080 
-81.1204770984 0.0445328754 0.8500046696 0.4774702797 
-81.1170349168 0.0445414305 0.8499380261 0.4773307177 
-81.1135719333 0.0445500388 0.8498709482 0.4771896134 
-81.1100881131 0.0445587005 0.8498034346 0.4770468440 
-81.1065834234 0.0445674157 0.8497354842 0.4769022715 
-81.1030578342 0.0445761844 0.8496670957 0.4767557419 
-81.0995113187 0.0445850068 0.8495982679 0.4766070845 
-81.0959438536 0.0445938829 0.8495289997 0.4764561117 
-81.0923554196 0.0446028129 0.8494592902 0.4763026205 
-81.0887460022 0.0446117968 0.8493891385 0.4761463946 
-81.0851155924 0.0446208346 0.8493185437 0.4759872097 
-81.0814641871 0.0446299264 0.8492475050 0.4758248411 
-81.0777917901 0.0446390721 0.8491760221 0.4756590778 
-81.0740984128 0.0446482719 0.8491040943 0.4754897428 
-81.0703840747 0.0446575257 0.8490317214 0.4753167263 
-81.0666488046 0.0446668334 0.8489589034 0.4751400333 
-81.0628926407 0.0446761950 0.8488856403 0.4749598538 
-81.0591156309 0.0446856104 0.8488119324 0.4747766491 
-81.0553178323 0.0446950795 0.8487377802 0.4745912329 
-81.0514993085 0.0447046021 0.8486631842 0.4744047819 
-81.0495797127 0.0447093899 0.8486256684 0.4743112094 
-81.0476394640 0.0447142297 0.8485877322 0.4742154306 
-81.0456785954 0.0447191215 0.8485493759 0.4741176808 
-81.0436971426 0.0447240651 0.8485106000 0.4740181530 
-81.0416951438 0.0447290605 0.8484714047 0.4739170038 
-81.0396726393 0.0447341076 0.8484317906 0.4738143597 
-81.0376296709 0.0447392063 0.8483917581 0.4737103216 
-81.0355662818 0.0447443566 0.8483513077 0.4736049697 
-81.0334825165 0.0447495583 0.8483104398 0.4734983665 
-81.0313784208 0.0447548113 0.8482691551 0.4733905605 
-81.0292540411 0.0447601155 0.8482274540 0.4732815888 
-81.0271094249 0.0447654709 0.8481853372 0.4731714791 
-81.0249446207 0.0447708773 0.8481428051 0.4730602519 
-81.0227596775 0.0447763346 0.8480998584 0.4729479215 
-81.0205546453 0.0447818427 0.8480564976 0.4728344978 
-81.0183295748 0.0447874016 0.8480127233 0.4727199870 
-81.0160845175 0.0447930110 0.8479685362 0.4726043925 
-81.0138195256 0.0447986709 0.8479239369 0.4724877151 
-81.0115346523 0.0448043812 0.8478789260 0.4723699540 
-81.0092299512 0.0448101417 0.8478335041 0.4722511073 
-81.0069054771 0.0448159524 0.8477876719 0.4721311714 
-81.0045612854 0.0448218130 0.8477414301 0.4720101422 
-81.0021974325 0.0448277236 0.8476947794 0.4718880148 
-80.9998139756 0.0448336839 0.8476477204 0.4717647838 
-80.9974109728 0.0448396938 0.8476002539 0.4716404431 
-80.9949884831 0.0448457533 0.8475523805 0.4715149865 
-80.9925465666 0.0448518621 0.8475041011 0.4713884073 
-80.9900852841 0.0448580201 0.8474554163 0.4712606986 
-80.9876046976 0.0448642273 0.8474063270 0.4711318532 
-80.9851048703 0.0448704834 0.8473568339 0.4710018638 
-80.9825858661 0.0448767884 0.8473069379 0.4708707229 
-80.9800477503 0.0448831420 0.8472566396 0.4707384229 
-80.9774905891 0.0448895441 0.8472059401 0.4706049560 
-80.9749144501 0.0448959947 0.8471548401 0.4704703144 
-80.9723194020 0.0449024935 0.8471033405 0.4703344899 
-80.9697055145 0.0449090403 0.8470514423 0.4701974747 
-80.9670728588 0.0449156351 0.8469991462 0.4700592605 
-80.9644215075 0.0449222776 0.8469464534 0.4699198391 
-80.9617515342 0.0449289677 0.8468933647 0.4697792022 
-80.9590630140 0.0449357052 0.8468398812 0.4696373414 
-80.9563560235 0.0449424899 0.8467860037 0.4694942483 
-80.9536306405 0.0449493218 0.8467317335 0.4693499145 
-80.9508869445 0.0449562005 0.8466770715 0.4692043313 
-80.9481250162 0.0449631259 0.8466220188 0.4690574901 
-80.9453449381 0.0449700979 0.8465665766 0.4689093824 
-80.9425467941 0.0449771161 0.8465107460 0.4687599993 
-80.9397306697 0.0449841806 0.8464545281 0.4686093321 
-80.9368966521 0.0449912909 0.8463979242 0.4684573720 
-80.9340448301 0.0449984470 0.8463409355 0.4683041100 
-80.9311752941 0.0450056486 0.8462835632 0.4681495373 
-80.9282881365 0.0450128956 0.8462258087 0.4679936448 
-80.9253834513 0.0450201876 0.8461676732 0.4678364235 
-80.9224613343 0.0450275245 0.8461091581 0.4676778643 
-80.9195218830 0.0450349061 0.8460502649 0.4675179581 
-80.9165651972 0.0450423321 0.8459909949 0.4673566955 
-80.9135913781 0.0450498023 0.8459313496 0.4671940674 
-80.9106005293 0.0450573164 0.8458713305 0.4670300643 
-80.9075927561 0.0450648743 0.8458109391 0.4668646769 
-80.9045681659 0.0450724756 0.8457501771 0.4666978958 
-80.9015268683 0.0450801201 0.8456890459 0.4665297114 
-80.8984689747 0.0450878076 0.8456275473 0.4663601141 
-80.8953945991 0.0450955377 0.8455656830 0.4661890942 
-80.8923038571 0.0451033102 0.8455034547 0.4660166421 
-80.8891968671 0.0451111249 0.8454408642 0.4658427479 
-80.8860737494 0.0451189814 0.8453779132 0.4656674018 
-80.8829346267 0.0451268795 0.8453146037 0.4654905939 
-80.8797796241 0.0451348188 0.8452509376 0.4653123142 
-80.8766088688 0.0451427991 0.8451869167 0.4651325526 
-80.8734224909 0.0451508201 0.8451225432 0.4649512989 
-80.8702206226 0.0451588813 0.8450578191 0.4647685429 
-80.8670033987 0.0451669827 0.8449927464 0.4645842744 
-80.8637709565 0.0451751237 0.8449273273 0.4643984830 
-80.8605234360 0.0451833040 0.8448615640 0.4642111581 
-80.8572609798 0.0451915234 0.8447954588 0.4640222893 
-80.8539837331 0.0451997815 0.8447290139 0.4638318659 
-80.8506918438 0.0452080779 0.8446622318 0.4636398773 
-80.8473854628 0.0452164123 0.8445951147 0.4634463126 
-80.8440647434 0.0452247842 0.8445276653 0.4632511609 
-80.8407298421 0.0452331934 0.8444598859 0.4630544114 
-80.8373809181 0.0452416394 0.8443917792 0.4628560529 
-80.8340181336 0.0452501219 0.8443233479 0.4626560743 
-80.8306416537 0.0452586404 0.8442545945 0.4624544643 
-80.8272516467 0.0452671945 0.8441855220 0.4622512116 
-80.8238482839 0.0452757839 0.8441161330 0.4620463048 
-80.8204317396 0.0452844081 0.8440464305 0.4618397324 
-80.8170021913 0.0452930667 0.8439764174 0.4616314826 
-80.8135598199 0.0453017592 0.8439060968 0.4614215439 
-80.8101048094 0.0453104852 0.8438354716 0.4612099044 
-80.8066373470 0.0453192443 0.8437645451 0.4609965520 
-80.8031576234 0.0453280359 0.8436933205 0.4607814749 
-80.7996658328 0.0453368597 0.8436218011 0.4605646609 
-80.7961621726 0.0453457150 0.8435499901 0.4603460976 
-80.7926468439 0.0453546015 0.8434778911 0.4601257729 
-80.7891200513 0.0453635186 0.8434055074 0.4599036741 
-80.7855820029 0.0453724658 0.8433328428 0.4596797888 
-80.7820329106 0.0453814426 0.8432599008 0.4594541042 
-80.7784729898 0.0453904485 0.8431866852 0.4592266075 
-80.7749024600 0.0453994830 0.8431131997 0.4589972859 
-80.7713215440 0.0454085454 0.8430394483 0.4587661263 
-80.7677304690 0.0454176352 0.8429654349 0.4585331155 
-80.7641294657 0.0454267519 0.8428911635 0.4582982404 
-80.7605187688 0.0454358949 0.8428166383 0.4580614874 
-80.7568986173 0.0454450635 0.8427418635 0.4578228431 
-80.7532692540 0.0454542573 0.8426668434 0.4575822939 
-80.7496309259 0.0454634755 0.8425915823 0.4573398260 
-80.7459838840 0.0454727175 0.8425160847 0.4570954255 
-80.7423283840 0.0454819828 0.8424403552 0.4568490785 
-80.7386646853 0.0454912707 0.8423643984 0.4566007708 
-80.7349930520 0.0455005804 0.8422882191 0.4563504882 
-80.7313137525 0.0455099114 0.8422118220 0.4560982162 
-80.7276270597 0.0455192630 0.8421352122 0.4558439403 
-80.7239332509 0.0455286344 0.8420583946 0.4555876460 
-80.7202326080 0.0455380250 0.8419813744 0.4553293184 
-80.7165254176 0.0455474341 0.8419041568 0.4550689427 
-80.7128119708 0.0455568609 0.8418267470 0.4548065036 
-80.7090925637 0.0455663047 0.8417491506 0.4545419862 
-80.7053674969 0.0455757647 0.8416713730 0.4542753750 
-80.7016370760 0.0455852402 0.8415934198 0.4540066547 
-80.6979016116 0.0455947303 0.8415152969 0.4537358095 
-80.6941614190 0.0456042344 0.8414370100 0.4534628238 
-80.6904168189 0.0456137515 0.8413585651 0.4531876817 
-80.6866681369 0.0456232809 0.8412799682 0.4529103671 
-80.6829157035 0.0456328217 0.8412012255 0.4526308640 
-80.6791598549 0.0456423731 0.8411223433 0.4523491559 
-80.6754009322 0.0456519343 0.8410433280 0.4520652265 
-80.6716392819 0.0456615043 0.8409641861 0.4517790591 
-80.6678752562 0.0456710822 0.8408849243 0.4514906369 
-80.6641092123 0.0456806672 0.8408055492 0.4511999432 
-80.6603415132 0.0456902583 0.8407260677 0.4509069607 
-80.6565725275 0.0456998546 0.8406464869 0.4506116724 
-80.6528026294 0.0457094552 0.8405668139 0.4503140608 
-80.6490321986 0.0457190590 0.8404870558 0.4500141084 
-80.6452616210 0.0457286652 0.8404072202 0.4497117976 
-80.6414912880 0.0457382726 0.8403273144 0.4494071105 
-80.6377215970 0.0457478804 0.8402473461 0.4491000290 
-80.6339529515 0.0457574874 0.8401673230 0.4487905351 
-80.6301857608 0.0457670927 0.8400872531 0.4484786104 
-80.6264204405 0.0457766951 0.8400071443 0.4481642364 
-80.6226574124 0.0457862936 0.8399270049 0.4478473943 
-80.6188971043 0.0457958871 0.8398468430 0.4475280653 
-80.6151399506 0.0458054744 0.8397666673 0.4472062303 
-80.6113863919 0.0458150546 0.8396864862 0.4468818700 
-80.6076368752 0.0458246263 0.8396063085 0.4465549651 
-80.6038918541 0.0458341885 0.8395261431 0.4462254957 
-80.6001517888 0.0458437399 0.8394459989 0.4458934420 
-80.5964171461 0.0458532795 0.8393658851 0.4455587838 
-80.5926883995 0.0458628058 0.8392858111 0.4452215008 
-80.5889660293 0.0458723178 0.8392057863 0.4448815724 
-80.5852505228 0.0458818142 0.8391258203 0.4445389774 
-80.5815423740 0.0458912937 0.8390459229 0.4441936949 
-80.5778420841 0.0459007549 0.8389661040 0.4438457031 
-80.5741501612 0.0459101967 0.8388863738 0.4434949802 
-80.5704671206 0.0459196177 0.8388067424 0.4431415039 
-80.5667934850 0.0459290164 0.8387272203 0.4427852514 
-80.5631297841 0.0459383916 0.8386478180 0.4424261996 
-80.5594765551 0.0459477419 0.8385685463 0.4420643248 
-80.5558343429 0.0459570658 0.8384894162 0.4416996026 
-80.5522036995 0.0459663620 0.8384104386 0.4413320082 
-80.5485851847 0.0459756290 0.8383316248 0.4409615159 
-80.5449793661 0.0459848653 0.8382529862 0.4405880993 
-80.5413868188 0.0459940693 0.8381745345 0.4402117309 
-80.5378081261 0.0460032398 0.8380962814 0.4398323823 
-80.5342438788 0.0460123750 0.8380182389 0.4394500239 
-80.5306946762 0.0460214734 0.8379404190 0.4390646248 
-80.5271611253 0.0460305335 0.8378628341 0.4386761523 
-80.5236438415 0.0460395536 0.8377854967 0.4382845723 
-80.5201434485 0.0460485322 0.8377084195 0.4378898483 
-80.5166605785 0.0460574676 0.8376316153 0.4374919419 
-80.5131958719 0.0460663581 0.8375550972 0.4370908116 
-80.5097499781 0.0460752020 0.8374788785 0.4366864132 
-80.5063235549 0.0460839977 0.8374029727 0.4362786990 
-80.5029172692 0.0460927434 0.8373273933 0.4358676169 
-80.4995317967 0.0461014373 0.8372521543 0.4354531108 
-80.4961678224 0.0461100776 0.8371772696 0.4350351188 
-80.4928260406 0.0461186626 0.8371027536 0.4346135733 
-80.4895071548 0.0461271905 0.8370286208 0.4341883999 
-80.4862118783 0.0461356592 0.8369548859 0.4337595160 
-80.4829409342 0.0461440670 0.8368815637 0.4333268306 
-80.4796950556 0.0461524120 0.8368086694 0.4328902421 
-80.4764749858 0.0461606922 0.8367362184 0.4324496379 
-80.4732814787 0.0461689056 0.8366642263 0.4320048924 
-80.4701152988 0.0461770503 0.8365927089 0.4315558658 
-80.4669772218 0.0461851241 0.8365216823 0.4311024022 
-80.4638680348 0.0461931252 0.8364511630 0.4306443285 
-80.4607885367 0.0462010513 0.8363811674 0.4301814527 
-80.4577395384 0.0462089004 0.8363117125 0.4297135626 
-80.4547218638 0.0462166702 0.8362428154 0.4292404248 
-80.4517363495 0.0462243587 0.8361744935 0.4287617852 
-80.4487838461 0.0462319636 0.8361067647 0.4282773695 
-80.4458652184 0.0462394826 0.8360396470 0.4277868863 
-80.4429813461 0.0462469134 0.8359731588 0.4272900328 
-80.4401331243 0.0462542537 0.8359073188 0.4267865049 
-80.4373214647 0.0462615010 0.8358421461 0.4262760127 
-80.4345472957 0.0462686531 0.8357776601 0.4257583071 
-80.4318115635 0.0462757074 0.8357138808 0.4252332187 
-80.4291152330 0.0462826613 0.8356508284 0.4247007186 
-80.4264592874 0.0462895123 0.8355885236 0.4241610046 
-80.4238447294 0.0462962577 0.8355269873 0.4236146113 
-80.4212725799 0.0463028950 0.8354662412 0.4230625134 
-80.4187438762 0.0463094214 0.8354063070 0.4225061435 
-80.4175017665 0.0463126276 0.8353767592 0.4222259942 
-80.4163046490 0.0463157183 0.8353480699 0.4219399127 
-80.4151530680 0.0463186920 0.8353202506 0.4216481712 
-80.4140475844 0.0463215472 0.8352933132 0.4213509891 
-80.4129887749 0.0463242824 0.8352672696 0.4210485409 
-80.4119772321 0.0463268961 0.8352421325 0.4207409632 
-80.4110135641 0.0463293867 0.8352179145 0.4204283614 
-80.4100983942 0.0463317525 0.8351946288 0.4201108144 
-80.4092323608 0.0463339920 0.8351722886 0.4197883796 
-80.4084161173 0.0463361033 0.8351509078 0.4194610967 
-80.4076503323 0.0463380849 0.8351305003 0.4191289909 
-80.4069356890 0.0463399348 0.8351110803 0.4187920761 
-80.4062728858 0.0463416513 0.8350926625 0.4184503566 
-80.4056626360 0.0463432325 0.8350752619 0.4181038295 
-80.4051056678 0.0463446765 0.8350588934 0.4177524858 
-80.4046027244 0.0463459814 0.8350435728 0.4173963119 
-80.4041545639 0.0463471453 0.8350293157 0.4170352903 
-80.4037619598 0.0463481661 0.8350161384 0.4166694007 
-80.4034257003 0.0463490419 0.8350040571 0.4162986204 
-80.4031465891 0.0463497704 0.8349930885 0.4159229245 
-80.4029254450 0.0463503496 0.8349832498 0.4155422869 
-80.4027631020 0.0463507774 0.8349745582 0.4151566801 
-80.4026604096 0.0463510515 0.8349670313 0.4147660754 
-80.4026182327 0.0463511698 0.8349606870 0.4143704435 
-80.4026374516 0.0463511299 0.8349555436 0.4139697543 
-80.4027189622 0.0463509295 0.8349516196 0.4135639770 
-80.4028636760 0.0463505664 0.8349489338 0.4131530804 
-80.4030725203 0.0463500380 0.8349475053 0.4127370329 
-80.4033464381 0.0463493420 0.8349473536 0.4123158026 
-80.4036863880 0.0463484760 0.8349484985 0.4118893572 
-80.4040933449 0.0463474373 0.8349509600 0.4114576642 
-80.4045682995 0.0463462236 0.8349547584 0.4110206911 
-80.4051122585 0.0463448321 0.8349599145 0.4105784049 
-80.4057262449 0.0463432603 0.8349664492 0.4101307728 
-80.4064112977 0.0463415055 0.8349743838 0.4096777620 
-80.4071684723 0.0463395650 0.8349837398 0.4092193394 
-80.4079988405 0.0463374360 0.8349945393 0.4087554722 
-80.4089034904 0.0463351159 0.8350068044 0.4082861274 
-80.4098835267 0.0463326017 0.8350205575 0.4078112724 
-80.4109400708 0.0463298906 0.8350358216 0.4073308743 
-80.4120742605 0.0463269797 0.8350526198 0.4068449008 
-80.4132872505 0.0463238661 0.8350709754 0.4063533195 
-80.4145802123 0.0463205468 0.8350909123 0.4058560983 
-80.4159543343 0.0463170187 0.8351124545 0.4053532053 
-80.4174108219 0.0463132789 0.8351356263 0.4048446089 
-80.4189508975 0.0463093241 0.8351604524 0.4043302779 
-80.4205758005 0.0463051513 0.8351869578 0.4038101812 
-80.4222867878 0.0463007573 0.8352151677 0.4032842884 
-80.4240851333 0.0462961388 0.8352451077 0.4027525691 
-80.4259721283 0.0462912926 0.8352768037 0.4022149938 
-80.4279490818 0.0462862154 0.8353102818 0.4016715330 
-80.4300173198 0.0462809039 0.8353455686 0.4011221580 
-80.4321781864 0.0462753546 0.8353826908 0.4005668405 
-80.4344330430 0.0462695642 0.8354216754 0.4000055528 
-80.4367832690 0.0462635291 0.8354625499 0.3994382678 
-80.4392302613 0.0462572458 0.8355053418 0.3988649588 
-80.4417754349 0.0462507109 0.8355500793 0.3982856001 
-80.4444202228 0.0462439208 0.8355967904 0.3977001664 
-80.4471660760 0.0462368717 0.8356455038 0.3971086332 
-80.4500144634 0.0462295600 0.8356962483 0.3965109768 
-80.4529668723 0.0462219821 0.8357490529 0.3959071741 
-80.4560248084 0.0462141341 0.8358039472 0.3952972030 
-80.4591897953 0.0462060124 0.8358609607 0.3946810421 
-80.4624633756 0.0461976129 0.8359201235 0.3940586708 
-80.4658471098 0.0461889320 0.8359814658 0.3934300696 
-80.4693425775 0.0461799656 0.8360450180 0.3927952196 
-80.4729513765 0.0461707098 0.8361108111 0.3921541031 
-80.4766751238 0.0461611607 0.8361788761 0.3915067033 
-80.4805154547 0.0461513142 0.8362492442 0.3908530044 
-80.4844740238 0.0461411662 0.8363219471 0.3901929916 
-80.4885525044 0.0461307125 0.8363970167 0.3895266511 
-80.4927525891 0.0461199492 0.8364744851 0.3888539703 
-80.4970759893 0.0461088719 0.8365543846 0.3881749375 
-80.5015244359 0.0460974765 0.8366367479 0.3874895424 
-80.5060996790 0.0460857586 0.8367216079 0.3867977756 
-80.5108034880 0.0460737140 0.8368089977 0.3860996291 
-80.5156376519 0.0460613383 0.8368989506 0.3853950959 
-80.5206039791 0.0460486272 0.8369915003 0.3846841702 
-80.5257042977 0.0460355761 0.8370866806 0.3839668477 
-80.5309404557 0.0460221807 0.8371845256 0.3832431250 
-80.5363143206 0.0460084364 0.8372850696 0.3825130004 
-80.5418277800 0.0459943387 0.8373883472 0.3817764730 
-80.5474827416 0.0459798830 0.8374943930 0.3810335436 
-80.5532811330 0.0459650647 0.8376032420 0.3802842141 
-80.5592249022 0.0459498791 0.8377149294 0.3795284880 
-80.5653160173 0.0459343215 0.8378294906 0.3787663698 
-80.5715564670 0.0459183873 0.8379469611 0.3779978657 
-80.5779482604 0.0459020716 0.8380673767 0.3772229830 
-80.5844934273 0.0458853697 0.8381907734 0.3764417307 
-80.5911940183 0.0458682766 0.8383171874 0.3756541189 
-80.5980521048 0.0458507876 0.8384466549 0.3748601592 
-80.6050697792 0.0458328976 0.8385792124 0.3740598649 
-80.6122491550 0.0458146017 0.8387148967 0.3732532503 
-80.6195923670 0.0457958951 0.8388537446 0.3724403314 
-80.6271015712 0.0457767725 0.8389957931 0.3716211255 
-80.6347789455 0.0457572290 0.8391410792 0.3707956515 
-80.6426266890 0.0457372594 0.8392896404 0.3699639296 
-80.6506470229 0.0457168587 0.8394415141 0.3691259815 
-80.6588421904 0.0456960216 0.8395967378 0.3682818302 
-80.6672144565 0.0456747430 0.8397553493 0.3674315005 
-80.6757661089 0.0456530176 0.8399173863 0.3665750184 
-80.6844994575 0.0456308401 0.8400828869 0.3657124112 
-80.6934168349 0.0456082052 0.8402518891 0.3648437079 
-80.7025205964 0.0455851076 0.8404244310 0.3639689389 
-80.7118131206 0.0455615420 0.8406005510 0.3630881360 
-80.7212968090 0.0455375028 0.8407802873 0.3622013323 
-80.7309740866 0.0455129846 0.8409636784 0.3613085624 
-80.7408474022 0.0454879821 0.8411507629 0.3604098625 
-80.7509192282 0.0454624895 0.8413415793 0.3595052699 
-80.7611920611 0.0454365015 0.8415361662 0.3585948234 
-80.7716684219 0.0454100124 0.8417345624 0.3576785634 
-80.7823508560 0.0453830166 0.8419368067 0.3567565314 
-80.7932419335 0.0453555085 0.8421429378 0.3558287704 
-80.8043442499 0.0453274824 0.8423529945 0.3548953247 
-80.8156604257 0.0452989325 0.8425670158 0.3539562401 
-80.8271931073 0.0452698531 0.8427850405 0.3530115634 
-80.8389449668 0.0452402385 0.8430071074 0.3520613432 
-80.8509187027 0.0452100829 0.8432332557 0.3511056289 
-80.8631170399 0.0451793803 0.8434635240 0.3501444717 
-80.8755427304 0.0451481250 0.8436979513 0.3491779236 
-80.8881985531 0.0451163110 0.8439365765 0.3482060383 
-80.9010873148 0.0450839323 0.8441794384 0.3472288705 
-80.9142118499 0.0450509831 0.8444265758 0.3462464761 
-80.9275750214 0.0450174573 0.8446780276 0.3452589125 
-80.9411797209 0.0449833488 0.8449338323 0.3442662380 
-80.9550288690 0.0449486517 0.8451940287 0.3432685124 
-80.9691254159 0.0449133597 0.8454586554 0.3422657962 
-80.9834723417 0.0448774669 0.8457277509 0.3412581516 
-80.9980726571 0.0448409669 0.8460013535 0.3402456416 
-81.0129294034 0.0448038537 0.8462795018 0.3392283303 
-81.0280456533 0.0447661210 0.8465622338 0.3382062829 
-81.0434245114 0.0447277625 0.8468495877 0.3371795658 
-81.0590691147 0.0446887720 0.8471416015 0.3361482461 
-81.0749826329 0.0446491431 0.8474383132 0.3351123923 
-81.0911682693 0.0446088694 0.8477397604 0.3340720735 
-81.1076292610 0.0445679447 0.8480459807 0.3330273597 
-81.1243688797 0.0445263625 0.8483570117 0.3319783220 
-81.1413904323 0.0444841163 0.8486728905 0.3309250320 
-81.1586972614 0.0444411996 0.8489936542 0.3298675621 
-81.1762927461 0.0443976059 0.8493193399 0.3288059856 
-81.1941803026 0.0443533288 0.8496499842 0.3277403760 
-81.2123633845 0.0443083615 0.8499856236 0.3266708075 
-81.2308454843 0.0442626976 0.8503262944 0.3255973547 
-81.2496301334 0.0442163302 0.8506720328 0.3245200923 
-81.2687209030 0.0441692529 0.8510228745 0.3234390953 
-81.2881214052 0.0441214588 0.8513788552 0.3223544386 
-81.3078352934 0.0440729412 0.8517400103 0.3212661969 
-81.3278662633 0.0440236933 0.8521063749 0.3201744445 
-81.3482180538 0.0439737083 0.8524779836 0.3190792552 
-81.3688944474 0.0439229793 0.8528548712 0.3179807019 
-81.3898992718 0.0438714995 0.8532370718 0.3168788563 
-81.4112364004 0.0438192619 0.8536246193 0.3157737885 
-81.4329097531 0.0437662596 0.8540175474 0.3146655672 
-81.4549232977 0.0437124856 0.8544158893 0.3135542583 
-81.4772810504 0.0436579329 0.8548196780 0.3124399252 
-81.4999870774 0.0436025943 0.8552289460 0.3113226281 
-81.5230454953 0.0435464627 0.8556437256 0.3102024230 
-81.5464604727 0.0434895311 0.8560640486 0.3090793616 
-81.5702362312 0.0434317923 0.8564899464 0.3079534898 
-81.5943770463 0.0433732389 0.8569214502 0.3068248473 
-81.6188872490 0.0433138638 0.8573585905 0.3056934663 
-81.6437712267 0.0432536597 0.8578013975 0.3045593705 
-81.6690334246 0.0431926191 0.8582499010 0.3034225734 
-81.6946783468 0.0431307348 0.8587041303 0.3022830770 
-81.7207105581 0.0430679992 0.8591641143 0.3011408701 
-81.7471346848 0.0430044050 0.8596298814 0.2999959259 
-81.7739554166 0.0429399446 0.8601014593 0.2988482001 
-81.8011775076 0.0428746104 0.8605788754 0.2976976281 
-81.8288057784 0.0428083949 0.8610621567 0.2965441218 
-81.8568451171 0.0427412905 0.8615513294 0.2953875669 
-81.8853004812 0.0426732893 0.8620464192 0.2942278180 
-81.9141768991 0.0426043837 0.8625474514 0.2930646952 
-81.9434794721 0.0425345659 0.8630544506 0.2918979786 
-81.9732133757 0.0424638280 0.8635674407 0.2907274028 
-82.0033838619 0.0423921622 0.8640864451 0.2895526508 
-82.0339962609 0.0423195605 0.8646114868 0.2883733465 
-82.0650559829 0.0422460150 0.8651425877 0.2871890472 
-82.0965685205 0.0421715176 0.8656797694 0.2859992348 
-82.1285394503 0.0420960602 0.8662230526 0.2848033059 
-82.1609744356 0.0420196347 0.8667724576 0.2836005619 
-82.1938792285 0.0419422328 0.8673280037 0.2823901981 
-82.2272596718 0.0418638463 0.8678897096 0.2811712925 
-82.2611217021 0.0417844669 0.8684575934 0.2799427954 
-82.2954713521 0.0417040862 0.8690316721 0.2787035205 
-82.3303147530 0.0416226957 0.8696119623 0.2774521392 
-82.3656581374 0.0415402869 0.8701984797 0.2761871810 
-82.4015078423 0.0414568513 0.8707912391 0.2749070430 
-82.4378703118 0.0413723802 0.8713902546 0.2736100139 
-82.4747521000 0.0412868649 0.8719955394 0.2722943154 
-82.5121598745 0.0412002967 0.8726071060 0.2709581585 
-82.5501004191 0.0411126666 0.8732249658 0.2695998087 
-82.5885806371 0.0410239657 0.8738491295 0.2682177970 
-82.6276075570 0.0409341851 0.8744796069 0.2668129528 
-82.6671883488 0.0408433155 0.8751164071 0.2653999926 
-82.7073303354 0.0407513478 0.8757595387 0.2640209998 
-82.7480409348 0.0406582726 0.8764090085 0.2627148299 
-82.7893276241 0.0405640809 0.8770648213 0.2614974021 
-82.8311979495 0.0404687635 0.8777269794 0.2603700968 
-82.8736595361 0.0403723114 0.8783954833 0.2593224938 
-82.9167201021 0.0402747156 0.8790703314 0.2583364456 
-80.4175017665 0.0463126276 0.8353767592 0.4222259942 
-80.4163046490 0.0463157183 0.8353480699 0.4219399127 
-80.4151530680 0.0463186920 0.8353202506 0.4216481712 
-80.4140475844 0.0463215472 0.8352933132 0.4213509891 
-80.4129887749 0.0463242824 0.8352672696 0.4210485409 
-80.4119772321 0.0463268961 0.8352421325 0.4207409632 
-80.4110135641 0.0463293867 0.8352179145 0.4204283614 
-80.4100983942 0.0463317525 0.8351946288 0.4201108144 
-80.4092323608 0.0463339920 0.8351722886 0.4197883796 
-80.4084161173 0.0463361033 0.8351509078 0.4194610967 
-80.4076503323 0.0463380849 0.8351305003 0.4191289909 
-80.4069356890 0.0463399348 0.8351110803 0.4187920761 
-80.4062728858 0.0463416513 0.8350926625 0.4184503566 
-80.4056626360 0.0463432325 0.8350752619 0.4181038295 
-80.4051056678 0.0463446765 0.8350588934 0.4177524858 
-80.4046027244 0.0463459814 0.8350435728 0.4173963119 
-80.4041545639 0.0463471453 0.8350293157 0.4170352903 
-80.4037619598 0.0463481661 0.8350161384 0.4166694007 
-80.4034257003 0.0463490419 0.8350040571 0.4162986204 
-80.4031465891 0.0463497704 0.8349930885 0.4159229245 
-80.4029254450 0.0463503496 0.8349832498 0.4155422869 
-80.4027631020 0.0463507774 0.8349745582 0.4151566801 
-80.4026604096 0.0463510515 0.8349670313 0.4147660754 
-80.4026182327 0.0463511698 0.8349606870 0.4143704435 
-80.4026374516 0.0463511299 0.8349555436 0.4139697543 
-80.4027189622 0.0463509295 0.8349516196 0.4135639770 
-80.4028636760 0.0463505664 0.8349489338 0.4131530804 
-80.4030725203 0.0463500380 0.8349475053 0.4127370329 
-80.4033464381 0.0463493420 0.8349473536 0.4123158026 
-80.4036863880 0.0463484760 0.8349484985 0.4118893572 
-80.4040933449 0.0463474373 0.8349509600 0.4114576642 
-80.4045682995 0.0463462236 0.8349547584 0.4110206911 
-80.4051122585 0.0463448321 0.8349599145 0.4105784049 
-80.4057262449 0.0463432603 0.8349664492 0.4101307728 
-80.4064112977 0.0463415055 0.8349743838 0.4096777620 
-80.4071684723 0.0463395650 0.8349837398 0.4092193394 
-80.4079988405 0.0463374360 0.8349945393 0.4087554722 
-80.4089034904 0.0463351159 0.8350068044 0.4082861274 
-80.4098835267 0.0463326017 0.8350205575 0.4078112724 
-80.4109400708 0.0463298906 0.8350358216 0.4073308743 
-80.4120742605 0.0463269797 0.8350526198 0.4068449008 
-80.4132872505 0.0463238661 0.8350709754 0.4063533195 
-80.4145802123 0.0463205468 0.8350909123 0.4058560983 
-80.4159543343 0.0463170187 0.8351124545 0.4053532053 
-80.4174108219 0.0463132789 0.8351356263 0.4048446089 
-80.4189508975 0.0463093241 0.8351604524 0.4043302779 
-80.4205758005 0.0463051513 0.8351869578 0.4038101812 
-80.4222867878 0.0463007573 0.8352151677 0.4032842884 
-80.4240851333 0.0462961388 0.8352451077 0.4027525691 
-80.4259721283 0.0462912926 0.8352768037 0.4022149938 
-80.4279490818 0.0462862154 0.8353102818 0.4016715330 
-80.4300173198 0.0462809039 0.8353455686 0.4011221580 
-80.4321781864 0.0462753546 0.8353826908 0.4005668405 
-80.4344330430 0.0462695642 0.8354216754 0.4000055528 
-80.4367832690 0.0462635291 0.8354625499 0.3994382678 
-80.4392302613 0.0462572458 0.8355053418 0.3988649588 
-80.4417754349 0.0462507109 0.8355500793 0.3982856001 
-80.4444202228 0.0462439208 0.8355967904 0.3977001664 
-80.4471660760 0.0462368717 0.8356455038 0.3971086332 
-80.4500144634 0.0462295600 0.8356962483 0.3965109768 
-80.4529668723 0.0462219821 0.8357490529 0.3959071741 
-80.4560248084 0.0462141341 0.8358039472 0.3952972030 
-80.4591897953 0.0462060124 0.8358609607 0.3946810421 
-80.4624633756 0.0461976129 0.8359201235 0.3940586708 
-80.4658471098 0.0461889320 0.8359814658 0.3934300696 
-80.4693425775 0.0461799656 0.8360450180 0.3927952196 
-80.4729513765 0.0461707098 0.8361108111 0.3921541031 
-80.4766751238 0.0461611607 0.8361788761 0.3915067033 
-80.4805154547 0.0461513142 0.8362492442 0.3908530044 
-80.4844740238 0.0461411662 0.8363219471 0.3901929916 
-80.4885525044 0.0461307125 0.8363970167 0.3895266511 
-80.4927525891 0.0461199492 0.8364744851 0.3888539703 
-80.4970759893 0.0461088719 0.8365543846 0.3881749375 
-80.5015244359 0.0460974765 0.8366367479 0.3874895424 
-80.5060996790 0.0460857586 0.8367216079 0.3867977756 
-80.5108034880 0.0460737140 0.8368089977 0.3860996291 
-80.5156376519 0.0460613383 0.8368989506 0.3853950959 
-80.5206039791 0.0460486272 0.8369915003 0.3846841702 
-80.5257042977 0.0460355761 0.8370866806 0.3839668477 
-80.5309404557 0.0460221807 0.8371845256 0.3832431250 
-80.5363143206 0.0460084364 0.8372850696 0.3825130004 
-80.5418277800 0.0459943387 0.8373883472 0.3817764730 
-80.5474827416 0.0459798830 0.8374943930 0.3810335436 
-80.5532811330 0.0459650647 0.8376032420 0.3802842141 
-80.5592249022 0.0459498791 0.8377149294 0.3795284880 
-80.5653160173 0.0459343215 0.8378294906 0.3787663698 
-80.5715564670 0.0459183873 0.8379469611 0.3779978657 
-80.5779482604 0.0459020716 0.8380673767 0.3772229830 
-80.5844934273 0.0458853697 0.8381907734 0.3764417307 
-80.5911940183 0.0458682766 0.8383171874 0.3756541189 
-80.5980521048 0.0458507876 0.8384466549 0.3748601592 
-80.6050697792 0.0458328976 0.8385792124 0.3740598649 
-80.6122491550 0.0458146017 0.8387148967 0.3732532503 
-80.6195923670 0.0457958951 0.8388537446 0.3724403314 
-80.6271015712 0.0457767725 0.8389957931 0.3716211255 
-80.6347789455 0.0457572290 0.8391410792 0.3707956515 
-80.6426266890 0.0457372594 0.8392896404 0.3699639296 
-80.6506470229 0.0457168587 0.8394415141 0.3691259815 
-80.6588421904 0.0456960216 0.8395967378 0.3682818302 
-80.6672144565 0.0456747430 0.8397553493 0.3674315005 
-80.6757661089 0.0456530176 0.8399173863 0.3665750184 
-80.6844994575 0.0456308401 0.8400828869 0.3657124112 
-80.6934168349 0.0456082052 0.8402518891 0.3648437079 
-80.7025205964 0.0455851076 0.8404244310 0.3639689389 
-80.7118131206 0.0455615420 0.8406005510 0.3630881360 
-80.7212968090 0.0455375028 0.8407802873 0.3622013323 
-80.7309740866 0.0455129846 0.8409636784 0.3613085624 
-80.7408474022 0.0454879821 0.8411507629 0.3604098625 
-80.7509192282 0.0454624895 0.8413415793 0.3595052699 
-80.7611920611 0.0454365015 0.8415361662 0.3585948234 
-80.7716684219 0.0454100124 0.8417345624 0.3576785634 
-80.7823508560 0.0453830166 0.8419368067 0.3567565314 
-80.7932419335 0.0453555085 0.8421429378 0.3558287704 
-80.8043442499 0.0453274824 0.8423529945 0.3548953247 
-80.8156604257 0.0452989325 0.8425670158 0.3539562401 
-80.8271931073 0.0452698531 0.8427850405 0.3530115634 
-80.8389449668 0.0452402385 0.8430071074 0.3520613432 
-80.8509187027 0.0452100829 0.8432332557 0.3511056289 
-80.8631170399 0.0451793803 0.8434635240 0.3501444717 
-80.8755427304 0.0451481250 0.8436979513 0.3491779236 
-80.8881985531 0.0451163110 0.8439365765 0.3482060383 
-80.9010873148 0.0450839323 0.8441794384 0.3472288705 
-80.9142118499 0.0450509831 0.8444265758 0.3462464761 
-80.9275750214 0.0450174573 0.8446780276 0.3452589125 
-80.9411797209 0.0449833488 0.8449338323 0.3442662380 
-80.9550288690 0.0449486517 0.8451940287 0.3432685124 
-80.9691254159 0.0449133597 0.8454586554 0.3422657962 
-80.9834723417 0.0448774669 0.8457277509 0.3412581516 
-80.9980726571 0.0448409669 0.8460013535 0.3402456416 
-81.0129294034 0.0448038537 0.8462795018 0.3392283303 
-81.0280456533 0.0447661210 0.8465622338 0.3382062829 
-81.0434245114 0.0447277625 0.8468495877 0.3371795658 
-81.0590691147 0.0446887720 0.8471416015 0.3361482461 
-81.0749826329 0.0446491431 0.8474383132 0.3351123923 
-81.0911682693 0.0446088694 0.8477397604 0.3340720735 
-81.1076292610 0.0445679447 0.8480459807 0.3330273597 
-81.1243688797 0.0445263625 0.8483570117 0.3319783220 
-81.1413904323 0.0444841163 0.8486728905 0.3309250320 
-81.1586972614 0.0444411996 0.8489936542 0.3298675621 
-81.1762927461 0.0443976059 0.8493193399 0.3288059856 
-81.1941803026 0.0443533288 0.8496499842 0.3277403760 
-81.2123633845 0.0443083615 0.8499856236 0.3266708075 
-81.2308454843 0.0442626976 0.8503262944 0.3255973547 
-81.2496301334 0.0442163302 0.8506720328 0.3245200923 
-81.2687209030 0.0441692529 0.8510228745 0.3234390953 
-81.2881214052 0.0441214588 0.8513788552 0.3223544386 
-81.3078352934 0.0440729412 0.8517400103 0.3212661969 
-81.3278662633 0.0440236933 0.8521063749 0.3201744445 
-81.3482180538 0.0439737083 0.8524779836 0.3190792552 
-81.3688944474 0.0439229793 0.8528548712 0.3179807019 
-81.3898992718 0.0438714995 0.8532370718 0.3168788563 
-81.4112364004 0.0438192619 0.8536246193 0.3157737885 
-81.4329097531 0.0437662596 0.8540175474 0.3146655672 
-81.4549232977 0.0437124856 0.8544158893 0.3135542583 
-81.4772810504 0.0436579329 0.8548196780 0.3124399252 
-81.4999870774 0.0436025943 0.8552289460 0.3113226281 
-81.5230454953 0.0435464627 0.8556437256 0.3102024230 
-81.5464604727 0.0434895311 0.8560640486 0.3090793616 
-81.5702362312 0.0434317923 0.8564899464 0.3079534898 
-81.5943770463 0.0433732389 0.8569214502 0.3068248473 
-81.6188872490 0.0433138638 0.8573585905 0.3056934663 
-81.6437712267 0.0432536597 0.8578013975 0.3045593705 
-81.6690334246 0.0431926191 0.8582499010 0.3034225734 
-81.6946783468 0.0431307348 0.8587041303 0.3022830770 
-81.7207105581 0.0430679992 0.8591641143 0.3011408701 
-81.7471346848 0.0430044050 0.8596298814 0.2999959259 
-81.7739554166 0.0429399446 0.8601014593 0.2988482001 
-81.8011775076 0.0428746104 0.8605788754 0.2976976281 
-81.8288057784 0.0428083949 0.8610621567 0.2965441218 
-81.8568451171 0.0427412905 0.8615513294 0.2953875669 
-81.8853004812 0.0426732893 0.8620464192 0.2942278180 
-81.9141768991 0.0426043837 0.8625474514 0.2930646952 
-81.9434794721 0.0425345659 0.8630544506 0.2918979786 
-81.9732133757 0.0424638280 0.8635674407 0.2907274028 
-82.0033838619 0.0423921622 0.8640864451 0.2895526508 
-82.0339962609 0.0423195605 0.8646114868 0.2883733465 
-82.0650559829 0.0422460150 0.8651425877 0.2871890472 
-82.0965685205 0.0421715176 0.8656797694 0.2859992348 
-82.1285394503 0.0420960602 0.8662230526 0.2848033059 
-82.1609744356 0.0420196347 0.8667724576 0.2836005619 
-82.1938792285 0.0419422328 0.8673280037 0.2823901981 
-82.2272596718 0.0418638463 0.8678897096 0.2811712925 
-82.2611217021 0.0417844669 0.8684575934 0.2799427954 
-82.2954713521 0.0417040862 0.8690316721 0.2787035205 
-82.3303147530 0.0416226957 0.8696119623 0.2774521392 
-82.3656581374 0.0415402869 0.8701984797 0.2761871810 
-82.4015078423 0.0414568513 0.8707912391 0.2749070430 
-82.4378703118 0.0413723802 0.8713902546 0.2736100139 
-82.4747521000 0.0412868649 0.8719955394 0.2722943154 
-82.5121598745 0.0412002967 0.8726071060 0.2709581585 
-82.5501004191 0.0411126666 0.8732249658 0.2695998087 
-82.5885806371 0.0410239657 0.8738491295 0.2682177970 
-82.6276075570 0.0409341851 0.8744796069 0.2668129528 
-82.6671883488 0.0408433155 0.8751164071 0.2653999926 
-82.7073303354 0.0407513478 0.8757595387 0.2640209998 
-82.7480409348 0.0406582726 0.8764090085 0.2627148299 
-82.7893276241 0.0405640809 0.8770648213 0.2614974021 
-82.8311979495 0.0404687635 0.8777269794 0.2603700968 
-82.8736595361 0.0403723114 0.8783954833 0.2593224938 
-82.9167201021 0.0402747156 0.8790703314 0.2583364456 
-81.0495797127 0.0447093899 0.8486256684 0.4743112094 
-81.0476394640 0.0447142297 0.8485877322 0.4742154306 
-81.0456785954 0.0447191215 0.8485493759 0.4741176808 
-81.0436971426 0.0447240651 0.8485106000 0.4740181530 
-81.0416951438 0.0447290605 0.8484714047 0.4739170038 
-81.0396726393 0.0447341076 0.8484317906 0.4738143597 
-81.0376296709 0.0447392063 0.8483917581 0.4737103216 
-81.0355662818 0.0447443566 0.8483513077 0.4736049697 
-81.0334825165 0.0447495583 0.8483104398 0.4734983665 
-81.0313784208 0.0447548113 0.8482691551 0.4733905605 
-81.0292540411 0.0447601155 0.8482274540 0.4732815888 
-81.0271094249 0.0447654709 0.8481853372 0.4731714791 
-81.0249446207 0.0447708773 0.8481428051 0.4730602519 
-81.0227596775 0.0447763346 0.8480998584 0.4729479215 
-81.0205546453 0.0447818427 0.8480564976 0.4728344978 
-81.0183295748 0.0447874016 0.8480127233 0.4727199870 
-81.0160845175 0.0447930110 0.8479685362 0.4726043925 
-81.0138195256 0.0447986709 0.8479239369 0.4724877151 
-81.0115346523 0.0448043812 0.8478789260 0.4723699540 
-81.0092299512 0.0448101417 0.8478335041 0.4722511073 
-81.0069054771 0.0448159524 0.8477876719 0.4721311714 
-81.0045612854 0.0448218130 0.8477414301 0.4720101422 
-81.0021974325 0.0448277236 0.8476947794 0.4718880148 
-80.9998139756 0.0448336839 0.8476477204 0.4717647838 
-80.9974109728 0.0448396938 0.8476002539 0.4716404431 
-80.9949884831 0.0448457533 0.8475523805 0.4715149865 
-80.9925465666 0.0448518621 0.8475041011 0.4713884073 
-80.9900852841 0.0448580201 0.8474554163 0.4712606986 
-80.9876046976 0.0448642273 0.8474063270 0.4711318532 
-80.9851048703 0.0448704834 0.8473568339 0.4710018638 
-80.9825858661 0.0448767884 0.8473069379 0.4708707229 
-80.9800477503 0.0448831420 0.8472566396 0.4707384229 
-80.9774905891 0.0448895441 0.8472059401 0.4706049560 
-80.9749144501 0.0448959947 0.8471548401 0.4704703144 
-80.9723194020 0.0449024935 0.8471033405 0.4703344899 
-80.9697055145 0.0449090403 0.8470514423 0.4701974747 
-80.9670728588 0.0449156351 0.8469991462 0.4700592605 
-80.9644215075 0.0449222776 0.8469464534 0.4699198391 
-80.9617515342 0.0449289677 0.8468933647 0.4697792022 
-80.9590630140 0.0449357052 0.8468398812 0.4696373414 
-80.9563560235 0.0449424899 0.8467860037 0.4694942483 
-80.9536306405 0.0449493218 0.8467317335 0.4693499145 
-80.9508869445 0.0449562005 0.8466770715 0.4692043313 
-80.9481250162 0.0449631259 0.8466220188 0.4690574901 
-80.9453449381 0.0449700979 0.8465665766 0.4689093824 
-80.9425467941 0.0449771161 0.8465107460 0.4687599993 
-80.9397306697 0.0449841806 0.8464545281 0.4686093321 
-80.9368966521 0.0449912909 0.8463979242 0.4684573720 
-80.9340448301 0.0449984470 0.8463409355 0.4683041100 
-80.9311752941 0.0450056486 0.8462835632 0.4681495373 
-80.9282881365 0.0450128956 0.8462258087 0.4679936448 
-80.9253834513 0.0450201876 0.8461676732 0.4678364235 
-80.9224613343 0.0450275245 0.8461091581 0.4676778643 
-80.9195218830 0.0450349061 0.8460502649 0.4675179581 
-80.9165651972 0.0450423321 0.8459909949 0.4673566955 
-80.9135913781 0.0450498023 0.8459313496 0.4671940674 
-80.9106005293 0.0450573164 0.8458713305 0.4670300643 
-80.9075927561 0.0450648743 0.8458109391 0.4668646769 
-80.9045681659 0.0450724756 0.8457501771 0.4666978958 
-80.9015268683 0.0450801201 0.8456890459 0.4665297114 
-80.8984689747 0.0450878076 0.8456275473 0.4663601141 
-80.8953945991 0.0450955377 0.8455656830 0.4661890942 
-80.8923038571 0.0451033102 0.8455034547 0.4660166421 
-80.8891968671 0.0451111249 0.8454408642 0.4658427479 
-80.8860737494 0.0451189814 0.8453779132 0.4656674018 
-80.8829346267 0.0451268795 0.8453146037 0.4654905939 
-80.8797796241 0.0451348188 0.8452509376 0.4653123142 
-80.8766088688 0.0451427991 0.8451869167 0.4651325526 
-80.8734224909 0.0451508201 0.8451225432 0.4649512989 
-80.8702206226 0.0451588813 0.8450578191 0.4647685429 
-80.8670033987 0.0451669827 0.8449927464 0.4645842744 
-80.8637709565 0.0451751237 0.8449273273 0.4643984830 
-80.8605234360 0.0451833040 0.8448615640 0.4642111581 
-80.8572609798 0.0451915234 0.8447954588 0.4640222893 
-80.8539837331 0.0451997815 0.8447290139 0.4638318659 
-80.8506918438 0.0452080779 0.8446622318 0.4636398773 
-80.8473854628 0.0452164123 0.8445951147 0.4634463126 
-80.8440647434 0.0452247842 0.8445276653 0.4632511609 
-80.8407298421 0.0452331934 0.8444598859 0.4630544114 
-80.8373809181 0.0452416394 0.8443917792 0.4628560529 
-80.8340181336 0.0452501219 0.8443233479 0.4626560743 
-80.8306416537 0.0452586404 0.8442545945 0.4624544643 
-80.8272516467 0.0452671945 0.8441855220 0.4622512116 
-80.8238482839 0.0452757839 0.8441161330 0.4620463048 
-80.8204317396 0.0452844081 0.8440464305 0.4618397324 
-80.8170021913 0.0452930667 0.8439764174 0.4616314826 
-80.8135598199 0.0453017592 0.8439060968 0.4614215439 
-80.8101048094 0.0453104852 0.8438354716 0.4612099044 
-80.8066373470 0.0453192443 0.8437645451 0.4609965520 
-80.8031576234 0.0453280359 0.8436933205 0.4607814749 
-80.7996658328 0.0453368597 0.8436218011 0.4605646609 
-80.7961621726 0.0453457150 0.8435499901 0.4603460976 
-80.7926468439 0.0453546015 0.8434778911 0.4601257729 
-80.7891200513 0.0453635186 0.8434055074 0.4599036741 
-80.7855820029 0.0453724658 0.8433328428 0.4596797888 
-80.7820329106 0.0453814426 0.8432599008 0.4594541042 
-80.7784729898 0.0453904485 0.8431866852 0.4592266075 
-80.7749024600 0.0453994830 0.8431131997 0.4589972859 
-80.7713215440 0.0454085454 0.8430394483 0.4587661263 
-80.7677304690 0.0454176352 0.8429654349 0.4585331155 
-80.7641294657 0.0454267519 0.8428911635 0.4582982404 
-80.7605187688 0.0454358949 0.8428166383 0.4580614874 
-80.7568986173 0.0454450635 0.8427418635 0.4578228431 
-80.7532692540 0.0454542573 0.8426668434 0.4575822939 
-80.7496309259 0.0454634755 0.8425915823 0.4573398260 
-80.7459838840 0.0454727175 0.8425160847 0.4570954255 
-80.7423283840 0.0454819828 0.8424403552 0.4568490785 
-80.7386646853 0.0454912707 0.8423643984 0.4566007708 
-80.7349930520 0.0455005804 0.8422882191 0.4563504882 
-80.7313137525 0.0455099114 0.8422118220 0.4560982162 
-80.7276270597 0.0455192630 0.8421352122 0.4558439403 
-80.7239332509 0.0455286344 0.8420583946 0.4555876460 
-80.7202326080 0.0455380250 0.8419813744 0.4553293184 
-80.7165254176 0.0455474341 0.8419041568 0.4550689427 
-80.7128119708 0.0455568609 0.8418267470 0.4548065036 
-80.7090925637 0.0455663047 0.8417491506 0.4545419862 
-80.7053674969 0.0455757647 0.8416713730 0.4542753750 
-80.7016370760 0.0455852402 0.8415934198 0.4540066547 
-80.6979016116 0.0455947303 0.8415152969 0.4537358095 
-80.6941614190 0.0456042344 0.8414370100 0.4534628238 
-80.6904168189 0.0456137515 0.8413585651 0.4531876817 
-80.6866681369 0.0456232809 0.8412799682 0.4529103671 
-80.6829157035 0.0456328217 0.8412012255 0.4526308640 
-80.6791598549 0.0456423731 0.8411223433 0.4523491559 
-80.6754009322 0.0456519343 0.8410433280 0.4520652265 
-80.6716392819 0.0456615043 0.8409641861 0.4517790591 
-80.6678752562 0.0456710822 0.8408849243 0.4514906369 
-80.6641092123 0.0456806672 0.8408055492 0.4511999432 
-80.6603415132 0.0456902583 0.8407260677 0.4509069607 
-80.6565725275 0.0456998546 0.8406464869 0.4506116724 
-80.6528026294 0.0457094552 0.8405668139 0.4503140608 
-80.6490321986 0.0457190590 0.8404870558 0.4500141084 
-80.6452616210 0.0457286652 0.8404072202 0.4497117976 
-80.6414912880 0.0457382726 0.8403273144 0.4494071105 
-80.6377215970 0.0457478804 0.8402473461 0.4491000290 
-80.6339529515 0.0457574874 0.8401673230 0.4487905351 
-80.6301857608 0.0457670927 0.8400872531 0.4484786104 
-80.6264204405 0.0457766951 0.8400071443 0.4481642364 
-80.6226574124 0.0457862936 0.8399270049 0.4478473943 
-80.6188971043 0.0457958871 0.8398468430 0.4475280653 
-80.6151399506 0.0458054744 0.8397666673 0.4472062303 
-80.6113863919 0.0458150546 0.8396864862 0.4468818700 
-80.6076368752 0.0458246263 0.8396063085 0.4465549651 
-80.6038918541 0.0458341885 0.8395261431 0.4462254957 
-80.6001517888 0.0458437399 0.8394459989 0.4458934420 
-80.5964171461 0.0458532795 0.8393658851 0.4455587838 
-80.5926883995 0.0458628058 0.8392858111 0.4452215008 
-80.5889660293 0.0458723178 0.8392057863 0.4448815724 
-80.5852505228 0.0458818142 0.8391258203 0.4445389774 
-80.5815423740 0.0458912937 0.8390459229 0.4441936949 
-80.5778420841 0.0459007549 0.8389661040 0.4438457031 
-80.5741501612 0.0459101967 0.8388863738 0.4434949802 
-80.5704671206 0.0459196177 0.8388067424 0.4431415039 
-80.5667934850 0.0459290164 0.8387272203 0.4427852514 
-80.5631297841 0.0459383916 0.8386478180 0.4424261996 
-80.5594765551 0.0459477419 0.8385685463 0.4420643248 
-80.5558343429 0.0459570658 0.8384894162 0.4416996026 
-80.5522036995 0.0459663620 0.8384104386 0.4413320082 
-80.5485851847 0.0459756290 0.8383316248 0.4409615159 
-80.5449793661 0.0459848653 0.8382529862 0.4405880993 
-80.5413868188 0.0459940693 0.8381745345 0.4402117309 
-80.5378081261 0.0460032398 0.8380962814 0.4398323823 
-80.5342438788 0.0460123750 0.8380182389 0.4394500239 
-80.5306946762 0.0460214734 0.8379404190 0.4390646248 
-80.5271611253 0.0460305335 0.8378628341 0.4386761523 
-80.5236438415 0.0460395536 0.8377854967 0.4382845723 
-80.5201434485 0.0460485322 0.8377084195 0.4378898483 
-80.5166605785 0.0460574676 0.8376316153 0.4374919419 
-80.5131958719 0.0460663581 0.8375550972 0.4370908116 
-80.5097499781 0.0460752020 0.8374788785 0.4366864132 
-80.5063235549 0.0460839977 0.8374029727 0.4362786990 
-80.5029172692 0.0460927434 0.8373273933 0.4358676169 
-80.4995317967 0.0461014373 0.8372521543 0.4354531108 
-80.4961678224 0.0461100776 0.8371772696 0.4350351188 
-80.4928260406 0.0461186626 0.8371027536 0.4346135733 
-80.4895071548 0.0461271905 0.8370286208 0.4341883999 
-80.4862118783 0.0461356592 0.8369548859 0.4337595160 
-80.4829409342 0.0461440670 0.8368815637 0.4333268306 
-80.4796950556 0.0461524120 0.8368086694 0.4328902421 
-80.4764749858 0.0461606922 0.8367362184 0.4324496379 
-80.4732814787 0.0461689056 0.8366642263 0.4320048924 
-80.4701152988 0.0461770503 0.8365927089 0.4315558658 
-80.4669772218 0.0461851241 0.8365216823 0.4311024022 
-80.4638680348 0.0461931252 0.8364511630 0.4306443285 
-80.4607885367 0.0462010513 0.8363811674 0.4301814527 
-80.4577395384 0.0462089004 0.8363117125 0.4297135626 
-80.4547218638 0.0462166702 0.8362428154 0.4292404248 
-80.4517363495 0.0462243587 0.8361744935 0.4287617852 
-80.4487838461 0.0462319636 0.8361067647 0.4282773695 
-80.4458652184 0.0462394826 0.8360396470 0.4277868863 
-80.4429813461 0.0462469134 0.8359731588 0.4272900328 
-80.4401331243 0.0462542537 0.8359073188 0.4267865049 
-80.4373214647 0.0462615010 0.8358421461 0.4262760127 
-80.4345472957 0.0462686531 0.8357776601 0.4257583071 
-80.4318115635 0.0462757074 0.8357138808 0.4252332187 
-80.4291152330 0.0462826613 0.8356508284 0.4247007186 
-80.4264592874 0.0462895123 0.8355885236 0.4241610046 
-80.4238447294 0.0462962577 0.8355269873 0.4236146113 
-80.4212725799 0.0463028950 0.8354662412 0.4230625134 
-80.4187438762 0.0463094214 0.8354063070 0.4225061435 
-80.4175017665 0.0463126276 0.8353767592 0.4222259942 
-80.4163046490 0.0463157183 0.8353480699 0.4219399127 
-80.4151530680 0.0463186920 0.8353202506 0.4216481712 
-80.4140475844 0.0463215472 0.8352933132 0.4213509891 
-80.4129887749 0.0463242824 0.8352672696 0.4210485409 
-80.4119772321 0.0463268961 0.8352421325 0.4207409632 
-80.4110135641 0.0463293867 0.8352179145 0.4204283614 
-80.4100983942 0.0463317525 0.8351946288 0.4201108144 
-80.4092323608 0.0463339920 0.8351722886 0.4197883796 
-80.4084161173 0.0463361033 0.8351509078 0.4194610967 
-80.4076503323 0.0463380849 0.8351305003 0.4191289909 
-80.4069356890 0.0463399348 0.8351110803 0.4187920761 
-80.4062728858 0.0463416513 0.8350926625 0.4184503566 
-80.4056626360 0.0463432325 0.8350752619 0.4181038295 
-80.4051056678 0.0463446765 0.8350588934 0.4177524858 
-80.4046027244 0.0463459814 0.8350435728 0.4173963119 
-80.4041545639 0.0463471453 0.8350293157 0.4170352903 
-80.4037619598 0.0463481661 0.8350161384 0.4166694007 
-80.4034257003 0.0463490419 0.8350040571 0.4162986204 
-80.4031465891 0.0463497704 0.8349930885 0.4159229245 
-80.4029254450 0.0463503496 0.8349832498 0.4155422869 
-80.4027631020 0.0463507774 0.8349745582 0.4151566801 
-80.4026604096 0.0463510515 0.8349670313 0.4147660754 
-80.4026182327 0.0463511698 0.8349606870 0.4143704435 
-80.4026374516 0.0463511299 0.8349555436 0.4139697543 
-80.4027189622 0.0463509295 0.8349516196 0.4135639770 
-80.4028636760 0.0463505664 0.8349489338 0.4131530804 
-80.4030725203 0.0463500380 0.8349475053 0.4127370329 
-80.4033464381 0.0463493420 0.8349473536 0.4123158026 
-80.4036863880 0.0463484760 0.8349484985 0.4118893572 
-80.4040933449 0.0463474373 0.8349509600 0.4114576642 
-80.4045682995 0.0463462236 0.8349547584 0.4110206911 
-80.4051122585 0.0463448321 0.8349599145 0.4105784049 
-80.4057262449 0.0463432603 0.8349664492 0.4101307728 
-80.4064112977 0.0463415055 0.8349743838 0.4096777620 
-80.4071684723 0.0463395650 0.8349837398 0.4092193394 
-80.4079988405 0.0463374360 0.8349945393 0.4087554722 
-80.4089034904 0.0463351159 0.8350068044 0.4082861274 
-80.4098835267 0.0463326017 0.8350205575 0.4078112724 
-80.4109400708 0.0463298906 0.8350358216 0.4073308743 
-80.4120742605 0.0463269797 0.8350526198 0.4068449008 
-80.4132872505 0.0463238661 0.8350709754 0.4063533195 
-80.4145802123 0.0463205468 0.8350909123 0.4058560983 
-80.4159543343 0.0463170187 0.8351124545 0.4053532053 
-80.4174108219 0.0463132789 0.8351356263 0.4048446089 
-80.4189508975 0.0463093241 0.8351604524 0.4043302779 
-80.4205758005 0.0463051513 0.8351869578 0.4038101812 
-80.4222867878 0.0463007573 0.8352151677 0.4032842884 
-80.4240851333 0.0462961388 0.8352451077 0.4027525691 
-80.4259721283 0.0462912926 0.8352768037 0.4022149938 
-80.4279490818 0.0462862154 0.8353102818 0.4016715330 
-80.4300173198 0.0462809039 0.8353455686 0.4011221580 
-80.4321781864 0.0462753546 0.8353826908 0.4005668405 
-80.4344330430 0.0462695642 0.8354216754 0.4000055528 
-80.4367832690 0.0462635291 0.8354625499 0.3994382678 
-80.4392302613 0.0462572458 0.8355053418 0.3988649588 
-80.4417754349 0.0462507109 0.8355500793 0.3982856001 
-80.4444202228 0.0462439208 0.8355967904 0.3977001664 
-80.4471660760 0.0462368717 0.8356455038 0.3971086332 
-80.4500144634 0.0462295600 0.8356962483 0.3965109768 
-80.4529668723 0.0462219821 0.8357490529 0.3959071741 
-80.4560248084 0.0462141341 0.8358039472 0.3952972030 
-80.4591897953 0.0462060124 0.8358609607 0.3946810421 
-80.4624633756 0.0461976129 0.8359201235 0.3940586708 
-80.4658471098 0.0461889320 0.8359814658 0.3934300696 
-80.4693425775 0.0461799656 0.8360450180 0.3927952196 
-80.4729513765 0.0461707098 0.8361108111 0.3921541031 
-80.4766751238 0.0461611607 0.8361788761 0.3915067033 
-80.4805154547 0.0461513142 0.8362492442 0.3908530044 
-80.4844740238 0.0461411662 0.8363219471 0.3901929916 
-80.4885525044 0.0461307125 0.8363970167 0.3895266511 
-80.4927525891 0.0461199492 0.8364744851 0.3888539703 
-80.4970759893 0.0461088719 0.8365543846 0.3881749375 
-80.5015244359 0.0460974765 0.8366367479 0.3874895424 
-80.5060996790 0.0460857586 0.8367216079 0.3867977756 
-80.5108034880 0.0460737140 0.8368089977 0.3860996291 
-80.5156376519 0.0460613383 0.8368989506 0.3853950959 
-80.5206039791 0.0460486272 0.8369915003 0.3846841702 
-80.5257042977 0.0460355761 0.8370866806 0.3839668477 
-80.5309404557 0.0460221807 0.8371845256 0.3832431250 
-80.5363143206 0.0460084364 0.8372850696 0.3825130004 
-80.5418277800 0.0459943387 0.8373883472 0.3817764730 
-80.5474827416 0.0459798830 0.8374943930 0.3810335436 
-80.5532811330 0.0459650647 0.8376032420 0.3802842141 
-80.5592249022 0.0459498791 0.8377149294 0.3795284880 
-80.5653160173 0.0459343215 0.8378294906 0.3787663698 
-80.5715564670 0.0459183873 0.8379469611 0.3779978657 
-80.5779482604 0.0459020716 0.8380673767 0.3772229830 
-80.5844934273 0.0458853697 0.8381907734 0.3764417307 
-80.5911940183 0.0458682766 0.8383171874 0.3756541189 
-80.5980521048 0.0458507876 0.8384466549 0.3748601592 
-80.6050697792 0.0458328976 0.8385792124 0.3740598649 
-80.6122491550 0.0458146017 0.8387148967 0.3732532503 
-80.6195923670 0.0457958951 0.8388537446 0.3724403314 
-80.6271015712 0.0457767725 0.8389957931 0.3716211255 
-80.6347789455 0.0457572290 0.8391410792 0.3707956515 
-80.6426266890 0.0457372594 0.8392896404 0.3699639296 
-80.6506470229 0.0457168587 0.8394415141 0.3691259815 
-80.6588421904 0.0456960216 0.8395967378 0.3682818302 
-80.6672144565 0.0456747430 0.8397553493 0.3674315005 
-80.6757661089 0.0456530176 0.8399173863 0.3665750184 
-80.6844994575 0.0456308401 0.8400828869 0.3657124112 
-80.6934168349 0.0456082052 0.8402518891 0.3648437079 
-80.7025205964 0.0455851076 0.8404244310 0.3639689389 
-80.7118131206 0.0455615420 0.8406005510 0.3630881360 
-80.7212968090 0.0455375028 0.8407802873 0.3622013323 
-80.7309740866 0.0455129846 0.8409636784 0.3613085624 
-80.7408474022 0.0454879821 0.8411507629 0.3604098625 
-80.7509192282 0.0454624895 0.8413415793 0.3595052699 
-80.7611920611 0.0454365015 0.8415361662 0.3585948234 
-80.7716684219 0.0454100124 0.8417345624 0.3576785634 
-80.7823508560 0.0453830166 0.8419368067 0.3567565314 
-80.7932419335 0.0453555085 0.8421429378 0.3558287704 
-80.8043442499 0.0453274824 0.8423529945 0.3548953247 
-80.8156604257 0.0452989325 0.8425670158 0.3539562401 
-80.8271931073 0.0452698531 0.8427850405 0.3530115634 
-80.8389449668 0.0452402385 0.8430071074 0.3520613432 
-80.8509187027 0.0452100829 0.8432332557 0.3511056289 
-80.8631170399 0.0451793803 0.8434635240 0.3501444717 
-80.8755427304 0.0451481250 0.8436979513 0.3491779236 
-80.8881985531 0.0451163110 0.8439365765 0.3482060383 
-80.9010873148 0.0450839323 0.8441794384 0.3472288705 
-80.9142118499 0.0450509831 0.8444265758 0.3462464761 
-80.9275750214 0.0450174573 0.8446780276 0.3452589125 
-80.9411797209 0.0449833488 0.8449338323 0.3442662380 
-80.9550288690 0.0449486517 0.8451940287 0.3432685124 
-80.9691254159 0.0449133597 0.8454586554 0.3422657962 
-80.9834723417 0.0448774669 0.8457277509 0.3412581516 
-80.9980726571 0.0448409669 0.8460013535 0.3402456416 
-81.0129294034 0.0448038537 0.8462795018 0.3392283303 
-81.0280456533 0.0447661210 0.8465622338 0.3382062829 
-81.0434245114 0.0447277625 0.8468495877 0.3371795658 
-81.0590691147 0.0446887720 0.8471416015 0.3361482461 
-81.0749826329 0.0446491431 0.8474383132 0.3351123923 
-81.0911682693 0.0446088694 0.8477397604 0.3340720735 
-81.1076292610 0.0445679447 0.8480459807 0.3330273597 
-81.1243688797 0.0445263625 0.8483570117 0.3319783220 
-81.1413904323 0.0444841163 0.8486728905 0.3309250320 
-81.1586972614 0.0444411996 0.8489936542 0.3298675621 
-81.1762927461 0.0443976059 0.8493193399 0.3288059856 
-81.1941803026 0.0443533288 0.8496499842 0.3277403760 
-81.2123633845 0.0443083615 0.8499856236 0.3266708075 
-81.2308454843 0.0442626976 0.8503262944 0.3255973547 
-81.2496301334 0.0442163302 0.8506720328 0.3245200923 
-81.2687209030 0.0441692529 0.8510228745 0.3234390953 
-81.2881214052 0.0441214588 0.8513788552 0.3223544386 
-81.3078352934 0.0440729412 0.8517400103 0.3212661969 
-81.3278662633 0.0440236933 0.8521063749 0.3201744445 
-81.3482180537 0.0439737083 0.8524779836 0.3190792552 
-81.3688944474 0.0439229793 0.8528548712 0.3179807019 
-81.3898992718 0.0438714995 0.8532370718 0.3168788563 
-81.4112364004 0.0438192619 0.8536246193 0.3157737885 
-81.4329097531 0.0437662596 0.8540175474 0.3146655672 
-81.4549232977 0.0437124856 0.8544158893 0.3135542583 
-81.4772810504 0.0436579329 0.8548196780 0.3124399252 
-81.4999870774 0.0436025943 0.8552289460 0.3113226281 
-81.5230454953 0.0435464627 0.8556437256 0.3102024230 
-81.5464604727 0.0434895311 0.8560640486 0.3090793616 
-81.5702362312 0.0434317923 0.8564899464 0.3079534898 
-81.5943770463 0.0433732389 0.8569214502 0.3068248473 
-81.6188872490 0.0433138638 0.8573585905 0.3056934663 
-81.6437712267 0.0432536597 0.8578013975 0.3045593705 
-81.6690334246 0.0431926191 0.8582499010 0.3034225734 
-81.6946783468 0.0431307348 0.8587041303 0.3022830770 
-81.7207105581 0.0430679992 0.8591641143 0.3011408701 
-81.7471346848 0.0430044050 0.8596298814 0.2999959259 
-81.7739554165 0.0429399446 0.8601014593 0.2988482001 
-81.8011775076 0.0428746104 0.8605788754 0.2976976281 
-81.8288057784 0.0428083949 0.8610621567 0.2965441218 
-81.8568451171 0.0427412905 0.8615513294 0.2953875669 
-81.8853004812 0.0426732893 0.8620464192 0.2942278180 
-81.9141768991 0.0426043837 0.8625474514 0.2930646952 
-81.9434794721 0.0425345659 0.8630544506 0.2918979786 
-81.9732133757 0.0424638280 0.8635674407 0.2907274028 
-82.0033838619 0.0423921622 0.8640864451 0.2895526508 
-82.0339962609 0.0423195605 0.8646114868 0.2883733465 
-82.0650559829 0.0422460150 0.8651425877 0.2871890472 
-82.0965685204 0.0421715176 0.8656797694 0.2859992348 
-82.1285394503 0.0420960602 0.8662230526 0.2848033059 
-82.1609744356 0.0420196347 0.8667724576 0.2836005619 
-82.1938792285 0.0419422328 0.8673280037 0.2823901981 
-82.2272596718 0.0418638463 0.8678897096 0.2811712925 
-82.2611217021 0.0417844669 0.8684575934 0.2799427954 
-82.2954713521 0.0417040862 0.8690316721 0.2787035205 
-82.3303147530 0.0416226957 0.8696119623 0.2774521392 
-82.3656581374 0.0415402869 0.8701984797 0.2761871810 
-82.4015078423 0.0414568513 0.8707912391 0.2749070430 
-82.4378703118 0.0413723802 0.8713902546 0.2736100139 
-82.4747521000 0.0412868649 0.8719955394 0.2722943154 
-82.5121598745 0.0412002967 0.8726071060 0.2709581585 
-82.5501004191 0.0411126666 0.8732249658 0.2695998087 
-82.5885806371 0.0410239657 0.8738491295 0.2682177970 
-82.6276075570 0.0409341851 0.8744796069 0.2668129528 
-82.6671883488 0.0408433155 0.8751164071 0.2653999926 
-82.7073303353 0.0407513478 0.8757595387 0.2640209998 
-82.7480409348 0.0406582726 0.8764090085 0.2627148299 
-82.7893276240 0.0405640809 0.8770648213 0.2614974021 
-82.8311979495 0.0404687635 0.8777269794 0.2603700968 
-82.8736595361 0.0403723114 0.8783954833 0.2593224938 
-82.9167201021 0.0402747156 0.8790703314 0.2583364456 
-80.4175017665 0.0463126276 0.8353767592 0.4222259942 
-80.4163046490 0.0463157183 0.8353480699 0.4219399127 
-80.4151530680 0.0463186920 0.8353202506 0.4216481712 
-80.4140475844 0.0463215472 0.8352933132 0.4213509891 
-80.4129887749 0.0463242824 0.8352672696 0.4210485409 
-80.4119772321 0.0463268961 0.8352421325 0.4207409632 
-80.4110135641 0.0463293867 0.8352179145 0.4204283614 
-80.4100983942 0.0463317525 0.8351946288 0.4201108144 
-80.4092323608 0.0463339920 0.8351722886 0.4197883796 
-80.4084161173 0.0463361033 0.8351509078 0.4194610967 
-80.4076503323 0.0463380849 0.8351305003 0.4191289909 
-80.4069356890 0.0463399348 0.8351110803 0.4187920761 
-80.4062728858 0.0463416513 0.8350926625 0.4184503566 
-80.4056626360 0.0463432325 0.8350752619 0.4181038295 
-80.4051056678 0.0463446765 0.8350588934 0.4177524858 
-80.4046027244 0.0463459814 0.8350435728 0.4173963119 
-80.4041545639 0.0463471453 0.8350293157 0.4170352903 
-80.4037619598 0.0463481661 0.8350161384 0.4166694007 
-80.4034257003 0.0463490419 0.8350040571 0.4162986204 
-80.4031465891 0.0463497704 0.8349930885 0.4159229245 
-80.4029254450 0.0463503496 0.8349832498 0.4155422869 
-80.4027631020 0.0463507774 0.8349745582 0.4151566801 
-80.4026604096 0.0463510515 0.8349670313 0.4147660754 
-80.4026182327 0.0463511698 0.8349606870 0.4143704435 
-80.4026374516 0.0463511299 0.8349555436 0.4139697543 
-80.4027189622 0.0463509295 0.8349516196 0.4135639770 
-80.4028636760 0.0463505664 0.8349489338 0.4131530804 
-80.4030725203 0.0463500380 0.8349475053 0.4127370329 
-80.4033464380 0.0463493420 0.8349473536 0.4123158026 
-80.4036863880 0.0463484760 0.8349484985 0.4118893572 
-80.4040933449 0.0463474373 0.8349509600 0.4114576642 
-80.4045682995 0.0463462236 0.8349547584 0.4110206911 
-80.4051122585 0.0463448321 0.8349599145 0.4105784049 
-80.4057262449 0.0463432603 0.8349664492 0.4101307728 
-80.4064112977 0.0463415055 0.8349743838 0.4096777620 
-80.4071684723 0.0463395650 0.8349837398 0.4092193394 
-80.4079988405 0.0463374360 0.8349945393 0.4087554722 
-80.4089034904 0.0463351159 0.8350068044 0.4082861274 
-80.4098835267 0.0463326017 0.8350205575 0.4078112724 
-80.4109400708 0.0463298906 0.8350358216 0.4073308743 
-80.4120742605 0.0463269797 0.8350526198 0.4068449008 
-80.4132872505 0.0463238661 0.8350709754 0.4063533195 
-80.4145802123 0.0463205468 0.8350909123 0.4058560983 
-80.4159543343 0.0463170187 0.8351124545 0.4053532053 
-80.4174108219 0.0463132789 0.8351356263 0.4048446089 
-80.4189508975 0.0463093241 0.8351604524 0.4043302779 
-80.4205758005 0.0463051513 0.8351869578 0.4038101812 
-80.4222867878 0.0463007573 0.8352151677 0.4032842884 
-80.4240851333 0.0462961388 0.8352451077 0.4027525691 
-80.4259721283 0.0462912926 0.8352768037 0.4022149938 
-80.4279490818 0.0462862154 0.8353102818 0.4016715330 
-80.4300173198 0.0462809039 0.8353455686 0.4011221580 
-80.4321781864 0.0462753546 0.8353826908 0.4005668405 
-80.4344330430 0.0462695642 0.8354216754 0.4000055528 
-80.4367832690 0.0462635291 0.8354625499 0.3994382678 
-80.4392302613 0.0462572458 0.8355053418 0.3988649588 
-80.4417754349 0.0462507109 0.8355500793 0.3982856001 
-80.4444202228 0.0462439208 0.8355967904 0.3977001664 
-80.4471660760 0.0462368717 0.8356455038 0.3971086332 
-80.4500144634 0.0462295600 0.8356962483 0.3965109768 
-80.4529668723 0.0462219821 0.8357490529 0.3959071741 
-80.4560248083 0.0462141341 0.8358039472 0.3952972030 
-80.4591897953 0.0462060124 0.8358609607 0.3946810421 
-80.4624633756 0.0461976129 0.8359201235 0.3940586708 
-80.4658471098 0.0461889320 0.8359814658 0.3934300696 
-80.4693425775 0.0461799656 0.8360450180 0.3927952196 
-80.4729513765 0.0461707098 0.8361108111 0.3921541031 
-80.4766751238 0.0461611607 0.8361788761 0.3915067033 
-80.4805154547 0.0461513142 0.8362492442 0.3908530044 
-80.4844740238 0.0461411662 0.8363219471 0.3901929916 
-80.4885525044 0.0461307125 0.8363970167 0.3895266511 
-80.4927525891 0.0461199492 0.8364744851 0.3888539703 
-80.4970759893 0.0461088719 0.8365543846 0.3881749375 
-80.5015244359 0.0460974765 0.8366367479 0.3874895424 
-80.5060996790 0.0460857586 0.8367216079 0.3867977756 
-80.5108034880 0.0460737140 0.8368089977 0.3860996291 
-80.5156376519 0.0460613383 0.8368989506 0.3853950959 
-80.5206039791 0.0460486272 0.8369915003 0.3846841702 
-80.5257042977 0.0460355761 0.8370866806 0.3839668477 
-80.5309404557 0.0460221807 0.8371845256 0.3832431250 
-80.5363143206 0.0460084364 0.8372850696 0.3825130004 
-80.5418277800 0.0459943387 0.8373883472 0.3817764730 
-80.5474827416 0.0459798830 0.8374943930 0.3810335436 
-80.5532811330 0.0459650647 0.8376032420 0.3802842141 
-80.5592249022 0.0459498791 0.8377149294 0.3795284880 
-80.5653160173 0.0459343215 0.8378294906 0.3787663698 
-80.5715564670 0.0459183873 0.8379469611 0.3779978657 
-80.5779482604 0.0459020716 0.8380673767 0.3772229830 
-80.5844934273 0.0458853697 0.8381907734 0.3764417307 
-80.5911940183 0.0458682766 0.8383171874 0.3756541189 
-80.5980521048 0.0458507876 0.8384466549 0.3748601592 
-80.6050697792 0.0458328976 0.8385792124 0.3740598649 
-80.6122491550 0.0458146017 0.8387148967 0.3732532503 
-80.6195923670 0.0457958951 0.8388537446 0.3724403314 
-80.6271015712 0.0457767725 0.8389957931 0.3716211255 
-80.6347789455 0.0457572290 0.8391410792 0.3707956515 
-80.6426266890 0.0457372594 0.8392896404 0.3699639296 
-80.6506470229 0.0457168587 0.8394415141 0.3691259815 
-80.6588421904 0.0456960216 0.8395967378 0.3682818302 
-80.6672144565 0.0456747430 0.8397553493 0.3674315005 
-80.6757661089 0.0456530176 0.8399173863 0.3665750184 
-80.6844994575 0.0456308401 0.8400828869 0.3657124112 
-80.6934168349 0.0456082052 0.8402518891 0.3648437079 
-80.7025205964 0.0455851076 0.8404244310 0.3639689389 
-80.7118131206 0.0455615420 0.8406005510 0.3630881360 
-80.7212968090 0.0455375028 0.8407802873 0.3622013323 
-80.7309740866 0.0455129846 0.8409636784 0.3613085624 
-80.7408474022 0.0454879821 0.8411507629 0.3604098625 
-80.7509192282 0.0454624895 0.8413415793 0.3595052699 
-80.7611920611 0.0454365015 0.8415361662 0.3585948234 
-80.7716684219 0.0454100124 0.8417345624 0.3576785634 
-80.7823508560 0.0453830166 0.8419368067 0.3567565314 
-80.7932419335 0.0453555085 0.8421429378 0.3558287704 
-80.8043442499 0.0453274824 0.8423529945 0.3548953247 
-80.8156604257 0.0452989325 0.8425670158 0.3539562401 
-80.8271931073 0.0452698531 0.8427850405 0.3530115634 
-80.8389449668 0.0452402385 0.8430071074 0.3520613432 
-80.8509187027 0.0452100829 0.8432332557 0.3511056289 
-80.8631170399 0.0451793803 0.8434635240 0.3501444717 
-80.8755427304 0.0451481250 0.8436979513 0.3491779236 
-80.8881985531 0.0451163110 0.8439365765 0.3482060383 
-80.9010873148 0.0450839323 0.8441794384 0.3472288705 
-80.9142118499 0.0450509831 0.8444265758 0.3462464761 
-80.9275750214 0.0450174573 0.8446780276 0.3452589125 
-80.9411797209 0.0449833488 0.8449338323 0.3442662380 
-80.9550288690 0.0449486517 0.8451940287 0.3432685124 
-80.9691254159 0.0449133597 0.8454586554 0.3422657962 
-80.9834723417 0.0448774669 0.8457277509 0.3412581516 
-80.9980726571 0.0448409669 0.8460013535 0.3402456416 
-81.0129294034 0.0448038537 0.8462795018 0.3392283303 
-81.0280456533 0.0447661210 0.8465622338 0.3382062829 
-81.0434245114 0.0447277625 0.8468495877 0.3371795658 
-81.0590691147 0.0446887720 0.8471416015 0.3361482461 
-81.0749826329 0.0446491431 0.8474383132 0.3351123923 
-81.0911682693 0.0446088694 0.8477397604 0.3340720735 
-81.1076292610 0.0445679447 0.8480459807 0.3330273597 
-81.1243688797 0.0445263625 0.8483570117 0.3319783220 
-81.1413904322 0.0444841163 0.8486728905 0.3309250320 
-81.1586972614 0.0444411996 0.8489936542 0.3298675621 
-81.1762927461 0.0443976059 0.8493193399 0.3288059856 
-81.1941803025 0.0443533288 0.8496499842 0.3277403760 
-81.2123633845 0.0443083615 0.8499856236 0.3266708075 
-81.2308454843 0.0442626976 0.8503262944 0.3255973547 
-81.2496301334 0.0442163302 0.8506720328 0.3245200923 
-81.2687209030 0.0441692529 0.8510228745 0.3234390953 
-81.2881214052 0.0441214588 0.8513788552 0.3223544386 
-81.3078352934 0.0440729412 0.8517400103 0.3212661969 
-81.3278662633 0.0440236933 0.8521063749 0.3201744445 
-81.3482180537 0.0439737083 0.8524779836 0.3190792552 
-81.3688944474 0.0439229793 0.8528548712 0.3179807019 
-81.3898992718 0.0438714995 0.8532370718 0.3168788563 
-81.4112364004 0.0438192619 0.8536246193 0.3157737885 
-81.4329097531 0.0437662596 0.8540175474 0.3146655672 
-81.4549232977 0.0437124856 0.8544158893 0.3135542583 
-81.4772810504 0.0436579329 0.8548196780 0.3124399252 
-81.4999870774 0.0436025943 0.8552289460 0.3113226281 
-81.5230454953 0.0435464627 0.8556437256 0.3102024230 
-81.5464604727 0.0434895311 0.8560640486 0.3090793616 
-81.5702362312 0.0434317923 0.8564899464 0.3079534898 
-81.5943770463 0.0433732389 0.8569214502 0.3068248473 
-81.6188872490 0.0433138638 0.8573585905 0.3056934663 
-81.6437712267 0.0432536597 0.8578013975 0.3045593705 
-81.6690334246 0.0431926191 0.8582499010 0.3034225734 
-81.6946783468 0.0431307348 0.8587041303 0.3022830770 
-81.7207105581 0.0430679992 0.8591641143 0.3011408701 
-81.7471346848 0.0430044050 0.8596298814 0.2999959259 
-81.7739554165 0.0429399446 0.8601014593 0.2988482001 
-81.8011775076 0.0428746104 0.8605788754 0.2976976281 
-81.8288057784 0.0428083949 0.8610621567 0.2965441218 
-81.8568451171 0.0427412905 0.8615513294 0.2953875669 
-81.8853004812 0.0426732893 0.8620464192 0.2942278180 
-81.9141768991 0.0426043837 0.8625474514 0.2930646952 
-81.9434794721 0.0425345659 0.8630544506 0.2918979786 
-81.9732133757 0.0424638280 0.8635674407 0.2907274028 
-82.0033838619 0.0423921622 0.8640864451 0.2895526508 
-82.0339962609 0.0423195605 0.8646114868 0.2883733465 
-82.0650559829 0.0422460150 0.8651425877 0.2871890472 
-82.0965685204 0.0421715176 0.8656797694 0.2859992348 
-82.1285394503 0.0420960602 0.8662230526 0.2848033059 
-82.1609744356 0.0420196347 0.8667724576 0.2836005619 
-82.1938792285 0.0419422328 0.8673280037 0.2823901981 
-82.2272596718 0.0418638463 0.8678897096 0.2811712925 
-82.2611217021 0.0417844669 0.8684575934 0.2799427954 
-82.2954713521 0.0417040862 0.8690316721 0.2787035205 
-82.3303147530 0.0416226957 0.8696119623 0.2774521392 
-82.3656581374 0.0415402869 0.8701984797 0.2761871810 
-82.4015078423 0.0414568513 0.8707912391 0.2749070430 
-82.4378703118 0.0413723802 0.8713902546 0.2736100139 
-82.4747521000 0.0412868649 0.8719955394 0.2722943154 
-82.5121598745 0.0412002967 0.8726071060 0.2709581585 
-82.5501004191 0.0411126666 0.8732249658 0.2695998087 
-82.5885806371 0.0410239657 0.8738491295 0.2682177970 
-82.6276075570 0.0409341851 0.8744796069 0.2668129528 
-82.6671883488 0.0408433155 0.8751164071 0.2653999926 
-82.7073303353 0.0407513478 0.8757595387 0.2640209998 
-82.7480409348 0.0406582726 0.8764090085 0.2627148299 
-82.7893276240 0.0405640809 0.8770648213 0.2614974021 
-82.8311979495 0.0404687635 0.8777269794 0.2603700968 
-82.8736595361 0.0403723114 0.8783954833 0.2593224938 
-82.9167201021 0.0402747156 0.8790703314 0.2583364456 
-82.9224073142 0.0402618415 0.8791594744 0.2582445723 
-82.9224073142 0.0402618415 0.8791594744 0.2582445723 
-82.9224073142 0.0402618415 0.8791594744 0.2582445723 
-82.9224073142 0.0402618415 0.8791594744 0.2582445723 
