-81.1217912819 0.0445300565 0.8497882530 0.4539261013 
-81.1231645281 0.0445266456 0.8498140464 0.4539066643 
-81.1259115728 0.0445198233 0.8498656331 0.4538673620 
-81.1300335314 0.0445095881 0.8499430131 0.4538074464 
-81.1355321020 0.0444959380 0.8500461868 0.4537260380 
-81.1424095773 0.0444788702 0.8501751551 0.4536221938 
-81.1506531339 0.0444584202 0.8503296103 0.4532721343 
-81.1603012459 0.0444344968 0.8505102436 0.4531491467 
-81.1713412510 0.0444071366 0.8507167271 0.4530172286 
-81.1837776358 0.0443763344 0.8509490593 0.4528756672 
-81.1976154309 0.0443420842 0.8512072379 0.4527238847 
-81.2128602098 0.0443043797 0.8514912589 0.4525613051 
-81.2295180920 0.0442632140 0.8518011174 0.4523872677 
-81.2475957389 0.0442185795 0.8521368066 0.4522008312 
-81.2671003522 0.0441704681 0.8524983177 0.4520005625 
-81.2880396821 0.0441188714 0.8528856401 0.4517844224 
-81.3104220504 0.0440637803 0.8532987613 0.4515497944 
-81.3342563532 0.0440051849 0.8537376665 0.4512931503 
-81.3595520458 0.0439430752 0.8542023385 0.4510093668 
-81.3863190856 0.0438774407 0.8546927559 0.4506902495 
-81.4145677415 0.0438082711 0.8552088892 0.4503207624 
-81.4443078636 0.0437355578 0.8557506865 0.4498665401 
-81.4755433228 0.0436593082 0.8563179676 0.4491874877 
-81.5082631366 0.0435795664 0.8569102579 0.4478869247 
-81.5425895098 0.0434960532 0.8575295907 0.4474962943 
-81.5640513142 0.0434439118 0.8579165019 0.4473499079 
