-82.1009601369 0.0421574515 0.8676462214 0.5111615458 
-82.1010566045 0.0421572238 0.8676477772 0.5111478989 
-82.1012497947 0.0421567679 0.8676508933 0.5111203394 
-82.1015402218 0.0421560825 0.8676555785 0.5110784045 
-82.1019286674 0.0421551658 0.8676618463 0.5110215673 
-82.1024161888 0.0421540153 0.8676697148 0.5109494161 
-82.1030039511 0.0421526282 0.8676792041 0.5108433471 
-82.1036944242 0.0421509988 0.8676903571 0.5107659222 
-82.1044889763 0.0421491239 0.8677031971 0.5106962742 
-82.1053891380 0.0421469998 0.8677177502 0.5106331242 
-82.1063964363 0.0421446230 0.8677340421 0.5105755281 
-82.1075124083 0.0421419899 0.8677520987 0.5105227944 
-82.1087386100 0.0421390969 0.8677719460 0.5104744174 
-82.1100766244 0.0421359403 0.8677936101 0.5104300230 
-82.1115280667 0.0421325163 0.8678171180 0.5103893306 
-82.1130945894 0.0421288211 0.8678424966 0.5103521242 
-82.1147778861 0.0421248508 0.8678697739 0.5103182333 
-82.1165796947 0.0421206013 0.8678989781 0.5102875190 
-82.1185018006 0.0421160684 0.8679301382 0.5102598650 
-82.1205460395 0.0421112481 0.8679632840 0.5102351713 
-82.1227143001 0.0421061358 0.8679984459 0.5102133494 
-82.1250085267 0.0421007271 0.8680356550 0.5101943198 
-82.1274307216 0.0420950174 0.8680749436 0.5101780094 
-82.1299829476 0.0420890019 0.8681163444 0.5101643500 
-82.1326673305 0.0420826757 0.8681598913 0.5101532773 
-82.1354860618 0.0420760339 0.8682056190 0.5101447291 
-82.1384414007 0.0420690712 0.8682535631 0.5101386453 
-82.1415356772 0.0420617822 0.8683037605 0.5101349663 
-82.1447712941 0.0420541615 0.8683562489 0.5101336321 
-82.1481507305 0.0420462035 0.8684110671 0.5101345813 
-82.1516765434 0.0420379021 0.8684682549 0.5101377487 
-82.1553513717 0.0420292515 0.8685278537 0.5101430635 
-82.1591779384 0.0420202454 0.8685899056 0.5101504464 
-82.1631590542 0.0420108775 0.8686544542 0.5101598058 
-82.1672976206 0.0420011410 0.8687215443 0.5101710324 
-82.1715966337 0.0419910292 0.8687912223 0.5101839928 
-82.1760591886 0.0419805351 0.8688635356 0.5101985206 
-82.1806884835 0.0419696515 0.8689385334 0.5102144053 
-82.1854878250 0.0419583707 0.8690162663 0.5102313771 
-82.1904606344 0.0419466852 0.8690967865 0.5102490881 
-82.1956104547 0.0419345868 0.8691801482 0.5102670890 
-82.2009409592 0.0419220672 0.8692664071 0.5102848003 
-82.2064559617 0.0419091180 0.8693556213 0.5103014791 
-82.2121594292 0.0418957300 0.8694478509 0.5103161844 
-82.2180554974 0.0418818941 0.8695431586 0.5103277473 
-82.2241484890 0.0418676004 0.8696416100 0.5103347637 
-82.2304429369 0.0418528389 0.8697432736 0.5103356435 
-82.2369436098 0.0418375986 0.8698482218 0.5103287944 
-82.2436555425 0.0418218685 0.8699565308 0.5103131106 
-82.2505840644 0.0418056364 0.8700682816 0.5102891192 
-82.2577348169 0.0417888897 0.8701835598 0.5102610490 
-82.2614242452 0.0417802516 0.8702430185 0.5102474322 
-82.2653447412 0.0417710743 0.8703062046 0.5102311268 
-82.2694995228 0.0417613505 0.8703731668 0.5102134914 
-82.2738919976 0.0417510726 0.8704439566 0.5101954149 
-82.2785257561 0.0417402327 0.8705186279 0.5101774588 
-82.2834045674 0.0417288222 0.8705972373 0.5101599634 
-82.2885323792 0.0417168324 0.8706798440 0.5101431237 
-82.2939133180 0.0417042541 0.8707665097 0.5101270423 
-82.2995516924 0.0416910777 0.8708572985 0.5101117640 
-82.3054519956 0.0416772933 0.8709522770 0.5100972980 
-82.3116189093 0.0416628905 0.8710515146 0.5100836320 
-82.3180573079 0.0416478584 0.8711550832 0.5100707401 
-82.3247722625 0.0416321859 0.8712630574 0.5100585883 
-82.3317690461 0.0416158614 0.8713755145 0.5100471372 
-82.3390531382 0.0415988727 0.8714925344 0.5100363441 
-82.3466302299 0.0415812074 0.8716142001 0.5100261640 
-82.3545062294 0.0415628525 0.8717405971 0.5100165504 
-82.3626872675 0.0415437945 0.8718718142 0.5100074555 
-82.3711797034 0.0415240196 0.8720079427 0.5099988309 
-82.3799901308 0.0415035133 0.8721490773 0.5099906270 
-82.3891253839 0.0414822608 0.8722953155 0.5099827937 
-82.3985925441 0.0414602467 0.8724467581 0.5099752796 
-82.4083989467 0.0414374550 0.8726035088 0.5099680324 
-82.4185521877 0.0414138693 0.8727656747 0.5099609981 
-82.4290601312 0.0413894726 0.8729333662 0.5099541204 
-82.4399309169 0.0413642473 0.8731066969 0.5099473405 
-82.4511729680 0.0413381754 0.8732857838 0.5099405956 
-82.4627949990 0.0413112381 0.8734707475 0.5099338183 
-82.4748060249 0.0412834161 0.8736617120 0.5099269342 
-82.4872153694 0.0412546896 0.8738588046 0.5099198604 
-82.5000326744 0.0412250379 0.8740621567 0.5099125020 
-82.5132679100 0.0411944399 0.8742719030 0.5099047489 
-82.5269313846 0.0411628738 0.8744881821 0.5098964699 
-82.5410337556 0.0411303170 0.8747111365 0.5098875063 
-82.5555860414 0.0410967464 0.8749409125 0.5098776632 
-82.5705996335 0.0410621380 0.8751776602 0.5098666974 
-82.5860863101 0.0410264671 0.8754215342 0.5098543026 
-82.6020582501 0.0409897084 0.8756726928 0.5098400898 
-82.6185280500 0.0409518356 0.8759312989 0.5098235638 
-82.6355087409 0.0409128217 0.8761975196 0.5098040931 
-82.6530138087 0.0408726388 0.8764715268 0.5097808767 
-82.6710572165 0.0408312581 0.8767534970 0.5097529081 
-82.6896534306 0.0407886500 0.8770436118 0.5097189451 
-82.7088174493 0.0407447838 0.8773420580 0.5096775022 
-82.7285648372 0.0406996277 0.8776490281 0.5096269011 
-82.7489117624 0.0406531488 0.8779647206 0.5095654603 
-82.7698750376 0.0406053131 0.8782893402 0.5094919974 
-82.7914721622 0.0405560852 0.8786230987 0.5094070118 
-82.8137213506 0.0405054286 0.8789662149 0.5093148206 
-82.8251814126 0.0404793592 0.8791426728 0.5092676141 
-82.8373220951 0.0404517582 0.8793294664 0.5092144567 
-82.8501537299 0.0404226052 0.8795267163 0.5091567050 
-82.8636872555 0.0403918783 0.8797345497 0.5090952294 
-82.8779342178 0.0403595547 0.8799530996 0.5090305608 
-82.8929067760 0.0403256105 0.8801825054 0.5089629992 
-82.9086177112 0.0402900205 0.8804229123 0.5088926921 
-82.9250804380 0.0402527584 0.8806744715 0.5088196885 
-82.9423090178 0.0402137968 0.8809373399 0.5087439743 
-82.9603181728 0.0401731071 0.8812116806 0.5086654956 
-82.9791233025 0.0401306594 0.8814976624 0.5085841716 
-82.9987404996 0.0400864226 0.8817954598 0.5084999039 
-83.0191865688 0.0400403646 0.8821052532 0.5084125803 
-83.0404790446 0.0399924517 0.8824272287 0.5083220779 
-83.0626362116 0.0399426491 0.8827615784 0.5082282646 
-83.0856771251 0.0398909208 0.8831084996 0.5081309991 
-83.1096216331 0.0398372293 0.8834681955 0.5080301310 
-83.1344903989 0.0397815359 0.8838408749 0.5079255002 
-83.1603049251 0.0397238004 0.8842267519 0.5078169362 
-83.1870875791 0.0396639813 0.8846260462 0.5077042564 
-83.2148616193 0.0396020358 0.8850389826 0.5075872645 
-83.2436512230 0.0395379195 0.8854657913 0.5074657481 
-83.2734815152 0.0394715867 0.8859067074 0.5073394761 
-83.3043785998 0.0394029899 0.8863619712 0.5072081952 
-83.3363695911 0.0393320805 0.8868318277 0.5070716254 
-83.3694826482 0.0392588081 0.8873165265 0.5069294551 
-83.4037470104 0.0391831209 0.8878163219 0.5067813341 
-83.4391930348 0.0391049654 0.8883314723 0.5066268658 
-83.4758522360 0.0390242865 0.8888622405 0.5064655967 
-83.5137573281 0.0389410274 0.8894088928 0.5062970041 
-83.5529422693 0.0388551297 0.8899716997 0.5061204800 
-83.5934423089 0.0387665333 0.8905509346 0.5059353109 
-83.6352940376 0.0386751763 0.8911468746 0.5057406520 
-83.6785354415 0.0385809949 0.8917597993 0.5055354953 
-83.7232059592 0.0384839237 0.8923899911 0.5053186272 
-83.7693465441 0.0383838952 0.8930377347 0.5050885753 
-83.8169997312 0.0382808401 0.8937033169 0.5048435403 
-83.8662097102 0.0381746871 0.8943870261 0.5045813083 
-83.9170224048 0.0380653627 0.8950891524 0.5042991409 
-83.9694855613 0.0379527914 0.8958099869 0.5039936398 
-84.0236488456 0.0378368957 0.8965498218 0.5036605866 
-84.0795639526 0.0377175953 0.8973089499 0.5032947693 
-84.1372847293 0.0375948079 0.8980876650 0.5028898347 
-84.1968673129 0.0374684484 0.8988862612 0.5024382582 
-84.2583702876 0.0373384291 0.8997050335 0.5019316044 
-84.3218548553 0.0372046592 0.9005442778 0.5013612957 
-84.3873850835 0.0370670449 0.9014042915 0.5007287915 
-84.4550286103 0.0369254878 0.9022853807 0.5001291374 
-84.5248551198 0.0367798882 0.9031878365 0.4996811481 
-84.5969340556 0.0366301507 0.9041119016 0.4993830191 
-82.8251814126 0.0404793592 0.8791426728 0.5092676141 
-82.8373220951 0.0404517582 0.8793294664 0.5092144567 
-82.8501537299 0.0404226052 0.8795267163 0.5091567050 
-82.8636872555 0.0403918783 0.8797345497 0.5090952294 
-82.8779342178 0.0403595547 0.8799530996 0.5090305608 
-82.8929067760 0.0403256105 0.8801825054 0.5089629992 
-82.9086177112 0.0402900205 0.8804229123 0.5088926921 
-82.9250804380 0.0402527584 0.8806744715 0.5088196885 
-82.9423090178 0.0402137968 0.8809373399 0.5087439743 
-82.9603181728 0.0401731071 0.8812116806 0.5086654956 
-82.9791233025 0.0401306594 0.8814976624 0.5085841716 
-82.9987404996 0.0400864226 0.8817954598 0.5084999039 
-83.0191865688 0.0400403646 0.8821052532 0.5084125803 
-83.0404790446 0.0399924517 0.8824272287 0.5083220779 
-83.0626362116 0.0399426491 0.8827615784 0.5082282646 
-83.0856771251 0.0398909208 0.8831084996 0.5081309991 
-83.1096216331 0.0398372293 0.8834681955 0.5080301310 
-83.1344903989 0.0397815359 0.8838408749 0.5079255002 
-83.1603049251 0.0397238004 0.8842267519 0.5078169362 
-83.1870875791 0.0396639813 0.8846260462 0.5077042564 
-83.2148616193 0.0396020358 0.8850389826 0.5075872645 
-83.2436512230 0.0395379195 0.8854657913 0.5074657481 
-83.2734815152 0.0394715867 0.8859067074 0.5073394761 
-83.3043785998 0.0394029899 0.8863619712 0.5072081952 
-83.3363695911 0.0393320805 0.8868318277 0.5070716254 
-83.3694826482 0.0392588081 0.8873165265 0.5069294551 
-83.4037470104 0.0391831209 0.8878163219 0.5067813341 
-83.4391930348 0.0391049654 0.8883314723 0.5066268658 
-83.4758522360 0.0390242865 0.8888622405 0.5064655967 
-83.5137573281 0.0389410274 0.8894088928 0.5062970041 
-83.5529422693 0.0388551297 0.8899716997 0.5061204800 
-83.5934423089 0.0387665333 0.8905509346 0.5059353109 
-83.6352940376 0.0386751763 0.8911468746 0.5057406520 
-83.6785354415 0.0385809949 0.8917597993 0.5055354953 
-83.7232059592 0.0384839237 0.8923899911 0.5053186272 
-83.7693465441 0.0383838952 0.8930377347 0.5050885753 
-83.8169997312 0.0382808401 0.8937033169 0.5048435403 
-83.8662097102 0.0381746871 0.8943870261 0.5045813083 
-83.9170224048 0.0380653627 0.8950891524 0.5042991409 
-83.9694855613 0.0379527914 0.8958099869 0.5039936398 
-84.0236488456 0.0378368957 0.8965498218 0.5036605866 
-84.0795639526 0.0377175953 0.8973089499 0.5032947693 
-84.1372847293 0.0375948079 0.8980876650 0.5028898347 
-84.1968673129 0.0374684484 0.8988862612 0.5024382582 
-84.2583702876 0.0373384291 0.8997050335 0.5019316044 
-84.3218548553 0.0372046592 0.9005442778 0.5013612957 
-84.3873850835 0.0370670449 0.9014042915 0.5007287915 
-84.4550286103 0.0369254878 0.9022853807 0.5001291374 
-84.5248551198 0.0367798882 0.9031878365 0.4996811481 
-84.5969340556 0.0366301507 0.9041119016 0.4993830191 
-82.2614242452 0.0417802516 0.8702430185 0.5102474322 
-82.2653447412 0.0417710743 0.8703062046 0.5102311268 
-82.2694995228 0.0417613505 0.8703731668 0.5102134914 
-82.2738919976 0.0417510726 0.8704439566 0.5101954149 
-82.2785257561 0.0417402327 0.8705186279 0.5101774588 
-82.2834045674 0.0417288222 0.8705972373 0.5101599634 
-82.2885323792 0.0417168324 0.8706798440 0.5101431237 
-82.2939133180 0.0417042541 0.8707665097 0.5101270423 
-82.2995516924 0.0416910777 0.8708572985 0.5101117640 
-82.3054519956 0.0416772933 0.8709522770 0.5100972980 
-82.3116189093 0.0416628905 0.8710515146 0.5100836320 
-82.3180573079 0.0416478584 0.8711550832 0.5100707401 
-82.3247722625 0.0416321859 0.8712630574 0.5100585883 
-82.3317690461 0.0416158614 0.8713755145 0.5100471372 
-82.3390531382 0.0415988727 0.8714925344 0.5100363441 
-82.3466302299 0.0415812074 0.8716142001 0.5100261640 
-82.3545062294 0.0415628525 0.8717405971 0.5100165504 
-82.3626872675 0.0415437945 0.8718718142 0.5100074555 
-82.3711797034 0.0415240196 0.8720079427 0.5099988309 
-82.3799901308 0.0415035133 0.8721490773 0.5099906270 
-82.3891253839 0.0414822608 0.8722953155 0.5099827937 
-82.3985925441 0.0414602467 0.8724467581 0.5099752796 
-82.4083989467 0.0414374550 0.8726035088 0.5099680324 
-82.4185521877 0.0414138693 0.8727656747 0.5099609981 
-82.4290601312 0.0413894726 0.8729333662 0.5099541204 
-82.4399309169 0.0413642473 0.8731066969 0.5099473405 
-82.4511729680 0.0413381754 0.8732857838 0.5099405956 
-82.4627949990 0.0413112381 0.8734707475 0.5099338183 
-82.4748060249 0.0412834161 0.8736617120 0.5099269342 
-82.4872153694 0.0412546896 0.8738588046 0.5099198604 
-82.5000326744 0.0412250379 0.8740621567 0.5099125020 
-82.5132679100 0.0411944399 0.8742719030 0.5099047489 
-82.5269313846 0.0411628738 0.8744881821 0.5098964699 
-82.5410337556 0.0411303170 0.8747111365 0.5098875063 
-82.5555860414 0.0410967464 0.8749409125 0.5098776632 
-82.5705996335 0.0410621380 0.8751776602 0.5098666974 
-82.5860863101 0.0410264671 0.8754215342 0.5098543026 
-82.6020582501 0.0409897084 0.8756726928 0.5098400898 
-82.6185280500 0.0409518356 0.8759312989 0.5098235638 
-82.6355087409 0.0409128217 0.8761975196 0.5098040931 
-82.6530138087 0.0408726388 0.8764715268 0.5097808767 
-82.6710572165 0.0408312581 0.8767534970 0.5097529081 
-82.6896534306 0.0407886500 0.8770436118 0.5097189451 
-82.7088174493 0.0407447838 0.8773420580 0.5096775022 
-82.7285648372 0.0406996277 0.8776490281 0.5096269011 
-82.7489117624 0.0406531488 0.8779647206 0.5095654603 
-82.7698750376 0.0406053131 0.8782893402 0.5094919974 
-82.7914721622 0.0405560852 0.8786230987 0.5094070118 
-82.8137213506 0.0405054286 0.8789662149 0.5093148206 
-82.8251814126 0.0404793592 0.8791426728 0.5092676141 
-82.8373220951 0.0404517582 0.8793294664 0.5092144567 
-82.8501537299 0.0404226052 0.8795267163 0.5091567050 
-82.8636872555 0.0403918783 0.8797345497 0.5090952294 
-82.8779342178 0.0403595547 0.8799530996 0.5090305608 
-82.8929067760 0.0403256105 0.8801825054 0.5089629992 
-82.9086177112 0.0402900205 0.8804229123 0.5088926921 
-82.9250804380 0.0402527584 0.8806744715 0.5088196885 
-82.9423090178 0.0402137968 0.8809373399 0.5087439743 
-82.9603181728 0.0401731071 0.8812116806 0.5086654956 
-82.9791233025 0.0401306594 0.8814976624 0.5085841716 
-82.9987404996 0.0400864226 0.8817954598 0.5084999039 
-83.0191865688 0.0400403646 0.8821052532 0.5084125803 
-83.0404790446 0.0399924517 0.8824272287 0.5083220779 
-83.0626362116 0.0399426491 0.8827615784 0.5082282646 
-83.0856771251 0.0398909208 0.8831084996 0.5081309991 
-83.1096216331 0.0398372293 0.8834681955 0.5080301310 
-83.1344903989 0.0397815359 0.8838408749 0.5079255002 
-83.1603049251 0.0397238004 0.8842267519 0.5078169362 
-83.1870875791 0.0396639813 0.8846260462 0.5077042564 
-83.2148616193 0.0396020358 0.8850389826 0.5075872645 
-83.2436512230 0.0395379195 0.8854657913 0.5074657481 
-83.2734815152 0.0394715867 0.8859067074 0.5073394761 
-83.3043785998 0.0394029899 0.8863619712 0.5072081952 
-83.3363695911 0.0393320805 0.8868318277 0.5070716254 
-83.3694826482 0.0392588081 0.8873165265 0.5069294551 
-83.4037470104 0.0391831209 0.8878163219 0.5067813341 
-83.4391930348 0.0391049654 0.8883314723 0.5066268658 
-83.4758522360 0.0390242865 0.8888622405 0.5064655967 
-83.5137573281 0.0389410274 0.8894088928 0.5062970041 
-83.5529422693 0.0388551297 0.8899716997 0.5061204800 
-83.5934423089 0.0387665333 0.8905509346 0.5059353109 
-83.6352940376 0.0386751763 0.8911468746 0.5057406520 
-83.6785354415 0.0385809949 0.8917597993 0.5055354953 
-83.7232059592 0.0384839237 0.8923899911 0.5053186272 
-83.7693465441 0.0383838952 0.8930377347 0.5050885753 
-83.8169997312 0.0382808401 0.8937033169 0.5048435403 
-83.8662097102 0.0381746871 0.8943870261 0.5045813083 
-83.9170224048 0.0380653627 0.8950891524 0.5042991409 
-83.9694855613 0.0379527914 0.8958099869 0.5039936398 
-84.0236488456 0.0378368957 0.8965498218 0.5036605866 
-84.0795639526 0.0377175953 0.8973089499 0.5032947693 
-84.1372847293 0.0375948079 0.8980876650 0.5028898347 
-84.1968673129 0.0374684484 0.8988862612 0.5024382582 
-84.2583702876 0.0373384291 0.8997050335 0.5019316044 
-84.3218548553 0.0372046592 0.9005442778 0.5013612957 
-84.3873850835 0.0370670449 0.9014042915 0.5007287915 
-84.4550286103 0.0369254878 0.9022853807 0.5001291374 
-84.5248551198 0.0367798882 0.9031878365 0.4996811481 
-84.5969340556 0.0366301507 0.9041119016 0.4993830191 
-82.8251814126 0.0404793592 0.8791426728 0.5092676141 
-82.8373220951 0.0404517582 0.8793294664 0.5092144567 
-82.8501537299 0.0404226052 0.8795267163 0.5091567050 
-82.8636872555 0.0403918783 0.8797345497 0.5090952294 
-82.8779342178 0.0403595547 0.8799530996 0.5090305608 
-82.8929067760 0.0403256105 0.8801825054 0.5089629992 
-82.9086177112 0.0402900205 0.8804229123 0.5088926921 
-82.9250804380 0.0402527584 0.8806744715 0.5088196885 
-82.9423090178 0.0402137968 0.8809373399 0.5087439743 
-82.9603181728 0.0401731071 0.8812116806 0.5086654956 
-82.9791233025 0.0401306594 0.8814976624 0.5085841716 
-82.9987404996 0.0400864226 0.8817954598 0.5084999039 
-83.0191865688 0.0400403646 0.8821052532 0.5084125803 
-83.0404790446 0.0399924517 0.8824272287 0.5083220779 
-83.0626362116 0.0399426491 0.8827615784 0.5082282646 
-83.0856771251 0.0398909208 0.8831084996 0.5081309991 
-83.1096216331 0.0398372293 0.8834681955 0.5080301310 
-83.1344903989 0.0397815359 0.8838408749 0.5079255002 
-83.1603049251 0.0397238004 0.8842267519 0.5078169362 
-83.1870875791 0.0396639813 0.8846260462 0.5077042564 
-83.2148616193 0.0396020358 0.8850389826 0.5075872645 
-83.2436512230 0.0395379195 0.8854657913 0.5074657481 
-83.2734815152 0.0394715867 0.8859067074 0.5073394761 
-83.3043785998 0.0394029899 0.8863619712 0.5072081952 
-83.3363695911 0.0393320805 0.8868318277 0.5070716254 
-83.3694826482 0.0392588081 0.8873165265 0.5069294551 
-83.4037470104 0.0391831209 0.8878163219 0.5067813341 
-83.4391930348 0.0391049654 0.8883314723 0.5066268658 
-83.4758522360 0.0390242865 0.8888622405 0.5064655967 
-83.5137573281 0.0389410274 0.8894088928 0.5062970041 
-83.5529422693 0.0388551297 0.8899716997 0.5061204800 
-83.5934423089 0.0387665333 0.8905509346 0.5059353109 
-83.6352940376 0.0386751763 0.8911468746 0.5057406520 
-83.6785354415 0.0385809949 0.8917597993 0.5055354953 
-83.7232059592 0.0384839237 0.8923899911 0.5053186272 
-83.7693465441 0.0383838952 0.8930377347 0.5050885753 
-83.8169997312 0.0382808401 0.8937033169 0.5048435403 
-83.8662097102 0.0381746871 0.8943870261 0.5045813083 
-83.9170224048 0.0380653627 0.8950891524 0.5042991409 
-83.9694855613 0.0379527914 0.8958099869 0.5039936398 
-84.0236488456 0.0378368957 0.8965498218 0.5036605866 
-84.0795639526 0.0377175953 0.8973089499 0.5032947693 
-84.1372847293 0.0375948079 0.8980876650 0.5028898347 
-84.1968673129 0.0374684484 0.8988862612 0.5024382582 
-84.2583702876 0.0373384291 0.8997050335 0.5019316044 
-84.3218548553 0.0372046592 0.9005442778 0.5013612957 
-84.3873850835 0.0370670449 0.9014042915 0.5007287915 
-84.4550286103 0.0369254878 0.9022853807 0.5001291374 
-84.5248551198 0.0367798882 0.9031878365 0.4996811481 
-84.5969340556 0.0366301507 0.9041119016 0.4993830191 
-84.6008086502 0.0366221172 0.9041615237 0.4993681890 
-84.6008086502 0.0366221172 0.9041615237 0.4993681890 
-84.6008086502 0.0366221172 0.9041615237 0.4993681890 
-84.6008086502 0.0366221172 0.9041615237 0.4993681890 
