-82.1170825999 0.0421193741 0.8679270643 0.5120592306 
-82.1171062241 0.0421193184 0.8679274444 0.5120526237 
-82.1171535001 0.0421192069 0.8679282050 0.5120394821 
-82.1172244826 0.0421190395 0.8679293472 0.5120199510 
-82.1173192533 0.0421188161 0.8679308723 0.5119942521 
-82.1174379199 0.0421185362 0.8679327822 0.5119626865 
-82.1175804623 0.0421182001 0.8679350766 0.5119096913 
-82.1177474543 0.0421178064 0.8679377654 0.5118736041 
-82.1179388931 0.0421173549 0.8679408487 0.5118381401 
-82.1181549357 0.0421168455 0.8679443292 0.5118033508 
-82.1183957411 0.0421162777 0.8679482095 0.5117692784 
-82.1186614708 0.0421156511 0.8679524924 0.5117359567 
-82.1189522882 0.0421149654 0.8679571808 0.5117034122 
-82.1192683591 0.0421142201 0.8679622775 0.5116716654 
-82.1196098515 0.0421134149 0.8679677854 0.5116407316 
-82.1199769350 0.0421125494 0.8679737072 0.5116106219 
-82.1203697819 0.0421116232 0.8679800461 0.5115813438 
-82.1207885662 0.0421106358 0.8679868048 0.5115529022 
-82.1212334642 0.0421095868 0.8679939863 0.5115252995 
-82.1217046542 0.0421084759 0.8680015938 0.5114985361 
-82.1222023168 0.0421073026 0.8680096301 0.5114726108 
-82.1227266349 0.0421060665 0.8680180984 0.5114475209 
-82.1232777935 0.0421047672 0.8680270017 0.5114232626 
-82.1238559799 0.0421034041 0.8680363432 0.5113998308 
-82.1244613840 0.0421019770 0.8680461260 0.5113772199 
-82.1250941978 0.0421004852 0.8680563533 0.5113554236 
-82.1257546161 0.0420989285 0.8680670283 0.5113344348 
-82.1264428360 0.0420973063 0.8680781543 0.5113142462 
-82.1271590573 0.0420956181 0.8680897345 0.5112948502 
-82.1279034824 0.0420938635 0.8681017723 0.5112762387 
-82.1286763166 0.0420920420 0.8681142711 0.5112584038 
-82.1294777677 0.0420901531 0.8681272342 0.5112413371 
-82.1303080466 0.0420881963 0.8681406650 0.5112250305 
-82.1311673671 0.0420861713 0.8681545672 0.5112094757 
-82.1320559459 0.0420840773 0.8681689441 0.5111946644 
-82.1329740029 0.0420819140 0.8681837994 0.5111805883 
-82.1339217608 0.0420796807 0.8681991367 0.5111672394 
-82.1348994460 0.0420773771 0.8682149595 0.5111546094 
-82.1359072878 0.0420750025 0.8682312717 0.5111426905 
-82.1369455190 0.0420725565 0.8682480769 0.5111314746 
-82.1380143757 0.0420700384 0.8682653790 0.5111209539 
-82.1391140976 0.0420674478 0.8682831818 0.5111111208 
-82.1402449279 0.0420647840 0.8683014892 0.5111019675 
-82.1414071134 0.0420620465 0.8683203052 0.5110934866 
-82.1426009046 0.0420592348 0.8683396336 0.5110856706 
-82.1438265558 0.0420563482 0.8683594787 0.5110785122 
-82.1450843252 0.0420533861 0.8683798444 0.5110720041 
-82.1463744749 0.0420503479 0.8684007350 0.5110661391 
-82.1476972708 0.0420472331 0.8684221547 0.5110609101 
-82.1490529830 0.0420440410 0.8684441078 0.5110563100 
-82.1504418859 0.0420407709 0.8684665985 0.5110523318 
-82.1518642579 0.0420374223 0.8684896313 0.5110489685 
-82.1533203818 0.0420339945 0.8685132106 0.5110462128 
-82.1548105447 0.0420304868 0.8685373410 0.5110440579 
-82.1563350382 0.0420268986 0.8685620271 0.5110424965 
-82.1578941584 0.0420232291 0.8685872734 0.5110415213 
-82.1594882061 0.0420194778 0.8686130847 0.5110411250 
-82.1611174867 0.0420156438 0.8686394658 0.5110413000 
-82.1627823105 0.0420117265 0.8686664215 0.5110420384 
-82.1644829925 0.0420077252 0.8686939568 0.5110433321 
-82.1662198529 0.0420036391 0.8687220765 0.5110451725 
-82.1679932166 0.0419994676 0.8687507859 0.5110475506 
-82.1698034140 0.0419952097 0.8687800900 0.5110504570 
-82.1716507805 0.0419908649 0.8688099940 0.5110538814 
-82.1735356569 0.0419864322 0.8688405032 0.5110578127 
-82.1754583896 0.0419819110 0.8688716230 0.5110622391 
-82.1774193304 0.0419773003 0.8689033588 0.5110671475 
-82.1794188366 0.0419725995 0.8689357162 0.5110725234 
-82.1814572716 0.0419678076 0.8689687007 0.5110783510 
-82.1835350045 0.0419629239 0.8690023180 0.5110846126 
-82.1856524105 0.0419579474 0.8690365739 0.5110912884 
-82.1878098709 0.0419528774 0.8690714742 0.5110983561 
-82.1900077734 0.0419477129 0.8691070250 0.5111057908 
-82.1922465121 0.0419424530 0.8691432322 0.5111135641 
-82.1945264878 0.0419370968 0.8691801020 0.5111216441 
-82.1968481081 0.0419316435 0.8692176406 0.5111299944 
-82.1992117876 0.0419260920 0.8692558544 0.5111385736 
-82.2016179481 0.0419204415 0.8692947498 0.5111473348 
-82.2040670189 0.0419146909 0.8693343333 0.5111562246 
-82.2065594372 0.0419088392 0.8693746116 0.5111651822 
-82.2090956478 0.0419028855 0.8694155916 0.5111741385 
-82.2116761042 0.0418968287 0.8694572800 0.5111830151 
-82.2143012685 0.0418906678 0.8694996839 0.5111917232 
-82.2169716115 0.0418844017 0.8695428105 0.5112001626 
-82.2196876139 0.0418780294 0.8695866671 0.5112082202 
-82.2224497661 0.0418715497 0.8696312610 0.5112157694 
-82.2252585689 0.0418649614 0.8696765999 0.5112226693 
-82.2281145341 0.0418582636 0.8697226916 0.5112287635 
-82.2310181852 0.0418514549 0.8697695440 0.5112338813 
-82.2339700580 0.0418445341 0.8698171652 0.5112378375 
-82.2369707012 0.0418375001 0.8698655634 0.5112404357 
-82.2400206776 0.0418303516 0.8699147474 0.5112414718 
-82.2431205645 0.0418230872 0.8699647257 0.5112407424 
-82.2462709548 0.0418157056 0.8700155074 0.5112380561 
-82.2494724581 0.0418082056 0.8700671018 0.5112332533 
-82.2527257014 0.0418005855 0.8701195183 0.5112262347 
-82.2560313301 0.0417928441 0.8701727668 0.5112170056 
-82.2593900084 0.0417849797 0.8702268573 0.5112057380 
-82.2628024202 0.0417769909 0.8702818003 0.5111928485 
-82.2662692679 0.0417688762 0.8703376063 0.5111790706 
-82.2697912705 0.0417606337 0.8703942865 0.5111654647 
-82.2715802105 0.0417564477 0.8704230717 0.5111589129 
-82.2734253798 0.0417521305 0.8704527629 0.5111515474 
-82.2753271578 0.0417476813 0.8704833659 0.5111435819 
-82.2772859363 0.0417430991 0.8705148866 0.5111351917 
-82.2793021191 0.0417383832 0.8705473310 0.5111265189 
-82.2813761211 0.0417335325 0.8705807055 0.5111176787 
-82.2835083691 0.0417285461 0.8706150165 0.5111087628 
-82.2856993006 0.0417234230 0.8706502705 0.5110998442 
-82.2879493641 0.0417181622 0.8706864744 0.5110909799 
-82.2902590193 0.0417127628 0.8707236351 0.5110822144 
-82.2926287365 0.0417072236 0.8707617595 0.5110735816 
-82.2950589970 0.0417015435 0.8708008550 0.5110651070 
-82.2975502931 0.0416957215 0.8708409290 0.5110568096 
-82.3001031279 0.0416897565 0.8708819888 0.5110487029 
-82.3027180158 0.0416836473 0.8709240423 0.5110407963 
-82.3053954819 0.0416773927 0.8709670972 0.5110330959 
-82.3081360630 0.0416709916 0.8710111615 0.5110256052 
-82.3109403068 0.0416644427 0.8710562434 0.5110183256 
-82.3138087727 0.0416577447 0.8711023513 0.5110112570 
-82.3167420316 0.0416508965 0.8711494934 0.5110043981 
-82.3197406659 0.0416438968 0.8711976786 0.5109977465 
-82.3228052700 0.0416367441 0.8712469155 0.5109912992 
-82.3259364501 0.0416294372 0.8712972132 0.5109850524 
-82.3291348246 0.0416219747 0.8713485806 0.5109790021 
-82.3324010240 0.0416143553 0.8714010271 0.5109731435 
-82.3357356912 0.0416065774 0.8714545622 0.5109674720 
-82.3391394816 0.0415986396 0.8715091954 0.5109619823 
-82.3426130634 0.0415905406 0.8715649365 0.5109566694 
-82.3461571173 0.0415822786 0.8716217955 0.5109515276 
-82.3497723373 0.0415738524 0.8716797824 0.5109465514 
-82.3534594305 0.0415652602 0.8717389076 0.5109417352 
-82.3572191171 0.0415565005 0.8717991816 0.5109370732 
-82.3610521309 0.0415475717 0.8718606150 0.5109325596 
-82.3649592195 0.0415384722 0.8719232185 0.5109281885 
-82.3689411441 0.0415292003 0.8719870033 0.5109239539 
-82.3729986801 0.0415197542 0.8720519805 0.5109198498 
-82.3771326169 0.0415101323 0.8721181615 0.5109158702 
-82.3813437585 0.0415003328 0.8721855577 0.5109120090 
-82.3856329233 0.0414903539 0.8722541811 0.5109082601 
-82.3900009445 0.0414801938 0.8723240434 0.5109046173 
-82.3944486703 0.0414698506 0.8723951568 0.5109010744 
-82.3989769641 0.0414593226 0.8724675336 0.5108976250 
-82.4035867046 0.0414486076 0.8725411864 0.5108942629 
-82.4082787860 0.0414377039 0.8726161277 0.5108909817 
-82.4130541185 0.0414266094 0.8726923706 0.5108877748 
-82.4179136282 0.0414153222 0.8727699280 0.5108846358 
-82.4228582573 0.0414038401 0.8728488133 0.5108815579 
-82.4278889646 0.0413921612 0.8729290400 0.5108785344 
-82.4330067256 0.0413802832 0.8730106218 0.5108755583 
-82.4382125326 0.0413682041 0.8730935725 0.5108726227 
-82.4435073952 0.0413559217 0.8731779063 0.5108697203 
-82.4488923403 0.0413434337 0.8732636374 0.5108668436 
-82.4543684123 0.0413307380 0.8733507805 0.5108639850 
-82.4599366737 0.0413178322 0.8734393502 0.5108611365 
-82.4655982052 0.0413047140 0.8735293616 0.5108582899 
-82.4713541058 0.0412913811 0.8736208296 0.5108554365 
-82.4772054931 0.0412778310 0.8737137699 0.5108525674 
-82.4831535038 0.0412640614 0.8738081979 0.5108496729 
-82.4891992937 0.0412500698 0.8739041295 0.5108467431 
-82.4953440385 0.0412358535 0.8740015807 0.5108437672 
-82.5015889331 0.0412214102 0.8741005679 0.5108407336 
-82.5079351932 0.0412067373 0.8742011074 0.5108376302 
-82.5143840543 0.0411918320 0.8743032161 0.5108344436 
-82.5209367733 0.0411766917 0.8744069109 0.5108311592 
-82.5275946276 0.0411613138 0.8745122090 0.5108277614 
-82.5343589163 0.0411456954 0.8746191279 0.5108242328 
-82.5412309603 0.0411298338 0.8747276851 0.5108205544 
-82.5482121025 0.0411137261 0.8748378987 0.5108167051 
-82.5553037083 0.0410973695 0.8749497868 0.5108126616 
-82.5625071661 0.0410807611 0.8750633677 0.5108083977 
-82.5698238875 0.0410638978 0.8751786602 0.5108038843 
-82.5772553076 0.0410467767 0.8752956831 0.5107990887 
-82.5848028858 0.0410293946 0.8754144556 0.5107939744 
-82.5924681061 0.0410117486 0.8755349971 0.5107884999 
-82.6002524774 0.0409938354 0.8756573272 0.5107826187 
-82.6081575341 0.0409756519 0.8757814659 0.5107762783 
-82.6161848368 0.0409571948 0.8759074334 0.5107694191 
-82.6243359724 0.0409384607 0.8760352502 0.5107619742 
-82.6326125553 0.0409194464 0.8761649370 0.5107538677 
-82.6410162274 0.0409001485 0.8762965148 0.5107450140 
-82.6495486590 0.0408805634 0.8764300050 0.5107353167 
-82.6582115497 0.0408606877 0.8765654291 0.5107246673 
-82.6670066287 0.0408405178 0.8767028091 0.5107129443 
-82.6759356561 0.0408200502 0.8768421672 0.5107000117 
-82.6850004231 0.0407992810 0.8769835259 0.5106857188 
-82.6942027535 0.0407782065 0.8771269081 0.5106698990 
-82.7035445044 0.0407568231 0.8772723370 0.5106523704 
-82.7130275674 0.0407351267 0.8774198360 0.5106329363 
-82.7226538691 0.0407131135 0.8775694290 0.5106113881 
-82.7324253732 0.0406907794 0.8777211403 0.5105875096 
-82.7423440811 0.0406681205 0.8778749946 0.5105610844 
-82.7524120331 0.0406451324 0.8780310167 0.5105319091 
-82.7626313101 0.0406218111 0.8781892322 0.5104998124 
-82.7730040349 0.0405981522 0.8783496669 0.5104646857 
-82.7835323730 0.0405741513 0.8785123470 0.5104265285 
-82.7942185342 0.0405498041 0.8786772992 0.5103855130 
-82.8050647728 0.0405251058 0.8788445506 0.5103420659 
-82.8160733881 0.0405000520 0.8790141289 0.5102969431 
-82.8272467219 0.0404746379 0.8791860620 0.5102512395 
-82.8329169350 0.0404617465 0.8792732466 0.5102282614 
-82.8387554342 0.0404484763 0.8793629861 0.5102036472 
-82.8447634625 0.0404348250 0.8794552952 0.5101776129 
-82.8509423008 0.0404207900 0.8795501889 0.5101503342 
-82.8572932679 0.0404063686 0.8796476824 0.5101219528 
-82.8638177204 0.0403915582 0.8797477917 0.5100925817 
-82.8705170528 0.0403763560 0.8798505329 0.5100623102 
-82.8773926972 0.0403607591 0.8799559226 0.5100312073 
-82.8844461240 0.0403447647 0.8800639776 0.5099993259 
-82.8916788417 0.0403283698 0.8801747154 0.5099667052 
-82.8990923976 0.0403115713 0.8802881535 0.5099333738 
-82.9066883774 0.0402943661 0.8804043101 0.5098993511 
-82.9144684065 0.0402767510 0.8805232037 0.5098646496 
-82.9224341495 0.0402587228 0.8806448529 0.5098292762 
-82.9305873111 0.0402402781 0.8807692770 0.5097932331 
-82.9389296366 0.0402214135 0.8808964956 0.5097565191 
-82.9474629119 0.0402021255 0.8810265284 0.5097191299 
-82.9561889644 0.0401824105 0.8811593959 0.5096810590 
-82.9651096632 0.0401622650 0.8812951187 0.5096422979 
-82.9742269198 0.0401416852 0.8814337177 0.5096028369 
-82.9835426886 0.0401206673 0.8815752144 0.5095626647 
-82.9930589673 0.0400992075 0.8817196305 0.5095217691 
-83.0027777974 0.0400773019 0.8818669881 0.5094801370 
-83.0127012653 0.0400549464 0.8820173096 0.5094377544 
-83.0228315020 0.0400321369 0.8821706179 0.5093946067 
-83.0331706845 0.0400088693 0.8823269361 0.5093506787 
-83.0437210361 0.0399851393 0.8824862879 0.5093059544 
-83.0544848268 0.0399609426 0.8826486971 0.5092604175 
-83.0654643743 0.0399362748 0.8828141879 0.5092140508 
-83.0766620446 0.0399111314 0.8829827850 0.5091668369 
-83.0880802525 0.0398855078 0.8831545134 0.5091187576 
-83.0997214623 0.0398593994 0.8833293983 0.5090697942 
-83.1115881888 0.0398328014 0.8835074655 0.5090199276 
-83.1236829978 0.0398057091 0.8836887409 0.5089691378 
-83.1360085067 0.0397781174 0.8838732510 0.5089174044 
-83.1485673857 0.0397500215 0.8840610223 0.5088647062 
-83.1613623581 0.0397214162 0.8842520820 0.5088110214 
-83.1743962015 0.0396922965 0.8844464574 0.5087563274 
-83.1876717482 0.0396626570 0.8846441763 0.5087006009 
-83.2011918865 0.0396324923 0.8848452667 0.5086438175 
-83.2149595613 0.0396017972 0.8850497570 0.5085859522 
-83.2289777750 0.0395705660 0.8852576759 0.5085269787 
-83.2432495883 0.0395387932 0.8854690524 0.5084668699 
-83.2577781215 0.0395064730 0.8856839159 0.5084055973 
-83.2725665550 0.0394735998 0.8859022961 0.5083431312 
-83.2876181305 0.0394401675 0.8861242228 0.5082794407 
-83.3029361521 0.0394061702 0.8863497265 0.5082144930 
-83.3185239871 0.0393716019 0.8865788376 0.5081482540 
-83.3343850670 0.0393364563 0.8868115871 0.5080806877 
-83.3505228890 0.0393007273 0.8870480062 0.5080117559 
-83.3669410167 0.0392644084 0.8872881262 0.5079414186 
-83.3836430812 0.0392274933 0.8875319790 0.5078696332 
-83.4006327825 0.0391899753 0.8877795966 0.5077963544 
-83.4179138909 0.0391518478 0.8880310113 0.5077215342 
-83.4354902474 0.0391131041 0.8882862556 0.5076451213 
-83.4533657660 0.0390737372 0.8885453623 0.5075670609 
-83.4715444343 0.0390337403 0.8888083646 0.5074872942 
-83.4900303149 0.0389931063 0.8890752958 0.5074057584 
-83.5088275471 0.0389518279 0.8893461893 0.5073223857 
-83.5279403480 0.0389098980 0.8896210790 0.5072371029 
-83.5473730142 0.0388673092 0.8898999989 0.5071498312 
-83.5671299232 0.0388240539 0.8901829832 0.5070604850 
-83.5872155348 0.0387801246 0.8904700664 0.5069689716 
-83.6076343928 0.0387355135 0.8907612831 0.5068751901 
-83.6283911269 0.0386902129 0.8910566680 0.5067790303 
-83.6494904541 0.0386442148 0.8913562563 0.5066803723 
-83.6709371805 0.0385975112 0.8916600831 0.5065790843 
-83.6927362034 0.0385500940 0.8919681838 0.5064750220 
-83.7148925128 0.0385019547 0.8922805938 0.5063680268 
-83.7374111938 0.0384530852 0.8925973488 0.5062579238 
-83.7602974283 0.0384034767 0.8929184846 0.5061445201 
-83.7835564974 0.0383531208 0.8932440370 0.5060276023 
-83.8071937834 0.0383020086 0.8935740423 0.5059069340 
-83.8312147725 0.0382501314 0.8939085364 0.5057822530 
-83.8556250568 0.0381974800 0.8942475556 0.5056532676 
-83.8804303372 0.0381440453 0.8945911364 0.5055196536 
-83.9056364259 0.0380898181 0.8949393150 0.5053810494 
-83.9312492492 0.0380347890 0.8952921280 0.5052370522 
-83.9572748507 0.0379789484 0.8956496120 0.5050872124 
-83.9837193943 0.0379222867 0.8960118036 0.5049310290 
-84.0105891676 0.0378647940 0.8963787394 0.5047679431 
-84.0378905853 0.0378064604 0.8967504563 0.5045973328 
-84.0656301930 0.0377472759 0.8971269911 0.5044185079 
-84.0938146713 0.0376872300 0.8975083804 0.5042307048 
-84.1224508398 0.0376263125 0.8978946613 0.5040330839 
-84.1515456619 0.0375645127 0.8982858706 0.5038247296 
-84.1811062493 0.0375018199 0.8986820453 0.5036046556 
-84.2111398675 0.0374382231 0.8990832224 0.5033718173 
-84.2416539404 0.0373737114 0.8994894390 0.5031251339 
-84.2726560565 0.0373082733 0.8999007322 0.5028635228 
-84.3041539744 0.0372418975 0.9003171391 0.5025859484 
-84.3361556290 0.0371745723 0.9007386970 0.5022915672 
-84.3686691434 0.0371062857 0.9011654432 0.5019806566 
-84.4017028671 0.0370370257 0.9015974158 0.5016592455 
-84.4352654132 0.0369667797 0.9020346537 0.5013458454 
-84.4693655286 0.0368955351 0.9024771949 0.5010612089 
-84.5040119464 0.0368232796 0.9029250746 0.5008162808 
-84.5392133748 0.0367500009 0.9033783247 0.5006138970 
-84.5749785064 0.0366756874 0.9038369741 0.5004501886 
-84.6113160514 0.0366003272 0.9043010489 0.5003169487 
-82.8329169350 0.0404617465 0.8792732466 0.5102282614 
-82.8387554342 0.0404484763 0.8793629861 0.5102036472 
-82.8447634625 0.0404348250 0.8794552952 0.5101776129 
-82.8509423008 0.0404207900 0.8795501889 0.5101503342 
-82.8572932679 0.0404063686 0.8796476824 0.5101219528 
-82.8638177204 0.0403915582 0.8797477917 0.5100925817 
-82.8705170528 0.0403763560 0.8798505329 0.5100623102 
-82.8773926972 0.0403607591 0.8799559226 0.5100312073 
-82.8844461240 0.0403447647 0.8800639776 0.5099993259 
-82.8916788417 0.0403283698 0.8801747154 0.5099667052 
-82.8990923976 0.0403115713 0.8802881535 0.5099333738 
-82.9066883774 0.0402943661 0.8804043101 0.5098993511 
-82.9144684065 0.0402767510 0.8805232037 0.5098646496 
-82.9224341495 0.0402587228 0.8806448529 0.5098292762 
-82.9305873111 0.0402402781 0.8807692770 0.5097932331 
-82.9389296366 0.0402214135 0.8808964956 0.5097565191 
-82.9474629119 0.0402021255 0.8810265284 0.5097191299 
-82.9561889644 0.0401824105 0.8811593959 0.5096810590 
-82.9651096632 0.0401622650 0.8812951187 0.5096422979 
-82.9742269198 0.0401416852 0.8814337177 0.5096028369 
-82.9835426886 0.0401206673 0.8815752144 0.5095626647 
-82.9930589673 0.0400992075 0.8817196305 0.5095217691 
-83.0027777974 0.0400773019 0.8818669881 0.5094801370 
-83.0127012653 0.0400549464 0.8820173096 0.5094377544 
-83.0228315020 0.0400321369 0.8821706179 0.5093946067 
-83.0331706845 0.0400088693 0.8823269361 0.5093506787 
-83.0437210361 0.0399851393 0.8824862879 0.5093059544 
-83.0544848268 0.0399609426 0.8826486971 0.5092604175 
-83.0654643743 0.0399362748 0.8828141879 0.5092140508 
-83.0766620446 0.0399111314 0.8829827850 0.5091668369 
-83.0880802525 0.0398855078 0.8831545134 0.5091187576 
-83.0997214623 0.0398593994 0.8833293983 0.5090697942 
-83.1115881888 0.0398328014 0.8835074655 0.5090199276 
-83.1236829978 0.0398057091 0.8836887409 0.5089691378 
-83.1360085067 0.0397781174 0.8838732510 0.5089174044 
-83.1485673857 0.0397500215 0.8840610223 0.5088647062 
-83.1613623581 0.0397214162 0.8842520820 0.5088110214 
-83.1743962015 0.0396922965 0.8844464574 0.5087563274 
-83.1876717482 0.0396626570 0.8846441763 0.5087006009 
-83.2011918865 0.0396324923 0.8848452667 0.5086438175 
-83.2149595613 0.0396017972 0.8850497570 0.5085859522 
-83.2289777750 0.0395705660 0.8852576759 0.5085269787 
-83.2432495883 0.0395387932 0.8854690524 0.5084668699 
-83.2577781215 0.0395064730 0.8856839159 0.5084055973 
-83.2725665550 0.0394735998 0.8859022961 0.5083431312 
-83.2876181305 0.0394401675 0.8861242228 0.5082794407 
-83.3029361521 0.0394061702 0.8863497265 0.5082144930 
-83.3185239871 0.0393716019 0.8865788376 0.5081482540 
-83.3343850670 0.0393364563 0.8868115871 0.5080806877 
-83.3505228890 0.0393007273 0.8870480062 0.5080117559 
-83.3669410167 0.0392644084 0.8872881262 0.5079414186 
-83.3836430812 0.0392274933 0.8875319790 0.5078696332 
-83.4006327825 0.0391899753 0.8877795966 0.5077963544 
-83.4179138909 0.0391518478 0.8880310113 0.5077215342 
-83.4354902474 0.0391131041 0.8882862556 0.5076451213 
-83.4533657660 0.0390737372 0.8885453623 0.5075670609 
-83.4715444343 0.0390337403 0.8888083646 0.5074872942 
-83.4900303149 0.0389931063 0.8890752958 0.5074057584 
-83.5088275471 0.0389518279 0.8893461893 0.5073223857 
-83.5279403480 0.0389098980 0.8896210790 0.5072371029 
-83.5473730142 0.0388673092 0.8898999989 0.5071498312 
-83.5671299232 0.0388240539 0.8901829832 0.5070604850 
-83.5872155348 0.0387801246 0.8904700664 0.5069689716 
-83.6076343928 0.0387355135 0.8907612831 0.5068751901 
-83.6283911269 0.0386902129 0.8910566680 0.5067790303 
-83.6494904541 0.0386442148 0.8913562563 0.5066803723 
-83.6709371805 0.0385975112 0.8916600831 0.5065790843 
-83.6927362034 0.0385500940 0.8919681838 0.5064750220 
-83.7148925128 0.0385019547 0.8922805938 0.5063680268 
-83.7374111938 0.0384530852 0.8925973488 0.5062579238 
-83.7602974283 0.0384034767 0.8929184846 0.5061445201 
-83.7835564974 0.0383531208 0.8932440370 0.5060276023 
-83.8071937834 0.0383020086 0.8935740423 0.5059069340 
-83.8312147725 0.0382501314 0.8939085364 0.5057822530 
-83.8556250568 0.0381974800 0.8942475556 0.5056532676 
-83.8804303372 0.0381440453 0.8945911364 0.5055196536 
-83.9056364259 0.0380898181 0.8949393150 0.5053810494 
-83.9312492492 0.0380347890 0.8952921280 0.5052370522 
-83.9572748507 0.0379789484 0.8956496120 0.5050872124 
-83.9837193943 0.0379222867 0.8960118036 0.5049310290 
-84.0105891676 0.0378647940 0.8963787394 0.5047679431 
-84.0378905853 0.0378064604 0.8967504563 0.5045973328 
-84.0656301930 0.0377472759 0.8971269911 0.5044185079 
-84.0938146713 0.0376872300 0.8975083804 0.5042307048 
-84.1224508398 0.0376263125 0.8978946613 0.5040330839 
-84.1515456619 0.0375645127 0.8982858706 0.5038247296 
-84.1811062493 0.0375018199 0.8986820453 0.5036046556 
-84.2111398675 0.0374382231 0.8990832224 0.5033718173 
-84.2416539404 0.0373737114 0.8994894390 0.5031251339 
-84.2726560565 0.0373082733 0.8999007322 0.5028635228 
-84.3041539744 0.0372418975 0.9003171391 0.5025859484 
-84.3361556290 0.0371745723 0.9007386970 0.5022915672 
-84.3686691434 0.0371062857 0.9011654432 0.5019806566 
-84.4017028671 0.0370370257 0.9015974158 0.5016592455 
-84.4352654132 0.0369667797 0.9020346537 0.5013458454 
-84.4693655286 0.0368955351 0.9024771949 0.5010612089 
-84.5040119464 0.0368232796 0.9029250746 0.5008162808 
-84.5392133748 0.0367500009 0.9033783247 0.5006138970 
-84.5749785064 0.0366756874 0.9038369741 0.5004501886 
-84.6113160514 0.0366003272 0.9043010489 0.5003169487 
-82.2715802105 0.0417564477 0.8704230717 0.5111589129 
-82.2734253798 0.0417521305 0.8704527629 0.5111515474 
-82.2753271578 0.0417476813 0.8704833659 0.5111435819 
-82.2772859363 0.0417430991 0.8705148866 0.5111351917 
-82.2793021191 0.0417383832 0.8705473310 0.5111265189 
-82.2813761211 0.0417335325 0.8705807055 0.5111176787 
-82.2835083691 0.0417285461 0.8706150165 0.5111087628 
-82.2856993006 0.0417234230 0.8706502705 0.5110998442 
-82.2879493641 0.0417181622 0.8706864744 0.5110909799 
-82.2902590193 0.0417127628 0.8707236351 0.5110822144 
-82.2926287365 0.0417072236 0.8707617595 0.5110735816 
-82.2950589970 0.0417015435 0.8708008550 0.5110651070 
-82.2975502931 0.0416957215 0.8708409290 0.5110568096 
-82.3001031279 0.0416897565 0.8708819888 0.5110487029 
-82.3027180158 0.0416836473 0.8709240423 0.5110407963 
-82.3053954819 0.0416773927 0.8709670972 0.5110330959 
-82.3081360630 0.0416709916 0.8710111615 0.5110256052 
-82.3109403068 0.0416644427 0.8710562434 0.5110183256 
-82.3138087727 0.0416577447 0.8711023513 0.5110112570 
-82.3167420316 0.0416508965 0.8711494934 0.5110043981 
-82.3197406659 0.0416438968 0.8711976786 0.5109977465 
-82.3228052700 0.0416367441 0.8712469155 0.5109912992 
-82.3259364501 0.0416294372 0.8712972132 0.5109850524 
-82.3291348246 0.0416219747 0.8713485806 0.5109790021 
-82.3324010240 0.0416143553 0.8714010271 0.5109731435 
-82.3357356912 0.0416065774 0.8714545622 0.5109674720 
-82.3391394816 0.0415986396 0.8715091954 0.5109619823 
-82.3426130634 0.0415905406 0.8715649365 0.5109566694 
-82.3461571173 0.0415822786 0.8716217955 0.5109515276 
-82.3497723373 0.0415738524 0.8716797824 0.5109465514 
-82.3534594305 0.0415652602 0.8717389076 0.5109417352 
-82.3572191171 0.0415565005 0.8717991816 0.5109370732 
-82.3610521309 0.0415475717 0.8718606150 0.5109325596 
-82.3649592195 0.0415384722 0.8719232185 0.5109281885 
-82.3689411441 0.0415292003 0.8719870033 0.5109239539 
-82.3729986801 0.0415197542 0.8720519805 0.5109198498 
-82.3771326169 0.0415101323 0.8721181615 0.5109158702 
-82.3813437585 0.0415003328 0.8721855577 0.5109120090 
-82.3856329233 0.0414903539 0.8722541811 0.5109082601 
-82.3900009445 0.0414801938 0.8723240434 0.5109046173 
-82.3944486703 0.0414698506 0.8723951568 0.5109010744 
-82.3989769641 0.0414593226 0.8724675336 0.5108976250 
-82.4035867046 0.0414486076 0.8725411864 0.5108942629 
-82.4082787860 0.0414377039 0.8726161277 0.5108909817 
-82.4130541185 0.0414266094 0.8726923706 0.5108877748 
-82.4179136282 0.0414153222 0.8727699280 0.5108846358 
-82.4228582573 0.0414038401 0.8728488133 0.5108815579 
-82.4278889646 0.0413921612 0.8729290400 0.5108785344 
-82.4330067256 0.0413802832 0.8730106218 0.5108755583 
-82.4382125326 0.0413682041 0.8730935725 0.5108726227 
-82.4435073952 0.0413559217 0.8731779063 0.5108697203 
-82.4488923403 0.0413434337 0.8732636374 0.5108668436 
-82.4543684123 0.0413307380 0.8733507805 0.5108639850 
-82.4599366737 0.0413178322 0.8734393502 0.5108611365 
-82.4655982053 0.0413047140 0.8735293616 0.5108582899 
-82.4713541058 0.0412913811 0.8736208296 0.5108554365 
-82.4772054931 0.0412778310 0.8737137699 0.5108525674 
-82.4831535038 0.0412640614 0.8738081979 0.5108496729 
-82.4891992938 0.0412500698 0.8739041295 0.5108467431 
-82.4953440385 0.0412358535 0.8740015807 0.5108437672 
-82.5015889331 0.0412214102 0.8741005679 0.5108407336 
-82.5079351932 0.0412067373 0.8742011074 0.5108376302 
-82.5143840543 0.0411918320 0.8743032161 0.5108344436 
-82.5209367733 0.0411766917 0.8744069109 0.5108311592 
-82.5275946276 0.0411613138 0.8745122090 0.5108277614 
-82.5343589163 0.0411456954 0.8746191279 0.5108242328 
-82.5412309603 0.0411298338 0.8747276851 0.5108205544 
-82.5482121025 0.0411137261 0.8748378987 0.5108167051 
-82.5553037083 0.0410973695 0.8749497868 0.5108126616 
-82.5625071661 0.0410807611 0.8750633677 0.5108083977 
-82.5698238875 0.0410638978 0.8751786602 0.5108038843 
-82.5772553076 0.0410467767 0.8752956831 0.5107990887 
-82.5848028858 0.0410293946 0.8754144556 0.5107939744 
-82.5924681061 0.0410117486 0.8755349971 0.5107884999 
-82.6002524774 0.0409938354 0.8756573272 0.5107826187 
-82.6081575341 0.0409756519 0.8757814659 0.5107762783 
-82.6161848368 0.0409571948 0.8759074334 0.5107694191 
-82.6243359724 0.0409384607 0.8760352502 0.5107619742 
-82.6326125553 0.0409194464 0.8761649370 0.5107538677 
-82.6410162274 0.0409001485 0.8762965148 0.5107450140 
-82.6495486590 0.0408805634 0.8764300050 0.5107353167 
-82.6582115497 0.0408606877 0.8765654291 0.5107246673 
-82.6670066287 0.0408405178 0.8767028091 0.5107129443 
-82.6759356561 0.0408200502 0.8768421672 0.5107000117 
-82.6850004231 0.0407992810 0.8769835259 0.5106857188 
-82.6942027535 0.0407782065 0.8771269081 0.5106698990 
-82.7035445045 0.0407568231 0.8772723370 0.5106523704 
-82.7130275674 0.0407351267 0.8774198360 0.5106329363 
-82.7226538691 0.0407131135 0.8775694290 0.5106113881 
-82.7324253732 0.0406907794 0.8777211403 0.5105875096 
-82.7423440811 0.0406681205 0.8778749946 0.5105610844 
-82.7524120331 0.0406451324 0.8780310167 0.5105319091 
-82.7626313101 0.0406218111 0.8781892322 0.5104998124 
-82.7730040349 0.0405981522 0.8783496669 0.5104646857 
-82.7835323730 0.0405741513 0.8785123470 0.5104265285 
-82.7942185342 0.0405498041 0.8786772992 0.5103855130 
-82.8050647728 0.0405251058 0.8788445506 0.5103420659 
-82.8160733881 0.0405000520 0.8790141289 0.5102969431 
-82.8272467219 0.0404746379 0.8791860620 0.5102512395 
-82.8329169350 0.0404617465 0.8792732466 0.5102282614 
-82.8387554342 0.0404484763 0.8793629861 0.5102036472 
-82.8447634625 0.0404348250 0.8794552952 0.5101776129 
-82.8509423008 0.0404207900 0.8795501889 0.5101503342 
-82.8572932679 0.0404063686 0.8796476824 0.5101219528 
-82.8638177204 0.0403915582 0.8797477917 0.5100925817 
-82.8705170528 0.0403763560 0.8798505329 0.5100623102 
-82.8773926972 0.0403607591 0.8799559226 0.5100312073 
-82.8844461240 0.0403447647 0.8800639776 0.5099993259 
-82.8916788418 0.0403283698 0.8801747154 0.5099667052 
-82.8990923976 0.0403115713 0.8802881535 0.5099333738 
-82.9066883774 0.0402943661 0.8804043101 0.5098993511 
-82.9144684065 0.0402767510 0.8805232037 0.5098646496 
-82.9224341495 0.0402587228 0.8806448529 0.5098292762 
-82.9305873111 0.0402402781 0.8807692770 0.5097932331 
-82.9389296366 0.0402214135 0.8808964956 0.5097565191 
-82.9474629119 0.0402021255 0.8810265284 0.5097191299 
-82.9561889644 0.0401824105 0.8811593959 0.5096810590 
-82.9651096632 0.0401622650 0.8812951187 0.5096422979 
-82.9742269198 0.0401416852 0.8814337177 0.5096028369 
-82.9835426886 0.0401206673 0.8815752144 0.5095626647 
-82.9930589673 0.0400992075 0.8817196305 0.5095217691 
-83.0027777974 0.0400773019 0.8818669881 0.5094801370 
-83.0127012653 0.0400549464 0.8820173096 0.5094377544 
-83.0228315020 0.0400321369 0.8821706179 0.5093946067 
-83.0331706845 0.0400088693 0.8823269361 0.5093506787 
-83.0437210361 0.0399851393 0.8824862879 0.5093059544 
-83.0544848268 0.0399609426 0.8826486971 0.5092604175 
-83.0654643743 0.0399362748 0.8828141879 0.5092140508 
-83.0766620446 0.0399111314 0.8829827850 0.5091668369 
-83.0880802525 0.0398855078 0.8831545134 0.5091187576 
-83.0997214623 0.0398593994 0.8833293983 0.5090697942 
-83.1115881888 0.0398328014 0.8835074655 0.5090199276 
-83.1236829978 0.0398057091 0.8836887409 0.5089691378 
-83.1360085067 0.0397781174 0.8838732510 0.5089174044 
-83.1485673857 0.0397500215 0.8840610223 0.5088647062 
-83.1613623581 0.0397214162 0.8842520820 0.5088110214 
-83.1743962015 0.0396922965 0.8844464574 0.5087563274 
-83.1876717482 0.0396626570 0.8846441763 0.5087006009 
-83.2011918865 0.0396324923 0.8848452667 0.5086438175 
-83.2149595613 0.0396017972 0.8850497570 0.5085859522 
-83.2289777750 0.0395705660 0.8852576759 0.5085269787 
-83.2432495883 0.0395387932 0.8854690524 0.5084668699 
-83.2577781215 0.0395064730 0.8856839159 0.5084055973 
-83.2725665550 0.0394735998 0.8859022961 0.5083431312 
-83.2876181305 0.0394401675 0.8861242228 0.5082794407 
-83.3029361521 0.0394061702 0.8863497265 0.5082144930 
-83.3185239871 0.0393716019 0.8865788376 0.5081482540 
-83.3343850670 0.0393364563 0.8868115871 0.5080806877 
-83.3505228890 0.0393007273 0.8870480062 0.5080117559 
-83.3669410167 0.0392644084 0.8872881262 0.5079414186 
-83.3836430812 0.0392274933 0.8875319790 0.5078696332 
-83.4006327825 0.0391899753 0.8877795966 0.5077963544 
-83.4179138909 0.0391518478 0.8880310113 0.5077215342 
-83.4354902474 0.0391131041 0.8882862556 0.5076451213 
-83.4533657660 0.0390737372 0.8885453623 0.5075670609 
-83.4715444343 0.0390337403 0.8888083646 0.5074872942 
-83.4900303149 0.0389931063 0.8890752958 0.5074057584 
-83.5088275471 0.0389518279 0.8893461893 0.5073223857 
-83.5279403480 0.0389098980 0.8896210790 0.5072371029 
-83.5473730142 0.0388673092 0.8898999989 0.5071498312 
-83.5671299232 0.0388240539 0.8901829832 0.5070604850 
-83.5872155348 0.0387801246 0.8904700664 0.5069689716 
-83.6076343928 0.0387355135 0.8907612831 0.5068751901 
-83.6283911269 0.0386902129 0.8910566680 0.5067790303 
-83.6494904541 0.0386442148 0.8913562563 0.5066803723 
-83.6709371805 0.0385975112 0.8916600831 0.5065790843 
-83.6927362034 0.0385500940 0.8919681838 0.5064750220 
-83.7148925128 0.0385019547 0.8922805938 0.5063680268 
-83.7374111938 0.0384530852 0.8925973488 0.5062579238 
-83.7602974283 0.0384034767 0.8929184846 0.5061445201 
-83.7835564974 0.0383531208 0.8932440370 0.5060276023 
-83.8071937834 0.0383020086 0.8935740423 0.5059069340 
-83.8312147725 0.0382501314 0.8939085364 0.5057822530 
-83.8556250569 0.0381974800 0.8942475556 0.5056532676 
-83.8804303372 0.0381440453 0.8945911364 0.5055196536 
-83.9056364259 0.0380898181 0.8949393150 0.5053810494 
-83.9312492492 0.0380347890 0.8952921280 0.5052370522 
-83.9572748507 0.0379789484 0.8956496120 0.5050872124 
-83.9837193943 0.0379222867 0.8960118036 0.5049310290 
-84.0105891676 0.0378647940 0.8963787394 0.5047679431 
-84.0378905853 0.0378064604 0.8967504563 0.5045973328 
-84.0656301930 0.0377472759 0.8971269911 0.5044185079 
-84.0938146713 0.0376872300 0.8975083804 0.5042307048 
-84.1224508398 0.0376263125 0.8978946613 0.5040330839 
-84.1515456619 0.0375645127 0.8982858706 0.5038247296 
-84.1811062493 0.0375018199 0.8986820453 0.5036046556 
-84.2111398675 0.0374382231 0.8990832224 0.5033718173 
-84.2416539404 0.0373737114 0.8994894390 0.5031251339 
-84.2726560565 0.0373082733 0.8999007322 0.5028635228 
-84.3041539744 0.0372418975 0.9003171391 0.5025859484 
-84.3361556290 0.0371745723 0.9007386970 0.5022915672 
-84.3686691434 0.0371062857 0.9011654432 0.5019806566 
-84.4017028671 0.0370370257 0.9015974158 0.5016592455 
-84.4352654132 0.0369667797 0.9020346537 0.5013458454 
-84.4693655286 0.0368955351 0.9024771949 0.5010612089 
-84.5040119464 0.0368232796 0.9029250746 0.5008162808 
-84.5392133748 0.0367500009 0.9033783247 0.5006138970 
-84.5749785064 0.0366756874 0.9038369741 0.5004501886 
-84.6113160514 0.0366003272 0.9043010489 0.5003169487 
-82.8329169350 0.0404617465 0.8792732466 0.5102282614 
-82.8387554342 0.0404484763 0.8793629861 0.5102036472 
-82.8447634625 0.0404348250 0.8794552952 0.5101776129 
-82.8509423008 0.0404207900 0.8795501889 0.5101503342 
-82.8572932679 0.0404063686 0.8796476824 0.5101219528 
-82.8638177204 0.0403915582 0.8797477917 0.5100925817 
-82.8705170528 0.0403763560 0.8798505329 0.5100623102 
-82.8773926972 0.0403607591 0.8799559226 0.5100312073 
-82.8844461240 0.0403447647 0.8800639776 0.5099993259 
-82.8916788418 0.0403283698 0.8801747154 0.5099667052 
-82.8990923976 0.0403115713 0.8802881535 0.5099333738 
-82.9066883774 0.0402943661 0.8804043101 0.5098993511 
-82.9144684065 0.0402767510 0.8805232037 0.5098646496 
-82.9224341495 0.0402587228 0.8806448529 0.5098292762 
-82.9305873111 0.0402402781 0.8807692770 0.5097932331 
-82.9389296366 0.0402214135 0.8808964956 0.5097565191 
-82.9474629119 0.0402021255 0.8810265284 0.5097191299 
-82.9561889644 0.0401824105 0.8811593959 0.5096810590 
-82.9651096632 0.0401622650 0.8812951187 0.5096422979 
-82.9742269198 0.0401416852 0.8814337177 0.5096028369 
-82.9835426886 0.0401206673 0.8815752144 0.5095626647 
-82.9930589673 0.0400992075 0.8817196305 0.5095217691 
-83.0027777974 0.0400773019 0.8818669881 0.5094801370 
-83.0127012653 0.0400549464 0.8820173096 0.5094377544 
-83.0228315020 0.0400321369 0.8821706179 0.5093946067 
-83.0331706845 0.0400088693 0.8823269361 0.5093506787 
-83.0437210361 0.0399851393 0.8824862879 0.5093059544 
-83.0544848268 0.0399609426 0.8826486971 0.5092604175 
-83.0654643743 0.0399362748 0.8828141879 0.5092140508 
-83.0766620446 0.0399111314 0.8829827850 0.5091668369 
-83.0880802525 0.0398855078 0.8831545134 0.5091187576 
-83.0997214623 0.0398593994 0.8833293983 0.5090697942 
-83.1115881888 0.0398328014 0.8835074655 0.5090199276 
-83.1236829978 0.0398057091 0.8836887409 0.5089691378 
-83.1360085067 0.0397781174 0.8838732510 0.5089174044 
-83.1485673857 0.0397500215 0.8840610223 0.5088647062 
-83.1613623581 0.0397214162 0.8842520820 0.5088110214 
-83.1743962015 0.0396922965 0.8844464574 0.5087563274 
-83.1876717482 0.0396626570 0.8846441763 0.5087006009 
-83.2011918865 0.0396324923 0.8848452667 0.5086438175 
-83.2149595613 0.0396017972 0.8850497570 0.5085859522 
-83.2289777750 0.0395705660 0.8852576759 0.5085269787 
-83.2432495883 0.0395387932 0.8854690524 0.5084668699 
-83.2577781215 0.0395064730 0.8856839159 0.5084055973 
-83.2725665550 0.0394735998 0.8859022961 0.5083431312 
-83.2876181305 0.0394401675 0.8861242228 0.5082794407 
-83.3029361521 0.0394061702 0.8863497265 0.5082144930 
-83.3185239871 0.0393716019 0.8865788376 0.5081482540 
-83.3343850670 0.0393364563 0.8868115871 0.5080806877 
-83.3505228891 0.0393007273 0.8870480062 0.5080117559 
-83.3669410167 0.0392644084 0.8872881262 0.5079414186 
-83.3836430812 0.0392274933 0.8875319790 0.5078696332 
-83.4006327825 0.0391899753 0.8877795966 0.5077963544 
-83.4179138909 0.0391518478 0.8880310113 0.5077215342 
-83.4354902474 0.0391131041 0.8882862556 0.5076451213 
-83.4533657660 0.0390737372 0.8885453623 0.5075670609 
-83.4715444343 0.0390337403 0.8888083646 0.5074872942 
-83.4900303149 0.0389931063 0.8890752958 0.5074057584 
-83.5088275471 0.0389518279 0.8893461893 0.5073223857 
-83.5279403480 0.0389098980 0.8896210790 0.5072371029 
-83.5473730143 0.0388673092 0.8898999989 0.5071498312 
-83.5671299232 0.0388240539 0.8901829832 0.5070604850 
-83.5872155348 0.0387801246 0.8904700664 0.5069689716 
-83.6076343928 0.0387355135 0.8907612831 0.5068751901 
-83.6283911269 0.0386902129 0.8910566680 0.5067790303 
-83.6494904541 0.0386442148 0.8913562563 0.5066803723 
-83.6709371805 0.0385975112 0.8916600831 0.5065790843 
-83.6927362034 0.0385500940 0.8919681838 0.5064750220 
-83.7148925128 0.0385019547 0.8922805938 0.5063680268 
-83.7374111938 0.0384530852 0.8925973488 0.5062579238 
-83.7602974283 0.0384034767 0.8929184846 0.5061445201 
-83.7835564974 0.0383531208 0.8932440370 0.5060276023 
-83.8071937835 0.0383020086 0.8935740423 0.5059069340 
-83.8312147726 0.0382501314 0.8939085364 0.5057822530 
-83.8556250569 0.0381974800 0.8942475556 0.5056532676 
-83.8804303372 0.0381440453 0.8945911364 0.5055196536 
-83.9056364259 0.0380898181 0.8949393150 0.5053810494 
-83.9312492492 0.0380347890 0.8952921280 0.5052370522 
-83.9572748507 0.0379789484 0.8956496120 0.5050872124 
-83.9837193944 0.0379222867 0.8960118036 0.5049310290 
-84.0105891677 0.0378647940 0.8963787394 0.5047679431 
-84.0378905853 0.0378064604 0.8967504563 0.5045973328 
-84.0656301930 0.0377472759 0.8971269911 0.5044185079 
-84.0938146713 0.0376872300 0.8975083804 0.5042307048 
-84.1224508398 0.0376263125 0.8978946613 0.5040330839 
-84.1515456619 0.0375645127 0.8982858706 0.5038247296 
-84.1811062494 0.0375018199 0.8986820453 0.5036046556 
-84.2111398675 0.0374382231 0.8990832224 0.5033718173 
-84.2416539404 0.0373737114 0.8994894390 0.5031251339 
-84.2726560565 0.0373082733 0.8999007322 0.5028635228 
-84.3041539745 0.0372418975 0.9003171391 0.5025859484 
-84.3361556290 0.0371745723 0.9007386970 0.5022915672 
-84.3686691435 0.0371062857 0.9011654432 0.5019806566 
-84.4017028671 0.0370370257 0.9015974158 0.5016592455 
-84.4352654132 0.0369667797 0.9020346537 0.5013458454 
-84.4693655286 0.0368955351 0.9024771949 0.5010612089 
-84.5040119464 0.0368232796 0.9029250746 0.5008162808 
-84.5392133749 0.0367500009 0.9033783247 0.5006138970 
-84.5749785064 0.0366756874 0.9038369741 0.5004501886 
-84.6113160515 0.0366003272 0.9043010489 0.5003169487 
-84.6151756690 0.0365923308 0.9043503907 0.5003022421 
-84.6151756690 0.0365923308 0.9043503907 0.5003022421 
-84.6151756690 0.0365923308 0.9043503907 0.5003022421 
-84.6151756690 0.0365923308 0.9043503907 0.5003022421 
