-82.0292592143 0.0423270658 0.8664440844 0.5095691408 
-82.0292758963 0.0423270262 0.8664443525 0.5095623959 
-82.0293092867 0.0423269472 0.8664448892 0.5095489782 
-82.0293594382 0.0423268284 0.8664456953 0.5095290339 
-82.0294264292 0.0423266697 0.8664467724 0.5095027851 
-82.0295103631 0.0423264709 0.8664481221 0.5094705341 
-82.0296112152 0.0423262321 0.8664497441 0.5094166645 
-82.0297295505 0.0423259518 0.8664516484 0.5093796460 
-82.0298653598 0.0423256301 0.8664538348 0.5093431377 
-82.0300187916 0.0423252667 0.8664563059 0.5093071915 
-82.0301899958 0.0423248613 0.8664590643 0.5092718498 
-82.0303791237 0.0423244133 0.8664621127 0.5092371466 
-82.0305863276 0.0423239226 0.8664654538 0.5092031085 
-82.0308117614 0.0423233887 0.8664690902 0.5091697563 
-82.0310555799 0.0423228112 0.8664730246 0.5091371053 
-82.0313179389 0.0423221898 0.8664772596 0.5091051667 
-82.0315989957 0.0423215242 0.8664817982 0.5090739484 
-82.0318989085 0.0423208139 0.8664866429 0.5090434552 
-82.0322178367 0.0423200586 0.8664917964 0.5090136897 
-82.0325559410 0.0423192579 0.8664972617 0.5089846523 
-82.0329133832 0.0423184114 0.8665030414 0.5089563419 
-82.0332903264 0.0423175187 0.8665091384 0.5089287561 
-82.0336869349 0.0423165794 0.8665155554 0.5089018908 
-82.0341033744 0.0423155933 0.8665222952 0.5088757415 
-82.0345398120 0.0423145597 0.8665293608 0.5088503023 
-82.0349964162 0.0423134785 0.8665367549 0.5088255671 
-82.0354733570 0.0423123491 0.8665444806 0.5088015290 
-82.0359708058 0.0423111712 0.8665525405 0.5087781808 
-82.0364889358 0.0423099443 0.8665609378 0.5087555147 
-82.0370279216 0.0423086680 0.8665696752 0.5087335231 
-82.0375879398 0.0423073420 0.8665787559 0.5087121978 
-82.0381691685 0.0423059659 0.8665881827 0.5086915309 
-82.0387717876 0.0423045391 0.8665979587 0.5086715142 
-82.0393959791 0.0423030612 0.8666080870 0.5086521394 
-82.0400419268 0.0423015319 0.8666185705 0.5086333985 
-82.0407098166 0.0422999507 0.8666294125 0.5086152833 
-82.0413998361 0.0422983172 0.8666406160 0.5085977858 
-82.0421121756 0.0422966309 0.8666521842 0.5085808980 
-82.0428470270 0.0422948913 0.8666641202 0.5085646120 
-82.0436045848 0.0422930980 0.8666764274 0.5085489201 
-82.0443850458 0.0422912507 0.8666891089 0.5085338144 
-82.0451886089 0.0422893486 0.8667021680 0.5085192875 
-82.0460154756 0.0422873915 0.8667156080 0.5085053319 
-82.0468658500 0.0422853789 0.8667294323 0.5084919401 
-82.0477399385 0.0422833102 0.8667436443 0.5084791049 
-82.0486379502 0.0422811850 0.8667582475 0.5084668192 
-82.0495600969 0.0422790027 0.8667732452 0.5084550757 
-82.0505065932 0.0422767630 0.8667886410 0.5084438676 
-82.0514776564 0.0422744652 0.8668044385 0.5084331878 
-82.0524735066 0.0422721088 0.8668206412 0.5084230295 
-82.0534943669 0.0422696934 0.8668372527 0.5084133858 
-82.0545404634 0.0422672185 0.8668542768 0.5084042498 
-82.0556120252 0.0422646834 0.8668717172 0.5083956148 
-82.0567092846 0.0422620876 0.8668895775 0.5083874737 
-82.0578324770 0.0422594307 0.8669078618 0.5083798197 
-82.0589818410 0.0422567119 0.8669265737 0.5083726458 
-82.0601576186 0.0422539309 0.8669457172 0.5083659447 
-82.0613600552 0.0422510870 0.8669652963 0.5083597090 
-82.0625893995 0.0422481796 0.8669853150 0.5083539313 
-82.0638459040 0.0422452081 0.8670057773 0.5083486036 
-82.0651298246 0.0422421721 0.8670266874 0.5083437176 
-82.0664414208 0.0422390707 0.8670480495 0.5083392646 
-82.0677809560 0.0422359035 0.8670698676 0.5083352353 
-82.0691486975 0.0422326699 0.8670921462 0.5083316198 
-82.0705449162 0.0422293691 0.8671148896 0.5083284073 
-82.0719698872 0.0422260006 0.8671381021 0.5083255862 
-82.0734238899 0.0422225637 0.8671617883 0.5083231436 
-82.0749072074 0.0422190578 0.8671859526 0.5083210656 
-82.0764201274 0.0422154822 0.8672105997 0.5083193365 
-82.0779629419 0.0422118362 0.8672357341 0.5083179388 
-82.0795359475 0.0422081192 0.8672613607 0.5083168531 
-82.0811394451 0.0422043304 0.8672874841 0.5083160575 
-82.0827737407 0.0422004692 0.8673141092 0.5083155273 
-82.0844391450 0.0421965347 0.8673412411 0.5083152344 
-82.0861359737 0.0421925264 0.8673688845 0.5083151471 
-82.0878645477 0.0421884434 0.8673970448 0.5083152294 
-82.0896251932 0.0421842851 0.8674257269 0.5083154402 
-82.0914182421 0.0421800506 0.8674549362 0.5083157328 
-82.0932440319 0.0421757392 0.8674846780 0.5083160540 
-82.0951029062 0.0421713500 0.8675149577 0.5083163432 
-82.0969952147 0.0421668823 0.8675457809 0.5083165316 
-82.0989213137 0.0421623353 0.8675771531 0.5083165408 
-82.1008815664 0.0421577081 0.8676090800 0.5083162824 
-82.1028763432 0.0421529999 0.8676415675 0.5083156558 
-82.1049060219 0.0421482098 0.8676746216 0.5083145484 
-82.1069709886 0.0421433370 0.8677082484 0.5083128333 
-82.1090716376 0.0421383804 0.8677424539 0.5083103695 
-82.1112083725 0.0421333393 0.8677772446 0.5083070007 
-82.1133816063 0.0421282126 0.8678126271 0.5083025557 
-82.1155917625 0.0421229993 0.8678486078 0.5082968491 
-82.1178392754 0.0421176986 0.8678851938 0.5082896841 
-82.1201245912 0.0421123093 0.8679223920 0.5082808565 
-82.1224481687 0.0421068304 0.8679602096 0.5082701621 
-82.1248104799 0.0421012609 0.8679986541 0.5082574097 
-82.1272120115 0.0420955995 0.8680377332 0.5082424391 
-82.1296532652 0.0420898453 0.8680774548 0.5082251513 
-82.1321347589 0.0420839969 0.8681178271 0.5082055525 
-82.1346570271 0.0420780532 0.8681588586 0.5081838159 
-82.1372206215 0.0420720129 0.8682005579 0.5081603611 
-82.1398261100 0.0420658746 0.8682429341 0.5081359259 
-82.1424740747 0.0420596372 0.8682859964 0.5081115771 
-82.1438195866 0.0420564680 0.8683078767 0.5080996128 
-82.1452084389 0.0420531970 0.8683304656 0.5080867490 
-82.1466409377 0.0420498235 0.8683537680 0.5080732009 
-82.1481173992 0.0420463466 0.8683777889 0.5080591452 
-82.1496381492 0.0420427658 0.8684025333 0.5080447254 
-82.1512035223 0.0420390801 0.8684280066 0.5080300577 
-82.1528138624 0.0420352888 0.8684542142 0.5080152352 
-82.1544695217 0.0420313912 0.8684811615 0.5080003318 
-82.1561708611 0.0420273864 0.8685088544 0.5079854056 
-82.1579182498 0.0420232735 0.8685372986 0.5079705020 
-82.1597120655 0.0420190517 0.8685665000 0.5079556558 
-82.1615526941 0.0420147202 0.8685964647 0.5079408937 
-82.1634405300 0.0420102779 0.8686271989 0.5079262354 
-82.1653759757 0.0420057241 0.8686587088 0.5079116955 
-82.1673594424 0.0420010577 0.8686910008 0.5078972843 
-82.1693913496 0.0419962779 0.8687240816 0.5078830089 
-82.1714721253 0.0419913836 0.8687579578 0.5078688739 
-82.1736022061 0.0419863738 0.8687926361 0.5078548816 
-82.1757820375 0.0419812477 0.8688281236 0.5078410331 
-82.1780120734 0.0419760040 0.8688644272 0.5078273281 
-82.1802927767 0.0419706418 0.8689015541 0.5078137653 
-82.1826246194 0.0419651600 0.8689395116 0.5078003429 
-82.1850080823 0.0419595575 0.8689783073 0.5077870582 
-82.1874436556 0.0419538332 0.8690179485 0.5077739084 
-82.1899318385 0.0419479860 0.8690584431 0.5077608901 
-82.1924731396 0.0419420148 0.8690997989 0.5077479999 
-82.1950680772 0.0419359183 0.8691420238 0.5077352339 
-82.1977171791 0.0419296954 0.8691851260 0.5077225882 
-82.2004209825 0.0419233448 0.8692291137 0.5077100588 
-82.2031800349 0.0419168654 0.8692739953 0.5076976415 
-82.2059948933 0.0419102559 0.8693197792 0.5076853323 
-82.2088661252 0.0419035149 0.8693664743 0.5076731267 
-82.2117943079 0.0418966413 0.8694140892 0.5076610206 
-82.2147800292 0.0418896337 0.8694626330 0.5076490097 
-82.2178238875 0.0418824907 0.8695121147 0.5076370897 
-82.2209264914 0.0418752110 0.8695625435 0.5076252562 
-82.2240884606 0.0418677931 0.8696139290 0.5076135049 
-82.2273104255 0.0418602358 0.8696662805 0.5076018317 
-82.2305930273 0.0418525375 0.8697196079 0.5075902320 
-82.2339369188 0.0418446968 0.8697739210 0.5075787016 
-82.2373427636 0.0418367122 0.8698292297 0.5075672363 
-82.2408112369 0.0418285822 0.8698855442 0.5075558317 
-82.2443430257 0.0418203053 0.8699428749 0.5075444835 
-82.2479388283 0.0418118799 0.8700012322 0.5075331873 
-82.2515993553 0.0418033045 0.8700606267 0.5075219387 
-82.2553253290 0.0417945773 0.8701210693 0.5075107335 
-82.2591174841 0.0417856969 0.8701825709 0.5074995671 
-82.2629765676 0.0417766614 0.8702451427 0.5074884349 
-82.2669033391 0.0417674694 0.8703087958 0.5074773325 
-82.2708985706 0.0417581190 0.8703735419 0.5074662551 
-82.2749630474 0.0417486084 0.8704393925 0.5074551978 
-82.2790975675 0.0417389360 0.8705063593 0.5074441558 
-82.2833029422 0.0417291000 0.8705744545 0.5074331239 
-82.2875799964 0.0417190985 0.8706436901 0.5074220967 
-82.2919295682 0.0417089296 0.8707140785 0.5074110686 
-82.2963525099 0.0416985915 0.8707856321 0.5074000336 
-82.3008496874 0.0416880823 0.8708583637 0.5073889854 
-82.3054219810 0.0416774001 0.8709322860 0.5073779174 
-82.3100702853 0.0416665429 0.8710074122 0.5073668222 
-82.3147955094 0.0416555086 0.8710837555 0.5073556921 
-82.3195985773 0.0416442953 0.8711613292 0.5073445186 
-82.3244804279 0.0416329009 0.8712401471 0.5073332923 
-82.3294420154 0.0416213233 0.8713202228 0.5073220030 
-82.3344843095 0.0416095604 0.8714015704 0.5073106393 
-82.3396082955 0.0415976101 0.8714842040 0.5072991887 
-82.3448149747 0.0415854701 0.8715681381 0.5072876370 
-82.3501053645 0.0415731383 0.8716533871 0.5072759686 
-82.3554804988 0.0415606123 0.8717399659 0.5072641656 
-82.3609414283 0.0415478900 0.8718278895 0.5072522081 
-82.3664892207 0.0415349689 0.8719171730 0.5072400734 
-82.3721249609 0.0415218468 0.8720078319 0.5072277358 
-82.3778497514 0.0415085213 0.8720998816 0.5072151664 
-82.3836647128 0.0414949898 0.8721933381 0.5072023318 
-82.3895709838 0.0414812500 0.8722882174 0.5071891944 
-82.3955697218 0.0414672994 0.8723845357 0.5071757114 
-82.4016621032 0.0414531354 0.8724823095 0.5071618337 
-82.4078493239 0.0414387555 0.8725815555 0.5071475057 
-82.4141325994 0.0414241570 0.8726822907 0.5071326640 
-82.4205131657 0.0414093373 0.8727845322 0.5071172364 
-82.4269922795 0.0413942937 0.8728882975 0.5071011414 
-82.4335712188 0.0413790234 0.8729936041 0.5070842860 
-82.4402512835 0.0413635237 0.8731004701 0.5070665657 
-82.4470337958 0.0413477917 0.8732089136 0.5070478625 
-82.4539201012 0.0413318246 0.8733189530 0.5070280445 
-82.4609115689 0.0413156195 0.8734306071 0.5070069644 
-82.4680095928 0.0412991734 0.8735438949 0.5069844595 
-82.4752155920 0.0412824832 0.8736588356 0.5069603516 
-82.4825310122 0.0412655459 0.8737754490 0.5069344478 
-82.4899573260 0.0412483584 0.8738937549 0.5069065431 
-82.4974960345 0.0412309175 0.8740137735 0.5068764250 
-82.5051486678 0.0412132200 0.8741355256 0.5068438813 
-82.5129167869 0.0411952625 0.8742590320 0.5068087123 
-82.5208019839 0.0411770417 0.8743843141 0.5067707513 
-82.5288058839 0.0411585542 0.8745113936 0.5067298944 
-82.5369301459 0.0411397965 0.8746402926 0.5066861466 
-82.5451764632 0.0411207650 0.8747710336 0.5066396867 
-82.5535465649 0.0411014561 0.8749036397 0.5065909495 
-82.5620422146 0.0410818661 0.8750381341 0.5065407007 
-82.5706652090 0.0410619913 0.8751745405 0.5064900473 
-82.5750412874 0.0410519084 0.8752437277 0.5064646867 
-82.5795474378 0.0410415281 0.8753149584 0.5064378723 
-82.5841846109 0.0410308485 0.8753882450 0.5064098243 
-82.5889537862 0.0410198676 0.8754636001 0.5063807230 
-82.5938559716 0.0410085832 0.8755410369 0.5063507141 
-82.5988922027 0.0409969931 0.8756205688 0.5063199150 
-82.6040635433 0.0409850953 0.8757022094 0.5062884189 
-82.6093710850 0.0409728873 0.8757859730 0.5062562992 
-82.6148159476 0.0409603669 0.8758718738 0.5062236128 
-82.6203992787 0.0409475318 0.8759599266 0.5061904033 
-82.6261222542 0.0409343795 0.8760501464 0.5061567034 
-82.6319860787 0.0409209074 0.8761425485 0.5061225369 
-82.6379919850 0.0409071132 0.8762371487 0.5060879209 
-82.6441412351 0.0408929941 0.8763339628 0.5060528666 
-82.6504351199 0.0408785476 0.8764330071 0.5060173810 
-82.6568749599 0.0408637708 0.8765342983 0.5059814674 
-82.6634621051 0.0408486612 0.8766378533 0.5059451266 
-82.6701979358 0.0408332158 0.8767436892 0.5059083570 
-82.6770838625 0.0408174317 0.8768518237 0.5058711553 
-82.6841213263 0.0408013061 0.8769622746 0.5058335170 
-82.6913117996 0.0407848359 0.8770750601 0.5057954363 
-82.6986567859 0.0407680181 0.8771901987 0.5057569065 
-82.7061578208 0.0407508495 0.8773077091 0.5057179203 
-82.7138164718 0.0407333271 0.8774276105 0.5056784698 
-82.7216343392 0.0407154475 0.8775499224 0.5056385464 
-82.7296130562 0.0406972075 0.8776746645 0.5055981411 
-82.7377542892 0.0406786037 0.8778018570 0.5055572448 
-82.7460597386 0.0406596327 0.8779315201 0.5055158477 
-82.7545311391 0.0406402910 0.8780636746 0.5054739398 
-82.7631702599 0.0406205751 0.8781983416 0.5054315109 
-82.7719789055 0.0406004814 0.8783355425 0.5053885504 
-82.7809589160 0.0405800061 0.8784752988 0.5053450475 
-82.7901121673 0.0405591457 0.8786176326 0.5053009911 
-82.7994405724 0.0405378962 0.8787625662 0.5052563699 
-82.8089460809 0.0405162538 0.8789101223 0.5052111723 
-82.8186306804 0.0404942146 0.8790603238 0.5051653864 
-82.8284963961 0.0404717746 0.8792131939 0.5051190000 
-82.8385452924 0.0404489297 0.8793687563 0.5050720006 
-82.8487794725 0.0404256758 0.8795270349 0.5050243756 
-82.8592010795 0.0404020087 0.8796880538 0.5049761118 
-82.8698122967 0.0403779240 0.8798518377 0.5049271957 
-82.8806153485 0.0403534176 0.8800184114 0.5048776135 
-82.8916125007 0.0403284849 0.8801878000 0.5048273509 
-82.9028060611 0.0403031215 0.8803600291 0.5047763931 
-82.9141983804 0.0402773228 0.8805351245 0.5047247249 
-82.9257918526 0.0402510842 0.8807131122 0.5046723306 
-82.9375889156 0.0402244010 0.8808940187 0.5046191937 
-82.9495920522 0.0401972685 0.8810778707 0.5045652971 
-82.9618037905 0.0401696817 0.8812646954 0.5045106231 
-82.9742267046 0.0401416358 0.8814545199 0.5044551530 
-82.9868634155 0.0401131257 0.8816473721 0.5043988671 
-82.9997165917 0.0400841464 0.8818432798 0.5043417450 
-83.0127889499 0.0400546927 0.8820422713 0.5042837647 
-83.0260832560 0.0400247594 0.8822443752 0.5042249033 
-83.0396023256 0.0399943412 0.8824496203 0.5041651362 
-83.0533490250 0.0399634327 0.8826580358 0.5041044373 
-83.0673262720 0.0399320284 0.8828696512 0.5040427783 
-83.0815370367 0.0399001228 0.8830844962 0.5039801293 
-83.0959843425 0.0398677103 0.8833026008 0.5039164577 
-83.1106712668 0.0398347850 0.8835239954 0.5038517282 
-83.1256009420 0.0398013413 0.8837487105 0.5037859024 
-83.1407765567 0.0397673731 0.8839767770 0.5037189385 
-83.1562013563 0.0397328747 0.8842082261 0.5036507907 
-83.1718786442 0.0396978398 0.8844430892 0.5035814084 
-83.1878117828 0.0396622624 0.8846813980 0.5035107361 
-83.2040041947 0.0396261362 0.8849231845 0.5034387120 
-83.2204593637 0.0395894550 0.8851684810 0.5033652677 
-83.2371808358 0.0395522122 0.8854173198 0.5032903268 
-83.2541722208 0.0395144013 0.8856697338 0.5032138038 
-83.2714371931 0.0394760159 0.8859257560 0.5031356030 
-83.2889794934 0.0394370491 0.8861854196 0.5030556167 
-83.3068029297 0.0393974943 0.8864487582 0.5029737234 
-83.3249113790 0.0393573444 0.8867158055 0.5028897859 
-83.3433087884 0.0393165926 0.8869865955 0.5028036489 
-83.3619991773 0.0392752317 0.8872611624 0.5027151360 
-83.3809866381 0.0392332546 0.8875395407 0.5026240470 
-83.4002753389 0.0391906540 0.8878217651 0.5025301538 
-83.4198695247 0.0391474224 0.8881078706 0.5024331965 
-83.4397735193 0.0391035524 0.8883978923 0.5023328788 
-83.4599917280 0.0390590364 0.8886918658 0.5022288622 
-83.4805286390 0.0390138666 0.8889898266 0.5021207604 
-83.5013888262 0.0389680352 0.8892918106 0.5020081321 
-83.5225769518 0.0389215343 0.8895978541 0.5018904738 
-83.5440977687 0.0388743557 0.8899079934 0.5017672111 
-83.5659561239 0.0388264914 0.8902222651 0.5016376906 
-83.5881569612 0.0387779328 0.8905407063 0.5015011706 
-83.6107053252 0.0387286716 0.8908633542 0.5013568126 
-83.6336063646 0.0386786991 0.8911902463 0.5012036742 
-83.6568653367 0.0386280067 0.8915214205 0.5010407043 
-83.6804876117 0.0385765853 0.8918569149 0.5008667432 
-83.7044786777 0.0385244260 0.8921967682 0.5006805293 
-83.7288441458 0.0384715195 0.8925410194 0.5004807212 
-83.7535897563 0.0384178563 0.8928897078 0.5002659764 
-83.7787213867 0.0383634269 0.8932428734 0.5000353154 
-83.8042450680 0.0383082214 0.8936005569 0.4997895880 
-83.8301670093 0.0382522298 0.8939627999 0.4995346805 
-83.8564935858 0.0381954417 0.8943296447 0.4992819488 
-83.8832312576 0.0381378468 0.8947011333 0.4990420058 
-83.9103865114 0.0380794346 0.8950773063 0.4988207813 
-83.9379658517 0.0380201949 0.8954582025 0.4986201865 
-82.5750412874 0.0410519084 0.8752437277 0.5064646867 
-82.5795474378 0.0410415281 0.8753149584 0.5064378723 
-82.5841846109 0.0410308485 0.8753882450 0.5064098243 
-82.5889537862 0.0410198676 0.8754636001 0.5063807230 
-82.5938559716 0.0410085832 0.8755410369 0.5063507141 
-82.5988922027 0.0409969931 0.8756205688 0.5063199150 
-82.6040635433 0.0409850953 0.8757022094 0.5062884189 
-82.6093710850 0.0409728873 0.8757859730 0.5062562992 
-82.6148159476 0.0409603669 0.8758718738 0.5062236128 
-82.6203992787 0.0409475318 0.8759599266 0.5061904033 
-82.6261222542 0.0409343795 0.8760501464 0.5061567034 
-82.6319860787 0.0409209074 0.8761425485 0.5061225369 
-82.6379919850 0.0409071132 0.8762371487 0.5060879209 
-82.6441412351 0.0408929941 0.8763339628 0.5060528666 
-82.6504351199 0.0408785476 0.8764330071 0.5060173810 
-82.6568749599 0.0408637708 0.8765342983 0.5059814674 
-82.6634621051 0.0408486612 0.8766378533 0.5059451266 
-82.6701979358 0.0408332158 0.8767436892 0.5059083570 
-82.6770838625 0.0408174317 0.8768518237 0.5058711553 
-82.6841213263 0.0408013061 0.8769622746 0.5058335170 
-82.6913117996 0.0407848359 0.8770750601 0.5057954363 
-82.6986567859 0.0407680181 0.8771901987 0.5057569065 
-82.7061578208 0.0407508495 0.8773077091 0.5057179203 
-82.7138164718 0.0407333271 0.8774276105 0.5056784698 
-82.7216343392 0.0407154475 0.8775499224 0.5056385464 
-82.7296130562 0.0406972075 0.8776746645 0.5055981411 
-82.7377542892 0.0406786037 0.8778018570 0.5055572448 
-82.7460597386 0.0406596327 0.8779315201 0.5055158477 
-82.7545311391 0.0406402910 0.8780636746 0.5054739398 
-82.7631702599 0.0406205751 0.8781983416 0.5054315109 
-82.7719789055 0.0406004814 0.8783355425 0.5053885504 
-82.7809589160 0.0405800061 0.8784752988 0.5053450475 
-82.7901121673 0.0405591457 0.8786176326 0.5053009911 
-82.7994405724 0.0405378962 0.8787625662 0.5052563699 
-82.8089460809 0.0405162538 0.8789101223 0.5052111723 
-82.8186306804 0.0404942146 0.8790603238 0.5051653864 
-82.8284963961 0.0404717746 0.8792131939 0.5051190000 
-82.8385452924 0.0404489297 0.8793687563 0.5050720006 
-82.8487794725 0.0404256758 0.8795270349 0.5050243756 
-82.8592010795 0.0404020087 0.8796880538 0.5049761118 
-82.8698122967 0.0403779240 0.8798518377 0.5049271957 
-82.8806153485 0.0403534176 0.8800184114 0.5048776135 
-82.8916125007 0.0403284849 0.8801878000 0.5048273509 
-82.9028060611 0.0403031215 0.8803600291 0.5047763931 
-82.9141983804 0.0402773228 0.8805351245 0.5047247249 
-82.9257918526 0.0402510842 0.8807131122 0.5046723306 
-82.9375889156 0.0402244010 0.8808940187 0.5046191937 
-82.9495920522 0.0401972685 0.8810778707 0.5045652971 
-82.9618037905 0.0401696817 0.8812646954 0.5045106231 
-82.9742267046 0.0401416358 0.8814545199 0.5044551530 
-82.9868634155 0.0401131257 0.8816473721 0.5043988671 
-82.9997165917 0.0400841464 0.8818432798 0.5043417450 
-83.0127889499 0.0400546927 0.8820422713 0.5042837647 
-83.0260832560 0.0400247594 0.8822443752 0.5042249033 
-83.0396023256 0.0399943412 0.8824496203 0.5041651362 
-83.0533490250 0.0399634327 0.8826580358 0.5041044373 
-83.0673262720 0.0399320284 0.8828696512 0.5040427783 
-83.0815370367 0.0399001228 0.8830844962 0.5039801293 
-83.0959843425 0.0398677103 0.8833026008 0.5039164577 
-83.1106712668 0.0398347850 0.8835239954 0.5038517282 
-83.1256009420 0.0398013413 0.8837487105 0.5037859024 
-83.1407765567 0.0397673731 0.8839767770 0.5037189385 
-83.1562013563 0.0397328747 0.8842082261 0.5036507907 
-83.1718786442 0.0396978398 0.8844430892 0.5035814084 
-83.1878117828 0.0396622624 0.8846813980 0.5035107361 
-83.2040041947 0.0396261362 0.8849231845 0.5034387120 
-83.2204593637 0.0395894550 0.8851684810 0.5033652677 
-83.2371808358 0.0395522122 0.8854173198 0.5032903268 
-83.2541722208 0.0395144013 0.8856697338 0.5032138038 
-83.2714371931 0.0394760159 0.8859257560 0.5031356030 
-83.2889794934 0.0394370491 0.8861854196 0.5030556167 
-83.3068029297 0.0393974943 0.8864487582 0.5029737234 
-83.3249113790 0.0393573444 0.8867158055 0.5028897859 
-83.3433087884 0.0393165926 0.8869865955 0.5028036489 
-83.3619991773 0.0392752317 0.8872611624 0.5027151360 
-83.3809866381 0.0392332546 0.8875395407 0.5026240470 
-83.4002753389 0.0391906540 0.8878217651 0.5025301538 
-83.4198695247 0.0391474224 0.8881078706 0.5024331965 
-83.4397735193 0.0391035524 0.8883978923 0.5023328788 
-83.4599917280 0.0390590364 0.8886918658 0.5022288622 
-83.4805286390 0.0390138666 0.8889898266 0.5021207604 
-83.5013888262 0.0389680352 0.8892918106 0.5020081321 
-83.5225769518 0.0389215343 0.8895978541 0.5018904738 
-83.5440977687 0.0388743557 0.8899079934 0.5017672111 
-83.5659561239 0.0388264914 0.8902222651 0.5016376906 
-83.5881569612 0.0387779328 0.8905407063 0.5015011706 
-83.6107053252 0.0387286716 0.8908633542 0.5013568126 
-83.6336063646 0.0386786991 0.8911902463 0.5012036742 
-83.6568653367 0.0386280067 0.8915214205 0.5010407043 
-83.6804876117 0.0385765853 0.8918569149 0.5008667432 
-83.7044786777 0.0385244260 0.8921967682 0.5006805293 
-83.7288441458 0.0384715195 0.8925410194 0.5004807212 
-83.7535897563 0.0384178563 0.8928897078 0.5002659764 
-83.7787213867 0.0383634269 0.8932428734 0.5000353154 
-83.8042450680 0.0383082214 0.8936005569 0.4997895880 
-83.8301670093 0.0382522298 0.8939627999 0.4995346805 
-83.8564935858 0.0381954417 0.8943296447 0.4992819488 
-83.8832312576 0.0381378468 0.8947011333 0.4990420058 
-83.9103865114 0.0380794346 0.8950773063 0.4988207813 
-83.9379658517 0.0380201949 0.8954582025 0.4986201865 
-82.1438195866 0.0420564680 0.8683078767 0.5080996128 
-82.1452084389 0.0420531970 0.8683304656 0.5080867490 
-82.1466409377 0.0420498235 0.8683537680 0.5080732009 
-82.1481173992 0.0420463466 0.8683777889 0.5080591452 
-82.1496381492 0.0420427658 0.8684025333 0.5080447254 
-82.1512035223 0.0420390801 0.8684280066 0.5080300577 
-82.1528138624 0.0420352888 0.8684542142 0.5080152352 
-82.1544695217 0.0420313912 0.8684811615 0.5080003318 
-82.1561708611 0.0420273864 0.8685088544 0.5079854056 
-82.1579182498 0.0420232735 0.8685372986 0.5079705020 
-82.1597120655 0.0420190517 0.8685665000 0.5079556558 
-82.1615526941 0.0420147202 0.8685964647 0.5079408937 
-82.1634405300 0.0420102779 0.8686271989 0.5079262354 
-82.1653759757 0.0420057241 0.8686587088 0.5079116955 
-82.1673594424 0.0420010577 0.8686910008 0.5078972843 
-82.1693913496 0.0419962779 0.8687240816 0.5078830089 
-82.1714721253 0.0419913836 0.8687579578 0.5078688739 
-82.1736022061 0.0419863738 0.8687926361 0.5078548816 
-82.1757820375 0.0419812477 0.8688281236 0.5078410331 
-82.1780120734 0.0419760040 0.8688644272 0.5078273281 
-82.1802927767 0.0419706418 0.8689015541 0.5078137653 
-82.1826246194 0.0419651600 0.8689395116 0.5078003429 
-82.1850080823 0.0419595575 0.8689783073 0.5077870582 
-82.1874436556 0.0419538332 0.8690179485 0.5077739084 
-82.1899318385 0.0419479860 0.8690584431 0.5077608901 
-82.1924731396 0.0419420148 0.8690997989 0.5077479999 
-82.1950680772 0.0419359183 0.8691420238 0.5077352339 
-82.1977171791 0.0419296954 0.8691851260 0.5077225882 
-82.2004209825 0.0419233448 0.8692291137 0.5077100588 
-82.2031800349 0.0419168654 0.8692739953 0.5076976415 
-82.2059948933 0.0419102559 0.8693197792 0.5076853323 
-82.2088661252 0.0419035149 0.8693664743 0.5076731267 
-82.2117943079 0.0418966413 0.8694140892 0.5076610206 
-82.2147800292 0.0418896337 0.8694626330 0.5076490097 
-82.2178238875 0.0418824907 0.8695121147 0.5076370897 
-82.2209264914 0.0418752110 0.8695625435 0.5076252562 
-82.2240884606 0.0418677931 0.8696139290 0.5076135049 
-82.2273104255 0.0418602358 0.8696662805 0.5076018317 
-82.2305930273 0.0418525375 0.8697196079 0.5075902320 
-82.2339369188 0.0418446968 0.8697739210 0.5075787016 
-82.2373427636 0.0418367122 0.8698292297 0.5075672363 
-82.2408112369 0.0418285822 0.8698855442 0.5075558317 
-82.2443430257 0.0418203053 0.8699428749 0.5075444835 
-82.2479388283 0.0418118799 0.8700012322 0.5075331873 
-82.2515993553 0.0418033045 0.8700606267 0.5075219387 
-82.2553253290 0.0417945773 0.8701210693 0.5075107335 
-82.2591174841 0.0417856969 0.8701825709 0.5074995671 
-82.2629765676 0.0417766614 0.8702451427 0.5074884349 
-82.2669033391 0.0417674694 0.8703087958 0.5074773325 
-82.2708985706 0.0417581190 0.8703735419 0.5074662551 
-82.2749630474 0.0417486084 0.8704393925 0.5074551978 
-82.2790975675 0.0417389360 0.8705063593 0.5074441558 
-82.2833029422 0.0417291000 0.8705744545 0.5074331239 
-82.2875799964 0.0417190985 0.8706436901 0.5074220967 
-82.2919295682 0.0417089296 0.8707140785 0.5074110686 
-82.2963525099 0.0416985915 0.8707856321 0.5074000336 
-82.3008496874 0.0416880823 0.8708583637 0.5073889854 
-82.3054219810 0.0416774001 0.8709322860 0.5073779174 
-82.3100702853 0.0416665429 0.8710074122 0.5073668222 
-82.3147955094 0.0416555086 0.8710837555 0.5073556921 
-82.3195985773 0.0416442953 0.8711613292 0.5073445186 
-82.3244804279 0.0416329009 0.8712401471 0.5073332923 
-82.3294420154 0.0416213233 0.8713202228 0.5073220030 
-82.3344843095 0.0416095604 0.8714015704 0.5073106393 
-82.3396082955 0.0415976101 0.8714842040 0.5072991887 
-82.3448149747 0.0415854701 0.8715681381 0.5072876370 
-82.3501053645 0.0415731383 0.8716533871 0.5072759686 
-82.3554804988 0.0415606123 0.8717399659 0.5072641656 
-82.3609414283 0.0415478900 0.8718278895 0.5072522081 
-82.3664892207 0.0415349689 0.8719171730 0.5072400734 
-82.3721249609 0.0415218468 0.8720078319 0.5072277358 
-82.3778497514 0.0415085213 0.8720998816 0.5072151664 
-82.3836647128 0.0414949898 0.8721933381 0.5072023318 
-82.3895709838 0.0414812500 0.8722882174 0.5071891944 
-82.3955697218 0.0414672994 0.8723845357 0.5071757114 
-82.4016621032 0.0414531354 0.8724823095 0.5071618337 
-82.4078493239 0.0414387555 0.8725815555 0.5071475057 
-82.4141325994 0.0414241570 0.8726822907 0.5071326640 
-82.4205131657 0.0414093373 0.8727845322 0.5071172364 
-82.4269922795 0.0413942937 0.8728882975 0.5071011414 
-82.4335712188 0.0413790234 0.8729936041 0.5070842860 
-82.4402512835 0.0413635237 0.8731004701 0.5070665657 
-82.4470337958 0.0413477917 0.8732089136 0.5070478625 
-82.4539201012 0.0413318246 0.8733189530 0.5070280445 
-82.4609115689 0.0413156195 0.8734306071 0.5070069644 
-82.4680095928 0.0412991734 0.8735438949 0.5069844595 
-82.4752155920 0.0412824832 0.8736588356 0.5069603516 
-82.4825310122 0.0412655459 0.8737754490 0.5069344478 
-82.4899573260 0.0412483584 0.8738937549 0.5069065431 
-82.4974960345 0.0412309175 0.8740137735 0.5068764250 
-82.5051486678 0.0412132200 0.8741355256 0.5068438813 
-82.5129167869 0.0411952625 0.8742590320 0.5068087123 
-82.5208019839 0.0411770417 0.8743843141 0.5067707513 
-82.5288058839 0.0411585542 0.8745113936 0.5067298944 
-82.5369301459 0.0411397965 0.8746402926 0.5066861466 
-82.5451764632 0.0411207650 0.8747710336 0.5066396867 
-82.5535465649 0.0411014561 0.8749036397 0.5065909495 
-82.5620422146 0.0410818661 0.8750381341 0.5065407007 
-82.5706652090 0.0410619913 0.8751745405 0.5064900473 
-82.5750412874 0.0410519084 0.8752437277 0.5064646867 
-82.5795474378 0.0410415281 0.8753149584 0.5064378723 
-82.5841846109 0.0410308485 0.8753882450 0.5064098243 
-82.5889537862 0.0410198676 0.8754636001 0.5063807230 
-82.5938559716 0.0410085832 0.8755410369 0.5063507141 
-82.5988922027 0.0409969931 0.8756205688 0.5063199150 
-82.6040635433 0.0409850953 0.8757022094 0.5062884189 
-82.6093710850 0.0409728873 0.8757859730 0.5062562992 
-82.6148159476 0.0409603669 0.8758718738 0.5062236128 
-82.6203992786 0.0409475318 0.8759599266 0.5061904033 
-82.6261222542 0.0409343795 0.8760501464 0.5061567034 
-82.6319860787 0.0409209074 0.8761425485 0.5061225369 
-82.6379919850 0.0409071132 0.8762371487 0.5060879209 
-82.6441412351 0.0408929941 0.8763339628 0.5060528666 
-82.6504351199 0.0408785476 0.8764330071 0.5060173810 
-82.6568749599 0.0408637708 0.8765342983 0.5059814674 
-82.6634621051 0.0408486612 0.8766378533 0.5059451266 
-82.6701979358 0.0408332158 0.8767436892 0.5059083570 
-82.6770838625 0.0408174317 0.8768518237 0.5058711553 
-82.6841213263 0.0408013061 0.8769622746 0.5058335170 
-82.6913117996 0.0407848359 0.8770750601 0.5057954363 
-82.6986567859 0.0407680181 0.8771901987 0.5057569065 
-82.7061578208 0.0407508495 0.8773077091 0.5057179203 
-82.7138164718 0.0407333271 0.8774276105 0.5056784698 
-82.7216343392 0.0407154475 0.8775499224 0.5056385464 
-82.7296130562 0.0406972075 0.8776746645 0.5055981411 
-82.7377542892 0.0406786037 0.8778018570 0.5055572448 
-82.7460597386 0.0406596327 0.8779315201 0.5055158477 
-82.7545311391 0.0406402910 0.8780636746 0.5054739398 
-82.7631702599 0.0406205751 0.8781983416 0.5054315109 
-82.7719789055 0.0406004814 0.8783355425 0.5053885504 
-82.7809589160 0.0405800061 0.8784752988 0.5053450475 
-82.7901121673 0.0405591457 0.8786176326 0.5053009911 
-82.7994405724 0.0405378962 0.8787625662 0.5052563699 
-82.8089460809 0.0405162538 0.8789101223 0.5052111723 
-82.8186306804 0.0404942146 0.8790603238 0.5051653864 
-82.8284963961 0.0404717746 0.8792131939 0.5051190000 
-82.8385452924 0.0404489297 0.8793687563 0.5050720006 
-82.8487794725 0.0404256758 0.8795270349 0.5050243756 
-82.8592010795 0.0404020087 0.8796880538 0.5049761118 
-82.8698122967 0.0403779240 0.8798518377 0.5049271957 
-82.8806153485 0.0403534176 0.8800184114 0.5048776135 
-82.8916125007 0.0403284849 0.8801878000 0.5048273509 
-82.9028060611 0.0403031215 0.8803600291 0.5047763931 
-82.9141983804 0.0402773228 0.8805351245 0.5047247249 
-82.9257918526 0.0402510842 0.8807131122 0.5046723306 
-82.9375889156 0.0402244010 0.8808940187 0.5046191937 
-82.9495920522 0.0401972685 0.8810778707 0.5045652971 
-82.9618037905 0.0401696817 0.8812646954 0.5045106231 
-82.9742267046 0.0401416358 0.8814545199 0.5044551530 
-82.9868634155 0.0401131257 0.8816473721 0.5043988671 
-82.9997165917 0.0400841464 0.8818432798 0.5043417450 
-83.0127889499 0.0400546927 0.8820422713 0.5042837647 
-83.0260832560 0.0400247594 0.8822443752 0.5042249033 
-83.0396023256 0.0399943412 0.8824496203 0.5041651362 
-83.0533490250 0.0399634327 0.8826580358 0.5041044373 
-83.0673262720 0.0399320284 0.8828696512 0.5040427783 
-83.0815370367 0.0399001228 0.8830844962 0.5039801293 
-83.0959843425 0.0398677103 0.8833026008 0.5039164577 
-83.1106712668 0.0398347850 0.8835239954 0.5038517282 
-83.1256009420 0.0398013413 0.8837487105 0.5037859024 
-83.1407765567 0.0397673731 0.8839767770 0.5037189385 
-83.1562013563 0.0397328747 0.8842082261 0.5036507907 
-83.1718786442 0.0396978398 0.8844430892 0.5035814084 
-83.1878117828 0.0396622624 0.8846813980 0.5035107361 
-83.2040041947 0.0396261362 0.8849231845 0.5034387120 
-83.2204593637 0.0395894550 0.8851684810 0.5033652677 
-83.2371808358 0.0395522122 0.8854173198 0.5032903268 
-83.2541722208 0.0395144013 0.8856697338 0.5032138038 
-83.2714371931 0.0394760159 0.8859257560 0.5031356030 
-83.2889794934 0.0394370491 0.8861854196 0.5030556167 
-83.3068029297 0.0393974943 0.8864487582 0.5029737234 
-83.3249113790 0.0393573444 0.8867158055 0.5028897859 
-83.3433087884 0.0393165926 0.8869865955 0.5028036489 
-83.3619991773 0.0392752317 0.8872611624 0.5027151360 
-83.3809866381 0.0392332546 0.8875395407 0.5026240470 
-83.4002753389 0.0391906540 0.8878217651 0.5025301538 
-83.4198695247 0.0391474224 0.8881078706 0.5024331965 
-83.4397735193 0.0391035524 0.8883978923 0.5023328788 
-83.4599917280 0.0390590364 0.8886918658 0.5022288622 
-83.4805286390 0.0390138666 0.8889898266 0.5021207604 
-83.5013888262 0.0389680352 0.8892918106 0.5020081321 
-83.5225769518 0.0389215343 0.8895978541 0.5018904738 
-83.5440977687 0.0388743557 0.8899079934 0.5017672111 
-83.5659561239 0.0388264914 0.8902222651 0.5016376906 
-83.5881569612 0.0387779328 0.8905407063 0.5015011706 
-83.6107053252 0.0387286716 0.8908633542 0.5013568126 
-83.6336063646 0.0386786991 0.8911902463 0.5012036742 
-83.6568653367 0.0386280067 0.8915214205 0.5010407043 
-83.6804876117 0.0385765853 0.8918569149 0.5008667432 
-83.7044786777 0.0385244260 0.8921967682 0.5006805293 
-83.7288441458 0.0384715195 0.8925410194 0.5004807212 
-83.7535897563 0.0384178563 0.8928897078 0.5002659764 
-83.7787213867 0.0383634269 0.8932428734 0.5000353154 
-83.8042450680 0.0383082214 0.8936005569 0.4997895880 
-83.8301670093 0.0382522298 0.8939627999 0.4995346805 
-83.8564935858 0.0381954417 0.8943296447 0.4992819488 
-83.8832312576 0.0381378468 0.8947011333 0.4990420058 
-83.9103865114 0.0380794346 0.8950773063 0.4988207813 
-83.9379658517 0.0380201949 0.8954582025 0.4986201865 
-82.5750412874 0.0410519084 0.8752437277 0.5064646867 
-82.5795474378 0.0410415281 0.8753149584 0.5064378723 
-82.5841846109 0.0410308485 0.8753882450 0.5064098243 
-82.5889537862 0.0410198676 0.8754636001 0.5063807230 
-82.5938559716 0.0410085832 0.8755410369 0.5063507141 
-82.5988922027 0.0409969931 0.8756205688 0.5063199150 
-82.6040635433 0.0409850953 0.8757022094 0.5062884189 
-82.6093710850 0.0409728873 0.8757859730 0.5062562992 
-82.6148159476 0.0409603669 0.8758718738 0.5062236128 
-82.6203992786 0.0409475318 0.8759599266 0.5061904033 
-82.6261222542 0.0409343795 0.8760501464 0.5061567034 
-82.6319860787 0.0409209074 0.8761425485 0.5061225369 
-82.6379919850 0.0409071132 0.8762371487 0.5060879209 
-82.6441412351 0.0408929941 0.8763339628 0.5060528666 
-82.6504351199 0.0408785476 0.8764330071 0.5060173810 
-82.6568749599 0.0408637708 0.8765342983 0.5059814674 
-82.6634621051 0.0408486612 0.8766378533 0.5059451266 
-82.6701979358 0.0408332158 0.8767436892 0.5059083570 
-82.6770838625 0.0408174317 0.8768518237 0.5058711553 
-82.6841213263 0.0408013061 0.8769622746 0.5058335170 
-82.6913117996 0.0407848359 0.8770750601 0.5057954363 
-82.6986567859 0.0407680181 0.8771901987 0.5057569065 
-82.7061578208 0.0407508495 0.8773077091 0.5057179203 
-82.7138164718 0.0407333271 0.8774276105 0.5056784698 
-82.7216343392 0.0407154475 0.8775499224 0.5056385464 
-82.7296130562 0.0406972075 0.8776746645 0.5055981411 
-82.7377542892 0.0406786037 0.8778018570 0.5055572448 
-82.7460597386 0.0406596327 0.8779315201 0.5055158477 
-82.7545311391 0.0406402910 0.8780636746 0.5054739398 
-82.7631702599 0.0406205751 0.8781983416 0.5054315109 
-82.7719789055 0.0406004814 0.8783355425 0.5053885504 
-82.7809589160 0.0405800061 0.8784752988 0.5053450475 
-82.7901121673 0.0405591457 0.8786176326 0.5053009911 
-82.7994405724 0.0405378962 0.8787625662 0.5052563699 
-82.8089460809 0.0405162538 0.8789101223 0.5052111723 
-82.8186306804 0.0404942146 0.8790603238 0.5051653864 
-82.8284963961 0.0404717746 0.8792131939 0.5051190000 
-82.8385452924 0.0404489297 0.8793687563 0.5050720006 
-82.8487794725 0.0404256758 0.8795270349 0.5050243756 
-82.8592010795 0.0404020087 0.8796880538 0.5049761118 
-82.8698122967 0.0403779240 0.8798518377 0.5049271957 
-82.8806153485 0.0403534176 0.8800184114 0.5048776135 
-82.8916125007 0.0403284849 0.8801878000 0.5048273509 
-82.9028060611 0.0403031215 0.8803600291 0.5047763931 
-82.9141983804 0.0402773228 0.8805351245 0.5047247249 
-82.9257918525 0.0402510842 0.8807131122 0.5046723306 
-82.9375889156 0.0402244010 0.8808940187 0.5046191937 
-82.9495920522 0.0401972685 0.8810778707 0.5045652971 
-82.9618037905 0.0401696817 0.8812646954 0.5045106231 
-82.9742267046 0.0401416358 0.8814545199 0.5044551530 
-82.9868634155 0.0401131257 0.8816473721 0.5043988671 
-82.9997165917 0.0400841464 0.8818432798 0.5043417450 
-83.0127889499 0.0400546927 0.8820422713 0.5042837647 
-83.0260832560 0.0400247594 0.8822443752 0.5042249033 
-83.0396023256 0.0399943412 0.8824496203 0.5041651362 
-83.0533490250 0.0399634327 0.8826580358 0.5041044373 
-83.0673262720 0.0399320284 0.8828696512 0.5040427783 
-83.0815370367 0.0399001228 0.8830844962 0.5039801293 
-83.0959843425 0.0398677103 0.8833026008 0.5039164577 
-83.1106712668 0.0398347850 0.8835239954 0.5038517282 
-83.1256009420 0.0398013413 0.8837487105 0.5037859024 
-83.1407765567 0.0397673731 0.8839767770 0.5037189385 
-83.1562013563 0.0397328747 0.8842082261 0.5036507907 
-83.1718786442 0.0396978398 0.8844430892 0.5035814084 
-83.1878117828 0.0396622624 0.8846813980 0.5035107361 
-83.2040041947 0.0396261362 0.8849231845 0.5034387120 
-83.2204593637 0.0395894550 0.8851684810 0.5033652677 
-83.2371808358 0.0395522122 0.8854173198 0.5032903268 
-83.2541722208 0.0395144013 0.8856697338 0.5032138038 
-83.2714371931 0.0394760159 0.8859257560 0.5031356030 
-83.2889794934 0.0394370491 0.8861854196 0.5030556167 
-83.3068029297 0.0393974943 0.8864487582 0.5029737234 
-83.3249113790 0.0393573444 0.8867158055 0.5028897859 
-83.3433087884 0.0393165926 0.8869865955 0.5028036489 
-83.3619991773 0.0392752317 0.8872611624 0.5027151360 
-83.3809866381 0.0392332546 0.8875395407 0.5026240470 
-83.4002753389 0.0391906540 0.8878217651 0.5025301538 
-83.4198695247 0.0391474224 0.8881078706 0.5024331965 
-83.4397735193 0.0391035524 0.8883978923 0.5023328788 
-83.4599917280 0.0390590364 0.8886918658 0.5022288622 
-83.4805286390 0.0390138666 0.8889898266 0.5021207604 
-83.5013888262 0.0389680352 0.8892918106 0.5020081321 
-83.5225769518 0.0389215343 0.8895978541 0.5018904738 
-83.5440977687 0.0388743557 0.8899079934 0.5017672111 
-83.5659561239 0.0388264914 0.8902222651 0.5016376906 
-83.5881569612 0.0387779328 0.8905407063 0.5015011706 
-83.6107053252 0.0387286716 0.8908633542 0.5013568126 
-83.6336063646 0.0386786991 0.8911902463 0.5012036742 
-83.6568653367 0.0386280067 0.8915214205 0.5010407043 
-83.6804876117 0.0385765853 0.8918569149 0.5008667432 
-83.7044786777 0.0385244260 0.8921967682 0.5006805293 
-83.7288441458 0.0384715195 0.8925410194 0.5004807212 
-83.7535897563 0.0384178563 0.8928897078 0.5002659764 
-83.7787213867 0.0383634269 0.8932428734 0.5000353154 
-83.8042450680 0.0383082214 0.8936005569 0.4997895880 
-83.8301670093 0.0382522298 0.8939627999 0.4995346805 
-83.8564935858 0.0381954417 0.8943296447 0.4992819488 
-83.8832312576 0.0381378468 0.8947011333 0.4990420058 
-83.9103865114 0.0380794346 0.8950773063 0.4988207813 
-83.9379658517 0.0380201949 0.8954582025 0.4986201865 
-83.9413352148 0.0380129631 0.8955048035 0.4986017733 
-83.9413352148 0.0380129631 0.8955048035 0.4986017733 
-83.9413352148 0.0380129631 0.8955048035 0.4986017733 
-83.9413352148 0.0380129631 0.8955048035 0.4986017733 
