-81.9329525048 0.0425557220 0.8648857633 0.5092054666 
-81.9329485588 0.0425557315 0.8648856872 0.5091914741 
-81.9329408493 0.0425557499 0.8648855384 0.5091632212 
-81.9329297458 0.0425557763 0.8648853235 0.5091202418 
-81.9329158125 0.0425558096 0.8648850527 0.5090620042 
-81.9328998171 0.0425558478 0.8648847398 0.5089880924 
-81.9328825610 0.0425558890 0.8648843993 0.5088798001 
-81.9328660814 0.0425559283 0.8648840679 0.5088000205 
-81.9328512356 0.0425559638 0.8648837611 0.5087277728 
-81.9328389692 0.0425559931 0.8648834959 0.5086617682 
-81.9328301496 0.0425560142 0.8648832879 0.5086010537 
-81.9328255781 0.0425560252 0.8648831517 0.5085449303 
-81.9328259994 0.0425560243 0.8648831005 0.5084928847 
-81.9328321083 0.0425560098 0.8648831469 0.5084445361 
-81.9328445550 0.0425559803 0.8648833027 0.5083995966 
-81.9328639490 0.0425559342 0.8648835787 0.5083578434 
-81.9328908619 0.0425558702 0.8648839853 0.5083190987 
-81.9329258308 0.0425557870 0.8648845321 0.5082832162 
-81.9329693598 0.0425556834 0.8648852282 0.5082500720 
-81.9330219221 0.0425555582 0.8648860820 0.5082195583 
-81.9330839618 0.0425554105 0.8648871016 0.5081915788 
-81.9331558956 0.0425552392 0.8648882945 0.5081660460 
-81.9332381136 0.0425550434 0.8648896676 0.5081428791 
-81.9333309813 0.0425548223 0.8648912274 0.5081220025 
-81.9334348403 0.0425545749 0.8648929802 0.5081033449 
-81.9335500098 0.0425543006 0.8648949316 0.5080868384 
-81.9336767875 0.0425539986 0.8648970870 0.5080724183 
-81.9338154508 0.0425536683 0.8648994513 0.5080600228 
-81.9339662576 0.0425533091 0.8649020291 0.5080495925 
-81.9341294473 0.0425529204 0.8649048247 0.5080410707 
-81.9343052419 0.0425525016 0.8649078421 0.5080344028 
-81.9344938466 0.0425520523 0.8649110849 0.5080295364 
-81.9346954508 0.0425515721 0.8649145565 0.5080264214 
-81.9349102288 0.0425510604 0.8649182600 0.5080250093 
-81.9351383404 0.0425505170 0.8649221982 0.5080252539 
-81.9353799320 0.0425499415 0.8649263737 0.5080271103 
-81.9356351369 0.0425493335 0.8649307890 0.5080305358 
-81.9359040763 0.0425486929 0.8649354460 0.5080354891 
-81.9361868595 0.0425480192 0.8649403468 0.5080419305 
-81.9364835848 0.0425473123 0.8649454930 0.5080498217 
-81.9367943400 0.0425465721 0.8649508862 0.5080591260 
-81.9371192029 0.0425457982 0.8649565278 0.5080698080 
-81.9374582420 0.0425449906 0.8649624188 0.5080818336 
-81.9378115166 0.0425441490 0.8649685605 0.5080951701 
-81.9381790776 0.0425432735 0.8649749535 0.5081097858 
-81.9385609680 0.0425423638 0.8649815987 0.5081256502 
-81.9389572229 0.0425414199 0.8649884966 0.5081427341 
-81.9393678706 0.0425404417 0.8649956477 0.5081610091 
-81.9397929321 0.0425394293 0.8650030523 0.5081804480 
-81.9402324223 0.0425383824 0.8650107106 0.5082010245 
-81.9406863501 0.0425373013 0.8650186228 0.5082227133 
-81.9411547182 0.0425361857 0.8650267887 0.5082454900 
-81.9416375245 0.0425350358 0.8650352084 0.5082693309 
-81.9421347613 0.0425338515 0.8650438816 0.5082942134 
-81.9426464163 0.0425326329 0.8650528081 0.5083201154 
-81.9431724728 0.0425313801 0.8650619875 0.5083470159 
-81.9437129096 0.0425300930 0.8650714193 0.5083748942 
-81.9442677016 0.0425287718 0.8650811031 0.5084037308 
-81.9448368200 0.0425274165 0.8650910382 0.5084335065 
-81.9454202325 0.0425260271 0.8651012241 0.5084642028 
-81.9460179035 0.0425246039 0.8651116601 0.5084958021 
-81.9466297943 0.0425231469 0.8651223453 0.5085282870 
-81.9472558634 0.0425216561 0.8651332791 0.5085616410 
-81.9478960665 0.0425201318 0.8651444604 0.5085958481 
-81.9485503569 0.0425185739 0.8651558885 0.5086308925 
-81.9492186856 0.0425169827 0.8651675624 0.5086667594 
-81.9499010014 0.0425153582 0.8651794810 0.5087034343 
-81.9505972513 0.0425137006 0.8651916435 0.5087409030 
-81.9513073803 0.0425120100 0.8652040487 0.5087791519 
-81.9520313318 0.0425102866 0.8652166956 0.5088181679 
-81.9527690476 0.0425085304 0.8652295831 0.5088579383 
-81.9535204682 0.0425067418 0.8652427100 0.5088984507 
-81.9542855327 0.0425049207 0.8652560751 0.5089396933 
-81.9550641792 0.0425030673 0.8652696774 0.5089816543 
-81.9558563448 0.0425011819 0.8652835156 0.5090243227 
-81.9566619653 0.0424992644 0.8652975885 0.5090676876 
-81.9574809762 0.0424973153 0.8653118948 0.5091117385 
-81.9583133120 0.0424953344 0.8653264334 0.5091564653 
-81.9591589065 0.0424933221 0.8653412030 0.5092018580 
-81.9600176933 0.0424912785 0.8653562023 0.5092479072 
-81.9608896051 0.0424892038 0.8653714301 0.5092946035 
-81.9617745746 0.0424870981 0.8653868850 0.5093419379 
-81.9626725341 0.0424849616 0.8654025659 0.5093899019 
-81.9635834156 0.0424827944 0.8654184713 0.5094384869 
-81.9645071512 0.0424805967 0.8654346002 0.5094876849 
-81.9654436728 0.0424783688 0.8654509511 0.5095374877 
-81.9663929121 0.0424761107 0.8654675227 0.5095878878 
-81.9673548011 0.0424738226 0.8654843138 0.5096388778 
-81.9683292719 0.0424715047 0.8655013231 0.5096904503 
-81.9693162567 0.0424691571 0.8655185494 0.5097425984 
-81.9703156879 0.0424667801 0.8655359913 0.5097953153 
-81.9713274982 0.0424643738 0.8655536475 0.5098485943 
-81.9723516207 0.0424619383 0.8655715169 0.5099024291 
-81.9733879888 0.0424594738 0.8655895981 0.5099568136 
-81.9744365362 0.0424569804 0.8656078898 0.5100117416 
-81.9754971971 0.0424544584 0.8656263910 0.5100672073 
-81.9765699064 0.0424519079 0.8656451002 0.5101232052 
-81.9776545991 0.0424493291 0.8656640163 0.5101797296 
-81.9787512112 0.0424467221 0.8656831381 0.5102367754 
-81.9798596790 0.0424440870 0.8657024643 0.5102943373 
-81.9809799394 0.0424414240 0.8657219938 0.5103524105 
-81.9821119301 0.0424387334 0.8657417254 0.5104109899 
-81.9832555895 0.0424360151 0.8657616579 0.5104700710 
-81.9844108564 0.0424332694 0.8657817901 0.5105296492 
-81.9855776706 0.0424304964 0.8658021210 0.5105897202 
-81.9867559725 0.0424276964 0.8658226493 0.5106502797 
-81.9879457034 0.0424248693 0.8658433739 0.5107113235 
-81.9891468052 0.0424220154 0.8658642938 0.5107728477 
-81.9903592208 0.0424191347 0.8658854078 0.5108348485 
-81.9915828936 0.0424162275 0.8659067149 0.5108973222 
-81.9928177682 0.0424132939 0.8659282140 0.5109602650 
-81.9940637897 0.0424103340 0.8659499040 0.5110236737 
-81.9953209044 0.0424073480 0.8659717840 0.5110875448 
-81.9965890592 0.0424043359 0.8659938529 0.5111518751 
-81.9978682019 0.0424012979 0.8660161097 0.5112166615 
-81.9991582814 0.0423982341 0.8660385534 0.5112819010 
-82.0004592473 0.0423951447 0.8660611830 0.5113475908 
-82.0017710501 0.0423920298 0.8660839977 0.5114137280 
-82.0030936413 0.0423888894 0.8661069964 0.5114803100 
-82.0044269733 0.0423857238 0.8661301782 0.5115473343 
-82.0057709994 0.0423825330 0.8661535423 0.5116147984 
-82.0071256739 0.0423793172 0.8661770877 0.5116826999 
-82.0084909519 0.0423760764 0.8662008136 0.5117510367 
-82.0098667894 0.0423728108 0.8662247190 0.5118198065 
-82.0112531437 0.0423695204 0.8662488033 0.5118890075 
-82.0126499726 0.0423662055 0.8662730655 0.5119586375 
-82.0140572350 0.0423628660 0.8662975049 0.5120286949 
-82.0154748907 0.0423595021 0.8663221206 0.5120991778 
-82.0169029006 0.0423561138 0.8663469118 0.5121700846 
-82.0183412264 0.0423527014 0.8663718780 0.5122414138 
-82.0197898307 0.0423492648 0.8663970182 0.5123131640 
-82.0212486769 0.0423458042 0.8664223317 0.5123853338 
-82.0227177298 0.0423423196 0.8664478179 0.5124579219 
-82.0241969545 0.0423388112 0.8664734761 0.5125309272 
-82.0256863175 0.0423352790 0.8664993056 0.5126043486 
-82.0271857858 0.0423317231 0.8665253056 0.5126781852 
-82.0286953277 0.0423281436 0.8665514757 0.5127524360 
-82.0302149122 0.0423245406 0.8665778151 0.5128271004 
-82.0317445090 0.0423209141 0.8666043233 0.5129021775 
-82.0332840889 0.0423172643 0.8666309996 0.5129776669 
-82.0348336236 0.0423135911 0.8666578435 0.5130535680 
-82.0363930854 0.0423098947 0.8666848543 0.5131298805 
-82.0379624477 0.0423061751 0.8667120316 0.5132066039 
-82.0395416844 0.0423024325 0.8667393748 0.5132837381 
-82.0411307707 0.0422986668 0.8667668834 0.5133612830 
-82.0427296820 0.0422948781 0.8667945568 0.5134392385 
-82.0443383950 0.0422910665 0.8668223946 0.5135176048 
-82.0459568869 0.0422872321 0.8668503963 0.5135963819 
-82.0475851357 0.0422833749 0.8668785615 0.5136755702 
-82.0492231200 0.0422794949 0.8669068895 0.5137551701 
-82.0508708194 0.0422755923 0.8669353801 0.5138351819 
-82.0525282139 0.0422716670 0.8669640327 0.5139156063 
-82.0541952844 0.0422677192 0.8669928471 0.5139964439 
-82.0558720123 0.0422637488 0.8670218226 0.5140776955 
-82.0575583797 0.0422597560 0.8670509590 0.5141593620 
-82.0592543691 0.0422557407 0.8670802559 0.5142414444 
-82.0609599640 0.0422517031 0.8671097128 0.5143239438 
-82.0626751480 0.0422476431 0.8671393294 0.5144068613 
-82.0643999055 0.0422435608 0.8671691054 0.5144901983 
-82.0661342214 0.0422394562 0.8671990404 0.5145739562 
-82.0678780808 0.0422353294 0.8672291340 0.5146581366 
-82.0696314696 0.0422311805 0.8672593859 0.5147427411 
-82.0713943738 0.0422270094 0.8672897958 0.5148277715 
-82.0731667799 0.0422228162 0.8673203634 0.5149132297 
-82.0749486747 0.0422186010 0.8673510883 0.5149991178 
-82.0767400454 0.0422143637 0.8673819702 0.5150854379 
-82.0785408792 0.0422101045 0.8674130088 0.5151721923 
-82.0803511639 0.0422058233 0.8674442039 0.5152593834 
-82.0821708871 0.0422015202 0.8674755550 0.5153470139 
-82.0840000367 0.0421971952 0.8675070620 0.5154350863 
-82.0858386006 0.0421928483 0.8675387245 0.5155236037 
-82.0876865670 0.0421884796 0.8675705421 0.5156125689 
-82.0895439237 0.0421840892 0.8676025147 0.5157019852 
-82.0914106586 0.0421796770 0.8676346419 0.5157918559 
-82.0932867596 0.0421752431 0.8676669234 0.5158821844 
-82.0951722143 0.0421707876 0.8676993589 0.5159729744 
-82.0970670099 0.0421663103 0.8677319480 0.5160642297 
-82.0989711337 0.0421618115 0.8677646906 0.5161559544 
-82.1008845722 0.0421572912 0.8677975861 0.5162481527 
-82.1028073117 0.0421527493 0.8678306344 0.5163408288 
-82.1047393380 0.0421481859 0.8678638351 0.5164339875 
-82.1066806361 0.0421436011 0.8678971877 0.5165276334 
-82.1086311907 0.0421389949 0.8679306921 0.5166217716 
-82.1105909855 0.0421343673 0.8679643477 0.5167164072 
-82.1125600033 0.0421297185 0.8679981541 0.5168115458 
-82.1145382262 0.0421250484 0.8680321111 0.5169071930 
-82.1165256353 0.0421203570 0.8680662181 0.5170033547 
-82.1185222103 0.0421156445 0.8681004748 0.5171000370 
-82.1205279301 0.0421109110 0.8681348805 0.5171972464 
-82.1225427719 0.0421061564 0.8681694350 0.5172949896 
-82.1245667117 0.0421013808 0.8682041375 0.5173932734 
-82.1265997240 0.0420965843 0.8682389877 0.5174921053 
-82.1286417815 0.0420917670 0.8682739849 0.5175914926 
-82.1306928551 0.0420869289 0.8683091285 0.5176914434 
-82.1327529140 0.0420820702 0.8683444179 0.5177919656 
-82.1348219252 0.0420771908 0.8683798524 0.5178930680 
-82.1368998534 0.0420722910 0.8684154314 0.5179947592 
-82.1389866611 0.0420673707 0.8684511540 0.5180970486 
-82.1410823083 0.0420624302 0.8684870195 0.5181999456 
-82.1431867522 0.0420574694 0.8685230270 0.5183034602 
-82.1452999474 0.0420524886 0.8685591756 0.5184076029 
-82.1474218452 0.0420474877 0.8685954644 0.5185123843 
-82.1495523939 0.0420424671 0.8686318924 0.5186178156 
-82.1516915383 0.0420374267 0.8686684586 0.5187239085 
-82.1538392196 0.0420323668 0.8687051617 0.5188306749 
-82.1559953753 0.0420272875 0.8687420007 0.5189381276 
-82.1581599387 0.0420221890 0.8687789743 0.5190462793 
-82.1603328390 0.0420170714 0.8688160811 0.5191551438 
-82.1625140006 0.0420119349 0.8688533197 0.5192647350 
-82.1647033436 0.0420067797 0.8688906887 0.5193750673 
-82.1669007826 0.0420016061 0.8689281864 0.5194861560 
-82.1691062272 0.0419964142 0.8689658112 0.5195980166 
-82.1713195812 0.0419912043 0.8690035613 0.5197106653 
-82.1735407428 0.0419859766 0.8690414349 0.5198241188 
-82.1757696038 0.0419807314 0.8690794299 0.5199383943 
-82.1780060495 0.0419754689 0.8691175443 0.5200535098 
-82.1802499583 0.0419701895 0.8691557759 0.5201694836 
-82.1825012016 0.0419648935 0.8691941223 0.5202863345 
-82.1847596430 0.0419595811 0.8692325811 0.5204040819 
-82.1870251384 0.0419542528 0.8692711496 0.5205227457 
-82.1892975352 0.0419489088 0.8693098252 0.5206423460 
-82.1915766721 0.0419435497 0.8693486049 0.5207629031 
-82.1938623788 0.0419381757 0.8693874857 0.5208844377 
-82.1961544754 0.0419327874 0.8694264644 0.5210069700 
-82.1984527720 0.0419273851 0.8694655375 0.5211305202 
-82.2007570683 0.0419219694 0.8695047016 0.5212551075 
-82.2030671534 0.0419165407 0.8695439528 0.5213807500 
-82.2053828048 0.0419110996 0.8695832872 0.5215074637 
-82.2077037887 0.0419056466 0.8696227006 0.5216352618 
-82.2100298592 0.0419001823 0.8696621888 0.5217641536 
-82.2123607581 0.0418947073 0.8697017471 0.5218941424 
-82.2146962146 0.0418892223 0.8697413708 0.5220252239 
-82.2170359451 0.0418837279 0.8697810548 0.5221573825 
-82.2193796535 0.0418782249 0.8698207940 0.5222905882 
-82.2217270307 0.0418727139 0.8698605829 0.5224247907 
-82.2240777559 0.0418671957 0.8699004159 0.5225599126 
-82.2264314964 0.0418616712 0.8699402871 0.5226958403 
-82.2287879097 0.0418561410 0.8699801906 0.5228324122 
-82.2311466450 0.0418506060 0.8700201201 0.5229694026 
-82.2335073460 0.0418450672 0.8700600695 0.5231065020 
-82.2358696550 0.0418395252 0.8701000325 0.5232432918 
-82.2382332178 0.0418339810 0.8701400029 0.5233792140 
-82.2405976920 0.0418284353 0.8701799747 0.5235135352 
-82.2429627558 0.0418228889 0.8702199423 0.5236453089 
-82.2453281221 0.0418173425 0.8702599008 0.5237733435 
-82.2476935544 0.0418117967 0.8702998459 0.5238961917 
-82.2500588884 0.0418062517 0.8703397749 0.5240122021 
-82.2524240578 0.0418007078 0.8703796866 0.5241197143 
-82.2547891233 0.0417951649 0.8704195820 0.5242175847 
-82.2571543018 0.0417896223 0.8704594649 0.5243064372 
-82.2595199820 0.0417840793 0.8704993422 0.5243909580 
-82.2607033023 0.0417813069 0.8705192832 0.5244337473 
-82.2618877371 0.0417785321 0.8705392370 0.5244735981 
-82.2630735396 0.0417757543 0.8705592080 0.5245120007 
-82.2642609800 0.0417729728 0.8705792008 0.5245499298 
-82.2654503330 0.0417701870 0.8705992202 0.5245880036 
-82.2666418703 0.0417673962 0.8706192710 0.5246266009 
-82.2678358564 0.0417645999 0.8706393576 0.5246659459 
-82.2690325463 0.0417617974 0.8706594845 0.5247061653 
-82.2702321835 0.0417589883 0.8706796559 0.5247473261 
-82.2714350004 0.0417561718 0.8706998758 0.5247894591 
-82.2726412173 0.0417533476 0.8707201481 0.5248325736 
-82.2738510430 0.0417505151 0.8707404763 0.5248766659 
-82.2750646748 0.0417476738 0.8707608637 0.5249217243 
-82.2762822990 0.0417448234 0.8707813137 0.5249677326 
-82.2775040911 0.0417419634 0.8708018292 0.5250146717 
-82.2787302162 0.0417390935 0.8708224130 0.5250625208 
-82.2799608297 0.0417362132 0.8708430678 0.5251112580 
-82.2811960771 0.0417333223 0.8708637961 0.5251608614 
-82.2824360950 0.0417304204 0.8708846002 0.5252113086 
-82.2836810113 0.0417275073 0.8709054823 0.5252625778 
-82.2849309456 0.0417245825 0.8709264444 0.5253146471 
-82.2861860095 0.0417216460 0.8709474884 0.5253674953 
-82.2874463069 0.0417186974 0.8709686160 0.5254211016 
-82.2887119348 0.0417157366 0.8709898289 0.5254754460 
-82.2899829831 0.0417127632 0.8710111286 0.5255305086 
-82.2912595353 0.0417097772 0.8710325165 0.5255862705 
-82.2925416686 0.0417067783 0.8710539939 0.5256427134 
-82.2938294546 0.0417037664 0.8710755619 0.5256998193 
-82.2951229589 0.0417007414 0.8710972217 0.5257575712 
-82.2964222421 0.0416977030 0.8711189742 0.5258159523 
-82.2977273597 0.0416946512 0.8711408204 0.5258749467 
-82.2990383624 0.0416915858 0.8711627610 0.5259345390 
-82.3003552965 0.0416885068 0.8711847969 0.5259947141 
-82.3016782038 0.0416854140 0.8712069286 0.5260554579 
-82.3030071224 0.0416823074 0.8712291569 0.5261167565 
-82.3043420863 0.0416791868 0.8712514821 0.5261785965 
-82.3056831261 0.0416760523 0.8712739049 0.5262409651 
-82.3070302688 0.0416729037 0.8712964255 0.5263038499 
-82.3083835384 0.0416697411 0.8713190445 0.5263672392 
-82.3097429557 0.0416665643 0.8713417620 0.5264311213 
-82.3111085388 0.0416633733 0.8713645783 0.5264954854 
-82.3124803031 0.0416601681 0.8713874936 0.5265603207 
-82.3138582613 0.0416569486 0.8714105082 0.5266256171 
-82.3152424239 0.0416537149 0.8714336220 0.5266913648 
-82.3166327993 0.0416504669 0.8714568353 0.5267575542 
-82.3180293937 0.0416472046 0.8714801480 0.5268241763 
-82.3194322112 0.0416439280 0.8715035602 0.5268912222 
-82.3208412544 0.0416406371 0.8715270719 0.5269586836 
-82.3222565240 0.0416373319 0.8715506829 0.5270265523 
-82.3236780193 0.0416340125 0.8715743933 0.5270948206 
-82.3251057379 0.0416306787 0.8715982030 0.5271634808 
-82.3265396763 0.0416273306 0.8716221117 0.5272325257 
-82.3279798296 0.0416239683 0.8716461195 0.5273019484 
-82.3294261918 0.0416205918 0.8716702261 0.5273717421 
-82.3308787558 0.0416172010 0.8716944313 0.5274419004 
-82.3323375136 0.0416137960 0.8717187349 0.5275124171 
-82.3338024563 0.0416103769 0.8717431368 0.5275832862 
-82.3352735741 0.0416069436 0.8717676367 0.5276545019 
-82.3367508565 0.0416034962 0.8717922344 0.5277260587 
-82.3382342925 0.0416000347 0.8718169295 0.5277979513 
-82.3397238704 0.0415965591 0.8718417220 0.5278701746 
-82.3412195778 0.0415930695 0.8718666114 0.5279427235 
-82.3427214022 0.0415895659 0.8718915976 0.5280155935 
-82.3442293304 0.0415860483 0.8719166802 0.5280887799 
-82.3457433490 0.0415825168 0.8719418589 0.5281622783 
-82.3472634443 0.0415789714 0.8719671335 0.5282360845 
-82.3487896025 0.0415754121 0.8719925037 0.5283101945 
-82.3503218093 0.0415718390 0.8720179691 0.5283846044 
-82.3518600506 0.0415682522 0.8720435295 0.5284593105 
-82.3534043119 0.0415646515 0.8720691846 0.5285343091 
-82.3549545789 0.0415610372 0.8720949340 0.5286095968 
-82.3565108372 0.0415574092 0.8721207774 0.5286851703 
-82.3580730725 0.0415537676 0.8721467146 0.5287610264 
-82.3596412704 0.0415501123 0.8721727453 0.5288371621 
-82.3612154168 0.0415464435 0.8721988691 0.5289135744 
-82.3627954976 0.0415427612 0.8722250857 0.5289902606 
-82.3643814989 0.0415390653 0.8722513949 0.5290672180 
-82.3659734071 0.0415353560 0.8722777963 0.5291444440 
-82.3675712088 0.0415316333 0.8723042898 0.5292219362 
-82.3691748907 0.0415278972 0.8723308749 0.5292996922 
-82.3707844399 0.0415241478 0.8723575515 0.5293777098 
-82.3723998439 0.0415203850 0.8723843192 0.5294559868 
-82.3740210904 0.0415166089 0.8724111777 0.5295345213 
-82.3756481674 0.0415128196 0.8724381270 0.5296133112 
-82.3772810634 0.0415090170 0.8724651665 0.5296923547 
-82.3789197673 0.0415052012 0.8724922962 0.5297716501 
-82.3805642683 0.0415013723 0.8725195158 0.5298511958 
-82.3822145562 0.0414975302 0.8725468250 0.5299309900 
-82.3838706210 0.0414936750 0.8725742237 0.5300110314 
-82.3855324533 0.0414898067 0.8726017116 0.5300913186 
-82.3872000443 0.0414859253 0.8726292885 0.5301718501 
-82.3888733854 0.0414820309 0.8726569541 0.5302526249 
-82.3905524688 0.0414781235 0.8726847084 0.5303336416 
-82.3922372871 0.0414742031 0.8727125512 0.5304148992 
-82.3939278333 0.0414702696 0.8727404822 0.5304963968 
-82.3956241010 0.0414663233 0.8727685013 0.5305781332 
-82.3973260846 0.0414623639 0.8727966083 0.5306601078 
-82.3990337787 0.0414583917 0.8728248031 0.5307423197 
-82.4007471786 0.0414544065 0.8728530856 0.5308247681 
-82.4024662802 0.0414504084 0.8728814556 0.5309074524 
-82.4041910801 0.0414463974 0.8729099131 0.5309903720 
-82.4059215752 0.0414423735 0.8729384578 0.5310735264 
-82.4076577632 0.0414383368 0.8729670898 0.5311569151 
-82.4093996424 0.0414342872 0.8729958089 0.5312405378 
-82.4111472115 0.0414302247 0.8730246151 0.5313243940 
-82.4129004701 0.0414261494 0.8730535083 0.5314084835 
-82.4146594182 0.0414220612 0.8730824884 0.5314928062 
-82.4164240566 0.0414179602 0.8731115554 0.5315773618 
-82.4181943865 0.0414138463 0.8731407092 0.5316621503 
-82.4199704098 0.0414097196 0.8731699500 0.5317471716 
-82.4217521291 0.0414055800 0.8731992775 0.5318324258 
-82.4235395476 0.0414014276 0.8732286919 0.5319179130 
-82.4253326691 0.0413972623 0.8732581931 0.5320036333 
-82.4271314980 0.0413930842 0.8732877812 0.5320895869 
-82.4289360393 0.0413888931 0.8733174561 0.5321757742 
-82.4307462988 0.0413846892 0.8733472180 0.5322621953 
-82.4325622828 0.0413804724 0.8733770668 0.5323488508 
-82.4343839981 0.0413762427 0.8734070027 0.5324357410 
-82.4362114523 0.0413720000 0.8734370258 0.5325228665 
-82.4380446536 0.0413677444 0.8734671360 0.5326102277 
-82.4398836108 0.0413634759 0.8734973334 0.5326978254 
-82.4417283333 0.0413591944 0.8735276183 0.5327856601 
-82.4435788311 0.0413548999 0.8735579907 0.5328737327 
-82.4454351148 0.0413505924 0.8735884507 0.5329620438 
-82.4472971957 0.0413462718 0.8736189985 0.5330505943 
-82.4491650856 0.0413419382 0.8736496342 0.5331393851 
-82.4510387968 0.0413375915 0.8736803579 0.5332284172 
-82.4529183425 0.0413332317 0.8737111699 0.5333176915 
-82.4548037362 0.0413288588 0.8737420702 0.5334072091 
-82.4566949920 0.0413244726 0.8737730591 0.5334969712 
-82.4585921247 0.0413200733 0.8738041368 0.5335869789 
-82.4604951496 0.0413156608 0.8738353035 0.5336772334 
-82.4624040825 0.0413112350 0.8738665593 0.5337677361 
-82.4643189398 0.0413067959 0.8738979046 0.5338584883 
-82.4662397384 0.0413023435 0.8739293394 0.5339494914 
-82.4681664957 0.0412978777 0.8739608642 0.5340407469 
-82.4700992298 0.0412933985 0.8739924790 0.5341322563 
-82.4720379591 0.0412889059 0.8740241842 0.5342240213 
-82.4739827025 0.0412843998 0.8740559800 0.5343160434 
-82.4759334794 0.0412798801 0.8740878667 0.5344083245 
-82.4778903098 0.0412753469 0.8741198446 0.5345008662 
-82.4798532140 0.0412708001 0.8741519139 0.5345936705 
-82.4818222128 0.0412662397 0.8741840750 0.5346867392 
-82.4837973273 0.0412616655 0.8742163281 0.5347800743 
-82.4857785793 0.0412570776 0.8742486736 0.5348736780 
-82.4877659907 0.0412524759 0.8742811117 0.5349675522 
-82.4897595839 0.0412478604 0.8743136428 0.5350616992 
-82.4917593816 0.0412432310 0.8743462671 0.5351561213 
-82.4937654070 0.0412385876 0.8743789852 0.5352508208 
-82.4957776833 0.0412339303 0.8744117971 0.5353458000 
-82.4977962344 0.0412292589 0.8744447034 0.5354410615 
-82.4998210841 0.0412245735 0.8744777043 0.5355366079 
-82.5018522568 0.0412198739 0.8745108002 0.5356324417 
-82.5038897767 0.0412151601 0.8745439914 0.5357285658 
-82.5059336686 0.0412104321 0.8745772783 0.5358249828 
-82.5079839573 0.0412056898 0.8746106612 0.5359216957 
-82.5100406677 0.0412009331 0.8746441406 0.5360187074 
-82.5121038250 0.0411961620 0.8746777167 0.5361160211 
-82.5141734543 0.0411913765 0.8747113899 0.5362136398 
-82.5162495809 0.0411865765 0.8747451606 0.5363115669 
-82.5183322300 0.0411817619 0.8747790292 0.5364098057 
-82.5204214269 0.0411769327 0.8748129959 0.5365083595 
-82.5225171968 0.0411720889 0.8748470612 0.5366072321 
-82.5246195649 0.0411672303 0.8748812254 0.5367064269 
-82.5267285560 0.0411623569 0.8749154889 0.5368059479 
-82.5288441952 0.0411574687 0.8749498521 0.5369057989 
-82.5309665069 0.0411525657 0.8749843152 0.5370059838 
-82.5330955157 0.0411476477 0.8750188786 0.5371065068 
-82.5352312455 0.0411427147 0.8750535427 0.5372073721 
-82.5373737202 0.0411377667 0.8750883078 0.5373085840 
-82.5395229630 0.0411328036 0.8751231741 0.5374101472 
-82.5416789969 0.0411278254 0.8751581422 0.5375120662 
-82.5438418442 0.0411228320 0.8751932121 0.5376143457 
-82.5460115267 0.0411178234 0.8752283844 0.5377169908 
-82.5481880656 0.0411127995 0.8752636591 0.5378200065 
-82.5503714813 0.0411077604 0.8752990367 0.5379233980 
-82.5525617936 0.0411027059 0.8753345173 0.5380271707 
-82.5547590214 0.0410976360 0.8753701012 0.5381313302 
-82.5569631826 0.0410925507 0.8754057887 0.5382358822 
-82.5591742943 0.0410874499 0.8754415800 0.5383408326 
-82.5613923722 0.0410823336 0.8754774752 0.5384461876 
-82.5636174311 0.0410772019 0.8755134746 0.5385519534 
-82.5658494847 0.0410720546 0.8755495783 0.5386581367 
-82.5680885449 0.0410668917 0.8755857864 0.5387647440 
-82.5703346227 0.0410617133 0.8756220990 0.5388717823 
-82.5725877272 0.0410565192 0.8756585163 0.5389792588 
-82.5748478659 0.0410513096 0.8756950383 0.5390871810 
-82.5771150447 0.0410460844 0.8757316650 0.5391955564 
-82.5793892674 0.0410408435 0.8757683965 0.5393043930 
-82.5816705361 0.0410355870 0.8758052326 0.5394136989 
-82.5839588506 0.0410303149 0.8758421733 0.5395234826 
-82.5862542084 0.0410250272 0.8758792185 0.5396337528 
-82.5885566047 0.0410197239 0.8759163681 0.5397445186 
-82.5908660320 0.0410144051 0.8759536219 0.5398557893 
-82.5931824805 0.0410090707 0.8759909795 0.5399675746 
-82.5955059370 0.0410037208 0.8760284408 0.5400798845 
-82.5978363856 0.0409983555 0.8760660054 0.5401927293 
-82.6001738072 0.0409929748 0.8761036729 0.5403061197 
-82.6025181793 0.0409875787 0.8761414429 0.5404200668 
-82.6048694756 0.0409821673 0.8761793148 0.5405345822 
-82.6072276664 0.0409767408 0.8762172881 0.5406496775 
-82.6095927176 0.0409712991 0.8762553622 0.5407653653 
-82.6119645912 0.0409658424 0.8762935364 0.5408816581 
-82.6143432447 0.0409603708 0.8763318099 0.5409985691 
-82.6167286307 0.0409548843 0.8763701817 0.5411161120 
-82.6191206972 0.0409493832 0.8764086511 0.5412343009 
-82.6215193868 0.0409438675 0.8764472170 0.5413531504 
-82.6239246366 0.0409383375 0.8764858782 0.5414726756 
-82.6263363780 0.0409327931 0.8765246336 0.5415928922 
-82.6287545365 0.0409272348 0.8765634818 0.5417138162 
-82.6311790309 0.0409216626 0.8766024214 0.5418354645 
-82.6336097736 0.0409160767 0.8766414510 0.5419578542 
-82.6360466698 0.0409104774 0.8766805689 0.5420810033 
-82.6384896173 0.0409048649 0.8767197733 0.5422049301 
-82.6409385063 0.0408992394 0.8767590623 0.5423296537 
-82.6433932187 0.0408936013 0.8767984339 0.5424551934 
-82.6458536279 0.0408879508 0.8768378860 0.5425815694 
-82.6483195983 0.0408822883 0.8768774162 0.5427088023 
-82.6507909851 0.0408766141 0.8769170221 0.5428369130 
-82.6532676333 0.0408709285 0.8769567011 0.5429659230 
-82.6557493780 0.0408652320 0.8769964503 0.5430958540 
-82.6582360434 0.0408595249 0.8770362668 0.5432267278 
-82.6607274422 0.0408538077 0.8770761475 0.5433585661 
-82.6632233757 0.0408480808 0.8771160889 0.5434913906 
-82.6657236328 0.0408423447 0.8771560876 0.5436252219 
-82.6682279897 0.0408366000 0.8771961398 0.5437600796 
-82.6707362093 0.0408308471 0.8772362415 0.5438959815 
-82.6732480409 0.0408250868 0.8772763885 0.5440329426 
-82.6757632196 0.0408193195 0.8773165764 0.5441709737 
-82.6782814660 0.0408135459 0.8773568005 0.5443100801 
-82.6808024856 0.0408077668 0.8773970559 0.5444502591 
-82.6833259691 0.0408019827 0.8774373375 0.5445914971 
-82.6858515918 0.0407961945 0.8774776399 0.5447337653 
-82.6883790140 0.0407904029 0.8775179573 0.5448770147 
-82.6909078815 0.0407846088 0.8775582840 0.5450211684 
-82.6934378262 0.0407788130 0.8775986139 0.5451661121 
-82.6959684676 0.0407730164 0.8776389405 0.5453116816 
-82.6984994148 0.0407672198 0.8776792575 0.5454576459 
-82.7010302698 0.0407614242 0.8777195582 0.5456036860 
-82.7035606318 0.0407556305 0.8777598360 0.5457493677 
-82.7060901033 0.0407498396 0.8778000844 0.5458941077 
-82.7086182988 0.0407440524 0.8778402970 0.5460371350 
-82.7111448560 0.0407382698 0.8778804678 0.5461774468 
-82.7136694510 0.0407324923 0.8779205914 0.5463137711 
-82.7161918184 0.0407267208 0.8779606636 0.5464445493 
-82.7187117759 0.0407209555 0.8780006813 0.5465679835 
-82.7212292551 0.0407151966 0.8780406434 0.5466822361 
-82.7237443374 0.0407094440 0.8780805513 0.5467859888 
-82.7262572903 0.0407036970 0.8781204095 0.5468798114 
-82.7287685883 0.0406979546 0.8781602257 0.5469687727 
-82.7300236909 0.0406950849 0.8781801189 0.5470138370 
-82.7312778890 0.0406922174 0.8781999909 0.5470557182 
-82.7325314889 0.0406893516 0.8782198468 0.5470960356 
-82.7337848147 0.0406864865 0.8782396918 0.5471358295 
-82.7350381950 0.0406836216 0.8782595315 0.5471757457 
-82.7362919538 0.0406807559 0.8782793711 0.5472161711 
-82.7375464058 0.0406778889 0.8782992158 0.5472573273 
-82.7388018542 0.0406750197 0.8783190706 0.5472993352 
-82.7400585889 0.0406721479 0.8783389402 0.5473422551 
-82.7413168864 0.0406692726 0.8783588292 0.5473861115 
-82.7425770097 0.0406663934 0.8783787419 0.5474309085 
-82.7438392083 0.0406635096 0.8783986823 0.5474766377 
-82.7451037189 0.0406606207 0.8784186543 0.5475232836 
-82.7463707657 0.0406577262 0.8784386616 0.5475708266 
-82.7476405606 0.0406548257 0.8784587076 0.5476192444 
-82.7489133044 0.0406519186 0.8784787955 0.5476685133 
-82.7501891866 0.0406490045 0.8784989284 0.5477186089 
-82.7514683862 0.0406460831 0.8785191092 0.5477695065 
-82.7527510724 0.0406431539 0.8785393406 0.5478211815 
-82.7540374049 0.0406402165 0.8785596253 0.5478736095 
-82.7553275345 0.0406372707 0.8785799655 0.5479267664 
-82.7566216034 0.0406343161 0.8786003636 0.5479806287 
-82.7579197461 0.0406313524 0.8786208217 0.5480351733 
-82.7592220893 0.0406283793 0.8786413418 0.5480903779 
-82.7605287528 0.0406253966 0.8786619258 0.5481462205 
-82.7618398497 0.0406224039 0.8786825756 0.5482026800 
-82.7631554870 0.0406194011 0.8787032926 0.5482597356 
-82.7644757659 0.0406163879 0.8787240786 0.5483173674 
-82.7658007820 0.0406133641 0.8787449350 0.5483755559 
-82.7671306261 0.0406103295 0.8787658632 0.5484342822 
-82.7684653842 0.0406072839 0.8787868646 0.5484935281 
-82.7698051381 0.0406042271 0.8788079403 0.5485532758 
-82.7711499657 0.0406011589 0.8788290916 0.5486135082 
-82.7724999412 0.0405980792 0.8788503195 0.5486742086 
-82.7738551354 0.0405949879 0.8788716251 0.5487353609 
-82.7752156163 0.0405918847 0.8788930095 0.5487969493 
-82.7765814492 0.0405887695 0.8789144735 0.5488589587 
-82.7779526970 0.0405856422 0.8789360182 0.5489213742 
-82.7793294206 0.0405825026 0.8789576443 0.5489841817 
-82.7807116791 0.0405793507 0.8789793527 0.5490473671 
-82.7820995298 0.0405761862 0.8790011442 0.5491109169 
-82.7834930292 0.0405730091 0.8790230196 0.5491748180 
-82.7848922324 0.0405698192 0.8790449797 0.5492390576 
-82.7862971940 0.0405666164 0.8790670253 0.5493036232 
-82.7877079681 0.0405634006 0.8790891571 0.5493685029 
-82.7891246084 0.0405601717 0.8791113757 0.5494336847 
-82.7905471689 0.0405569295 0.8791336820 0.5494991572 
-82.7919757034 0.0405536740 0.8791560767 0.5495649092 
-82.7934102666 0.0405504050 0.8791785606 0.5496309298 
-82.7948509136 0.0405471223 0.8792011342 0.5496972083 
-82.7962977006 0.0405438259 0.8792237985 0.5497637343 
-82.7977506849 0.0405405157 0.8792465541 0.5498304976 
-82.7992099251 0.0405371914 0.8792694019 0.5498974883 
-82.8006754815 0.0405338531 0.8792923427 0.5499646966 
-82.8021474161 0.0405305004 0.8793153772 0.5500321130 
-82.8036257931 0.0405271334 0.8793385064 0.5500997281 
-82.8051106787 0.0405237518 0.8793617311 0.5501675329 
-82.8066021417 0.0405203555 0.8793850522 0.5502355182 
-82.8081002536 0.0405169443 0.8794084708 0.5503036754 
-82.8096050888 0.0405135181 0.8794319877 0.5503719956 
-82.8111167248 0.0405100767 0.8794556041 0.5504404703 
-82.8126352422 0.0405066199 0.8794793210 0.5505090913 
-82.8141607255 0.0405031475 0.8795031397 0.5505778501 
-82.8156932627 0.0404996594 0.8795270612 0.5506467388 
-82.8172329460 0.0404961553 0.8795510868 0.5507157491 
-82.8187798716 0.0404926350 0.8795752179 0.5507848733 
-82.8203341403 0.0404890982 0.8795994558 0.5508541035 
-82.8218958574 0.0404855449 0.8796238020 0.5509234319 
-82.8234651333 0.0404819746 0.8796482580 0.5509928509 
-82.8250420833 0.0404783872 0.8796728254 0.5510623530 
-82.8266268283 0.0404747823 0.8796975059 0.5511319306 
-82.8282194946 0.0404711598 0.8797223012 0.5512015763 
-82.8298202145 0.0404675192 0.8797472132 0.5512712828 
-82.8314291263 0.0404638603 0.8797722438 0.5513410427 
-82.8330463748 0.0404601828 0.8797973950 0.5514108488 
-82.8346721114 0.0404564863 0.8798226690 0.5514806939 
-82.8363064942 0.0404527705 0.8798480680 0.5515505708 
-82.8379496886 0.0404490350 0.8798735943 0.5516204723 
-82.8396018675 0.0404452794 0.8798992503 0.5516903914 
-82.8412632115 0.0404415033 0.8799250387 0.5517603209 
-82.8429339090 0.0404377063 0.8799509620 0.5518302538 
-82.8446141570 0.0404338879 0.8799770232 0.5519001831 
-82.8463041609 0.0404300477 0.8800032250 0.5519701018 
-82.8480041351 0.0404261852 0.8800295707 0.5520400028 
-82.8497143033 0.0404222999 0.8800560633 0.5521098790 
-82.8514348986 0.0404183913 0.8800827061 0.5521797236 
-82.8531661643 0.0404144588 0.8801095028 0.5522495294 
-82.8549083536 0.0404105019 0.8801364569 0.5523192895 
-82.8566617305 0.0404065199 0.8801635721 0.5523889968 
-82.8584265701 0.0404025123 0.8801908525 0.5524586443 
-82.8602031584 0.0403984784 0.8802183022 0.5525282249 
-82.8619917937 0.0403944176 0.8802459254 0.5525977315 
-82.8637927860 0.0403903291 0.8802737267 0.5526671570 
-82.8656064580 0.0403862122 0.8803017106 0.5527364943 
-82.8674331452 0.0403820662 0.8803298821 0.5528057363 
-82.8692731968 0.0403778903 0.8803582462 0.5528748756 
-82.8711269755 0.0403736837 0.8803868081 0.5529439051 
-82.8729948583 0.0403694454 0.8804155732 0.5530128175 
-82.8748772373 0.0403651748 0.8804445474 0.5530816054 
-82.8767745193 0.0403608707 0.8804737364 0.5531502616 
-82.8786871272 0.0403565324 0.8805031465 0.5532187785 
-82.8806155000 0.0403521587 0.8805327839 0.5532871488 
-82.8825600935 0.0403477488 0.8805626554 0.5533553648 
-82.8845213807 0.0403433014 0.8805927677 0.5534234191 
-82.8864998527 0.0403388156 0.8806231281 0.5534913039 
-82.8884960188 0.0403342901 0.8806537440 0.5535590116 
-82.8905104074 0.0403297239 0.8806846229 0.5536265343 
-82.8925435665 0.0403251155 0.8807157731 0.5536938642 
-82.8945960646 0.0403204639 0.8807472026 0.5537609935 
-82.8966684908 0.0403157677 0.8807789201 0.5538279140 
-82.8987614559 0.0403110254 0.8808109346 0.5538946178 
-82.9008755931 0.0403062358 0.8808432552 0.5539610966 
-82.9030115585 0.0403013972 0.8808758915 0.5540273422 
-82.9051700318 0.0402965082 0.8809088535 0.5540933464 
-82.9073517172 0.0402915673 0.8809421514 0.5541591005 
-82.9095573443 0.0402865727 0.8809757960 0.5542245963 
-82.9117876687 0.0402815228 0.8810097981 0.5542898249 
-82.9140434727 0.0402764158 0.8810441693 0.5543547778 
-82.9163255664 0.0402712499 0.8810789215 0.5544194461 
-82.9186347885 0.0402660233 0.8811140668 0.5544838209 
-82.9209720073 0.0402607341 0.8811496180 0.5545478931 
-82.9233381214 0.0402553800 0.8811855881 0.5546116535 
-82.9257340607 0.0402499593 0.8812219909 0.5546750931 
-82.9281607877 0.0402444695 0.8812588403 0.5547382022 
-82.9306192980 0.0402389086 0.8812961509 0.5548009715 
-82.9331106219 0.0402332743 0.8813339379 0.5548633914 
-82.9356358251 0.0402275641 0.8813722166 0.5549254520 
-82.9381960099 0.0402217756 0.8814110034 0.5549871434 
-82.9407923164 0.0402159062 0.8814503148 0.5550484557 
-82.9434259238 0.0402099534 0.8814901681 0.5551093787 
-82.9460980514 0.0402039143 0.8815305812 0.5551699020 
-82.9488099598 0.0401977863 0.8815715723 0.5552300153 
-82.9515629525 0.0401915663 0.8816131606 0.5552897079 
-82.9543583773 0.0401852514 0.8816553658 0.5553489690 
-82.9571976270 0.0401788385 0.8816982081 0.5554077877 
-82.9600821416 0.0401723243 0.8817417087 0.5554661529 
-82.9630134095 0.0401657055 0.8817858892 0.5555240535 
-82.9659929688 0.0401589788 0.8818307721 0.5555814779 
-82.9690224091 0.0401521406 0.8818763806 0.5556384146 
-82.9721033731 0.0401451872 0.8819227386 0.5556948518 
-82.9752375580 0.0401381149 0.8819698709 0.5557507776 
-82.9784267176 0.0401309197 0.8820178029 0.5558061798 
-82.9816726638 0.0401235977 0.8820665612 0.5558610460 
-82.9849772685 0.0401161447 0.8821161729 0.5559153638 
-82.9883424655 0.0401085563 0.8821666662 0.5559691204 
-82.9917702522 0.0401008282 0.8822180701 0.5560223028 
-82.9952626920 0.0400929557 0.8822704146 0.5560748979 
-82.9988219159 0.0400849343 0.8823237307 0.5561268924 
-83.0024501250 0.0400767589 0.8823780503 0.5561782726 
-83.0061495927 0.0400684245 0.8824334063 0.5562290248 
-83.0099226663 0.0400599260 0.8824898328 0.5562791348 
-83.0137717703 0.0400512580 0.8825473649 0.5563285883 
-83.0176994080 0.0400424150 0.8826060389 0.5563773710 
-83.0217081643 0.0400333912 0.8826658920 0.5564254678 
-83.0258007082 0.0400241807 0.8827269629 0.5564728639 
-83.0299797957 0.0400147775 0.8827892913 0.5565195438 
-83.0342482719 0.0400051753 0.8828529183 0.5565654921 
-83.0386090743 0.0399953677 0.8829178861 0.5566106928 
-83.0430652354 0.0399853479 0.8829842384 0.5566551299 
-83.0476198860 0.0399751090 0.8830520203 0.5566987868 
-83.0522762578 0.0399646440 0.8831212780 0.5567416470 
-83.0570376871 0.0399539455 0.8831920594 0.5567836933 
-83.0619076175 0.0399430060 0.8832644139 0.5568249084 
-83.0668896037 0.0399318176 0.8833383923 0.5568652747 
-83.0719873149 0.0399203723 0.8834140470 0.5569047742 
-83.0772045380 0.0399086619 0.8834914320 0.5569433886 
-83.0825451818 0.0398966777 0.8835706030 0.5569810992 
-83.0880132807 0.0398844110 0.8836516174 0.5570178870 
-83.0936129983 0.0398718526 0.8837345342 0.5570537327 
-83.0993486319 0.0398589932 0.8838194145 0.5570886165 
-83.1052246164 0.0398458231 0.8839063208 0.5571225183 
-83.1112455286 0.0398323323 0.8839953179 0.5571554176 
-83.1174160920 0.0398185106 0.8840864724 0.5571872935 
-83.1237411810 0.0398043474 0.8841798528 0.5572181248 
-83.1302258260 0.0397898317 0.8842755299 0.5572478896 
-83.1368752180 0.0397749523 0.8843735762 0.5572765658 
-83.1436947140 0.0397596976 0.8844740667 0.5573041309 
-83.1506898418 0.0397440556 0.8845770786 0.5573305619 
-83.1578663058 0.0397280140 0.8846826911 0.5573558351 
-83.1652299924 0.0397115601 0.8847909861 0.5573799268 
-83.1727869759 0.0396946808 0.8849020476 0.5574028123 
-83.1805435241 0.0396773626 0.8850159622 0.5574244667 
-83.1885061049 0.0396595917 0.8851328189 0.5574448646 
-83.1966813924 0.0396413536 0.8852527095 0.5574639800 
-83.2050762733 0.0396226338 0.8853757282 0.5574817863 
-83.2136978542 0.0396034168 0.8855019720 0.5574982564 
-83.2225534679 0.0395836872 0.8856315407 0.5575133627 
-83.2316506813 0.0395634287 0.8857645369 0.5575270769 
-83.2409973025 0.0395426247 0.8859010662 0.5575393701 
-83.2506013884 0.0395212581 0.8860412370 0.5575502129 
-83.2604712531 0.0394993114 0.8861851609 0.5575595750 
-83.2706154759 0.0394767662 0.8863329526 0.5575674257 
-83.2810429100 0.0394536040 0.8864847299 0.5575737335 
-83.2917626910 0.0394298054 0.8866406140 0.5575784661 
-83.3027842463 0.0394053506 0.8868007292 0.5575815907 
-83.3141173046 0.0393802193 0.8869652035 0.5575830735 
-83.3257719055 0.0393543902 0.8871341682 0.5575828799 
-83.3377584095 0.0393278419 0.8873077582 0.5575809748 
-83.3500875090 0.0393005520 0.8874861119 0.5575773218 
-83.3627702384 0.0392724975 0.8876693716 0.5575718840 
-83.3758179858 0.0392436549 0.8878576833 0.5575646232 
-83.3892425045 0.0392139997 0.8880511969 0.5575555006 
-83.4030559247 0.0391835070 0.8882500660 0.5575444761 
-83.4172707666 0.0391521509 0.8884544484 0.5575315087 
-83.4318999525 0.0391199050 0.8886645060 0.5575165561 
-83.4469568208 0.0390867419 0.8888804046 0.5574995749 
-83.4624551394 0.0390526336 0.8891023145 0.5574805205 
-83.4784091203 0.0390175511 0.8893304100 0.5574593467 
-83.4948334343 0.0389814647 0.8895648700 0.5574360062 
-83.5117432263 0.0389443438 0.8898058777 0.5574104497 
-83.5291541318 0.0389061568 0.8900536206 0.5573826265 
-83.5470822927 0.0388668715 0.8903082910 0.5573524840 
-83.5655443751 0.0388264544 0.8905700856 0.5573199676 
-83.5845575870 0.0387848713 0.8908392059 0.5572850201 
-83.6041396966 0.0387420869 0.8911158580 0.5572475823 
-83.6243090518 0.0386980650 0.8914002528 0.5572075918 
-83.6450846002 0.0386527682 0.8916926059 0.5571649831 
-83.6664859096 0.0386061583 0.8919931377 0.5571196870 
-83.6885331899 0.0385581957 0.8923020738 0.5570716300 
-83.7112473155 0.0385088400 0.8926196442 0.5570207338 
-83.7346498486 0.0384580494 0.8929460842 0.5569669141 
-83.7587630636 0.0384057811 0.8932816337 0.5569100794 
-83.7836099724 0.0383519911 0.8936265380 0.5568501299 
-83.8092143510 0.0382966340 0.8939810468 0.5567869557 
-83.8356007671 0.0382396634 0.8943454152 0.5567204338 
-83.8627946087 0.0381810315 0.8947199029 0.5566504259 
-83.8908221148 0.0381206890 0.8951047747 0.5565767738 
-83.9197104066 0.0380585855 0.8955003002 0.5564992943 
-83.9494875207 0.0379946691 0.8959067537 0.5564177727 
-83.9801824443 0.0379288865 0.8963244144 0.5563319537 
-84.0118251519 0.0378611829 0.8967535664 0.5562415290 
-84.0444466440 0.0377915021 0.8971944980 0.5561461221 
-84.0780789891 0.0377197863 0.8976475026 0.5560452667 
-84.1127553674 0.0376459760 0.8981128776 0.5559383780 
-84.1485101185 0.0375700103 0.8985909253 0.5558247147 
-84.1853787924 0.0374918265 0.8990819520 0.5557033272 
-84.2233982061 0.0374113601 0.8995862684 0.5555729871 
-84.2626065048 0.0373285449 0.9001041897 0.5554320930 
-84.3030432307 0.0372433129 0.9006360350 0.5552785415 
-84.3447494009 0.0371555940 0.9011821279 0.5551095540 
-84.3877675961 0.0370653160 0.9017427965 0.5549214439 
-84.4321420643 0.0369724046 0.9023183734 0.5547093064 
-84.4779188434 0.0368767832 0.9029091963 0.5544666170 
-84.5251459077 0.0367783725 0.9035156088 0.5541847328 
-84.5738733469 0.0366770905 0.9041379611 0.5538523194 
-84.6241535844 0.0365728519 0.9047766111 0.5534547191 
-84.6760416400 0.0364655681 0.9054319266 0.5529729552 
-84.7295955875 0.0363551460 0.9061042891 0.5523956480 
-84.7848778407 0.0362414855 0.9067941083 0.5518235664 
-84.8419527181 0.0361244853 0.9075017877 0.5513704978 
-82.7300236909 0.0406950849 0.8781801189 0.5470138370 
-82.7312778890 0.0406922174 0.8781999909 0.5470557182 
-82.7325314889 0.0406893516 0.8782198468 0.5470960356 
-82.7337848147 0.0406864865 0.8782396918 0.5471358295 
-82.7350381950 0.0406836216 0.8782595315 0.5471757457 
-82.7362919538 0.0406807559 0.8782793711 0.5472161711 
-82.7375464058 0.0406778889 0.8782992158 0.5472573273 
-82.7388018542 0.0406750197 0.8783190706 0.5472993352 
-82.7400585889 0.0406721479 0.8783389402 0.5473422551 
-82.7413168864 0.0406692726 0.8783588292 0.5473861115 
-82.7425770097 0.0406663934 0.8783787419 0.5474309085 
-82.7438392083 0.0406635096 0.8783986823 0.5474766377 
-82.7451037189 0.0406606207 0.8784186543 0.5475232836 
-82.7463707657 0.0406577262 0.8784386616 0.5475708266 
-82.7476405606 0.0406548257 0.8784587076 0.5476192444 
-82.7489133044 0.0406519186 0.8784787955 0.5476685133 
-82.7501891866 0.0406490045 0.8784989284 0.5477186089 
-82.7514683862 0.0406460831 0.8785191092 0.5477695065 
-82.7527510724 0.0406431539 0.8785393406 0.5478211815 
-82.7540374049 0.0406402165 0.8785596253 0.5478736095 
-82.7553275345 0.0406372707 0.8785799655 0.5479267664 
-82.7566216034 0.0406343161 0.8786003636 0.5479806287 
-82.7579197461 0.0406313524 0.8786208217 0.5480351733 
-82.7592220893 0.0406283793 0.8786413418 0.5480903779 
-82.7605287528 0.0406253966 0.8786619258 0.5481462205 
-82.7618398497 0.0406224039 0.8786825756 0.5482026800 
-82.7631554870 0.0406194011 0.8787032926 0.5482597356 
-82.7644757659 0.0406163879 0.8787240786 0.5483173674 
-82.7658007820 0.0406133641 0.8787449350 0.5483755559 
-82.7671306261 0.0406103295 0.8787658632 0.5484342822 
-82.7684653842 0.0406072839 0.8787868646 0.5484935281 
-82.7698051381 0.0406042271 0.8788079403 0.5485532758 
-82.7711499657 0.0406011589 0.8788290916 0.5486135082 
-82.7724999412 0.0405980792 0.8788503195 0.5486742086 
-82.7738551354 0.0405949879 0.8788716251 0.5487353609 
-82.7752156163 0.0405918847 0.8788930095 0.5487969493 
-82.7765814492 0.0405887695 0.8789144735 0.5488589587 
-82.7779526970 0.0405856422 0.8789360182 0.5489213742 
-82.7793294206 0.0405825026 0.8789576443 0.5489841817 
-82.7807116791 0.0405793507 0.8789793527 0.5490473671 
-82.7820995298 0.0405761862 0.8790011442 0.5491109169 
-82.7834930292 0.0405730091 0.8790230196 0.5491748180 
-82.7848922324 0.0405698192 0.8790449797 0.5492390576 
-82.7862971940 0.0405666164 0.8790670253 0.5493036232 
-82.7877079681 0.0405634006 0.8790891571 0.5493685029 
-82.7891246084 0.0405601717 0.8791113757 0.5494336847 
-82.7905471689 0.0405569295 0.8791336820 0.5494991572 
-82.7919757034 0.0405536740 0.8791560767 0.5495649092 
-82.7934102666 0.0405504050 0.8791785606 0.5496309298 
-82.7948509136 0.0405471223 0.8792011342 0.5496972083 
-82.7962977006 0.0405438259 0.8792237985 0.5497637343 
-82.7977506849 0.0405405157 0.8792465541 0.5498304976 
-82.7992099251 0.0405371914 0.8792694019 0.5498974883 
-82.8006754815 0.0405338531 0.8792923427 0.5499646966 
-82.8021474161 0.0405305004 0.8793153772 0.5500321130 
-82.8036257931 0.0405271334 0.8793385064 0.5500997281 
-82.8051106787 0.0405237518 0.8793617311 0.5501675329 
-82.8066021417 0.0405203555 0.8793850522 0.5502355182 
-82.8081002536 0.0405169443 0.8794084708 0.5503036754 
-82.8096050888 0.0405135181 0.8794319877 0.5503719956 
-82.8111167248 0.0405100767 0.8794556041 0.5504404703 
-82.8126352422 0.0405066199 0.8794793210 0.5505090913 
-82.8141607255 0.0405031475 0.8795031397 0.5505778501 
-82.8156932627 0.0404996594 0.8795270612 0.5506467388 
-82.8172329460 0.0404961553 0.8795510868 0.5507157491 
-82.8187798716 0.0404926350 0.8795752179 0.5507848733 
-82.8203341403 0.0404890982 0.8795994558 0.5508541035 
-82.8218958574 0.0404855449 0.8796238020 0.5509234319 
-82.8234651333 0.0404819746 0.8796482580 0.5509928509 
-82.8250420833 0.0404783872 0.8796728254 0.5510623530 
-82.8266268283 0.0404747823 0.8796975059 0.5511319306 
-82.8282194946 0.0404711598 0.8797223012 0.5512015763 
-82.8298202145 0.0404675192 0.8797472132 0.5512712828 
-82.8314291263 0.0404638603 0.8797722438 0.5513410427 
-82.8330463748 0.0404601828 0.8797973950 0.5514108488 
-82.8346721114 0.0404564863 0.8798226690 0.5514806939 
-82.8363064942 0.0404527705 0.8798480680 0.5515505708 
-82.8379496886 0.0404490350 0.8798735943 0.5516204723 
-82.8396018675 0.0404452794 0.8798992503 0.5516903914 
-82.8412632115 0.0404415033 0.8799250387 0.5517603209 
-82.8429339090 0.0404377063 0.8799509620 0.5518302538 
-82.8446141570 0.0404338879 0.8799770232 0.5519001831 
-82.8463041609 0.0404300477 0.8800032250 0.5519701018 
-82.8480041351 0.0404261852 0.8800295707 0.5520400028 
-82.8497143033 0.0404222999 0.8800560633 0.5521098790 
-82.8514348986 0.0404183913 0.8800827061 0.5521797236 
-82.8531661643 0.0404144588 0.8801095028 0.5522495294 
-82.8549083536 0.0404105019 0.8801364569 0.5523192895 
-82.8566617305 0.0404065199 0.8801635721 0.5523889968 
-82.8584265701 0.0404025123 0.8801908525 0.5524586443 
-82.8602031584 0.0403984784 0.8802183022 0.5525282249 
-82.8619917937 0.0403944176 0.8802459254 0.5525977315 
-82.8637927860 0.0403903291 0.8802737267 0.5526671570 
-82.8656064580 0.0403862122 0.8803017106 0.5527364943 
-82.8674331452 0.0403820662 0.8803298821 0.5528057363 
-82.8692731968 0.0403778903 0.8803582462 0.5528748756 
-82.8711269755 0.0403736837 0.8803868081 0.5529439051 
-82.8729948583 0.0403694454 0.8804155732 0.5530128175 
-82.8748772373 0.0403651748 0.8804445474 0.5530816054 
-82.8767745193 0.0403608707 0.8804737364 0.5531502616 
-82.8786871272 0.0403565324 0.8805031465 0.5532187785 
-82.8806155000 0.0403521587 0.8805327839 0.5532871488 
-82.8825600935 0.0403477488 0.8805626554 0.5533553648 
-82.8845213807 0.0403433014 0.8805927677 0.5534234191 
-82.8864998527 0.0403388156 0.8806231281 0.5534913039 
-82.8884960188 0.0403342901 0.8806537440 0.5535590116 
-82.8905104074 0.0403297239 0.8806846229 0.5536265343 
-82.8925435665 0.0403251155 0.8807157731 0.5536938642 
-82.8945960646 0.0403204639 0.8807472026 0.5537609935 
-82.8966684908 0.0403157677 0.8807789201 0.5538279140 
-82.8987614559 0.0403110254 0.8808109346 0.5538946178 
-82.9008755931 0.0403062358 0.8808432552 0.5539610966 
-82.9030115585 0.0403013972 0.8808758915 0.5540273422 
-82.9051700318 0.0402965082 0.8809088535 0.5540933464 
-82.9073517172 0.0402915673 0.8809421514 0.5541591005 
-82.9095573443 0.0402865727 0.8809757960 0.5542245963 
-82.9117876687 0.0402815228 0.8810097981 0.5542898249 
-82.9140434727 0.0402764158 0.8810441693 0.5543547778 
-82.9163255664 0.0402712499 0.8810789215 0.5544194461 
-82.9186347885 0.0402660233 0.8811140668 0.5544838209 
-82.9209720073 0.0402607341 0.8811496180 0.5545478931 
-82.9233381214 0.0402553800 0.8811855881 0.5546116535 
-82.9257340607 0.0402499593 0.8812219909 0.5546750931 
-82.9281607877 0.0402444695 0.8812588403 0.5547382022 
-82.9306192980 0.0402389086 0.8812961509 0.5548009715 
-82.9331106219 0.0402332743 0.8813339379 0.5548633914 
-82.9356358251 0.0402275641 0.8813722166 0.5549254520 
-82.9381960099 0.0402217756 0.8814110034 0.5549871434 
-82.9407923164 0.0402159062 0.8814503148 0.5550484557 
-82.9434259238 0.0402099534 0.8814901681 0.5551093787 
-82.9460980514 0.0402039143 0.8815305812 0.5551699020 
-82.9488099598 0.0401977863 0.8815715723 0.5552300153 
-82.9515629525 0.0401915663 0.8816131606 0.5552897079 
-82.9543583773 0.0401852514 0.8816553658 0.5553489690 
-82.9571976270 0.0401788385 0.8816982081 0.5554077877 
-82.9600821416 0.0401723243 0.8817417087 0.5554661529 
-82.9630134095 0.0401657055 0.8817858892 0.5555240535 
-82.9659929688 0.0401589788 0.8818307721 0.5555814779 
-82.9690224091 0.0401521406 0.8818763806 0.5556384146 
-82.9721033731 0.0401451872 0.8819227386 0.5556948518 
-82.9752375580 0.0401381149 0.8819698709 0.5557507776 
-82.9784267176 0.0401309197 0.8820178029 0.5558061798 
-82.9816726638 0.0401235977 0.8820665612 0.5558610460 
-82.9849772685 0.0401161447 0.8821161729 0.5559153638 
-82.9883424655 0.0401085563 0.8821666662 0.5559691204 
-82.9917702522 0.0401008282 0.8822180701 0.5560223028 
-82.9952626920 0.0400929557 0.8822704146 0.5560748979 
-82.9988219159 0.0400849343 0.8823237307 0.5561268924 
-83.0024501250 0.0400767589 0.8823780503 0.5561782726 
-83.0061495927 0.0400684245 0.8824334063 0.5562290248 
-83.0099226663 0.0400599260 0.8824898328 0.5562791348 
-83.0137717703 0.0400512580 0.8825473649 0.5563285883 
-83.0176994080 0.0400424150 0.8826060389 0.5563773710 
-83.0217081643 0.0400333912 0.8826658920 0.5564254678 
-83.0258007082 0.0400241807 0.8827269629 0.5564728639 
-83.0299797957 0.0400147775 0.8827892913 0.5565195438 
-83.0342482719 0.0400051753 0.8828529183 0.5565654921 
-83.0386090743 0.0399953677 0.8829178861 0.5566106928 
-83.0430652354 0.0399853479 0.8829842384 0.5566551299 
-83.0476198860 0.0399751090 0.8830520203 0.5566987868 
-83.0522762578 0.0399646440 0.8831212780 0.5567416470 
-83.0570376871 0.0399539455 0.8831920594 0.5567836933 
-83.0619076175 0.0399430060 0.8832644139 0.5568249084 
-83.0668896037 0.0399318176 0.8833383923 0.5568652747 
-83.0719873149 0.0399203723 0.8834140470 0.5569047742 
-83.0772045380 0.0399086619 0.8834914320 0.5569433886 
-83.0825451818 0.0398966777 0.8835706030 0.5569810992 
-83.0880132807 0.0398844110 0.8836516174 0.5570178870 
-83.0936129983 0.0398718526 0.8837345342 0.5570537327 
-83.0993486319 0.0398589932 0.8838194145 0.5570886165 
-83.1052246164 0.0398458231 0.8839063208 0.5571225183 
-83.1112455286 0.0398323323 0.8839953179 0.5571554176 
-83.1174160920 0.0398185106 0.8840864724 0.5571872935 
-83.1237411810 0.0398043474 0.8841798528 0.5572181248 
-83.1302258260 0.0397898317 0.8842755299 0.5572478896 
-83.1368752180 0.0397749523 0.8843735762 0.5572765658 
-83.1436947140 0.0397596976 0.8844740667 0.5573041309 
-83.1506898418 0.0397440556 0.8845770786 0.5573305619 
-83.1578663058 0.0397280140 0.8846826911 0.5573558351 
-83.1652299924 0.0397115601 0.8847909861 0.5573799268 
-83.1727869759 0.0396946808 0.8849020476 0.5574028123 
-83.1805435241 0.0396773626 0.8850159622 0.5574244667 
-83.1885061049 0.0396595917 0.8851328189 0.5574448646 
-83.1966813924 0.0396413536 0.8852527095 0.5574639800 
-83.2050762733 0.0396226338 0.8853757282 0.5574817863 
-83.2136978542 0.0396034168 0.8855019720 0.5574982564 
-83.2225534679 0.0395836872 0.8856315407 0.5575133627 
-83.2316506813 0.0395634287 0.8857645369 0.5575270769 
-83.2409973025 0.0395426247 0.8859010662 0.5575393701 
-83.2506013884 0.0395212581 0.8860412370 0.5575502129 
-83.2604712531 0.0394993114 0.8861851609 0.5575595750 
-83.2706154759 0.0394767662 0.8863329526 0.5575674257 
-83.2810429100 0.0394536040 0.8864847299 0.5575737335 
-83.2917626910 0.0394298054 0.8866406140 0.5575784661 
-83.3027842463 0.0394053506 0.8868007292 0.5575815907 
-83.3141173046 0.0393802193 0.8869652035 0.5575830735 
-83.3257719055 0.0393543902 0.8871341682 0.5575828799 
-83.3377584095 0.0393278419 0.8873077582 0.5575809748 
-83.3500875090 0.0393005520 0.8874861119 0.5575773218 
-83.3627702384 0.0392724975 0.8876693716 0.5575718840 
-83.3758179858 0.0392436549 0.8878576833 0.5575646232 
-83.3892425045 0.0392139997 0.8880511969 0.5575555006 
-83.4030559247 0.0391835070 0.8882500660 0.5575444761 
-83.4172707666 0.0391521509 0.8884544484 0.5575315087 
-83.4318999525 0.0391199050 0.8886645060 0.5575165561 
-83.4469568208 0.0390867419 0.8888804046 0.5574995749 
-83.4624551394 0.0390526336 0.8891023145 0.5574805205 
-83.4784091203 0.0390175511 0.8893304100 0.5574593467 
-83.4948334343 0.0389814647 0.8895648700 0.5574360062 
-83.5117432263 0.0389443438 0.8898058777 0.5574104497 
-83.5291541318 0.0389061568 0.8900536206 0.5573826265 
-83.5470822927 0.0388668715 0.8903082910 0.5573524840 
-83.5655443751 0.0388264544 0.8905700856 0.5573199676 
-83.5845575870 0.0387848713 0.8908392059 0.5572850201 
-83.6041396966 0.0387420869 0.8911158580 0.5572475823 
-83.6243090518 0.0386980650 0.8914002528 0.5572075918 
-83.6450846002 0.0386527682 0.8916926059 0.5571649831 
-83.6664859096 0.0386061583 0.8919931377 0.5571196870 
-83.6885331899 0.0385581957 0.8923020738 0.5570716300 
-83.7112473155 0.0385088400 0.8926196442 0.5570207338 
-83.7346498486 0.0384580494 0.8929460842 0.5569669141 
-83.7587630636 0.0384057811 0.8932816337 0.5569100794 
-83.7836099724 0.0383519911 0.8936265380 0.5568501299 
-83.8092143510 0.0382966340 0.8939810468 0.5567869557 
-83.8356007671 0.0382396634 0.8943454152 0.5567204338 
-83.8627946087 0.0381810315 0.8947199029 0.5566504259 
-83.8908221148 0.0381206890 0.8951047747 0.5565767738 
-83.9197104066 0.0380585855 0.8955003002 0.5564992943 
-83.9494875207 0.0379946691 0.8959067537 0.5564177727 
-83.9801824443 0.0379288865 0.8963244144 0.5563319537 
-84.0118251519 0.0378611829 0.8967535664 0.5562415290 
-84.0444466440 0.0377915021 0.8971944980 0.5561461221 
-84.0780789891 0.0377197863 0.8976475026 0.5560452667 
-84.1127553674 0.0376459760 0.8981128776 0.5559383780 
-84.1485101185 0.0375700103 0.8985909253 0.5558247147 
-84.1853787924 0.0374918265 0.8990819520 0.5557033272 
-84.2233982061 0.0374113601 0.8995862684 0.5555729871 
-84.2626065048 0.0373285449 0.9001041897 0.5554320930 
-84.3030432307 0.0372433129 0.9006360350 0.5552785415 
-84.3447494009 0.0371555940 0.9011821279 0.5551095540 
-84.3877675961 0.0370653160 0.9017427965 0.5549214439 
-84.4321420643 0.0369724046 0.9023183734 0.5547093064 
-84.4779188434 0.0368767832 0.9029091963 0.5544666170 
-84.5251459077 0.0367783725 0.9035156088 0.5541847328 
-84.5738733469 0.0366770905 0.9041379611 0.5538523194 
-84.6241535844 0.0365728519 0.9047766111 0.5534547191 
-84.6760416400 0.0364655681 0.9054319266 0.5529729552 
-84.7295955875 0.0363551460 0.9061042891 0.5523956480 
-84.7848778407 0.0362414855 0.9067941083 0.5518235664 
-84.8419527181 0.0361244853 0.9075017877 0.5513704978 
-82.2607033023 0.0417813069 0.8705192832 0.5244337473 
-82.2618877371 0.0417785321 0.8705392370 0.5244735981 
-82.2630735396 0.0417757543 0.8705592080 0.5245120007 
-82.2642609800 0.0417729728 0.8705792008 0.5245499298 
-82.2654503330 0.0417701870 0.8705992202 0.5245880036 
-82.2666418702 0.0417673962 0.8706192710 0.5246266009 
-82.2678358564 0.0417645999 0.8706393576 0.5246659459 
-82.2690325463 0.0417617974 0.8706594845 0.5247061653 
-82.2702321835 0.0417589883 0.8706796559 0.5247473261 
-82.2714350004 0.0417561718 0.8706998758 0.5247894591 
-82.2726412173 0.0417533476 0.8707201481 0.5248325736 
-82.2738510430 0.0417505151 0.8707404763 0.5248766659 
-82.2750646748 0.0417476738 0.8707608637 0.5249217243 
-82.2762822990 0.0417448234 0.8707813137 0.5249677326 
-82.2775040911 0.0417419634 0.8708018292 0.5250146717 
-82.2787302162 0.0417390935 0.8708224130 0.5250625208 
-82.2799608297 0.0417362132 0.8708430678 0.5251112580 
-82.2811960771 0.0417333223 0.8708637961 0.5251608614 
-82.2824360950 0.0417304204 0.8708846002 0.5252113086 
-82.2836810113 0.0417275073 0.8709054823 0.5252625778 
-82.2849309456 0.0417245825 0.8709264444 0.5253146471 
-82.2861860095 0.0417216460 0.8709474884 0.5253674953 
-82.2874463069 0.0417186974 0.8709686160 0.5254211016 
-82.2887119348 0.0417157366 0.8709898289 0.5254754460 
-82.2899829831 0.0417127632 0.8710111286 0.5255305086 
-82.2912595353 0.0417097772 0.8710325165 0.5255862705 
-82.2925416686 0.0417067783 0.8710539939 0.5256427134 
-82.2938294546 0.0417037664 0.8710755619 0.5256998193 
-82.2951229589 0.0417007414 0.8710972217 0.5257575712 
-82.2964222421 0.0416977030 0.8711189742 0.5258159523 
-82.2977273597 0.0416946512 0.8711408204 0.5258749467 
-82.2990383624 0.0416915858 0.8711627610 0.5259345390 
-82.3003552964 0.0416885068 0.8711847969 0.5259947141 
-82.3016782038 0.0416854140 0.8712069286 0.5260554579 
-82.3030071224 0.0416823074 0.8712291569 0.5261167565 
-82.3043420863 0.0416791868 0.8712514821 0.5261785965 
-82.3056831261 0.0416760523 0.8712739049 0.5262409651 
-82.3070302688 0.0416729037 0.8712964255 0.5263038499 
-82.3083835384 0.0416697411 0.8713190445 0.5263672392 
-82.3097429557 0.0416665643 0.8713417620 0.5264311213 
-82.3111085388 0.0416633733 0.8713645783 0.5264954854 
-82.3124803031 0.0416601681 0.8713874936 0.5265603207 
-82.3138582613 0.0416569486 0.8714105082 0.5266256171 
-82.3152424239 0.0416537149 0.8714336220 0.5266913648 
-82.3166327993 0.0416504669 0.8714568353 0.5267575542 
-82.3180293937 0.0416472046 0.8714801480 0.5268241763 
-82.3194322112 0.0416439280 0.8715035602 0.5268912222 
-82.3208412544 0.0416406371 0.8715270719 0.5269586836 
-82.3222565240 0.0416373319 0.8715506829 0.5270265523 
-82.3236780193 0.0416340125 0.8715743933 0.5270948206 
-82.3251057379 0.0416306787 0.8715982030 0.5271634808 
-82.3265396763 0.0416273306 0.8716221117 0.5272325257 
-82.3279798296 0.0416239683 0.8716461195 0.5273019484 
-82.3294261918 0.0416205918 0.8716702261 0.5273717421 
-82.3308787558 0.0416172010 0.8716944313 0.5274419004 
-82.3323375136 0.0416137960 0.8717187349 0.5275124171 
-82.3338024563 0.0416103769 0.8717431368 0.5275832862 
-82.3352735741 0.0416069436 0.8717676367 0.5276545019 
-82.3367508565 0.0416034962 0.8717922344 0.5277260587 
-82.3382342925 0.0416000347 0.8718169295 0.5277979513 
-82.3397238704 0.0415965591 0.8718417220 0.5278701746 
-82.3412195778 0.0415930695 0.8718666114 0.5279427235 
-82.3427214022 0.0415895659 0.8718915976 0.5280155935 
-82.3442293304 0.0415860483 0.8719166802 0.5280887799 
-82.3457433490 0.0415825168 0.8719418589 0.5281622783 
-82.3472634443 0.0415789714 0.8719671335 0.5282360845 
-82.3487896025 0.0415754121 0.8719925037 0.5283101945 
-82.3503218093 0.0415718390 0.8720179691 0.5283846044 
-82.3518600506 0.0415682522 0.8720435295 0.5284593105 
-82.3534043119 0.0415646515 0.8720691846 0.5285343091 
-82.3549545789 0.0415610372 0.8720949340 0.5286095968 
-82.3565108372 0.0415574092 0.8721207774 0.5286851703 
-82.3580730725 0.0415537676 0.8721467146 0.5287610264 
-82.3596412704 0.0415501123 0.8721727453 0.5288371621 
-82.3612154168 0.0415464435 0.8721988691 0.5289135744 
-82.3627954976 0.0415427612 0.8722250857 0.5289902606 
-82.3643814989 0.0415390653 0.8722513949 0.5290672180 
-82.3659734071 0.0415353560 0.8722777963 0.5291444440 
-82.3675712088 0.0415316333 0.8723042898 0.5292219362 
-82.3691748907 0.0415278972 0.8723308749 0.5292996922 
-82.3707844399 0.0415241478 0.8723575515 0.5293777098 
-82.3723998439 0.0415203850 0.8723843192 0.5294559868 
-82.3740210904 0.0415166089 0.8724111777 0.5295345213 
-82.3756481674 0.0415128196 0.8724381270 0.5296133112 
-82.3772810634 0.0415090170 0.8724651665 0.5296923547 
-82.3789197673 0.0415052012 0.8724922962 0.5297716501 
-82.3805642683 0.0415013723 0.8725195158 0.5298511958 
-82.3822145562 0.0414975302 0.8725468250 0.5299309900 
-82.3838706210 0.0414936750 0.8725742237 0.5300110314 
-82.3855324533 0.0414898067 0.8726017116 0.5300913186 
-82.3872000443 0.0414859253 0.8726292885 0.5301718501 
-82.3888733854 0.0414820309 0.8726569541 0.5302526249 
-82.3905524688 0.0414781235 0.8726847084 0.5303336416 
-82.3922372871 0.0414742031 0.8727125512 0.5304148992 
-82.3939278333 0.0414702696 0.8727404822 0.5304963968 
-82.3956241010 0.0414663233 0.8727685013 0.5305781332 
-82.3973260846 0.0414623639 0.8727966083 0.5306601078 
-82.3990337787 0.0414583917 0.8728248031 0.5307423197 
-82.4007471786 0.0414544065 0.8728530856 0.5308247681 
-82.4024662802 0.0414504084 0.8728814556 0.5309074524 
-82.4041910801 0.0414463974 0.8729099131 0.5309903720 
-82.4059215752 0.0414423735 0.8729384578 0.5310735264 
-82.4076577632 0.0414383368 0.8729670898 0.5311569151 
-82.4093996424 0.0414342872 0.8729958089 0.5312405378 
-82.4111472115 0.0414302247 0.8730246151 0.5313243940 
-82.4129004701 0.0414261494 0.8730535083 0.5314084835 
-82.4146594182 0.0414220612 0.8730824884 0.5314928062 
-82.4164240566 0.0414179602 0.8731115554 0.5315773618 
-82.4181943865 0.0414138463 0.8731407092 0.5316621503 
-82.4199704098 0.0414097196 0.8731699500 0.5317471716 
-82.4217521291 0.0414055800 0.8731992775 0.5318324258 
-82.4235395476 0.0414014276 0.8732286919 0.5319179130 
-82.4253326691 0.0413972623 0.8732581931 0.5320036333 
-82.4271314980 0.0413930842 0.8732877812 0.5320895869 
-82.4289360393 0.0413888931 0.8733174561 0.5321757742 
-82.4307462988 0.0413846892 0.8733472180 0.5322621953 
-82.4325622828 0.0413804724 0.8733770668 0.5323488508 
-82.4343839981 0.0413762427 0.8734070027 0.5324357410 
-82.4362114523 0.0413720000 0.8734370258 0.5325228665 
-82.4380446536 0.0413677444 0.8734671360 0.5326102277 
-82.4398836108 0.0413634759 0.8734973334 0.5326978254 
-82.4417283333 0.0413591944 0.8735276183 0.5327856601 
-82.4435788311 0.0413548999 0.8735579907 0.5328737327 
-82.4454351148 0.0413505924 0.8735884507 0.5329620438 
-82.4472971957 0.0413462718 0.8736189985 0.5330505943 
-82.4491650856 0.0413419382 0.8736496342 0.5331393851 
-82.4510387968 0.0413375915 0.8736803579 0.5332284172 
-82.4529183425 0.0413332317 0.8737111699 0.5333176915 
-82.4548037362 0.0413288588 0.8737420702 0.5334072091 
-82.4566949920 0.0413244726 0.8737730591 0.5334969712 
-82.4585921247 0.0413200733 0.8738041368 0.5335869789 
-82.4604951496 0.0413156608 0.8738353035 0.5336772334 
-82.4624040825 0.0413112350 0.8738665593 0.5337677361 
-82.4643189398 0.0413067959 0.8738979046 0.5338584883 
-82.4662397384 0.0413023435 0.8739293394 0.5339494914 
-82.4681664957 0.0412978777 0.8739608642 0.5340407469 
-82.4700992298 0.0412933985 0.8739924790 0.5341322563 
-82.4720379591 0.0412889059 0.8740241842 0.5342240213 
-82.4739827025 0.0412843998 0.8740559800 0.5343160434 
-82.4759334794 0.0412798801 0.8740878667 0.5344083245 
-82.4778903098 0.0412753469 0.8741198446 0.5345008662 
-82.4798532140 0.0412708001 0.8741519139 0.5345936705 
-82.4818222128 0.0412662397 0.8741840750 0.5346867392 
-82.4837973273 0.0412616655 0.8742163281 0.5347800743 
-82.4857785793 0.0412570776 0.8742486736 0.5348736780 
-82.4877659907 0.0412524759 0.8742811117 0.5349675522 
-82.4897595839 0.0412478604 0.8743136428 0.5350616992 
-82.4917593816 0.0412432310 0.8743462671 0.5351561213 
-82.4937654070 0.0412385876 0.8743789852 0.5352508208 
-82.4957776833 0.0412339303 0.8744117971 0.5353458000 
-82.4977962344 0.0412292589 0.8744447034 0.5354410615 
-82.4998210841 0.0412245735 0.8744777043 0.5355366079 
-82.5018522568 0.0412198739 0.8745108002 0.5356324417 
-82.5038897767 0.0412151601 0.8745439914 0.5357285658 
-82.5059336686 0.0412104321 0.8745772783 0.5358249828 
-82.5079839573 0.0412056898 0.8746106612 0.5359216957 
-82.5100406677 0.0412009331 0.8746441406 0.5360187074 
-82.5121038250 0.0411961620 0.8746777167 0.5361160211 
-82.5141734543 0.0411913765 0.8747113899 0.5362136398 
-82.5162495809 0.0411865765 0.8747451606 0.5363115669 
-82.5183322300 0.0411817619 0.8747790292 0.5364098057 
-82.5204214269 0.0411769327 0.8748129959 0.5365083595 
-82.5225171968 0.0411720889 0.8748470612 0.5366072321 
-82.5246195649 0.0411672303 0.8748812254 0.5367064269 
-82.5267285560 0.0411623569 0.8749154889 0.5368059479 
-82.5288441952 0.0411574687 0.8749498521 0.5369057989 
-82.5309665069 0.0411525657 0.8749843152 0.5370059838 
-82.5330955157 0.0411476477 0.8750188786 0.5371065068 
-82.5352312455 0.0411427147 0.8750535427 0.5372073721 
-82.5373737202 0.0411377667 0.8750883078 0.5373085840 
-82.5395229630 0.0411328036 0.8751231741 0.5374101472 
-82.5416789969 0.0411278254 0.8751581422 0.5375120662 
-82.5438418442 0.0411228320 0.8751932121 0.5376143457 
-82.5460115267 0.0411178234 0.8752283844 0.5377169908 
-82.5481880656 0.0411127995 0.8752636591 0.5378200065 
-82.5503714813 0.0411077604 0.8752990367 0.5379233980 
-82.5525617936 0.0411027059 0.8753345173 0.5380271707 
-82.5547590214 0.0410976360 0.8753701012 0.5381313302 
-82.5569631826 0.0410925507 0.8754057887 0.5382358822 
-82.5591742943 0.0410874499 0.8754415800 0.5383408326 
-82.5613923722 0.0410823336 0.8754774752 0.5384461876 
-82.5636174311 0.0410772019 0.8755134746 0.5385519534 
-82.5658494847 0.0410720546 0.8755495783 0.5386581367 
-82.5680885449 0.0410668917 0.8755857864 0.5387647440 
-82.5703346227 0.0410617133 0.8756220990 0.5388717823 
-82.5725877272 0.0410565192 0.8756585163 0.5389792588 
-82.5748478659 0.0410513096 0.8756950383 0.5390871810 
-82.5771150447 0.0410460844 0.8757316650 0.5391955564 
-82.5793892674 0.0410408435 0.8757683965 0.5393043930 
-82.5816705361 0.0410355870 0.8758052326 0.5394136989 
-82.5839588506 0.0410303149 0.8758421733 0.5395234826 
-82.5862542084 0.0410250272 0.8758792185 0.5396337528 
-82.5885566047 0.0410197239 0.8759163681 0.5397445186 
-82.5908660320 0.0410144051 0.8759536219 0.5398557893 
-82.5931824805 0.0410090707 0.8759909795 0.5399675746 
-82.5955059370 0.0410037208 0.8760284408 0.5400798845 
-82.5978363856 0.0409983555 0.8760660054 0.5401927293 
-82.6001738072 0.0409929748 0.8761036729 0.5403061197 
-82.6025181793 0.0409875787 0.8761414429 0.5404200668 
-82.6048694756 0.0409821673 0.8761793148 0.5405345822 
-82.6072276664 0.0409767408 0.8762172881 0.5406496775 
-82.6095927176 0.0409712991 0.8762553622 0.5407653653 
-82.6119645912 0.0409658424 0.8762935364 0.5408816581 
-82.6143432447 0.0409603708 0.8763318099 0.5409985691 
-82.6167286307 0.0409548843 0.8763701817 0.5411161120 
-82.6191206972 0.0409493832 0.8764086511 0.5412343009 
-82.6215193868 0.0409438675 0.8764472170 0.5413531504 
-82.6239246366 0.0409383375 0.8764858782 0.5414726756 
-82.6263363780 0.0409327931 0.8765246336 0.5415928922 
-82.6287545365 0.0409272348 0.8765634818 0.5417138162 
-82.6311790309 0.0409216626 0.8766024214 0.5418354645 
-82.6336097736 0.0409160767 0.8766414510 0.5419578542 
-82.6360466698 0.0409104774 0.8766805689 0.5420810033 
-82.6384896173 0.0409048649 0.8767197733 0.5422049301 
-82.6409385063 0.0408992394 0.8767590623 0.5423296537 
-82.6433932187 0.0408936013 0.8767984339 0.5424551934 
-82.6458536279 0.0408879508 0.8768378860 0.5425815694 
-82.6483195983 0.0408822883 0.8768774162 0.5427088023 
-82.6507909851 0.0408766141 0.8769170221 0.5428369130 
-82.6532676333 0.0408709285 0.8769567011 0.5429659230 
-82.6557493780 0.0408652320 0.8769964503 0.5430958540 
-82.6582360434 0.0408595249 0.8770362668 0.5432267278 
-82.6607274422 0.0408538077 0.8770761475 0.5433585661 
-82.6632233757 0.0408480808 0.8771160889 0.5434913906 
-82.6657236328 0.0408423447 0.8771560876 0.5436252219 
-82.6682279897 0.0408366000 0.8771961398 0.5437600796 
-82.6707362093 0.0408308471 0.8772362415 0.5438959815 
-82.6732480409 0.0408250868 0.8772763885 0.5440329426 
-82.6757632196 0.0408193195 0.8773165764 0.5441709737 
-82.6782814660 0.0408135459 0.8773568005 0.5443100801 
-82.6808024856 0.0408077668 0.8773970559 0.5444502591 
-82.6833259691 0.0408019827 0.8774373375 0.5445914971 
-82.6858515918 0.0407961945 0.8774776399 0.5447337653 
-82.6883790140 0.0407904029 0.8775179573 0.5448770147 
-82.6909078815 0.0407846088 0.8775582840 0.5450211684 
-82.6934378262 0.0407788130 0.8775986139 0.5451661121 
-82.6959684676 0.0407730164 0.8776389405 0.5453116816 
-82.6984994148 0.0407672198 0.8776792575 0.5454576459 
-82.7010302698 0.0407614242 0.8777195582 0.5456036860 
-82.7035606318 0.0407556305 0.8777598360 0.5457493677 
-82.7060901033 0.0407498396 0.8778000844 0.5458941077 
-82.7086182988 0.0407440524 0.8778402970 0.5460371350 
-82.7111448560 0.0407382698 0.8778804678 0.5461774468 
-82.7136694510 0.0407324923 0.8779205914 0.5463137711 
-82.7161918184 0.0407267208 0.8779606636 0.5464445493 
-82.7187117759 0.0407209555 0.8780006813 0.5465679835 
-82.7212292551 0.0407151966 0.8780406434 0.5466822361 
-82.7237443374 0.0407094440 0.8780805513 0.5467859888 
-82.7262572903 0.0407036970 0.8781204095 0.5468798114 
-82.7287685883 0.0406979546 0.8781602257 0.5469687727 
-82.7300236909 0.0406950849 0.8781801189 0.5470138370 
-82.7312778890 0.0406922174 0.8781999909 0.5470557182 
-82.7325314889 0.0406893516 0.8782198468 0.5470960356 
-82.7337848147 0.0406864865 0.8782396918 0.5471358295 
-82.7350381950 0.0406836216 0.8782595315 0.5471757457 
-82.7362919538 0.0406807559 0.8782793711 0.5472161711 
-82.7375464058 0.0406778889 0.8782992158 0.5472573273 
-82.7388018542 0.0406750197 0.8783190706 0.5472993352 
-82.7400585889 0.0406721479 0.8783389402 0.5473422551 
-82.7413168864 0.0406692726 0.8783588292 0.5473861115 
-82.7425770097 0.0406663934 0.8783787419 0.5474309085 
-82.7438392083 0.0406635096 0.8783986823 0.5474766377 
-82.7451037189 0.0406606207 0.8784186543 0.5475232836 
-82.7463707657 0.0406577262 0.8784386616 0.5475708266 
-82.7476405606 0.0406548257 0.8784587076 0.5476192444 
-82.7489133044 0.0406519186 0.8784787955 0.5476685133 
-82.7501891866 0.0406490045 0.8784989284 0.5477186089 
-82.7514683862 0.0406460831 0.8785191092 0.5477695065 
-82.7527510724 0.0406431539 0.8785393406 0.5478211815 
-82.7540374049 0.0406402165 0.8785596253 0.5478736095 
-82.7553275345 0.0406372707 0.8785799655 0.5479267664 
-82.7566216034 0.0406343161 0.8786003636 0.5479806287 
-82.7579197461 0.0406313524 0.8786208217 0.5480351733 
-82.7592220893 0.0406283793 0.8786413418 0.5480903779 
-82.7605287528 0.0406253966 0.8786619258 0.5481462205 
-82.7618398497 0.0406224039 0.8786825756 0.5482026800 
-82.7631554870 0.0406194011 0.8787032926 0.5482597356 
-82.7644757659 0.0406163879 0.8787240786 0.5483173674 
-82.7658007820 0.0406133641 0.8787449350 0.5483755559 
-82.7671306261 0.0406103295 0.8787658632 0.5484342822 
-82.7684653842 0.0406072839 0.8787868646 0.5484935281 
-82.7698051381 0.0406042271 0.8788079403 0.5485532758 
-82.7711499657 0.0406011589 0.8788290916 0.5486135082 
-82.7724999412 0.0405980792 0.8788503195 0.5486742086 
-82.7738551354 0.0405949879 0.8788716251 0.5487353609 
-82.7752156163 0.0405918847 0.8788930095 0.5487969493 
-82.7765814492 0.0405887695 0.8789144735 0.5488589587 
-82.7779526970 0.0405856422 0.8789360182 0.5489213742 
-82.7793294206 0.0405825026 0.8789576443 0.5489841817 
-82.7807116791 0.0405793507 0.8789793527 0.5490473671 
-82.7820995298 0.0405761862 0.8790011442 0.5491109169 
-82.7834930292 0.0405730091 0.8790230196 0.5491748180 
-82.7848922324 0.0405698192 0.8790449797 0.5492390576 
-82.7862971940 0.0405666164 0.8790670253 0.5493036232 
-82.7877079681 0.0405634006 0.8790891571 0.5493685029 
-82.7891246084 0.0405601717 0.8791113757 0.5494336847 
-82.7905471689 0.0405569295 0.8791336820 0.5494991572 
-82.7919757034 0.0405536740 0.8791560767 0.5495649092 
-82.7934102666 0.0405504050 0.8791785606 0.5496309298 
-82.7948509136 0.0405471223 0.8792011342 0.5496972083 
-82.7962977006 0.0405438259 0.8792237985 0.5497637343 
-82.7977506849 0.0405405157 0.8792465541 0.5498304976 
-82.7992099251 0.0405371914 0.8792694019 0.5498974883 
-82.8006754815 0.0405338531 0.8792923427 0.5499646966 
-82.8021474161 0.0405305004 0.8793153772 0.5500321130 
-82.8036257931 0.0405271334 0.8793385064 0.5500997281 
-82.8051106787 0.0405237518 0.8793617311 0.5501675329 
-82.8066021417 0.0405203555 0.8793850522 0.5502355182 
-82.8081002536 0.0405169443 0.8794084708 0.5503036754 
-82.8096050888 0.0405135181 0.8794319877 0.5503719956 
-82.8111167248 0.0405100767 0.8794556041 0.5504404703 
-82.8126352422 0.0405066199 0.8794793210 0.5505090913 
-82.8141607255 0.0405031475 0.8795031397 0.5505778501 
-82.8156932627 0.0404996594 0.8795270612 0.5506467388 
-82.8172329460 0.0404961553 0.8795510868 0.5507157491 
-82.8187798716 0.0404926350 0.8795752179 0.5507848733 
-82.8203341403 0.0404890982 0.8795994558 0.5508541035 
-82.8218958574 0.0404855449 0.8796238020 0.5509234319 
-82.8234651333 0.0404819746 0.8796482580 0.5509928509 
-82.8250420833 0.0404783872 0.8796728254 0.5510623530 
-82.8266268283 0.0404747823 0.8796975059 0.5511319306 
-82.8282194946 0.0404711598 0.8797223012 0.5512015763 
-82.8298202145 0.0404675192 0.8797472132 0.5512712828 
-82.8314291263 0.0404638603 0.8797722438 0.5513410427 
-82.8330463748 0.0404601828 0.8797973950 0.5514108488 
-82.8346721114 0.0404564863 0.8798226690 0.5514806939 
-82.8363064942 0.0404527705 0.8798480680 0.5515505708 
-82.8379496886 0.0404490350 0.8798735943 0.5516204723 
-82.8396018675 0.0404452794 0.8798992503 0.5516903914 
-82.8412632115 0.0404415033 0.8799250387 0.5517603209 
-82.8429339090 0.0404377063 0.8799509620 0.5518302538 
-82.8446141570 0.0404338879 0.8799770232 0.5519001831 
-82.8463041609 0.0404300477 0.8800032250 0.5519701018 
-82.8480041351 0.0404261852 0.8800295707 0.5520400028 
-82.8497143033 0.0404222999 0.8800560633 0.5521098790 
-82.8514348986 0.0404183913 0.8800827061 0.5521797236 
-82.8531661643 0.0404144588 0.8801095028 0.5522495294 
-82.8549083536 0.0404105019 0.8801364569 0.5523192895 
-82.8566617305 0.0404065199 0.8801635721 0.5523889968 
-82.8584265701 0.0404025123 0.8801908525 0.5524586443 
-82.8602031584 0.0403984784 0.8802183022 0.5525282249 
-82.8619917937 0.0403944176 0.8802459254 0.5525977315 
-82.8637927860 0.0403903291 0.8802737267 0.5526671570 
-82.8656064580 0.0403862122 0.8803017106 0.5527364943 
-82.8674331452 0.0403820662 0.8803298821 0.5528057363 
-82.8692731968 0.0403778903 0.8803582462 0.5528748756 
-82.8711269755 0.0403736837 0.8803868081 0.5529439051 
-82.8729948583 0.0403694454 0.8804155732 0.5530128175 
-82.8748772373 0.0403651748 0.8804445474 0.5530816054 
-82.8767745193 0.0403608707 0.8804737364 0.5531502616 
-82.8786871272 0.0403565324 0.8805031465 0.5532187785 
-82.8806155000 0.0403521587 0.8805327839 0.5532871488 
-82.8825600935 0.0403477488 0.8805626554 0.5533553648 
-82.8845213807 0.0403433014 0.8805927677 0.5534234191 
-82.8864998527 0.0403388156 0.8806231281 0.5534913039 
-82.8884960188 0.0403342901 0.8806537440 0.5535590116 
-82.8905104074 0.0403297239 0.8806846229 0.5536265343 
-82.8925435665 0.0403251155 0.8807157731 0.5536938642 
-82.8945960646 0.0403204639 0.8807472026 0.5537609935 
-82.8966684908 0.0403157677 0.8807789201 0.5538279140 
-82.8987614559 0.0403110254 0.8808109346 0.5538946178 
-82.9008755931 0.0403062358 0.8808432552 0.5539610966 
-82.9030115585 0.0403013972 0.8808758915 0.5540273422 
-82.9051700318 0.0402965082 0.8809088535 0.5540933464 
-82.9073517172 0.0402915673 0.8809421514 0.5541591005 
-82.9095573443 0.0402865727 0.8809757960 0.5542245963 
-82.9117876687 0.0402815228 0.8810097981 0.5542898249 
-82.9140434727 0.0402764158 0.8810441693 0.5543547778 
-82.9163255664 0.0402712499 0.8810789215 0.5544194461 
-82.9186347885 0.0402660233 0.8811140668 0.5544838209 
-82.9209720073 0.0402607341 0.8811496180 0.5545478931 
-82.9233381214 0.0402553800 0.8811855881 0.5546116535 
-82.9257340607 0.0402499593 0.8812219909 0.5546750931 
-82.9281607877 0.0402444695 0.8812588403 0.5547382022 
-82.9306192980 0.0402389086 0.8812961509 0.5548009715 
-82.9331106219 0.0402332743 0.8813339379 0.5548633914 
-82.9356358251 0.0402275641 0.8813722166 0.5549254520 
-82.9381960099 0.0402217756 0.8814110034 0.5549871434 
-82.9407923164 0.0402159062 0.8814503148 0.5550484557 
-82.9434259238 0.0402099534 0.8814901681 0.5551093787 
-82.9460980514 0.0402039143 0.8815305812 0.5551699020 
-82.9488099598 0.0401977863 0.8815715723 0.5552300153 
-82.9515629525 0.0401915663 0.8816131606 0.5552897079 
-82.9543583773 0.0401852514 0.8816553658 0.5553489690 
-82.9571976270 0.0401788385 0.8816982081 0.5554077877 
-82.9600821416 0.0401723243 0.8817417087 0.5554661529 
-82.9630134095 0.0401657055 0.8817858892 0.5555240535 
-82.9659929688 0.0401589788 0.8818307721 0.5555814779 
-82.9690224091 0.0401521406 0.8818763806 0.5556384146 
-82.9721033731 0.0401451872 0.8819227386 0.5556948518 
-82.9752375580 0.0401381149 0.8819698709 0.5557507776 
-82.9784267176 0.0401309197 0.8820178029 0.5558061798 
-82.9816726638 0.0401235977 0.8820665612 0.5558610460 
-82.9849772685 0.0401161447 0.8821161729 0.5559153638 
-82.9883424655 0.0401085563 0.8821666662 0.5559691204 
-82.9917702522 0.0401008282 0.8822180701 0.5560223028 
-82.9952626920 0.0400929557 0.8822704146 0.5560748979 
-82.9988219159 0.0400849343 0.8823237307 0.5561268924 
-83.0024501250 0.0400767589 0.8823780503 0.5561782726 
-83.0061495927 0.0400684245 0.8824334063 0.5562290248 
-83.0099226663 0.0400599260 0.8824898328 0.5562791348 
-83.0137717703 0.0400512580 0.8825473649 0.5563285883 
-83.0176994080 0.0400424150 0.8826060389 0.5563773710 
-83.0217081643 0.0400333912 0.8826658920 0.5564254678 
-83.0258007082 0.0400241807 0.8827269629 0.5564728639 
-83.0299797957 0.0400147775 0.8827892913 0.5565195438 
-83.0342482719 0.0400051753 0.8828529183 0.5565654921 
-83.0386090743 0.0399953677 0.8829178861 0.5566106928 
-83.0430652354 0.0399853479 0.8829842384 0.5566551299 
-83.0476198860 0.0399751090 0.8830520203 0.5566987868 
-83.0522762578 0.0399646440 0.8831212780 0.5567416470 
-83.0570376871 0.0399539455 0.8831920594 0.5567836933 
-83.0619076175 0.0399430060 0.8832644139 0.5568249084 
-83.0668896037 0.0399318176 0.8833383923 0.5568652747 
-83.0719873149 0.0399203723 0.8834140470 0.5569047742 
-83.0772045380 0.0399086619 0.8834914320 0.5569433886 
-83.0825451818 0.0398966777 0.8835706030 0.5569810992 
-83.0880132807 0.0398844110 0.8836516174 0.5570178870 
-83.0936129983 0.0398718526 0.8837345342 0.5570537327 
-83.0993486319 0.0398589932 0.8838194145 0.5570886165 
-83.1052246164 0.0398458231 0.8839063208 0.5571225183 
-83.1112455286 0.0398323323 0.8839953179 0.5571554176 
-83.1174160920 0.0398185106 0.8840864724 0.5571872935 
-83.1237411810 0.0398043474 0.8841798528 0.5572181248 
-83.1302258260 0.0397898317 0.8842755299 0.5572478896 
-83.1368752180 0.0397749523 0.8843735762 0.5572765658 
-83.1436947140 0.0397596976 0.8844740667 0.5573041309 
-83.1506898418 0.0397440556 0.8845770786 0.5573305619 
-83.1578663058 0.0397280140 0.8846826911 0.5573558351 
-83.1652299924 0.0397115601 0.8847909861 0.5573799268 
-83.1727869759 0.0396946808 0.8849020476 0.5574028123 
-83.1805435241 0.0396773626 0.8850159622 0.5574244667 
-83.1885061049 0.0396595917 0.8851328189 0.5574448646 
-83.1966813924 0.0396413536 0.8852527095 0.5574639800 
-83.2050762733 0.0396226338 0.8853757282 0.5574817863 
-83.2136978542 0.0396034168 0.8855019720 0.5574982564 
-83.2225534679 0.0395836872 0.8856315407 0.5575133627 
-83.2316506813 0.0395634287 0.8857645369 0.5575270769 
-83.2409973025 0.0395426247 0.8859010662 0.5575393701 
-83.2506013884 0.0395212581 0.8860412370 0.5575502129 
-83.2604712531 0.0394993114 0.8861851609 0.5575595750 
-83.2706154759 0.0394767662 0.8863329526 0.5575674257 
-83.2810429100 0.0394536040 0.8864847299 0.5575737335 
-83.2917626910 0.0394298054 0.8866406140 0.5575784661 
-83.3027842463 0.0394053506 0.8868007292 0.5575815907 
-83.3141173046 0.0393802193 0.8869652035 0.5575830735 
-83.3257719055 0.0393543902 0.8871341682 0.5575828799 
-83.3377584095 0.0393278419 0.8873077582 0.5575809748 
-83.3500875090 0.0393005520 0.8874861119 0.5575773218 
-83.3627702384 0.0392724975 0.8876693716 0.5575718840 
-83.3758179858 0.0392436549 0.8878576833 0.5575646232 
-83.3892425045 0.0392139997 0.8880511969 0.5575555006 
-83.4030559247 0.0391835070 0.8882500660 0.5575444761 
-83.4172707666 0.0391521509 0.8884544484 0.5575315087 
-83.4318999525 0.0391199050 0.8886645060 0.5575165561 
-83.4469568208 0.0390867419 0.8888804046 0.5574995749 
-83.4624551394 0.0390526336 0.8891023145 0.5574805205 
-83.4784091203 0.0390175511 0.8893304100 0.5574593467 
-83.4948334343 0.0389814647 0.8895648700 0.5574360062 
-83.5117432263 0.0389443438 0.8898058777 0.5574104497 
-83.5291541318 0.0389061568 0.8900536206 0.5573826265 
-83.5470822927 0.0388668715 0.8903082910 0.5573524840 
-83.5655443751 0.0388264544 0.8905700856 0.5573199676 
-83.5845575870 0.0387848713 0.8908392059 0.5572850201 
-83.6041396966 0.0387420869 0.8911158580 0.5572475823 
-83.6243090518 0.0386980650 0.8914002528 0.5572075918 
-83.6450846002 0.0386527682 0.8916926059 0.5571649831 
-83.6664859096 0.0386061583 0.8919931377 0.5571196870 
-83.6885331899 0.0385581957 0.8923020738 0.5570716300 
-83.7112473155 0.0385088400 0.8926196442 0.5570207338 
-83.7346498486 0.0384580494 0.8929460842 0.5569669141 
-83.7587630636 0.0384057811 0.8932816337 0.5569100794 
-83.7836099724 0.0383519911 0.8936265380 0.5568501299 
-83.8092143510 0.0382966340 0.8939810468 0.5567869557 
-83.8356007671 0.0382396634 0.8943454152 0.5567204338 
-83.8627946087 0.0381810315 0.8947199029 0.5566504259 
-83.8908221148 0.0381206890 0.8951047747 0.5565767738 
-83.9197104066 0.0380585855 0.8955003002 0.5564992943 
-83.9494875207 0.0379946691 0.8959067537 0.5564177727 
-83.9801824443 0.0379288865 0.8963244144 0.5563319537 
-84.0118251519 0.0378611829 0.8967535664 0.5562415290 
-84.0444466440 0.0377915021 0.8971944980 0.5561461221 
-84.0780789891 0.0377197863 0.8976475026 0.5560452667 
-84.1127553674 0.0376459760 0.8981128776 0.5559383780 
-84.1485101185 0.0375700103 0.8985909253 0.5558247147 
-84.1853787924 0.0374918265 0.8990819520 0.5557033272 
-84.2233982061 0.0374113601 0.8995862684 0.5555729871 
-84.2626065048 0.0373285449 0.9001041897 0.5554320930 
-84.3030432307 0.0372433129 0.9006360350 0.5552785415 
-84.3447494009 0.0371555940 0.9011821279 0.5551095540 
-84.3877675961 0.0370653160 0.9017427965 0.5549214439 
-84.4321420643 0.0369724046 0.9023183734 0.5547093064 
-84.4779188434 0.0368767832 0.9029091963 0.5544666170 
-84.5251459077 0.0367783725 0.9035156088 0.5541847328 
-84.5738733469 0.0366770905 0.9041379611 0.5538523194 
-84.6241535844 0.0365728519 0.9047766111 0.5534547191 
-84.6760416400 0.0364655681 0.9054319266 0.5529729552 
-84.7295955875 0.0363551460 0.9061042891 0.5523956480 
-84.7848778407 0.0362414855 0.9067941083 0.5518235664 
-84.8419527181 0.0361244853 0.9075017877 0.5513704978 
-82.7300236909 0.0406950849 0.8781801189 0.5470138370 
-82.7312778890 0.0406922174 0.8781999909 0.5470557182 
-82.7325314889 0.0406893516 0.8782198468 0.5470960356 
-82.7337848147 0.0406864865 0.8782396918 0.5471358295 
-82.7350381950 0.0406836216 0.8782595315 0.5471757457 
-82.7362919538 0.0406807559 0.8782793711 0.5472161711 
-82.7375464058 0.0406778889 0.8782992158 0.5472573273 
-82.7388018542 0.0406750197 0.8783190706 0.5472993352 
-82.7400585889 0.0406721479 0.8783389402 0.5473422551 
-82.7413168864 0.0406692726 0.8783588292 0.5473861115 
-82.7425770097 0.0406663934 0.8783787419 0.5474309085 
-82.7438392083 0.0406635096 0.8783986823 0.5474766377 
-82.7451037189 0.0406606207 0.8784186543 0.5475232836 
-82.7463707657 0.0406577262 0.8784386616 0.5475708266 
-82.7476405606 0.0406548257 0.8784587076 0.5476192444 
-82.7489133044 0.0406519186 0.8784787955 0.5476685133 
-82.7501891866 0.0406490045 0.8784989284 0.5477186089 
-82.7514683862 0.0406460831 0.8785191092 0.5477695065 
-82.7527510724 0.0406431539 0.8785393406 0.5478211815 
-82.7540374049 0.0406402165 0.8785596253 0.5478736095 
-82.7553275345 0.0406372707 0.8785799655 0.5479267664 
-82.7566216034 0.0406343161 0.8786003636 0.5479806287 
-82.7579197461 0.0406313524 0.8786208217 0.5480351733 
-82.7592220893 0.0406283793 0.8786413418 0.5480903779 
-82.7605287528 0.0406253966 0.8786619258 0.5481462205 
-82.7618398497 0.0406224039 0.8786825756 0.5482026800 
-82.7631554870 0.0406194011 0.8787032926 0.5482597356 
-82.7644757659 0.0406163879 0.8787240786 0.5483173674 
-82.7658007820 0.0406133641 0.8787449350 0.5483755559 
-82.7671306261 0.0406103295 0.8787658632 0.5484342822 
-82.7684653842 0.0406072839 0.8787868646 0.5484935281 
-82.7698051381 0.0406042271 0.8788079403 0.5485532758 
-82.7711499657 0.0406011589 0.8788290916 0.5486135082 
-82.7724999412 0.0405980792 0.8788503195 0.5486742086 
-82.7738551354 0.0405949879 0.8788716251 0.5487353609 
-82.7752156163 0.0405918847 0.8788930095 0.5487969493 
-82.7765814492 0.0405887695 0.8789144735 0.5488589587 
-82.7779526970 0.0405856422 0.8789360182 0.5489213742 
-82.7793294206 0.0405825026 0.8789576443 0.5489841817 
-82.7807116791 0.0405793507 0.8789793527 0.5490473671 
-82.7820995298 0.0405761862 0.8790011442 0.5491109169 
-82.7834930292 0.0405730091 0.8790230196 0.5491748180 
-82.7848922324 0.0405698192 0.8790449797 0.5492390576 
-82.7862971940 0.0405666164 0.8790670253 0.5493036232 
-82.7877079681 0.0405634006 0.8790891571 0.5493685029 
-82.7891246084 0.0405601717 0.8791113757 0.5494336847 
-82.7905471688 0.0405569295 0.8791336820 0.5494991572 
-82.7919757034 0.0405536740 0.8791560767 0.5495649092 
-82.7934102666 0.0405504050 0.8791785606 0.5496309298 
-82.7948509136 0.0405471223 0.8792011342 0.5496972083 
-82.7962977006 0.0405438259 0.8792237985 0.5497637343 
-82.7977506849 0.0405405157 0.8792465541 0.5498304976 
-82.7992099251 0.0405371914 0.8792694019 0.5498974883 
-82.8006754815 0.0405338531 0.8792923427 0.5499646966 
-82.8021474161 0.0405305004 0.8793153772 0.5500321130 
-82.8036257931 0.0405271334 0.8793385064 0.5500997281 
-82.8051106787 0.0405237518 0.8793617311 0.5501675329 
-82.8066021417 0.0405203555 0.8793850522 0.5502355182 
-82.8081002536 0.0405169443 0.8794084708 0.5503036754 
-82.8096050888 0.0405135181 0.8794319877 0.5503719956 
-82.8111167248 0.0405100767 0.8794556041 0.5504404703 
-82.8126352422 0.0405066199 0.8794793210 0.5505090913 
-82.8141607255 0.0405031475 0.8795031397 0.5505778501 
-82.8156932627 0.0404996594 0.8795270612 0.5506467388 
-82.8172329460 0.0404961553 0.8795510868 0.5507157491 
-82.8187798716 0.0404926350 0.8795752179 0.5507848733 
-82.8203341403 0.0404890982 0.8795994558 0.5508541035 
-82.8218958574 0.0404855449 0.8796238020 0.5509234319 
-82.8234651333 0.0404819746 0.8796482580 0.5509928509 
-82.8250420833 0.0404783872 0.8796728254 0.5510623530 
-82.8266268283 0.0404747823 0.8796975059 0.5511319306 
-82.8282194946 0.0404711598 0.8797223012 0.5512015763 
-82.8298202145 0.0404675192 0.8797472132 0.5512712828 
-82.8314291263 0.0404638603 0.8797722438 0.5513410427 
-82.8330463748 0.0404601828 0.8797973950 0.5514108488 
-82.8346721114 0.0404564863 0.8798226690 0.5514806939 
-82.8363064942 0.0404527705 0.8798480680 0.5515505708 
-82.8379496886 0.0404490350 0.8798735943 0.5516204723 
-82.8396018675 0.0404452794 0.8798992503 0.5516903914 
-82.8412632115 0.0404415033 0.8799250387 0.5517603209 
-82.8429339090 0.0404377063 0.8799509620 0.5518302538 
-82.8446141570 0.0404338879 0.8799770232 0.5519001831 
-82.8463041609 0.0404300477 0.8800032250 0.5519701018 
-82.8480041351 0.0404261852 0.8800295707 0.5520400028 
-82.8497143033 0.0404222999 0.8800560633 0.5521098790 
-82.8514348986 0.0404183913 0.8800827061 0.5521797236 
-82.8531661643 0.0404144588 0.8801095028 0.5522495294 
-82.8549083536 0.0404105019 0.8801364569 0.5523192895 
-82.8566617305 0.0404065199 0.8801635721 0.5523889968 
-82.8584265701 0.0404025123 0.8801908525 0.5524586443 
-82.8602031584 0.0403984784 0.8802183022 0.5525282249 
-82.8619917937 0.0403944176 0.8802459254 0.5525977315 
-82.8637927860 0.0403903291 0.8802737267 0.5526671570 
-82.8656064580 0.0403862122 0.8803017106 0.5527364943 
-82.8674331452 0.0403820662 0.8803298821 0.5528057363 
-82.8692731968 0.0403778903 0.8803582462 0.5528748756 
-82.8711269755 0.0403736837 0.8803868081 0.5529439051 
-82.8729948583 0.0403694454 0.8804155732 0.5530128175 
-82.8748772373 0.0403651748 0.8804445474 0.5530816054 
-82.8767745193 0.0403608707 0.8804737364 0.5531502616 
-82.8786871272 0.0403565324 0.8805031465 0.5532187785 
-82.8806155000 0.0403521587 0.8805327839 0.5532871488 
-82.8825600935 0.0403477488 0.8805626554 0.5533553648 
-82.8845213807 0.0403433014 0.8805927677 0.5534234191 
-82.8864998527 0.0403388156 0.8806231281 0.5534913039 
-82.8884960188 0.0403342901 0.8806537440 0.5535590116 
-82.8905104074 0.0403297239 0.8806846229 0.5536265343 
-82.8925435665 0.0403251155 0.8807157731 0.5536938642 
-82.8945960646 0.0403204639 0.8807472026 0.5537609935 
-82.8966684908 0.0403157677 0.8807789201 0.5538279140 
-82.8987614559 0.0403110254 0.8808109346 0.5538946178 
-82.9008755931 0.0403062358 0.8808432552 0.5539610966 
-82.9030115585 0.0403013972 0.8808758915 0.5540273422 
-82.9051700318 0.0402965082 0.8809088535 0.5540933464 
-82.9073517172 0.0402915673 0.8809421514 0.5541591005 
-82.9095573443 0.0402865727 0.8809757960 0.5542245963 
-82.9117876687 0.0402815228 0.8810097981 0.5542898249 
-82.9140434727 0.0402764158 0.8810441693 0.5543547778 
-82.9163255664 0.0402712499 0.8810789215 0.5544194461 
-82.9186347885 0.0402660233 0.8811140668 0.5544838209 
-82.9209720073 0.0402607341 0.8811496180 0.5545478931 
-82.9233381214 0.0402553800 0.8811855881 0.5546116535 
-82.9257340607 0.0402499593 0.8812219909 0.5546750931 
-82.9281607877 0.0402444695 0.8812588403 0.5547382022 
-82.9306192980 0.0402389086 0.8812961509 0.5548009715 
-82.9331106219 0.0402332743 0.8813339379 0.5548633914 
-82.9356358251 0.0402275641 0.8813722166 0.5549254520 
-82.9381960099 0.0402217756 0.8814110034 0.5549871434 
-82.9407923164 0.0402159062 0.8814503148 0.5550484557 
-82.9434259238 0.0402099534 0.8814901681 0.5551093787 
-82.9460980514 0.0402039143 0.8815305812 0.5551699020 
-82.9488099598 0.0401977863 0.8815715723 0.5552300153 
-82.9515629525 0.0401915663 0.8816131606 0.5552897079 
-82.9543583773 0.0401852514 0.8816553658 0.5553489690 
-82.9571976270 0.0401788385 0.8816982081 0.5554077877 
-82.9600821416 0.0401723243 0.8817417087 0.5554661529 
-82.9630134095 0.0401657055 0.8817858892 0.5555240535 
-82.9659929688 0.0401589788 0.8818307721 0.5555814779 
-82.9690224091 0.0401521406 0.8818763806 0.5556384146 
-82.9721033731 0.0401451872 0.8819227386 0.5556948518 
-82.9752375580 0.0401381149 0.8819698709 0.5557507776 
-82.9784267176 0.0401309197 0.8820178029 0.5558061798 
-82.9816726638 0.0401235977 0.8820665612 0.5558610460 
-82.9849772685 0.0401161447 0.8821161729 0.5559153638 
-82.9883424655 0.0401085563 0.8821666662 0.5559691204 
-82.9917702522 0.0401008282 0.8822180701 0.5560223028 
-82.9952626920 0.0400929557 0.8822704146 0.5560748979 
-82.9988219159 0.0400849343 0.8823237307 0.5561268924 
-83.0024501250 0.0400767589 0.8823780503 0.5561782726 
-83.0061495927 0.0400684245 0.8824334063 0.5562290248 
-83.0099226663 0.0400599260 0.8824898328 0.5562791348 
-83.0137717703 0.0400512580 0.8825473649 0.5563285883 
-83.0176994080 0.0400424150 0.8826060389 0.5563773710 
-83.0217081643 0.0400333912 0.8826658920 0.5564254678 
-83.0258007082 0.0400241807 0.8827269629 0.5564728639 
-83.0299797957 0.0400147775 0.8827892913 0.5565195438 
-83.0342482719 0.0400051753 0.8828529183 0.5565654921 
-83.0386090743 0.0399953677 0.8829178861 0.5566106928 
-83.0430652354 0.0399853479 0.8829842384 0.5566551299 
-83.0476198860 0.0399751090 0.8830520203 0.5566987868 
-83.0522762578 0.0399646440 0.8831212780 0.5567416470 
-83.0570376871 0.0399539455 0.8831920594 0.5567836933 
-83.0619076175 0.0399430060 0.8832644139 0.5568249084 
-83.0668896037 0.0399318176 0.8833383923 0.5568652747 
-83.0719873149 0.0399203723 0.8834140470 0.5569047742 
-83.0772045380 0.0399086619 0.8834914320 0.5569433886 
-83.0825451818 0.0398966777 0.8835706030 0.5569810992 
-83.0880132807 0.0398844110 0.8836516174 0.5570178870 
-83.0936129983 0.0398718526 0.8837345342 0.5570537327 
-83.0993486319 0.0398589932 0.8838194145 0.5570886165 
-83.1052246164 0.0398458231 0.8839063208 0.5571225183 
-83.1112455286 0.0398323323 0.8839953179 0.5571554176 
-83.1174160920 0.0398185106 0.8840864724 0.5571872935 
-83.1237411810 0.0398043474 0.8841798528 0.5572181248 
-83.1302258260 0.0397898317 0.8842755299 0.5572478896 
-83.1368752180 0.0397749523 0.8843735762 0.5572765658 
-83.1436947140 0.0397596976 0.8844740667 0.5573041309 
-83.1506898418 0.0397440556 0.8845770786 0.5573305619 
-83.1578663058 0.0397280140 0.8846826911 0.5573558351 
-83.1652299924 0.0397115601 0.8847909861 0.5573799268 
-83.1727869759 0.0396946808 0.8849020476 0.5574028123 
-83.1805435241 0.0396773626 0.8850159622 0.5574244667 
-83.1885061049 0.0396595917 0.8851328189 0.5574448646 
-83.1966813924 0.0396413536 0.8852527095 0.5574639800 
-83.2050762733 0.0396226338 0.8853757282 0.5574817863 
-83.2136978542 0.0396034168 0.8855019720 0.5574982564 
-83.2225534679 0.0395836872 0.8856315407 0.5575133627 
-83.2316506813 0.0395634287 0.8857645369 0.5575270769 
-83.2409973025 0.0395426247 0.8859010662 0.5575393701 
-83.2506013884 0.0395212581 0.8860412370 0.5575502129 
-83.2604712531 0.0394993114 0.8861851609 0.5575595750 
-83.2706154759 0.0394767662 0.8863329526 0.5575674257 
-83.2810429100 0.0394536040 0.8864847299 0.5575737335 
-83.2917626910 0.0394298054 0.8866406140 0.5575784661 
-83.3027842463 0.0394053506 0.8868007292 0.5575815907 
-83.3141173046 0.0393802193 0.8869652035 0.5575830735 
-83.3257719055 0.0393543902 0.8871341682 0.5575828799 
-83.3377584095 0.0393278419 0.8873077582 0.5575809748 
-83.3500875090 0.0393005520 0.8874861119 0.5575773218 
-83.3627702384 0.0392724975 0.8876693716 0.5575718840 
-83.3758179858 0.0392436549 0.8878576833 0.5575646232 
-83.3892425045 0.0392139997 0.8880511969 0.5575555006 
-83.4030559247 0.0391835070 0.8882500660 0.5575444761 
-83.4172707666 0.0391521509 0.8884544484 0.5575315087 
-83.4318999525 0.0391199050 0.8886645060 0.5575165561 
-83.4469568208 0.0390867419 0.8888804046 0.5574995749 
-83.4624551394 0.0390526336 0.8891023145 0.5574805205 
-83.4784091203 0.0390175511 0.8893304100 0.5574593467 
-83.4948334343 0.0389814647 0.8895648700 0.5574360062 
-83.5117432263 0.0389443438 0.8898058777 0.5574104497 
-83.5291541318 0.0389061568 0.8900536206 0.5573826265 
-83.5470822927 0.0388668715 0.8903082910 0.5573524840 
-83.5655443751 0.0388264544 0.8905700856 0.5573199676 
-83.5845575870 0.0387848713 0.8908392059 0.5572850201 
-83.6041396966 0.0387420869 0.8911158580 0.5572475823 
-83.6243090518 0.0386980650 0.8914002528 0.5572075918 
-83.6450846002 0.0386527682 0.8916926059 0.5571649831 
-83.6664859096 0.0386061583 0.8919931377 0.5571196870 
-83.6885331899 0.0385581957 0.8923020738 0.5570716300 
-83.7112473155 0.0385088400 0.8926196442 0.5570207338 
-83.7346498487 0.0384580494 0.8929460842 0.5569669141 
-83.7587630636 0.0384057811 0.8932816337 0.5569100794 
-83.7836099724 0.0383519911 0.8936265380 0.5568501299 
-83.8092143510 0.0382966340 0.8939810468 0.5567869557 
-83.8356007671 0.0382396634 0.8943454152 0.5567204338 
-83.8627946087 0.0381810315 0.8947199029 0.5566504259 
-83.8908221149 0.0381206890 0.8951047747 0.5565767738 
-83.9197104066 0.0380585855 0.8955003002 0.5564992943 
-83.9494875207 0.0379946691 0.8959067537 0.5564177727 
-83.9801824443 0.0379288865 0.8963244144 0.5563319537 
-84.0118251519 0.0378611829 0.8967535664 0.5562415290 
-84.0444466440 0.0377915021 0.8971944980 0.5561461221 
-84.0780789891 0.0377197863 0.8976475026 0.5560452667 
-84.1127553675 0.0376459760 0.8981128776 0.5559383780 
-84.1485101185 0.0375700103 0.8985909253 0.5558247147 
-84.1853787924 0.0374918265 0.8990819520 0.5557033272 
-84.2233982061 0.0374113601 0.8995862684 0.5555729871 
-84.2626065048 0.0373285449 0.9001041897 0.5554320930 
-84.3030432307 0.0372433129 0.9006360350 0.5552785415 
-84.3447494009 0.0371555940 0.9011821279 0.5551095540 
-84.3877675961 0.0370653160 0.9017427965 0.5549214439 
-84.4321420643 0.0369724046 0.9023183734 0.5547093064 
-84.4779188434 0.0368767832 0.9029091963 0.5544666170 
-84.5251459077 0.0367783725 0.9035156088 0.5541847328 
-84.5738733469 0.0366770905 0.9041379611 0.5538523194 
-84.6241535844 0.0365728519 0.9047766111 0.5534547191 
-84.6760416400 0.0364655681 0.9054319266 0.5529729552 
-84.7295955876 0.0363551460 0.9061042891 0.5523956480 
-84.7848778407 0.0362414855 0.9067941083 0.5518235664 
-84.8419527181 0.0361244853 0.9075017877 0.5513704978 
-84.8541977400 0.0360994289 0.9076531939 0.5512958923 
-84.8541977400 0.0360994289 0.9076531939 0.5512958923 
-84.8541977400 0.0360994289 0.9076531939 0.5512958923 
-84.8541977400 0.0360994289 0.9076531939 0.5512958923 
