-81.9333302485 0.0425548652 0.8648747988 0.5087678583 
-81.9333346769 0.0425548547 0.8648748525 0.5087536616 
-81.9333437260 0.0425548332 0.8648749634 0.5087250005 
-81.9333577841 0.0425547999 0.8648751383 0.5086814085 
-81.9333774436 0.0425547532 0.8648753881 0.5086223538 
-81.9334035102 0.0425546913 0.8648757271 0.5085474200 
-81.9334368331 0.0425546122 0.8648761705 0.5084379004 
-81.9334795040 0.0425545109 0.8648767561 0.5083566882 
-81.9335324480 0.0425543851 0.8648775004 0.5082828020 
-81.9335966884 0.0425542324 0.8648784216 0.5082149524 
-81.9336731805 0.0425540506 0.8648795370 0.5081521857 
-81.9337628241 0.0425538375 0.8648808625 0.5080938021 
-81.9338664731 0.0425535911 0.8648824133 0.5080392876 
-81.9339849419 0.0425533094 0.8648842040 0.5079882602 
-81.9341190109 0.0425529906 0.8648862483 0.5079404312 
-81.9342694306 0.0425526328 0.8648885596 0.5078955764 
-81.9344369247 0.0425522344 0.8648911506 0.5078535169 
-81.9346221932 0.0425517938 0.8648940336 0.5078141051 
-81.9348259143 0.0425513091 0.8648972207 0.5077772158 
-81.9350487466 0.0425507790 0.8649007232 0.5077427395 
-81.9352913312 0.0425502019 0.8649045525 0.5077105784 
-81.9355542930 0.0425495763 0.8649087195 0.5076806433 
-81.9358382425 0.0425489007 0.8649132347 0.5076528517 
-81.9361437774 0.0425481738 0.8649181085 0.5076271261 
-81.9364714838 0.0425473941 0.8649233511 0.5076033932 
-81.9368219375 0.0425465602 0.8649289724 0.5075815831 
-81.9371957057 0.0425456708 0.8649349821 0.5075616289 
-81.9375933479 0.0425447247 0.8649413898 0.5075434665 
-81.9380154173 0.0425437204 0.8649482050 0.5075270344 
-81.9384624618 0.0425426567 0.8649554371 0.5075122732 
-81.9389350257 0.0425415322 0.8649630952 0.5074991259 
-81.9394336500 0.0425403457 0.8649711885 0.5074875375 
-81.9399588744 0.0425390960 0.8649797262 0.5074774550 
-81.9405112375 0.0425377817 0.8649887174 0.5074688273 
-81.9410912788 0.0425364015 0.8649981710 0.5074616050 
-81.9416995388 0.0425349543 0.8650080962 0.5074557404 
-81.9423365607 0.0425334386 0.8650185020 0.5074511876 
-81.9430028911 0.0425318532 0.8650293975 0.5074479019 
-81.9436990811 0.0425301968 0.8650407920 0.5074458403 
-81.9444256871 0.0425284680 0.8650526945 0.5074449612 
-81.9451832719 0.0425266657 0.8650651146 0.5074452243 
-81.9459724056 0.0425247883 0.8650780616 0.5074465903 
-81.9467936666 0.0425228345 0.8650915449 0.5074490216 
-81.9476476425 0.0425208030 0.8651055744 0.5074524813 
-81.9485349307 0.0425186923 0.8651201599 0.5074569338 
-81.9494561401 0.0425165009 0.8651353113 0.5074623446 
-81.9504118910 0.0425142276 0.8651510388 0.5074686801 
-81.9514028168 0.0425118706 0.8651673527 0.5074759075 
-81.9524295645 0.0425094285 0.8651842638 0.5074839952 
-81.9534927958 0.0425068998 0.8652017827 0.5074929123 
-81.9545931879 0.0425042829 0.8652199206 0.5075026286 
-81.9557314344 0.0425015760 0.8652386887 0.5075131150 
-81.9569082461 0.0424987776 0.8652580987 0.5075243426 
-81.9581243523 0.0424958859 0.8652781624 0.5075362838 
-81.9593805013 0.0424928992 0.8652988919 0.5075489113 
-81.9606774614 0.0424898156 0.8653202999 0.5075621985 
-81.9620160220 0.0424866333 0.8653423991 0.5075761194 
-81.9633969946 0.0424833504 0.8653652026 0.5075906485 
-81.9648212134 0.0424799650 0.8653887242 0.5076057610 
-81.9662895363 0.0424764749 0.8654129776 0.5076214325 
-81.9678028464 0.0424728782 0.8654379772 0.5076376391 
-81.9693620524 0.0424691726 0.8654637377 0.5076543572 
-81.9709680897 0.0424653561 0.8654902744 0.5076715638 
-81.9726219216 0.0424614263 0.8655176028 0.5076892364 
-81.9743245403 0.0424573809 0.8655457390 0.5077073525 
-81.9760769679 0.0424532175 0.8655746995 0.5077258903 
-81.9778802572 0.0424489336 0.8656045015 0.5077448282 
-81.9797354932 0.0424445268 0.8656351624 0.5077641449 
-81.9816437941 0.0424399943 0.8656667004 0.5077838193 
-81.9836063121 0.0424353336 0.8656991342 0.5078038308 
-81.9856242350 0.0424305417 0.8657324828 0.5078241587 
-81.9876987871 0.0424256158 0.8657667662 0.5078447829 
-81.9898312303 0.0424205530 0.8658020047 0.5078656832 
-81.9920228657 0.0424153503 0.8658382194 0.5078868398 
-81.9942750343 0.0424100045 0.8658754319 0.5079082329 
-81.9965891190 0.0424045123 0.8659136646 0.5079298430 
-81.9989665452 0.0423988705 0.8659529405 0.5079516506 
-82.0014087824 0.0423930755 0.8659932832 0.5079736363 
-82.0039173456 0.0423871240 0.8660347173 0.5079957811 
-82.0064937970 0.0423810121 0.8660772678 0.5080180657 
-82.0091397465 0.0423747363 0.8661209609 0.5080404711 
-82.0118568545 0.0423682925 0.8661658232 0.5080629782 
-82.0146468320 0.0423616768 0.8662118823 0.5080855682 
-82.0175114434 0.0423548852 0.8662591665 0.5081082220 
-82.0204525071 0.0423479133 0.8663077052 0.5081309208 
-82.0234718978 0.0423407568 0.8663575284 0.5081536455 
-82.0265715479 0.0423334112 0.8664086673 0.5081763772 
-82.0297534490 0.0423258719 0.8664611537 0.5081990970 
-82.0330196541 0.0423181342 0.8665150207 0.5082217858 
-82.0363722791 0.0423101930 0.8665703022 0.5082444245 
-82.0398135047 0.0423020434 0.8666270330 0.5082669940 
-82.0433455784 0.0422936801 0.8666852492 0.5082894749 
-82.0469708165 0.0422850978 0.8667449879 0.5083118479 
-82.0506916058 0.0422762910 0.8668062871 0.5083340935 
-82.0545104061 0.0422672539 0.8668691862 0.5083561922 
-82.0584297519 0.0422579807 0.8669337256 0.5083781241 
-82.0624522550 0.0422484653 0.8669999468 0.5083998694 
-82.0665806064 0.0422387016 0.8670678929 0.5084214080 
-82.0708175788 0.0422286831 0.8671376077 0.5084427196 
-82.0751660291 0.0422184033 0.8672091368 0.5084637838 
-82.0796289004 0.0422078554 0.8672825268 0.5084845798 
-82.0842092250 0.0421970324 0.8673578257 0.5085050869 
-82.0889101268 0.0421859270 0.8674350830 0.5085252838 
-82.0937348240 0.0421745321 0.8675143496 0.5085451491 
-82.0986866317 0.0421628398 0.8675956777 0.5085646612 
-82.1037689650 0.0421508424 0.8676791211 0.5085837982 
-82.1089853416 0.0421385318 0.8677647353 0.5086025377 
-82.1143393850 0.0421258997 0.8678525771 0.5086208573 
-82.1198348277 0.0421129377 0.8679427051 0.5086387339 
-82.1254755141 0.0420996368 0.8680351794 0.5086561445 
-82.1312654038 0.0420859881 0.8681300619 0.5086730653 
-82.1372085753 0.0420719823 0.8682274163 0.5086894725 
-82.1433092292 0.0420576097 0.8683273079 0.5087053416 
-82.1495716917 0.0420428607 0.8684298040 0.5087206479 
-82.1560004185 0.0420277249 0.8685349736 0.5087353662 
-82.1625999987 0.0420121921 0.8686428877 0.5087494709 
-82.1693751582 0.0419962515 0.8687536193 0.5087629359 
-82.1763307645 0.0419798921 0.8688672433 0.5087757346 
-82.1834718301 0.0419631026 0.8689838368 0.5087878401 
-82.1908035175 0.0419458713 0.8691034789 0.5087992247 
-82.1983311430 0.0419281862 0.8692262509 0.5088098605 
-82.2060601817 0.0419100350 0.8693522361 0.5088197188 
-82.2139962721 0.0418914051 0.8694815204 0.5088287706 
-82.2221452207 0.0418722834 0.8696141917 0.5088369860 
-82.2305130076 0.0418526564 0.8697503405 0.5088443348 
-82.2391057910 0.0418325105 0.8698900596 0.5088507862 
-82.2479299130 0.0418118315 0.8700334441 0.5088563086 
-82.2569919049 0.0417906047 0.8701805919 0.5088608698 
-82.2662984930 0.0417688153 0.8703316034 0.5088644371 
-82.2758566042 0.0417464479 0.8704865815 0.5088669771 
-82.2856733726 0.0417234865 0.8706456319 0.5088684555 
-82.2957561452 0.0416999151 0.8708088630 0.5088688375 
-82.3061124884 0.0416757167 0.8709763860 0.5088680876 
-82.3167501951 0.0416508744 0.8711483151 0.5088661695 
-82.3276772912 0.0416253704 0.8713247672 0.5088630462 
-82.3389020428 0.0415991865 0.8715058624 0.5088586798 
-82.3504329636 0.0415723042 0.8716917236 0.5088530318 
-82.3622788224 0.0415447043 0.8718824770 0.5088460628 
-82.3744486509 0.0415163670 0.8720782518 0.5088377326 
-82.3869517521 0.0414872722 0.8722791806 0.5088280002 
-82.3997977084 0.0414573991 0.8724853992 0.5088168237 
-82.4129963902 0.0414267262 0.8726970467 0.5088041604 
-82.4265579651 0.0413952318 0.8729142656 0.5087899666 
-82.4404929070 0.0413628931 0.8731372019 0.5087741979 
-82.4548120056 0.0413296871 0.8733660052 0.5087568088 
-82.4695263767 0.0412955900 0.8736008284 0.5087377530 
-82.4846474718 0.0412605773 0.8738418284 0.5087169830 
-82.5001870893 0.0412246239 0.8740891656 0.5086944506 
-82.5161573851 0.0411877041 0.8743430040 0.5086701065 
-82.5325708843 0.0411497914 0.8746035118 0.5086439001 
-82.5494404924 0.0411108585 0.8748708607 0.5086157802 
-82.5667795082 0.0410708777 0.8751452264 0.5085856939 
-82.5846016359 0.0410298201 0.8754267887 0.5085535877 
-82.6029209981 0.0409876563 0.8757157313 0.5085194065 
-82.6217521500 0.0409443562 0.8760122420 0.5084830941 
-82.6411100925 0.0408998886 0.8763165125 0.5084445928 
-82.6610102876 0.0408542217 0.8766287389 0.5084038437 
-82.6814686729 0.0408073228 0.8769491214 0.5083607862 
-82.7025016776 0.0407591583 0.8772778643 0.5083153580 
-82.7241262384 0.0407096938 0.8776151762 0.5082674951 
-82.7463598168 0.0406588938 0.8779612702 0.5082171315 
-82.7692204162 0.0406067220 0.8783163632 0.5081641991 
-82.7927266001 0.0405531411 0.8786806767 0.5081086271 
-82.8168975110 0.0404981130 0.8790544367 0.5080503423 
-82.8417528903 0.0404415984 0.8794378730 0.5079892680 
-82.8673130981 0.0403835569 0.8798312202 0.5079253241 
-82.8935991349 0.0403239474 0.8802347169 0.5078584264 
-82.9206326632 0.0402627273 0.8806486061 0.5077884858 
-82.9484360307 0.0401998532 0.8810731351 0.5077154072 
-82.9770322944 0.0401352805 0.8815085554 0.5076390892 
-83.0064452449 0.0400689635 0.8819551226 0.5075594219 
-83.0366994327 0.0400008552 0.8824130966 0.5074762858 
-83.0678201955 0.0399309075 0.8828827412 0.5073895497 
-83.0998336859 0.0398590710 0.8833643244 0.5072990680 
-83.1327669015 0.0397852952 0.8838581178 0.5072046776 
-83.1666477154 0.0397095281 0.8843643973 0.5071061938 
-83.2015049090 0.0396317166 0.8848834420 0.5070034051 
-83.2373682055 0.0395518060 0.8854155350 0.5068960669 
-83.2742683061 0.0394697406 0.8859609625 0.5067838930 
-83.3122369272 0.0393854630 0.8865200144 0.5066665450 
-83.3513068400 0.0392989144 0.8870929835 0.5065436183 
-83.3915119130 0.0392100345 0.8876801656 0.5064146250 
-83.4328871559 0.0391187618 0.8882818594 0.5062789702 
-83.4754687673 0.0390250329 0.8888983660 0.5061359226 
-83.5192941852 0.0389287830 0.8895299892 0.5059845751 
-83.5644021418 0.0388299455 0.8901770347 0.5058237943 
-83.6108327222 0.0387284524 0.8908398103 0.5056521531 
-83.6586274288 0.0386242336 0.8915186258 0.5054678437 
-83.7078292517 0.0385172175 0.8922137924 0.5052685630 
-83.7584827467 0.0384073306 0.8929256227 0.5050513637 
-83.8106341229 0.0382944973 0.8936544310 0.5048124638 
-83.8643313410 0.0381786401 0.8944005327 0.5045470064 
-83.9196242268 0.0380596791 0.8951642446 0.5042487737 
-83.9765646007 0.0379375323 0.8959458851 0.5039098793 
-84.0352064297 0.0378121150 0.8967457747 0.5035205227 
-84.0956060038 0.0376833399 0.8975642362 0.5030689823 
-84.1578221384 0.0375511166 0.8984015959 0.5025420611 
-84.2219164350 0.0374153513 0.8992581843 0.5019307576 
-84.2879540269 0.0372759455 0.9001343447 0.5013035917 
-84.3560027928 0.0371327978 0.9010304188 0.5007978163 
-84.4261304785 0.0369858102 0.9019467046 0.5004350432 
-84.4311774985 0.0369752521 0.9020125515 0.5004133261 
