-83.2920012074 0.0394307565 0.8860446355 0.5029175243 
-83.2922893657 0.0394301168 0.8860488987 0.5029093937 
-83.2928657660 0.0394288372 0.8860574259 0.5028932044 
-83.2937305755 0.0394269175 0.8860702190 0.5028691011 
-83.2948840444 0.0394243572 0.8860872804 0.5028373045 
-83.2963265056 0.0394211557 0.8861086135 0.5027981147 
-83.2980582371 0.0394173124 0.8861342206 0.5027358491 
-83.3000801059 0.0394128256 0.8861641123 0.5026891238 
-83.3023925246 0.0394076946 0.8861982921 0.5026415271 
-83.3049961075 0.0394019183 0.8862367658 0.5025931038 
-83.3078915309 0.0393954955 0.8862795401 0.5025438883 
-83.3110795332 0.0393884248 0.8863266217 0.5024939053 
-83.3145609146 0.0393807047 0.8863780183 0.5024431713 
-83.3183365379 0.0393723337 0.8864337378 0.5023916953 
-83.3224073283 0.0393633101 0.8864937887 0.5023394798 
-83.3267742738 0.0393536321 0.8865581798 0.5022865215 
-83.3314384255 0.0393432980 0.8866269207 0.5022328119 
-83.3364008977 0.0393323056 0.8867000212 0.5021783378 
-83.3416628686 0.0393206529 0.8867774918 0.5021230819 
-83.3472255804 0.0393083376 0.8868593432 0.5020670223 
-83.3530903399 0.0392953575 0.8869455870 0.5020101330 
-83.3592585187 0.0392817102 0.8870362348 0.5019523838 
-83.3657315540 0.0392673930 0.8871312991 0.5018937399 
-83.3725109488 0.0392524035 0.8872307925 0.5018341623 
-83.3795982726 0.0392367387 0.8873347284 0.5017736065 
-83.3869951621 0.0392203959 0.8874431204 0.5017120232 
-83.3947033214 0.0392033720 0.8875559827 0.5016493569 
-83.4027245230 0.0391856640 0.8876733300 0.5015855460 
-83.4110606086 0.0391672687 0.8877951773 0.5015205218 
-83.4197134894 0.0391481828 0.8879215402 0.5014542074 
-83.4286851470 0.0391284028 0.8880524348 0.5013865174 
-83.4379776344 0.0391079252 0.8881878775 0.5013173564 
-83.4475930769 0.0390867464 0.8883278852 0.5012466182 
-83.4575336727 0.0390648625 0.8884724753 0.5011741845 
-83.4678016942 0.0390422697 0.8886216657 0.5010999238 
-83.4783994886 0.0390189640 0.8887754746 0.5010236901 
-83.4893294798 0.0389949412 0.8889339208 0.5009453225 
-83.5005941686 0.0389701971 0.8890970234 0.5008646438 
-83.5121961347 0.0389447274 0.8892648021 0.5007814613 
-83.5241380376 0.0389185274 0.8894372770 0.5006955668 
-83.5364226183 0.0388915926 0.8896144686 0.5006067392 
-83.5490527004 0.0388639183 0.8897963979 0.5005147488 
-83.5620311922 0.0388354995 0.8899830863 0.5004193638 
-83.5753610876 0.0388063313 0.8901745558 0.5003203630 
-83.5890454685 0.0387764085 0.8903708287 0.5002175537 
-83.6030875061 0.0387457258 0.8905719278 0.5001108007 
-83.6174904624 0.0387142778 0.8907778765 0.5000000687 
-83.6322576922 0.0386820590 0.8909886983 0.4998854840 
-83.6473926441 0.0386490636 0.8912044176 0.4997674105 
-83.6628988610 0.0386152858 0.8914250590 0.4996465205 
-83.6787799792 0.0385807197 0.8916506473 0.4995238066 
-83.6869098509 0.0385630357 0.8917659809 0.4994616667 
-83.6954202473 0.0385445320 0.8918866140 0.4993966094 
-83.7043131629 0.0385252053 0.8920125598 0.4993288131 
-83.7135906820 0.0385050523 0.8921438318 0.4992584154 
-83.7232549789 0.0384840695 0.8922804440 0.4991855180 
-83.7333083188 0.0384622533 0.8924224111 0.4991101920 
-83.7437530575 0.0384395998 0.8925697479 0.4990324815 
-83.7545916428 0.0384161051 0.8927224698 0.4989524070 
-83.7658266148 0.0383917652 0.8928805928 0.4988699686 
-83.7774606070 0.0383665758 0.8930441330 0.4987851476 
-83.7894963469 0.0383405327 0.8932131071 0.4986979090 
-83.8019366571 0.0383136314 0.8933875323 0.4986082020 
-83.8147844564 0.0382858672 0.8935674259 0.4985159618 
-83.8280427609 0.0382572354 0.8937528059 0.4984211093 
-83.8417146851 0.0382277312 0.8939436904 0.4983235515 
-83.8558034431 0.0381973494 0.8941400982 0.4982231813 
-83.8703123503 0.0381660850 0.8943420480 0.4981198770 
-83.8852448240 0.0381339325 0.8945495593 0.4980135012 
-83.9006043860 0.0381008867 0.8947626517 0.4979038995 
-83.9163946630 0.0380669418 0.8949813452 0.4977908993 
-83.9326193891 0.0380320921 0.8952056600 0.4976743079 
-83.9492824069 0.0379963317 0.8954356169 0.4975539099 
-83.9663876698 0.0379596546 0.8956712366 0.4974294650 
-83.9839392437 0.0379220546 0.8959125405 0.4973007051 
-84.0019413090 0.0378835254 0.8961595500 0.4971673310 
-84.0203981627 0.0378440604 0.8964122869 0.4970290081 
-84.0393142209 0.0378036531 0.8966707734 0.4968853633 
-84.0586940211 0.0377622965 0.8969350315 0.4967359795 
-84.0785422246 0.0377199839 0.8972050841 0.4965803914 
-84.0988636196 0.0376767080 0.8974809539 0.4964180801 
-84.1196631237 0.0376324616 0.8977626639 0.4962484681 
-84.1409457876 0.0375872372 0.8980502375 0.4960709145 
-84.1627167976 0.0375410272 0.8983436983 0.4958847112 
-84.1849814800 0.0374938238 0.8986430701 0.4956890804 
-84.2077453042 0.0374456190 0.8989483768 0.4954831750 
-84.2310138875 0.0373964047 0.8992596428 0.4952660846 
-84.2547929986 0.0373461726 0.8995768926 0.4950368474 
-84.2790885625 0.0372949141 0.8999001509 0.4947944724 
-84.3039066656 0.0372426205 0.9002294428 0.4945379737 
-84.3292535596 0.0371892828 0.9005647935 0.4942664220 
-84.3551356680 0.0371348920 0.9009062285 0.4939790823 
-84.3815595947 0.0370794386 0.9012537738 0.4936761807 
-84.4085321536 0.0370229131 0.9016074556 0.4933626082 
-84.4360604031 0.0369653054 0.9019673017 0.4930540985 
-84.4641515522 0.0369066055 0.9023333391 0.4927701063 
-84.4928128258 0.0368468033 0.9027055927 0.4925220166 
-84.5220514430 0.0367858892 0.9030840850 0.4923137219 
-84.5518746210 0.0367238534 0.9034688358 0.4921428502 
-84.5822895981 0.0366606866 0.9038598624 0.4920024409 
-83.6869098509 0.0385630357 0.8917659809 0.4994616667 
-83.6954202473 0.0385445320 0.8918866140 0.4993966094 
-83.7043131629 0.0385252053 0.8920125598 0.4993288131 
-83.7135906819 0.0385050523 0.8921438318 0.4992584154 
-83.7232549789 0.0384840695 0.8922804440 0.4991855180 
-83.7333083188 0.0384622533 0.8924224111 0.4991101920 
-83.7437530575 0.0384395998 0.8925697479 0.4990324815 
-83.7545916428 0.0384161051 0.8927224698 0.4989524070 
-83.7658266148 0.0383917652 0.8928805928 0.4988699686 
-83.7774606070 0.0383665758 0.8930441330 0.4987851476 
-83.7894963469 0.0383405327 0.8932131071 0.4986979090 
-83.8019366571 0.0383136314 0.8933875323 0.4986082020 
-83.8147844564 0.0382858672 0.8935674259 0.4985159618 
-83.8280427609 0.0382572354 0.8937528059 0.4984211093 
-83.8417146851 0.0382277312 0.8939436904 0.4983235515 
-83.8558034431 0.0381973494 0.8941400982 0.4982231813 
-83.8703123502 0.0381660850 0.8943420480 0.4981198770 
-83.8852448240 0.0381339325 0.8945495593 0.4980135012 
-83.9006043860 0.0381008867 0.8947626517 0.4979038995 
-83.9163946630 0.0380669418 0.8949813452 0.4977908993 
-83.9326193890 0.0380320921 0.8952056600 0.4976743079 
-83.9492824069 0.0379963317 0.8954356169 0.4975539099 
-83.9663876698 0.0379596546 0.8956712366 0.4974294650 
-83.9839392437 0.0379220546 0.8959125405 0.4973007051 
-84.0019413090 0.0378835254 0.8961595500 0.4971673310 
-84.0203981627 0.0378440604 0.8964122869 0.4970290081 
-84.0393142209 0.0378036531 0.8966707734 0.4968853633 
-84.0586940211 0.0377622965 0.8969350315 0.4967359795 
-84.0785422246 0.0377199839 0.8972050841 0.4965803914 
-84.0988636195 0.0376767080 0.8974809539 0.4964180801 
-84.1196631237 0.0376324616 0.8977626639 0.4962484681 
-84.1409457875 0.0375872372 0.8980502375 0.4960709145 
-84.1627167975 0.0375410272 0.8983436983 0.4958847112 
-84.1849814799 0.0374938238 0.8986430701 0.4956890804 
-84.2077453042 0.0374456190 0.8989483768 0.4954831750 
-84.2310138875 0.0373964047 0.8992596428 0.4952660846 
-84.2547929985 0.0373461726 0.8995768926 0.4950368474 
-84.2790885625 0.0372949141 0.8999001509 0.4947944724 
-84.3039066655 0.0372426205 0.9002294428 0.4945379737 
-84.3292535596 0.0371892828 0.9005647935 0.4942664220 
-84.3551356679 0.0371348920 0.9009062285 0.4939790823 
-84.3815595946 0.0370794386 0.9012537738 0.4936761807 
-84.4085321536 0.0370229131 0.9016074556 0.4933626082 
-84.4360604030 0.0369653054 0.9019673017 0.4930540985 
-84.4641515522 0.0369066055 0.9023333391 0.4927701063 
-84.4928128258 0.0368468033 0.9027055927 0.4925220166 
-84.5220514429 0.0367858892 0.9030840850 0.4923137219 
-84.5518746209 0.0367238534 0.9034688358 0.4921428502 
-84.5822895981 0.0366606866 0.9038598624 0.4920024409 
-84.5896173900 0.0366454828 0.9039539652 0.4919718451 
-84.5896173900 0.0366454828 0.9039539651 0.4919718451 
