-78.7141631381 0.0508898239 0.8008338541 0.4837686251 
-78.7143255199 0.0508893683 0.8008374923 0.4837599501 
-78.7146503326 0.0508884570 0.8008447700 0.4837426653 
-78.7151376746 0.0508870898 0.8008556890 0.4837169077 
-78.7157876937 0.0508852661 0.8008702527 0.4836828864 
-78.7166005832 0.0508829856 0.8008884652 0.4836408594 
-78.7175553749 0.0508803072 0.8009098123 0.4833720197 
-78.7186972423 0.0508771041 0.8009353990 0.4833328068 
-78.7200042908 0.0508734379 0.8009646884 0.4832947564 
-78.7214767497 0.0508693080 0.8009976846 0.4832578184 
-78.7231148608 0.0508647138 0.8010343923 0.4832219725 
-78.7249188770 0.0508596547 0.8010748161 0.4831872145 
-78.7268890617 0.0508541302 0.8011189607 0.4831535485 
-78.7290256877 0.0508481395 0.8011668309 0.4831209757 
-78.7313290373 0.0508416822 0.8012184316 0.4830894964 
-78.7337994037 0.0508347574 0.8012737678 0.4830591205 
-78.7364370906 0.0508273645 0.8013328444 0.4830298667 
-78.7392424119 0.0508195029 0.8013956667 0.4830017572 
-78.7422156895 0.0508111718 0.8014622399 0.4829747962 
-78.7453572543 0.0508023705 0.8015325690 0.4829489816 
-78.7486674462 0.0507930982 0.8016066595 0.4829243003 
-78.7521466142 0.0507833544 0.8016845166 0.4829007315 
-78.7557951172 0.0507731380 0.8017661457 0.4828782513 
-78.7596133236 0.0507624485 0.8018515522 0.4828568306 
-78.7636016130 0.0507512850 0.8019407418 0.4828364441 
-78.7677603747 0.0507396468 0.8020337199 0.4828170619 
-78.7720900094 0.0507275329 0.8021304923 0.4827986594 
-78.7765909287 0.0507149425 0.8022310648 0.4827812098 
-78.7812635551 0.0507018749 0.8023354432 0.4827646882 
-78.7861083227 0.0506883291 0.8024436335 0.4827490715 
-78.7911256769 0.0506743042 0.8025556417 0.4827343339 
-78.7963160750 0.0506597993 0.8026714739 0.4827204548 
-78.8016799855 0.0506448134 0.8027911365 0.4827074082 
-78.8072178896 0.0506293457 0.8029146357 0.4826951735 
-78.8129302799 0.0506133952 0.8030419779 0.4826837261 
-78.8188176619 0.0505969608 0.8031731697 0.4826730439 
-78.8248805534 0.0505800416 0.8033082177 0.4826631044 
-78.8311194845 0.0505626365 0.8034471286 0.4826538834 
-78.8375349989 0.0505447444 0.8035899093 0.4826453603 
-78.8441276525 0.0505263643 0.8037365667 0.4826375096 
-78.8508980154 0.0505074952 0.8038871079 0.4826303113 
-78.8578466703 0.0504881357 0.8040415400 0.4826237402 
-78.8649742142 0.0504682849 0.8041998703 0.4826177749 
-78.8722812577 0.0504479416 0.8043621062 0.4826123921 
-78.8797684254 0.0504271045 0.8045282552 0.4826075683 
-78.8874363566 0.0504057725 0.8046983250 0.4826032820 
-78.8952857046 0.0503839443 0.8048723233 0.4825995080 
-78.9033171380 0.0503616187 0.8050502579 0.4825962257 
-78.9115313399 0.0503387943 0.8052321369 0.4825934093 
-78.9199290091 0.0503154699 0.8054179684 0.4825910379 
-78.9285108595 0.0502916441 0.8056077606 0.4825890864 
-78.9372776208 0.0502673155 0.8058015220 0.4825875318 
-78.9462300388 0.0502424828 0.8059992609 0.4825863511 
-78.9553688753 0.0502171445 0.8062009862 0.4825855189 
-78.9646949088 0.0501912992 0.8064067064 0.4825850136 
-78.9742089341 0.0501649454 0.8066164307 0.4825848080 
-78.9839117636 0.0501380816 0.8068301680 0.4825848808 
-78.9938042265 0.0501107063 0.8070479274 0.4825852048 
-79.0038871697 0.0500828178 0.8072697185 0.4825857567 
-79.0141614578 0.0500544147 0.8074955506 0.4825865108 
-79.0246279738 0.0500254953 0.8077254333 0.4825874409 
-79.0352876188 0.0499960579 0.8079593765 0.4825885227 
-79.0461413126 0.0499661009 0.8081973900 0.4825897274 
-79.0571899945 0.0499356225 0.8084394840 0.4825910310 
-79.0684346223 0.0499046210 0.8086856686 0.4825924031 
-79.0798761742 0.0498730945 0.8089359542 0.4825938183 
-79.0915156478 0.0498410414 0.8091903514 0.4825952459 
-79.1033540613 0.0498084596 0.8094488709 0.4825966572 
-79.1153924534 0.0497753475 0.8097115234 0.4825980219 
-79.1276318837 0.0497417029 0.8099783201 0.4825993069 
-79.1400734335 0.0497075240 0.8102492720 0.4826004817 
-79.1527182051 0.0496728087 0.8105243905 0.4826015090 
-79.1655673234 0.0496375551 0.8108036870 0.4826023558 
-79.1786219353 0.0496017611 0.8110871734 0.4826029814 
-79.1918832110 0.0495654245 0.8113748613 0.4826033479 
-79.2053523432 0.0495285433 0.8116667627 0.4826034110 
-79.2190305487 0.0494911152 0.8119628898 0.4826031253 
-79.2329190681 0.0494531380 0.8122632550 0.4826024418 
-79.2470191662 0.0494146095 0.8125678708 0.4826013056 
-79.2613321330 0.0493755273 0.8128767497 0.4825996599 
-79.2758592833 0.0493358892 0.8131899047 0.4825974377 
-79.2906019580 0.0492956927 0.8135073489 0.4825945699 
-79.3055615236 0.0492549353 0.8138290953 0.4825909737 
-79.3207393738 0.0492136147 0.8141551573 0.4825865612 
-79.3361369286 0.0491717283 0.8144855486 0.4825812269 
-79.3517556361 0.0491292736 0.8148202829 0.4825748550 
-79.3675969717 0.0490862479 0.8151593740 0.4825673060 
-79.3836624395 0.0490426485 0.8155028360 0.4825584214 
-79.3999535717 0.0489984729 0.8158506833 0.4825480088 
-79.4164719299 0.0489537182 0.8162029301 0.4825358425 
-79.4332191045 0.0489083817 0.8165595912 0.4825216449 
-79.4501967151 0.0488624605 0.8169206812 0.4825050810 
-79.4674064102 0.0488159518 0.8172862150 0.4824857325 
-79.4848498672 0.0487688526 0.8176562076 0.4824630814 
-79.5025287913 0.0487211600 0.8180306741 0.4824364773 
-79.5204449158 0.0486728709 0.8184096296 0.4824051056 
-79.5386000022 0.0486239824 0.8187930894 0.4823679627 
-79.5569958449 0.0485744914 0.8191810687 0.4823238580 
-79.5756342853 0.0485243946 0.8195735835 0.4822715238 
-79.5945172511 0.0484736887 0.8199706510 0.4822099933 
-79.6136468427 0.0484223700 0.8203722917 0.4821394999 
-79.6233362418 0.0483963953 0.8205755013 0.4821018007 
-79.6332764877 0.0483697613 0.8207838573 0.4820637071 
-79.6434687044 0.0483424659 0.8209973704 0.4820252696 
-79.6539140376 0.0483145072 0.8212160513 0.4819864797 
-79.6646136573 0.0482858832 0.8214399107 0.4819472870 
-79.6755687590 0.0482565916 0.8216689594 0.4819076112 
-79.6867805663 0.0482266304 0.8219032086 0.4818673628 
-79.6982503311 0.0481959974 0.8221426693 0.4818264394 
-79.7099793362 0.0481646903 0.8223873528 0.4817847440 
-79.7219688948 0.0481327069 0.8226372708 0.4817421793 
-79.7342203526 0.0481000449 0.8228924348 0.4816986544 
-79.7467350879 0.0480667018 0.8231528568 0.4816540886 
-79.7595145124 0.0480326752 0.8234185490 0.4816084070 
-79.7725600723 0.0479979627 0.8236895236 0.4815615492 
-79.7858732483 0.0479625617 0.8239657932 0.4815134586 
-79.7994555565 0.0479264695 0.8242473707 0.4814640922 
-79.8133085480 0.0478896837 0.8245342688 0.4814134093 
-79.8274338103 0.0478522013 0.8248265009 0.4813613768 
-79.8418329670 0.0478140197 0.8251240803 0.4813079652 
-79.8565076784 0.0477751361 0.8254270205 0.4812531452 
-79.8714596422 0.0477355475 0.8257353353 0.4811968938 
-79.8866905930 0.0476952510 0.8260490387 0.4811391830 
-79.9022023046 0.0476542437 0.8263681447 0.4810799920 
-79.9179965882 0.0476125224 0.8266926677 0.4810192948 
-79.9340752952 0.0475700841 0.8270226220 0.4809570697 
-79.9504403160 0.0475269256 0.8273580225 0.4808932937 
-79.9670935814 0.0474830437 0.8276988838 0.4808279431 
-79.9840370634 0.0474384350 0.8280452209 0.4807609978 
-80.0012727750 0.0473930963 0.8283970491 0.4806924331 
-80.0188027716 0.0473470241 0.8287543835 0.4806222307 
-80.0366291507 0.0473002149 0.8291172396 0.4805503662 
-80.0547540538 0.0472526653 0.8294856330 0.4804768217 
-80.0731796658 0.0472043716 0.8298595795 0.4804015751 
-80.0919082163 0.0471553301 0.8302390948 0.4803246073 
-80.1109419803 0.0471055372 0.8306241950 0.4802458998 
-80.1302832783 0.0470549891 0.8310148963 0.4801654319 
-80.1499344779 0.0470036818 0.8314112147 0.4800831884 
-80.1698979935 0.0469516116 0.8318131667 0.4799991485 
-80.1901762880 0.0468987744 0.8322207688 0.4799132986 
-80.2107718725 0.0468451662 0.8326340375 0.4798256196 
-80.2316873080 0.0467907828 0.8330529893 0.4797360981 
-80.2529252055 0.0467356201 0.8334776411 0.4796447181 
-80.2744882271 0.0466796739 0.8339080097 0.4795514653 
-80.2963790867 0.0466229399 0.8343441118 0.4794563276 
-80.3186005505 0.0465654136 0.8347859645 0.4793592899 
-80.3411554386 0.0465070907 0.8352335846 0.4792603433 
-80.3640466248 0.0464479665 0.8356869893 0.4791594730 
-80.3872770384 0.0463880366 0.8361461955 0.4790566719 
-80.4108496641 0.0463272963 0.8366112202 0.4789519273 
-80.4347675440 0.0462657408 0.8370820807 0.4788452319 
-80.4590337776 0.0462033655 0.8375587938 0.4787365764 
-80.4836515229 0.0461401653 0.8380413767 0.4786259522 
-80.5086239977 0.0460761354 0.8385298464 0.4785133537 
-80.5339544800 0.0460112708 0.8390242198 0.4783987711 
-80.5596463098 0.0459455664 0.8395245140 0.4782822012 
-80.5857028887 0.0458790171 0.8400307456 0.4781636338 
-80.6121276827 0.0458116176 0.8405429317 0.4780430662 
-80.6389242215 0.0457433627 0.8410610887 0.4779204889 
-80.6660961010 0.0456742469 0.8415852334 0.4777958975 
-80.6936469832 0.0456042650 0.8421153821 0.4776692836 
-80.7215805982 0.0455334112 0.8426515513 0.4775406395 
-80.7499007449 0.0454616802 0.8431937571 0.4774099574 
-80.7786112919 0.0453890662 0.8437420155 0.4772772247 
-80.8077161795 0.0453155634 0.8442963422 0.4771424326 
-80.8372194200 0.0452411662 0.8448567531 0.4770055632 
-80.8671250996 0.0451658685 0.8454232633 0.4768666034 
-80.8974373792 0.0450896645 0.8459958882 0.4767255293 
-80.9281604964 0.0450125482 0.8465746425 0.4765823200 
-80.9592987656 0.0449345133 0.8471595410 0.4764369442 
-80.9908565810 0.0448555538 0.8477505979 0.4762893693 
-81.0228384168 0.0447756634 0.8483478272 0.4761395539 
-81.0552488289 0.0446948358 0.8489512427 0.4759874498 
-81.0880924570 0.0446130645 0.8495608576 0.4758330010 
-81.1213740253 0.0445303430 0.8501766849 0.4756761395 
-81.1550983450 0.0444466649 0.8507987371 0.4755167888 
-81.1892703151 0.0443620234 0.8514270264 0.4753548554 
-81.2238949248 0.0442764119 0.8520615644 0.4751902347 
-81.2589772549 0.0441898235 0.8527023624 0.4750227998 
-81.2945224797 0.0441022514 0.8533494310 0.4748524076 
-81.3305358689 0.0440136887 0.8540027806 0.4746788864 
-81.3670227895 0.0439241282 0.8546624207 0.4745020385 
-81.4039887076 0.0438335628 0.8553283606 0.4743216287 
-81.4414391902 0.0437419855 0.8560006087 0.4741373771 
-81.4793799070 0.0436493888 0.8566791730 0.4739489482 
-81.5178166318 0.0435557655 0.8573640606 0.4737559258 
-81.5567552431 0.0434611081 0.8580552782 0.4735577890 
-81.5962017243 0.0433654092 0.8587528315 0.4733538600 
-81.6361621611 0.0432686610 0.8594567252 0.4731432246 
-81.6766427364 0.0431708562 0.8601669632 0.4729246006 
-81.7176497183 0.0430719870 0.8608835480 0.4726961055 
-81.7591894356 0.0429720460 0.8616064800 0.4724548283 
-81.8012682209 0.0428710257 0.8623357568 0.4721959488 
-81.8438922568 0.0427689193 0.8630713701 0.4719104826 
-81.8870669791 0.0426657222 0.8638132952 0.4715770169 
-81.9307927626 0.0425614417 0.8645614126 0.4711037505 
-81.9750392262 0.0424561586 0.8653150476 0.4699811772 
-82.0199248956 0.0423495995 0.8660762058 0.4696536667 
-82.0654056246 0.0422418792 0.8668439472 0.4694386024 
-82.1114843394 0.0421330001 0.8676181821 0.4692760932 
-79.6233362418 0.0483963953 0.8205755013 0.4821018007 
-79.6332764877 0.0483697613 0.8207838573 0.4820637071 
-79.6434687044 0.0483424659 0.8209973704 0.4820252696 
-79.6539140376 0.0483145072 0.8212160513 0.4819864797 
-79.6646136573 0.0482858832 0.8214399107 0.4819472870 
-79.6755687590 0.0482565916 0.8216689594 0.4819076112 
-79.6867805663 0.0482266304 0.8219032086 0.4818673628 
-79.6982503311 0.0481959974 0.8221426693 0.4818264394 
-79.7099793362 0.0481646903 0.8223873528 0.4817847440 
-79.7219688949 0.0481327069 0.8226372708 0.4817421793 
-79.7342203526 0.0481000449 0.8228924348 0.4816986544 
-79.7467350879 0.0480667018 0.8231528568 0.4816540886 
-79.7595145124 0.0480326752 0.8234185490 0.4816084070 
-79.7725600724 0.0479979627 0.8236895236 0.4815615492 
-79.7858732484 0.0479625617 0.8239657932 0.4815134586 
-79.7994555565 0.0479264695 0.8242473707 0.4814640922 
-79.8133085480 0.0478896837 0.8245342688 0.4814134093 
-79.8274338103 0.0478522013 0.8248265009 0.4813613768 
-79.8418329670 0.0478140197 0.8251240803 0.4813079652 
-79.8565076784 0.0477751361 0.8254270205 0.4812531452 
-79.8714596422 0.0477355475 0.8257353353 0.4811968938 
-79.8866905931 0.0476952510 0.8260490387 0.4811391830 
-79.9022023046 0.0476542437 0.8263681447 0.4810799920 
-79.9179965882 0.0476125224 0.8266926677 0.4810192948 
-79.9340752952 0.0475700841 0.8270226220 0.4809570697 
-79.9504403160 0.0475269256 0.8273580225 0.4808932937 
-79.9670935814 0.0474830437 0.8276988838 0.4808279431 
-79.9840370635 0.0474384350 0.8280452209 0.4807609978 
-80.0012727750 0.0473930963 0.8283970491 0.4806924331 
-80.0188027716 0.0473470241 0.8287543835 0.4806222307 
-80.0366291507 0.0473002149 0.8291172396 0.4805503662 
-80.0547540538 0.0472526653 0.8294856330 0.4804768217 
-80.0731796658 0.0472043716 0.8298595795 0.4804015751 
-80.0919082163 0.0471553301 0.8302390948 0.4803246073 
-80.1109419803 0.0471055372 0.8306241950 0.4802458998 
-80.1302832783 0.0470549891 0.8310148963 0.4801654319 
-80.1499344779 0.0470036818 0.8314112147 0.4800831884 
-80.1698979935 0.0469516116 0.8318131667 0.4799991485 
-80.1901762880 0.0468987744 0.8322207688 0.4799132986 
-80.2107718725 0.0468451662 0.8326340375 0.4798256196 
-80.2316873080 0.0467907828 0.8330529893 0.4797360981 
-80.2529252055 0.0467356201 0.8334776411 0.4796447181 
-80.2744882271 0.0466796739 0.8339080097 0.4795514653 
-80.2963790867 0.0466229399 0.8343441118 0.4794563276 
-80.3186005505 0.0465654136 0.8347859645 0.4793592899 
-80.3411554387 0.0465070907 0.8352335846 0.4792603433 
-80.3640466248 0.0464479665 0.8356869893 0.4791594730 
-80.3872770384 0.0463880366 0.8361461955 0.4790566719 
-80.4108496641 0.0463272963 0.8366112202 0.4789519273 
-80.4347675441 0.0462657408 0.8370820807 0.4788452319 
-80.4590337776 0.0462033655 0.8375587938 0.4787365764 
-80.4836515229 0.0461401653 0.8380413767 0.4786259522 
-80.5086239977 0.0460761354 0.8385298464 0.4785133537 
-80.5339544801 0.0460112708 0.8390242198 0.4783987711 
-80.5596463098 0.0459455664 0.8395245140 0.4782822012 
-80.5857028887 0.0458790171 0.8400307456 0.4781636338 
-80.6121276827 0.0458116176 0.8405429317 0.4780430662 
-80.6389242215 0.0457433627 0.8410610887 0.4779204889 
-80.6660961010 0.0456742469 0.8415852334 0.4777958975 
-80.6936469833 0.0456042650 0.8421153821 0.4776692836 
-80.7215805983 0.0455334112 0.8426515513 0.4775406395 
-80.7499007449 0.0454616802 0.8431937571 0.4774099574 
-80.7786112919 0.0453890662 0.8437420155 0.4772772247 
-80.8077161796 0.0453155634 0.8442963422 0.4771424326 
-80.8372194200 0.0452411662 0.8448567531 0.4770055632 
-80.8671250997 0.0451658685 0.8454232633 0.4768666034 
-80.8974373793 0.0450896645 0.8459958882 0.4767255293 
-80.9281604964 0.0450125482 0.8465746425 0.4765823200 
-80.9592987657 0.0449345133 0.8471595410 0.4764369442 
-80.9908565811 0.0448555538 0.8477505979 0.4762893693 
-81.0228384168 0.0447756634 0.8483478272 0.4761395539 
-81.0552488289 0.0446948358 0.8489512427 0.4759874498 
-81.0880924570 0.0446130645 0.8495608576 0.4758330010 
-81.1213740253 0.0445303430 0.8501766849 0.4756761395 
-81.1550983450 0.0444466649 0.8507987371 0.4755167888 
-81.1892703151 0.0443620234 0.8514270264 0.4753548554 
-81.2238949249 0.0442764119 0.8520615644 0.4751902347 
-81.2589772549 0.0441898235 0.8527023624 0.4750227998 
-81.2945224798 0.0441022514 0.8533494310 0.4748524076 
-81.3305358690 0.0440136887 0.8540027806 0.4746788864 
-81.3670227896 0.0439241282 0.8546624207 0.4745020385 
-81.4039887077 0.0438335628 0.8553283606 0.4743216287 
-81.4414391902 0.0437419855 0.8560006087 0.4741373771 
-81.4793799071 0.0436493888 0.8566791730 0.4739489482 
-81.5178166318 0.0435557655 0.8573640606 0.4737559258 
-81.5567552432 0.0434611081 0.8580552782 0.4735577890 
-81.5962017244 0.0433654092 0.8587528315 0.4733538600 
-81.6361621612 0.0432686610 0.8594567252 0.4731432246 
-81.6766427364 0.0431708562 0.8601669632 0.4729246006 
-81.7176497184 0.0430719870 0.8608835480 0.4726961055 
-81.7591894356 0.0429720460 0.8616064800 0.4724548283 
-81.8012682209 0.0428710257 0.8623357568 0.4721959488 
-81.8438922569 0.0427689193 0.8630713701 0.4719104826 
-81.8870669791 0.0426657222 0.8638132952 0.4715770169 
-81.9307927627 0.0425614417 0.8645614126 0.4711037505 
-81.9750392262 0.0424561586 0.8653150476 0.4699811772 
-82.0199248957 0.0423495995 0.8660762058 0.4696536667 
-82.0654056246 0.0422418792 0.8668439472 0.4694386024 
-82.1114843395 0.0421330001 0.8676181821 0.4692760932 
-82.1319217129 0.0420847835 0.8679643836 0.4691544924 
-82.1319217129 0.0420847835 0.8679643836 0.4691544924 
