-78.0398646328 0.0528148415 0.7848628005 0.4699680601 
-78.0399414596 0.0528146185 0.7848646132 0.4699597182 
-78.0400951237 0.0528141726 0.7848682390 0.4699429874 
-78.0403256491 0.0528135035 0.7848736782 0.4699178066 
-78.0406330814 0.0528126113 0.7848809321 0.4698841908 
-78.0410175050 0.0528114957 0.7848900027 0.4698424131 
-78.0414628530 0.0528102033 0.7849004739 0.4696162611 
-78.0420040702 0.0528086327 0.7849132501 0.4695833778 
-78.0426235448 0.0528068350 0.7849278752 0.4695508461 
-78.0433213457 0.0528048101 0.7849443506 0.4695186961 
-78.0440975422 0.0528025578 0.7849626779 0.4694869488 
-78.0449522046 0.0528000779 0.7849828586 0.4694556170 
-78.0458854045 0.0527973703 0.7850048941 0.4694247079 
-78.0468972144 0.0527944347 0.7850287859 0.4693942233 
-78.0479877080 0.0527912709 0.7850545356 0.4693641611 
-78.0491569604 0.0527878789 0.7850821445 0.4693345161 
-78.0504050483 0.0527842583 0.7851116142 0.4693052818 
-78.0517320498 0.0527804091 0.7851429462 0.4692764504 
-78.0531380445 0.0527763311 0.7851761418 0.4692480120 
-78.0546231136 0.0527720240 0.7852112027 0.4692199564 
-78.0561873400 0.0527674876 0.7852481304 0.4691922736 
-78.0578308084 0.0527627219 0.7852869262 0.4691649531 
-78.0595536049 0.0527577265 0.7853275919 0.4691379832 
-78.0613558176 0.0527525013 0.7853701288 0.4691113529 
-78.0632375365 0.0527470460 0.7854145386 0.4690850520 
-78.0651988530 0.0527413606 0.7854608227 0.4690590699 
-78.0672398608 0.0527354447 0.7855089828 0.4690333954 
-78.0693606551 0.0527292983 0.7855590204 0.4690080191 
-78.0715613333 0.0527229210 0.7856109371 0.4689829320 
-78.0738419946 0.0527163126 0.7856647346 0.4689581245 
-78.0762027401 0.0527094730 0.7857204143 0.4689335878 
-78.0786436729 0.0527024019 0.7857779780 0.4689093146 
-78.0811648984 0.0526950991 0.7858374273 0.4688852974 
-78.0837665234 0.0526875644 0.7858987639 0.4688615284 
-78.0864486571 0.0526797975 0.7859619893 0.4688380009 
-78.0892114109 0.0526717983 0.7860271054 0.4688147096 
-78.0920548979 0.0526635665 0.7860941138 0.4687916477 
-78.0949792333 0.0526551018 0.7861630162 0.4687688090 
-78.0979845347 0.0526464041 0.7862338144 0.4687461887 
-78.1010709214 0.0526374730 0.7863065101 0.4687237817 
-78.1042385152 0.0526283084 0.7863811050 0.4687015820 
-78.1074874396 0.0526189100 0.7864576009 0.4686795846 
-78.1108178206 0.0526092775 0.7865359997 0.4686577857 
-78.1142297862 0.0525994107 0.7866163030 0.4686361797 
-78.1177234666 0.0525893093 0.7866985129 0.4686147613 
-78.1212989942 0.0525789732 0.7867826310 0.4685935268 
-78.1249565036 0.0525684019 0.7868686592 0.4685724718 
-78.1286961317 0.0525575953 0.7869565994 0.4685515908 
-78.1325180175 0.0525465530 0.7870464535 0.4685308795 
-78.1364223024 0.0525352749 0.7871382234 0.4685103344 
-78.1404091301 0.0525237606 0.7872319110 0.4684899505 
-78.1444786465 0.0525120098 0.7873275183 0.4684697228 
-78.1486310000 0.0525000224 0.7874250471 0.4684496480 
-78.1528663412 0.0524877979 0.7875244995 0.4684297221 
-78.1571848230 0.0524753360 0.7876258774 0.4684099397 
-78.1615866009 0.0524626366 0.7877291829 0.4683902971 
-78.1660718328 0.0524496993 0.7878344179 0.4683707910 
-78.1706406789 0.0524365238 0.7879415845 0.4683514166 
-78.1752933019 0.0524231098 0.7880506848 0.4683321692 
-78.1800298669 0.0524094569 0.7881617208 0.4683130461 
-78.1848505419 0.0523955650 0.7882746946 0.4682940430 
-78.1897554967 0.0523814336 0.7883896083 0.4682751551 
-78.1947449044 0.0523670624 0.7885064640 0.4682563790 
-78.1998189402 0.0523524512 0.7886252640 0.4682377116 
-78.2049777820 0.0523375995 0.7887460103 0.4682191481 
-78.2102216104 0.0523225071 0.7888687051 0.4682006844 
-78.2155506086 0.0523071736 0.7889933507 0.4681823178 
-78.2209649624 0.0522915987 0.7891199493 0.4681640443 
-78.2264648603 0.0522757821 0.7892485030 0.4681458591 
-78.2320504937 0.0522597233 0.7893790142 0.4681277594 
-78.2377220566 0.0522434221 0.7895114851 0.4681097421 
-78.2434797455 0.0522268780 0.7896459180 0.4680918023 
-78.2493237602 0.0522100908 0.7897823153 0.4680739363 
-78.2552543031 0.0521930600 0.7899206792 0.4680561418 
-78.2612715792 0.0521757854 0.7900610122 0.4680384145 
-78.2673757967 0.0521582664 0.7902033166 0.4680207499 
-78.2735671666 0.0521405028 0.7903475948 0.4680031455 
-78.2798459029 0.0521224941 0.7904938492 0.4679855980 
-78.2862122222 0.0521042400 0.7906420823 0.4679681025 
-78.2926663446 0.0520857400 0.7907922964 0.4679506559 
-78.2992084928 0.0520669939 0.7909444942 0.4679332556 
-78.3058388929 0.0520480011 0.7910986780 0.4679158969 
-78.3125577736 0.0520287613 0.7912548504 0.4678985758 
-78.3193653671 0.0520092741 0.7914130139 0.4678812900 
-78.3262619087 0.0519895390 0.7915731712 0.4678640355 
-78.3332476365 0.0519695556 0.7917353247 0.4678468074 
-78.3403227922 0.0519493235 0.7918994771 0.4678296030 
-78.3474876207 0.0519288423 0.7920656310 0.4678124191 
-78.3547423698 0.0519081116 0.7922337890 0.4677952508 
-78.3620872909 0.0518871308 0.7924039538 0.4677780940 
-78.3695226387 0.0518658996 0.7925761281 0.4677609462 
-78.3770486711 0.0518444175 0.7927503146 0.4677438026 
-78.3846656494 0.0518226840 0.7929265160 0.4677266583 
-78.3923738385 0.0518006987 0.7931047351 0.4677095103 
-78.4001735067 0.0517784612 0.7932849746 0.4676923545 
-78.4080649257 0.0517559709 0.7934672374 0.4676751851 
-78.4160483706 0.0517332273 0.7936515262 0.4676579981 
-78.4241241205 0.0517102301 0.7938378439 0.4676407900 
-78.4322924576 0.0516869786 0.7940261934 0.4676235545 
-78.4405536681 0.0516634725 0.7942165774 0.4676062863 
-78.4489080417 0.0516397111 0.7944089991 0.4675889815 
-78.4573558720 0.0516156941 0.7946034611 0.4675716341 
-78.4658974559 0.0515914209 0.7947999666 0.4675542370 
-78.4745330946 0.0515668909 0.7949985185 0.4675367855 
-78.4832630930 0.0515421037 0.7951991197 0.4675192735 
-78.4920877596 0.0515170587 0.7954017733 0.4675016927 
-78.5010074072 0.0514917554 0.7956064824 0.4674840364 
-78.5100223524 0.0514661933 0.7958132499 0.4674662980 
-78.5191329156 0.0514403718 0.7960220790 0.4674484682 
-78.5283394216 0.0514142903 0.7962329728 0.4674305379 
-78.5376421991 0.0513879483 0.7964459344 0.4674124990 
-78.5470415810 0.0513613453 0.7966609669 0.4673943409 
-78.5565379042 0.0513344806 0.7968780736 0.4673760517 
-78.5661315100 0.0513073537 0.7970972576 0.4673576207 
-78.5758227442 0.0512799640 0.7973185222 0.4673390356 
-78.5856119564 0.0512523109 0.7975418705 0.4673202810 
-78.5954995009 0.0512243938 0.7977673060 0.4673013426 
-78.6054857364 0.0511962121 0.7979948318 0.4672822046 
-78.6155710262 0.0511677652 0.7982244512 0.4672628477 
-78.6257557377 0.0511390525 0.7984561677 0.4672432521 
-78.6360402435 0.0511100733 0.7986899846 0.4672233973 
-78.6464249202 0.0510808271 0.7989259052 0.4672032579 
-78.6569101494 0.0510513131 0.7991639330 0.4671828067 
-78.6674963177 0.0510215307 0.7994040714 0.4671620155 
-78.6781838159 0.0509914794 0.7996463239 0.4671408503 
-78.6889730399 0.0509611583 0.7998906939 0.4671192733 
-78.6998643908 0.0509305669 0.8001371849 0.4670972444 
-78.7108582741 0.0508997045 0.8003858006 0.4670747160 
-78.7219551006 0.0508685704 0.8006365444 0.4670516344 
-78.7331552860 0.0508371639 0.8008894199 0.4670279411 
-78.7444592510 0.0508054842 0.8011444306 0.4670035666 
-78.7558674214 0.0507735308 0.8014015803 0.4669784324 
-78.7673802282 0.0507413029 0.8016608725 0.4669524498 
-78.7789981072 0.0507087997 0.8019223110 0.4669255138 
-78.7907214994 0.0506760206 0.8021858992 0.4668975050 
-78.8025508509 0.0506429647 0.8024516411 0.4668682845 
-78.8144866123 0.0506096315 0.8027195401 0.4668376887 
-78.8265292397 0.0505760201 0.8029896001 0.4668055297 
-78.8386791936 0.0505421297 0.8032618247 0.4667715852 
-78.8509369394 0.0505079596 0.8035362176 0.4667355990 
-78.8633029474 0.0504735091 0.8038127826 0.4666972734 
-78.8757776932 0.0504387774 0.8040915233 0.4666562704 
-78.8883616586 0.0504037636 0.8043724436 0.4666122154 
-78.9010553339 0.0503684670 0.8046555471 0.4665647150 
-78.9138592216 0.0503328869 0.8049408380 0.4665133978 
-78.9267738448 0.0502970222 0.8052283206 0.4664579988 
-78.9397997592 0.0502608720 0.8055180000 0.4663984998 
-78.9529375712 0.0502244353 0.8058098822 0.4663353385 
-78.9595628065 0.0502060699 0.8059569707 0.4663027994 
-78.9663012237 0.0501873969 0.8061065251 0.4662702908 
-78.9731531230 0.0501684159 0.8062585482 0.4662378407 
-78.9801188079 0.0501491264 0.8064130427 0.4662054640 
-78.9871985851 0.0501295278 0.8065700112 0.4661731641 
-78.9943927650 0.0501096196 0.8067294565 0.4661409325 
-79.0017016616 0.0500894013 0.8068913813 0.4661087543 
-79.0091255934 0.0500688724 0.8070557883 0.4660766110 
-79.0166648830 0.0500480323 0.8072226802 0.4660444784 
-79.0243198573 0.0500268804 0.8073920596 0.4660123292 
-79.0320908482 0.0500054163 0.8075639294 0.4659801378 
-79.0399781923 0.0499836394 0.8077382922 0.4659478775 
-79.0479822308 0.0499615491 0.8079151509 0.4659155194 
-79.0561033104 0.0499391448 0.8080945081 0.4658830369 
-79.0643417829 0.0499164260 0.8082763668 0.4658504060 
-79.0726980051 0.0498933920 0.8084607296 0.4658176021 
-79.0811723394 0.0498700424 0.8086475995 0.4657846017 
-79.0897651536 0.0498463764 0.8088369793 0.4657513856 
-79.0984768211 0.0498223935 0.8090288719 0.4657179356 
-79.1073077207 0.0497980931 0.8092232802 0.4656842339 
-79.1162582372 0.0497734745 0.8094202071 0.4656502662 
-79.1253287610 0.0497485372 0.8096196556 0.4656160210 
-79.1345196882 0.0497232804 0.8098216286 0.4655814858 
-79.1438314207 0.0496977035 0.8100261292 0.4655466500 
-79.1532643665 0.0496718059 0.8102331604 0.4655115063 
-79.1628189395 0.0496455870 0.8104427253 0.4654760468 
-79.1724955591 0.0496190459 0.8106548268 0.4654402629 
-79.1822946514 0.0495921821 0.8108694681 0.4654041489 
-79.1922166481 0.0495649949 0.8110866523 0.4653676998 
-79.2022619871 0.0495374835 0.8113063826 0.4653309083 
-79.2124311125 0.0495096472 0.8115286620 0.4652937686 
-79.2227244748 0.0494814854 0.8117534938 0.4652562769 
-79.2331425306 0.0494529973 0.8119808811 0.4652184273 
-79.2436857427 0.0494241822 0.8122108272 0.4651802131 
-79.2543545806 0.0493950393 0.8124433352 0.4651416305 
-79.2651495204 0.0493655679 0.8126784085 0.4651026748 
-79.2760710441 0.0493357673 0.8129160502 0.4650633389 
-79.2871196410 0.0493056366 0.8131562636 0.4650236182 
-79.2982958069 0.0492751750 0.8133990522 0.4649835085 
-79.3096000440 0.0492443819 0.8136444191 0.4649430034 
-79.3210328618 0.0492132563 0.8138923676 0.4649020968 
-79.3325947763 0.0491817975 0.8141429013 0.4648607849 
-79.3442863109 0.0491500047 0.8143960233 0.4648190620 
-79.3561079956 0.0491178770 0.8146517371 0.4647769210 
-79.3680603678 0.0490854137 0.8149100461 0.4647343576 
-79.3801439721 0.0490526138 0.8151709536 0.4646913671 
-79.3923593602 0.0490194765 0.8154344632 0.4646479421 
-79.4047070913 0.0489860010 0.8157005782 0.4646040770 
-79.4171877320 0.0489521863 0.8159693020 0.4645597677 
-79.4298018564 0.0489180317 0.8162406383 0.4645150075 
-79.4425500461 0.0488835361 0.8165145903 0.4644697893 
-79.4554328907 0.0488486987 0.8167911616 0.4644241089 
-79.4684509874 0.0488135186 0.8170703558 0.4643779604 
-79.4816049410 0.0487779949 0.8173521763 0.4643313360 
-79.4948953647 0.0487421266 0.8176366266 0.4642842305 
-79.5083228794 0.0487059128 0.8179237103 0.4642366388 
-79.5218881142 0.0486693525 0.8182134308 0.4641885530 
-79.5355917065 0.0486324447 0.8185057919 0.4641399665 
-79.5494343021 0.0485951885 0.8188007969 0.4640908746 
-79.5634165550 0.0485575829 0.8190984495 0.4640412696 
-79.5775391276 0.0485196269 0.8193987533 0.4639911438 
-79.5918026913 0.0484813195 0.8197017118 0.4639404920 
-79.6062079259 0.0484426597 0.8200073285 0.4638893073 
-79.6207555201 0.0484036464 0.8203156072 0.4638375809 
-79.6354461714 0.0483642785 0.8206265514 0.4637853065 
-79.6502805865 0.0483245552 0.8209401646 0.4637324779 
-79.6652594810 0.0482844752 0.8212564505 0.4636790861 
-79.6803835798 0.0482440374 0.8215754127 0.4636251229 
-79.6956536173 0.0482032409 0.8218970547 0.4635705823 
-79.7110703370 0.0481620845 0.8222213803 0.4635154556 
-79.7266344922 0.0481205671 0.8225483929 0.4634597330 
-79.7423468458 0.0480786876 0.8228780963 0.4634034076 
-79.7582081704 0.0480364448 0.8232104939 0.4633464712 
-79.7742192486 0.0479938376 0.8235455893 0.4632889129 
-79.7903808730 0.0479508648 0.8238833863 0.4632307243 
-79.8066938463 0.0479075253 0.8242238883 0.4631718972 
-79.8231589814 0.0478638178 0.8245670990 0.4631124201 
-79.8397771016 0.0478197412 0.8249130219 0.4630522825 
-79.8565490410 0.0477752943 0.8252616606 0.4629914759 
-79.8734756439 0.0477304759 0.8256130186 0.4629299886 
-79.8905577655 0.0476852847 0.8259670995 0.4628678078 
-79.9077962721 0.0476397194 0.8263239069 0.4628049236 
-79.9251920409 0.0475937788 0.8266834442 0.4627413243 
-79.9427459602 0.0475474617 0.8270457150 0.4626769951 
-79.9604589297 0.0475007668 0.8274107227 0.4626119238 
-79.9783318607 0.0474536926 0.8277784710 0.4625460981 
-79.9963656758 0.0474062381 0.8281489631 0.4624795018 
-80.0145613094 0.0473584017 0.8285222027 0.4624121196 
-80.0329197081 0.0473101822 0.8288981930 0.4623439378 
-80.0514418303 0.0472615782 0.8292769376 0.4622749389 
-80.0701286466 0.0472125884 0.8296584398 0.4622051042 
-80.0889811400 0.0471632114 0.8300427030 0.4621344175 
-80.1080003062 0.0471134457 0.8304297305 0.4620628596 
-80.1271871532 0.0470632901 0.8308195256 0.4619904085 
-80.1465427022 0.0470127429 0.8312120917 0.4619170442 
-80.1660679874 0.0469618029 0.8316074320 0.4618427453 
-80.1857640560 0.0469104686 0.8320055497 0.4617674860 
-80.2056319686 0.0468587384 0.8324064480 0.4616912415 
-80.2256727996 0.0468066110 0.8328101302 0.4616139871 
-80.2458876369 0.0467540848 0.8332165992 0.4615356929 
-80.2662775822 0.0467011583 0.8336258584 0.4614563282 
-80.2868437518 0.0466478300 0.8340379106 0.4613758634 
-80.3075872759 0.0465940983 0.8344527590 0.4612942637 
-80.3285092993 0.0465399617 0.8348704065 0.4612114915 
-80.3496109815 0.0464854187 0.8352908561 0.4611275106 
-80.3708934970 0.0464304676 0.8357141106 0.4610422797 
-80.3923580352 0.0463751068 0.8361401729 0.4609557533 
-80.4140058012 0.0463193347 0.8365690459 0.4608678864 
-80.4358380156 0.0462631498 0.8370007323 0.4607786295 
-80.4578559143 0.0462065502 0.8374352347 0.4606879272 
-80.4800607499 0.0461495345 0.8378725559 0.4605957236 
-80.5024537909 0.0460921008 0.8383126985 0.4605019584 
-80.5250363223 0.0460342475 0.8387556650 0.4604065638 
-80.5478096460 0.0459759728 0.8392014579 0.4603094706 
-80.5707750809 0.0459172751 0.8396500797 0.4602106042 
-80.5939339630 0.0458581526 0.8401015327 0.4601098812 
-80.6172876460 0.0457986035 0.8405558192 0.4600072157 
-80.6408375015 0.0457386260 0.8410129415 0.4599025145 
-80.6645849189 0.0456782184 0.8414729019 0.4597956740 
-80.6885313062 0.0456173787 0.8419357023 0.4596865868 
-80.7126780901 0.0455561052 0.8424013448 0.4595751343 
-80.7370267160 0.0454943961 0.8428698315 0.4594611867 
-80.7615786489 0.0454322493 0.8433411643 0.4593446065 
-80.7863353729 0.0453696631 0.8438153449 0.4592252392 
-80.8112983921 0.0453066355 0.8442923752 0.4591029172 
-80.8364692307 0.0452431646 0.8447722567 0.4589774551 
-80.8618494327 0.0451792484 0.8452549912 0.4588486432 
-80.8874405627 0.0451148850 0.8457405800 0.4587162480 
-80.9132442054 0.0450500724 0.8462290245 0.4585799976 
-80.9392619658 0.0449848085 0.8467203261 0.4584395790 
-80.9654954684 0.0449190914 0.8472144858 0.4582946165 
-80.9919463567 0.0448529191 0.8477115047 0.4581446567 
-81.0186162916 0.0447862893 0.8482113835 0.4579891332 
-81.0455069493 0.0447192003 0.8487141228 0.4578273229 
-81.0726200172 0.0446516498 0.8492197227 0.4576582754 
-81.0999571873 0.0445836359 0.8497281831 0.4574807001 
-81.1275201450 0.0445151567 0.8502395028 0.4572927780 
-81.1553105463 0.0444462103 0.8507536799 0.4570918121 
-81.1833299689 0.0443767950 0.8512707101 0.4568734845 
-81.2115797826 0.0443069099 0.8517905846 0.4566299491 
-81.2400607129 0.0442365554 0.8523132816 0.4563435531 
-81.2687704081 0.0441657399 0.8528387191 0.4559522303 
-81.2976830931 0.0440945290 0.8533663627 0.4550601660 
-81.3268783141 0.0440227293 0.8538977140 0.4547484454 
-81.3563247079 0.0439504208 0.8544321244 0.4545478134 
-81.3860192943 0.0438776135 0.8549694962 0.4543878093 
-81.4159624181 0.0438043091 0.8555097957 0.4542449801 
-78.9595628065 0.0502060699 0.8059569707 0.4663027994 
-78.9663012237 0.0501873969 0.8061065251 0.4662702908 
-78.9731531231 0.0501684159 0.8062585482 0.4662378407 
-78.9801188079 0.0501491264 0.8064130427 0.4662054640 
-78.9871985851 0.0501295278 0.8065700112 0.4661731641 
-78.9943927650 0.0501096196 0.8067294565 0.4661409325 
-79.0017016616 0.0500894013 0.8068913813 0.4661087543 
-79.0091255934 0.0500688724 0.8070557883 0.4660766110 
-79.0166648830 0.0500480323 0.8072226802 0.4660444784 
-79.0243198573 0.0500268804 0.8073920596 0.4660123292 
-79.0320908482 0.0500054163 0.8075639294 0.4659801378 
-79.0399781923 0.0499836394 0.8077382922 0.4659478775 
-79.0479822309 0.0499615491 0.8079151509 0.4659155194 
-79.0561033105 0.0499391448 0.8080945081 0.4658830369 
-79.0643417829 0.0499164260 0.8082763668 0.4658504060 
-79.0726980052 0.0498933920 0.8084607296 0.4658176021 
-79.0811723394 0.0498700424 0.8086475995 0.4657846017 
-79.0897651536 0.0498463764 0.8088369793 0.4657513856 
-79.0984768211 0.0498223935 0.8090288719 0.4657179356 
-79.1073077207 0.0497980931 0.8092232802 0.4656842339 
-79.1162582372 0.0497734745 0.8094202071 0.4656502662 
-79.1253287610 0.0497485372 0.8096196556 0.4656160210 
-79.1345196882 0.0497232804 0.8098216286 0.4655814858 
-79.1438314207 0.0496977035 0.8100261292 0.4655466500 
-79.1532643666 0.0496718059 0.8102331604 0.4655115063 
-79.1628189395 0.0496455870 0.8104427253 0.4654760468 
-79.1724955592 0.0496190459 0.8106548268 0.4654402629 
-79.1822946514 0.0495921821 0.8108694681 0.4654041489 
-79.1922166481 0.0495649949 0.8110866523 0.4653676998 
-79.2022619871 0.0495374835 0.8113063826 0.4653309083 
-79.2124311126 0.0495096472 0.8115286620 0.4652937686 
-79.2227244749 0.0494814854 0.8117534938 0.4652562769 
-79.2331425306 0.0494529973 0.8119808811 0.4652184273 
-79.2436857427 0.0494241822 0.8122108272 0.4651802131 
-79.2543545807 0.0493950393 0.8124433352 0.4651416305 
-79.2651495204 0.0493655679 0.8126784085 0.4651026748 
-79.2760710442 0.0493357673 0.8129160502 0.4650633389 
-79.2871196411 0.0493056366 0.8131562636 0.4650236182 
-79.2982958069 0.0492751750 0.8133990522 0.4649835085 
-79.3096000441 0.0492443819 0.8136444191 0.4649430034 
-79.3210328618 0.0492132563 0.8138923676 0.4649020968 
-79.3325947764 0.0491817975 0.8141429013 0.4648607849 
-79.3442863110 0.0491500047 0.8143960233 0.4648190620 
-79.3561079957 0.0491178770 0.8146517371 0.4647769210 
-79.3680603679 0.0490854137 0.8149100461 0.4647343576 
-79.3801439722 0.0490526138 0.8151709536 0.4646913671 
-79.3923593603 0.0490194765 0.8154344632 0.4646479421 
-79.4047070913 0.0489860010 0.8157005782 0.4646040770 
-79.4171877320 0.0489521863 0.8159693020 0.4645597677 
-79.4298018565 0.0489180317 0.8162406383 0.4645150075 
-79.4425500462 0.0488835361 0.8165145903 0.4644697893 
-79.4554328908 0.0488486987 0.8167911617 0.4644241089 
-79.4684509875 0.0488135186 0.8170703558 0.4643779604 
-79.4816049411 0.0487779949 0.8173521763 0.4643313360 
-79.4948953647 0.0487421266 0.8176366266 0.4642842305 
-79.5083228795 0.0487059128 0.8179237103 0.4642366388 
-79.5218881143 0.0486693525 0.8182134309 0.4641885530 
-79.5355917066 0.0486324447 0.8185057919 0.4641399665 
-79.5494343022 0.0485951885 0.8188007969 0.4640908746 
-79.5634165551 0.0485575829 0.8190984495 0.4640412696 
-79.5775391277 0.0485196269 0.8193987533 0.4639911438 
-79.5918026914 0.0484813195 0.8197017118 0.4639404920 
-79.6062079260 0.0484426597 0.8200073285 0.4638893073 
-79.6207555202 0.0484036464 0.8203156072 0.4638375809 
-79.6354461715 0.0483642785 0.8206265514 0.4637853065 
-79.6502805866 0.0483245552 0.8209401646 0.4637324779 
-79.6652594811 0.0482844752 0.8212564505 0.4636790861 
-79.6803835799 0.0482440374 0.8215754127 0.4636251229 
-79.6956536174 0.0482032409 0.8218970548 0.4635705823 
-79.7110703372 0.0481620845 0.8222213803 0.4635154556 
-79.7266344923 0.0481205671 0.8225483929 0.4634597330 
-79.7423468459 0.0480786876 0.8228780963 0.4634034076 
-79.7582081706 0.0480364448 0.8232104939 0.4633464712 
-79.7742192488 0.0479938376 0.8235455893 0.4632889129 
-79.7903808731 0.0479508648 0.8238833863 0.4632307243 
-79.8066938464 0.0479075253 0.8242238883 0.4631718972 
-79.8231589815 0.0478638178 0.8245670990 0.4631124201 
-79.8397771018 0.0478197412 0.8249130219 0.4630522825 
-79.8565490411 0.0477752943 0.8252616606 0.4629914759 
-79.8734756440 0.0477304759 0.8256130186 0.4629299886 
-79.8905577656 0.0476852847 0.8259670995 0.4628678078 
-79.9077962722 0.0476397194 0.8263239069 0.4628049236 
-79.9251920411 0.0475937788 0.8266834442 0.4627413243 
-79.9427459604 0.0475474617 0.8270457150 0.4626769951 
-79.9604589299 0.0475007668 0.8274107227 0.4626119238 
-79.9783318609 0.0474536926 0.8277784710 0.4625460981 
-79.9963656759 0.0474062381 0.8281489631 0.4624795018 
-80.0145613095 0.0473584017 0.8285222027 0.4624121196 
-80.0329197083 0.0473101822 0.8288981930 0.4623439378 
-80.0514418305 0.0472615782 0.8292769376 0.4622749389 
-80.0701286467 0.0472125884 0.8296584398 0.4622051042 
-80.0889811402 0.0471632114 0.8300427030 0.4621344175 
-80.1080003064 0.0471134457 0.8304297305 0.4620628596 
-80.1271871534 0.0470632901 0.8308195256 0.4619904085 
-80.1465427024 0.0470127429 0.8312120917 0.4619170442 
-80.1660679876 0.0469618029 0.8316074320 0.4618427453 
-80.1857640561 0.0469104686 0.8320055497 0.4617674860 
-80.2056319687 0.0468587384 0.8324064480 0.4616912415 
-80.2256727998 0.0468066110 0.8328101302 0.4616139871 
-80.2458876370 0.0467540848 0.8332165993 0.4615356929 
-80.2662775824 0.0467011583 0.8336258584 0.4614563282 
-80.2868437520 0.0466478300 0.8340379106 0.4613758634 
-80.3075872761 0.0465940983 0.8344527590 0.4612942637 
-80.3285092994 0.0465399617 0.8348704065 0.4612114915 
-80.3496109816 0.0464854187 0.8352908561 0.4611275106 
-80.3708934971 0.0464304676 0.8357141106 0.4610422797 
-80.3923580354 0.0463751068 0.8361401729 0.4609557533 
-80.4140058014 0.0463193347 0.8365690459 0.4608678864 
-80.4358380158 0.0462631498 0.8370007323 0.4607786295 
-80.4578559145 0.0462065502 0.8374352347 0.4606879272 
-80.4800607501 0.0461495345 0.8378725559 0.4605957236 
-80.5024537911 0.0460921008 0.8383126985 0.4605019584 
-80.5250363225 0.0460342475 0.8387556650 0.4604065638 
-80.5478096462 0.0459759728 0.8392014579 0.4603094706 
-80.5707750812 0.0459172751 0.8396500797 0.4602106042 
-80.5939339632 0.0458581526 0.8401015327 0.4601098812 
-80.6172876462 0.0457986035 0.8405558192 0.4600072157 
-80.6408375017 0.0457386260 0.8410129415 0.4599025145 
-80.6645849191 0.0456782184 0.8414729019 0.4597956740 
-80.6885313064 0.0456173787 0.8419357023 0.4596865868 
-80.7126780903 0.0455561052 0.8424013448 0.4595751343 
-80.7370267162 0.0454943961 0.8428698316 0.4594611867 
-80.7615786491 0.0454322493 0.8433411643 0.4593446065 
-80.7863353731 0.0453696631 0.8438153449 0.4592252392 
-80.8112983923 0.0453066355 0.8442923752 0.4591029172 
-80.8364692309 0.0452431646 0.8447722567 0.4589774551 
-80.8618494329 0.0451792484 0.8452549912 0.4588486432 
-80.8874405629 0.0451148850 0.8457405800 0.4587162480 
-80.9132442057 0.0450500724 0.8462290245 0.4585799976 
-80.9392619661 0.0449848085 0.8467203261 0.4584395790 
-80.9654954687 0.0449190914 0.8472144858 0.4582946165 
-80.9919463570 0.0448529191 0.8477115047 0.4581446567 
-81.0186162919 0.0447862893 0.8482113835 0.4579891332 
-81.0455069496 0.0447192003 0.8487141228 0.4578273229 
-81.0726200174 0.0446516498 0.8492197227 0.4576582754 
-81.0999571876 0.0445836359 0.8497281831 0.4574807001 
-81.1275201452 0.0445151567 0.8502395028 0.4572927780 
-81.1553105465 0.0444462103 0.8507536799 0.4570918121 
-81.1833299692 0.0443767950 0.8512707101 0.4568734845 
-81.2115797828 0.0443069099 0.8517905846 0.4566299491 
-81.2400607131 0.0442365554 0.8523132816 0.4563435531 
-81.2687704084 0.0441657399 0.8528387191 0.4559522303 
-81.2976830934 0.0440945290 0.8533663627 0.4550601660 
-81.3268783144 0.0440227293 0.8538977140 0.4547484454 
-81.3563247082 0.0439504208 0.8544321244 0.4545478134 
-81.3860192945 0.0438776135 0.8549694962 0.4543878093 
-81.4159624184 0.0438043091 0.8555097957 0.4542449801 
-81.4369044040 0.0437530989 0.8558911325 0.4541169030 
-81.4369044043 0.0437530989 0.8558911325 0.4541169030 
