-78.1056347010 0.0526243576 0.7863676274 0.4696434912 
-78.1063290597 0.0526223490 0.7863839723 0.4696334784 
-78.1077179937 0.0526183314 0.7864166652 0.4696125083 
-78.1098019573 0.0526123038 0.7864657123 0.4695787879 
-78.1125816843 0.0526042648 0.7865311247 0.4695298739 
-78.1160582500 0.0525942122 0.7866129195 0.4694630103 
-78.1202123054 0.0525822028 0.7867105854 0.4691465451 
-78.1250936051 0.0525680941 0.7868253870 0.4690711161 
-78.1306825053 0.0525519444 0.7869567996 0.4689969640 
-78.1369813468 0.0525337487 0.7871048616 0.4689239371 
-78.1439926728 0.0525135014 0.7872696138 0.4688522815 
-78.1517191995 0.0524911970 0.7874510984 0.4687823319 
-78.1601637917 0.0524668295 0.7876493585 0.4687142725 
-78.1693294642 0.0524403929 0.7878644378 0.4686481511 
-78.1792193903 0.0524118809 0.7880963813 0.4685839559 
-78.1898369048 0.0523812870 0.7883452346 0.4685216204 
-78.2011855092 0.0523486044 0.7886110446 0.4684610380 
-78.2132688800 0.0523138262 0.7888938592 0.4684021129 
-78.2260908722 0.0522769449 0.7891937275 0.4683447461 
-78.2396555228 0.0522379532 0.7895106998 0.4682888275 
-78.2539670565 0.0521968433 0.7898448277 0.4682342395 
-78.2690298910 0.0521536069 0.7901961638 0.4681808637 
-78.2848486431 0.0521082359 0.7905647625 0.4681285844 
-78.3014281344 0.0520607214 0.7909506790 0.4680772894 
-78.3187733970 0.0520110544 0.7913539703 0.4680268701 
-78.3368896798 0.0519592257 0.7917746946 0.4679772204 
-78.3557824542 0.0519052256 0.7922129117 0.4679282365 
-78.3754574213 0.0518490440 0.7926686828 0.4678798159 
-78.3959205179 0.0517906706 0.7931420705 0.4678318567 
-78.4171779238 0.0517300946 0.7936331391 0.4677842568 
-78.4392360687 0.0516673050 0.7941419543 0.4677369125 
-78.4621016404 0.0516022902 0.7946685836 0.4676897173 
-78.4857815915 0.0515350383 0.7952130958 0.4676425593 
-78.5102831487 0.0514655370 0.7957755615 0.4675953195 
-78.5356138202 0.0513937735 0.7963560529 0.4675478678 
-78.5617814054 0.0513197347 0.7969546438 0.4675000596 
-78.5887940037 0.0512434068 0.7975714096 0.4674517301 
-78.6166600242 0.0511647759 0.7982064276 0.4674026869 
-78.6453881964 0.0510838271 0.7988597765 0.4673527004 
-78.6749875801 0.0510005456 0.7995315369 0.4673014893 
-78.7054675774 0.0509149156 0.8002217910 0.4672487019 
-78.7368379437 0.0508269209 0.8009306230 0.4671938869 
-78.7691088008 0.0507365450 0.8016581184 0.4671364524 
-78.8022906483 0.0506437706 0.8024043648 0.4670756002 
-78.8363943765 0.0505485798 0.8031694515 0.4670102231 
-78.8714312763 0.0504509541 0.8039534692 0.4669387341 
-78.9074130463 0.0503508747 0.8047565103 0.4668587758 
-78.9443517914 0.0502483219 0.8055786682 0.4667667244 
-78.9822600138 0.0501432755 0.8064200367 0.4666569089 
-79.0211506366 0.0500357151 0.8072807102 0.4665209077 
-79.0610373715 0.0499256184 0.8081607923 0.4663504703 
-79.0814871918 0.0498692578 0.8086110130 0.4662550254 
-79.1029602623 0.0498101391 0.8090832467 0.4661598983 
-79.1254649189 0.0497482485 0.8095775616 0.4660650984 
-79.1490098187 0.0496835719 0.8100940259 0.4659700948 
-79.1736039862 0.0496160945 0.8106327084 0.4658741763 
-79.1992568480 0.0495458013 0.8111936792 0.4657766404 
-79.2259782597 0.0494726764 0.8117770100 0.4656768914 
-79.2537785265 0.0493967035 0.8123827741 0.4655744794 
-79.2826684191 0.0493178653 0.8130110466 0.4654690868 
-79.3126591855 0.0492361443 0.8136619041 0.4653604848 
-79.3437625620 0.0491515219 0.8143354251 0.4652484910 
-79.3759907867 0.0490639791 0.8150316891 0.4651329412 
-79.4093566133 0.0489734960 0.8157507773 0.4650136750 
-79.4438733272 0.0488800520 0.8164927719 0.4648905298 
-79.4795547623 0.0487836260 0.8172577564 0.4647633391 
-79.5164153182 0.0486841959 0.8180458156 0.4646319316 
-79.5544699793 0.0485817388 0.8188570348 0.4644961306 
-79.5937343334 0.0484762313 0.8196915006 0.4643557525 
-79.6342245921 0.0483676489 0.8205493002 0.4642106065 
-79.6759576119 0.0482559663 0.8214305215 0.4640604928 
-79.7189509162 0.0481411577 0.8223352529 0.4639052014 
-79.7632227179 0.0480231959 0.8232635829 0.4637445109 
-79.8087919439 0.0479020532 0.8242156006 0.4635781859 
-79.8556782602 0.0477777009 0.8251913948 0.4634059756 
-79.9039020978 0.0476501093 0.8261910542 0.4632276102 
-79.9534846806 0.0475192478 0.8272146669 0.4630427977 
-80.0044480545 0.0473850849 0.8282623207 0.4628512198 
-80.0568151170 0.0472475880 0.8293341024 0.4626525266 
-80.1106096496 0.0471067234 0.8304300975 0.4624463307 
-80.1658563507 0.0469624567 0.8315503903 0.4622322002 
-80.2225808712 0.0468147520 0.8326950634 0.4620096497 
-80.2808098507 0.0466635727 0.8338641972 0.4617781301 
-80.3405709574 0.0465088808 0.8350578701 0.4615370161 
-80.4018929284 0.0463506373 0.8362761575 0.4612855911 
-80.4648056135 0.0461888020 0.8375191320 0.4610230288 
-80.5293400209 0.0460233335 0.8387868626 0.4607483704 
-80.5955283661 0.0458541891 0.8400794148 0.4604604962 
-80.6634041234 0.0456813249 0.8413968496 0.4601580889 
-80.7330020804 0.0455046958 0.8427392234 0.4598395824 
-80.8043583950 0.0453242552 0.8441065875 0.4595030883 
-80.8775106555 0.0451399552 0.8454989876 0.4591462773 
-80.9524979392 0.0449517465 0.8469164631 0.4587661578 
-81.0293608619 0.0447595785 0.8483590461 0.4583586036 
-81.1081415933 0.0445633991 0.8498267599 0.4579171929 
-81.1888837491 0.0443631555 0.8513196148 0.4574299614 
-81.2716318086 0.0441587956 0.8528375949 0.4568685580 
-81.3564267110 0.0439502790 0.8543805716 0.4561207108 
-81.4432773644 0.0437376462 0.8559477629 0.4545622623 
-81.5323806451 0.0435204821 0.8575419154 0.4541111394 
-79.0814871918 0.0498692578 0.8086110130 0.4662550254 
-79.1029602623 0.0498101391 0.8090832467 0.4661598983 
-79.1254649189 0.0497482485 0.8095775616 0.4660650984 
-79.1490098187 0.0496835719 0.8100940259 0.4659700948 
-79.1736039862 0.0496160945 0.8106327084 0.4658741763 
-79.1992568480 0.0495458013 0.8111936792 0.4657766404 
-79.2259782597 0.0494726764 0.8117770100 0.4656768914 
-79.2537785265 0.0493967035 0.8123827741 0.4655744794 
-79.2826684191 0.0493178653 0.8130110466 0.4654690868 
-79.3126591855 0.0492361443 0.8136619041 0.4653604848 
-79.3437625620 0.0491515219 0.8143354251 0.4652484910 
-79.3759907867 0.0490639791 0.8150316891 0.4651329412 
-79.4093566133 0.0489734960 0.8157507773 0.4650136750 
-79.4438733272 0.0488800520 0.8164927719 0.4648905298 
-79.4795547623 0.0487836260 0.8172577564 0.4647633391 
-79.5164153182 0.0486841959 0.8180458156 0.4646319316 
-79.5544699793 0.0485817388 0.8188570348 0.4644961306 
-79.5937343334 0.0484762313 0.8196915006 0.4643557525 
-79.6342245921 0.0483676489 0.8205493002 0.4642106065 
-79.6759576119 0.0482559663 0.8214305215 0.4640604928 
-79.7189509162 0.0481411577 0.8223352529 0.4639052014 
-79.7632227179 0.0480231959 0.8232635829 0.4637445109 
-79.8087919439 0.0479020532 0.8242156006 0.4635781859 
-79.8556782602 0.0477777009 0.8251913948 0.4634059756 
-79.9039020978 0.0476501093 0.8261910542 0.4632276102 
-79.9534846807 0.0475192478 0.8272146669 0.4630427977 
-80.0044480545 0.0473850849 0.8282623207 0.4628512198 
-80.0568151171 0.0472475880 0.8293341024 0.4626525266 
-80.1106096496 0.0471067234 0.8304300975 0.4624463307 
-80.1658563508 0.0469624567 0.8315503903 0.4622322002 
-80.2225808712 0.0468147520 0.8326950634 0.4620096497 
-80.2808098507 0.0466635727 0.8338641972 0.4617781301 
-80.3405709575 0.0465088808 0.8350578701 0.4615370161 
-80.4018929285 0.0463506373 0.8362761575 0.4612855911 
-80.4648056135 0.0461888020 0.8375191320 0.4610230288 
-80.5293400209 0.0460233335 0.8387868626 0.4607483704 
-80.5955283661 0.0458541891 0.8400794148 0.4604604962 
-80.6634041235 0.0456813249 0.8413968496 0.4601580889 
-80.7330020804 0.0455046958 0.8427392234 0.4598395824 
-80.8043583950 0.0453242552 0.8441065875 0.4595030883 
-80.8775106555 0.0451399552 0.8454989876 0.4591462773 
-80.9524979392 0.0449517465 0.8469164631 0.4587661578 
-81.0293608620 0.0447595785 0.8483590461 0.4583586036 
-81.1081415933 0.0445633991 0.8498267599 0.4579171929 
-81.1888837491 0.0443631555 0.8513196148 0.4574299614 
-81.2716318087 0.0441587956 0.8528375949 0.4568685580 
-81.3564267110 0.0439502790 0.8543805716 0.4561207108 
-81.4432773645 0.0437376462 0.8559477629 0.4545622623 
-81.5323806451 0.0435204821 0.8575419154 0.4541111394 
-81.5587208577 0.0434564670 0.8580148110 0.4539632825 
-81.5587208578 0.0434564670 0.8580148110 0.4539632825 
