-82.1415000624 0.0420620785 0.8682002558 0.5064888391 
-82.1416540450 0.0420617158 0.8682027669 0.5064749815 
-82.1419622366 0.0420609898 0.8682077929 0.5064471893 
-82.1424250912 0.0420598996 0.8682153413 0.5064053479 
-82.1430432923 0.0420584434 0.8682254237 0.5063493777 
-82.1438177550 0.0420566192 0.8682380555 0.5062793299 
-82.1447494561 0.0420544248 0.8682532527 0.5061770974 
-82.1458404779 0.0420518552 0.8682710511 0.5060995229 
-82.1470920352 0.0420489077 0.8682914706 0.5060266127 
-82.1485055658 0.0420455790 0.8683145348 0.5059575701 
-82.1500825632 0.0420418656 0.8683402683 0.5058917709 
-82.1518245828 0.0420377639 0.8683686964 0.5058287319 
-82.1537332479 0.0420332703 0.8683998452 0.5057680799 
-82.1558102536 0.0420283809 0.8684337421 0.5057095267 
-82.1580573708 0.0420230916 0.8684704155 0.5056528472 
-82.1604764489 0.0420173981 0.8685098948 0.5055978628 
-82.1630694191 0.0420112962 0.8685522106 0.5055444289 
-82.1658382961 0.0420047812 0.8685973948 0.5054924256 
-82.1687851810 0.0419978484 0.8686454805 0.5054417505 
-82.1719122633 0.0419904928 0.8686965020 0.5053923143 
-82.1752218230 0.0419827092 0.8687504950 0.5053440371 
-82.1787162325 0.0419744923 0.8688074964 0.5052968462 
-82.1823979592 0.0419658365 0.8688675445 0.5052506740 
-82.1862695672 0.0419567360 0.8689306790 0.5052054569 
-82.1903337194 0.0419471849 0.8689969410 0.5051611346 
-82.1945931800 0.0419371769 0.8690663729 0.5051176488 
-82.1990508166 0.0419267056 0.8691390186 0.5050749434 
-82.2037096023 0.0419157643 0.8692149236 0.5050329637 
-82.2085726181 0.0419043462 0.8692941348 0.5049916565 
-82.2136430555 0.0418924441 0.8693767006 0.5049509696 
-82.2189242187 0.0418800506 0.8694626709 0.5049108518 
-82.2244195270 0.0418671581 0.8695520974 0.5048712527 
-82.2301325178 0.0418537587 0.8696450331 0.5048321226 
-82.2360668489 0.0418398444 0.8697415329 0.5047934121 
-82.2422263015 0.0418254066 0.8698416531 0.5047550721 
-82.2486147826 0.0418104369 0.8699454520 0.5047170532 
-82.2552363283 0.0417949262 0.8700529893 0.5046793056 
-82.2620951067 0.0417788653 0.8701643266 0.5046417788 
-82.2691954207 0.0417622448 0.8702795272 0.5046044204 
-82.2765417118 0.0417450548 0.8703986562 0.5045671763 
-82.2841385626 0.0417272854 0.8705217807 0.5045299892 
-82.2919907011 0.0417089261 0.8706489694 0.5044927974 
-82.3001030035 0.0416899663 0.8707802930 0.5044555342 
-82.3084804985 0.0416703950 0.8709158241 0.5044181253 
-82.3171283710 0.0416502009 0.8710556373 0.5043804871 
-82.3260519660 0.0416293723 0.8711998092 0.5043425237 
-82.3352567934 0.0416078973 0.8713484182 0.5043041238 
-82.3447485322 0.0415857635 0.8715015451 0.5042651563 
-82.3545330354 0.0415629584 0.8716592725 0.5042254661 
-82.3646163357 0.0415394688 0.8718216854 0.5041848676 
-82.3750046506 0.0415152814 0.8719888708 0.5041431396 
-82.3857043889 0.0414903825 0.8721609181 0.5041000185 
-82.3967221574 0.0414647578 0.8723379190 0.5040551935 
-82.4080647682 0.0414383927 0.8725199674 0.5040083046 
-82.4197392466 0.0414112724 0.8727071599 0.5039589470 
-82.4317528399 0.0413833812 0.8728995956 0.5039066884 
-82.4441130268 0.0413547034 0.8730973762 0.5038511089 
-82.4568275270 0.0413252226 0.8733006062 0.5037918806 
-82.4699043109 0.0412949219 0.8735093929 0.5037289076 
-82.4833516076 0.0412637840 0.8737238467 0.5036625434 
-82.4971779093 0.0412317909 0.8739440805 0.5035938456 
-82.5059520151 0.0412115001 0.8740837068 0.5035504998 
-82.5172212341 0.0411854525 0.8742629106 0.5034942681 
-82.5289353702 0.0411583925 0.8744490250 0.5034360275 
-82.5411026628 0.0411303030 0.8746421571 0.5033760684 
-82.5537316686 0.0411011662 0.8748424177 0.5033145610 
-82.5668312665 0.0410709636 0.8750499209 0.5032515933 
-82.5804106639 0.0410396764 0.8752647843 0.5031871992 
-82.5944794039 0.0410072847 0.8754871289 0.5031213777 
-82.6090473726 0.0409737684 0.8757170793 0.5030541057 
-82.6241248073 0.0409391064 0.8759547634 0.5029853460 
-82.6397223051 0.0409032773 0.8762003128 0.5029150523 
-82.6558508319 0.0408662586 0.8764538624 0.5028431722 
-82.6725217319 0.0408280274 0.8767155506 0.5027696491 
-82.6897467368 0.0407885601 0.8769855196 0.5026944232 
-82.7075379767 0.0407478322 0.8772639147 0.5026174321 
-82.7259079903 0.0407058187 0.8775508852 0.5025386114 
-82.7448697356 0.0406624936 0.8778465835 0.5024578945 
-82.7644366020 0.0406178304 0.8781511659 0.5023752128 
-82.7846224215 0.0405718018 0.8784647919 0.5022904959 
-82.8054414814 0.0405243795 0.8787876248 0.5022036708 
-82.8269085373 0.0404755347 0.8791198313 0.5021146625 
-82.8490388257 0.0404252376 0.8794615815 0.5020233930 
-82.8718480786 0.0403734576 0.8798130491 0.5019297815 
-82.8953525376 0.0403201633 0.8801744112 0.5018337434 
-82.9195689688 0.0402653226 0.8805458484 0.5017351901 
-82.9445146785 0.0402089022 0.8809275445 0.5016340282 
-82.9702075294 0.0401508682 0.8813196868 0.5015301584 
-82.9966659573 0.0400911857 0.8817224658 0.5014234748 
-83.0239089891 0.0400298189 0.8821360754 0.5013138633 
-83.0519562609 0.0399667310 0.8825607125 0.5012012000 
-83.0808280369 0.0399018843 0.8829965773 0.5010853496 
-83.1105452298 0.0398352403 0.8834438728 0.5009661624 
-83.1411294212 0.0397667591 0.8839028051 0.5008434717 
-83.1726028840 0.0396964003 0.8843735833 0.5007170898 
-83.2049886045 0.0396241221 0.8848564190 0.5005868038 
-83.2383103069 0.0395498818 0.8853515266 0.5004523692 
-83.2725924781 0.0394736356 0.8858591232 0.5003135031 
-83.3078603944 0.0393953388 0.8863794279 0.5001698749 
-83.3441401490 0.0393149454 0.8869126626 0.5000210948 
-83.3814586816 0.0392324083 0.8874590509 0.4998666994 
-83.4198438097 0.0391476793 0.8880188188 0.4997061334 
-83.4593242613 0.0390607089 0.8885921938 0.4995387260 
-83.4999297107 0.0389714467 0.8891794054 0.4993636617 
-83.5416908161 0.0388798407 0.8897806844 0.4991799422 
-83.5846392604 0.0387858379 0.8903962631 0.4989863394 
-83.6288077953 0.0386893839 0.8910263750 0.4987813339 
-83.6742302897 0.0385904229 0.8916712547 0.4985630395 
-83.7209417822 0.0384888979 0.8923311377 0.4983291080 
-83.7689785398 0.0383847503 0.8930062605 0.4980766122 
-83.8183781228 0.0382779200 0.8936968602 0.4978019079 
-83.8691794581 0.0381683454 0.8944031749 0.4975004781 
-83.9214229215 0.0380559630 0.8951254432 0.4971667782 
-83.9751504316 0.0379407079 0.8958639051 0.4967941245 
-84.0304055563 0.0378225130 0.8966188012 0.4963747138 
-84.0872336319 0.0377013092 0.8973903740 0.4958998975 
-84.1456818957 0.0375770252 0.8981788677 0.4953611093 
-84.2057997233 0.0374495871 0.8989845298 0.4947646011 
-84.2676391116 0.0373189176 0.8998076164 0.4941971433 
-84.3312533006 0.0371849388 0.9006483709 0.4937441916 
-84.3966954574 0.0370475755 0.9015070040 0.4934075902 
-82.5059520151 0.0412115001 0.8740837068 0.5035504998 
-82.5172212341 0.0411854525 0.8742629106 0.5034942681 
-82.5289353702 0.0411583925 0.8744490250 0.5034360275 
-82.5411026628 0.0411303030 0.8746421571 0.5033760684 
-82.5537316686 0.0411011662 0.8748424177 0.5033145610 
-82.5668312665 0.0410709636 0.8750499209 0.5032515933 
-82.5804106639 0.0410396764 0.8752647843 0.5031871992 
-82.5944794039 0.0410072847 0.8754871289 0.5031213777 
-82.6090473726 0.0409737684 0.8757170793 0.5030541057 
-82.6241248073 0.0409391064 0.8759547634 0.5029853460 
-82.6397223051 0.0409032773 0.8762003128 0.5029150523 
-82.6558508319 0.0408662586 0.8764538624 0.5028431722 
-82.6725217319 0.0408280274 0.8767155506 0.5027696491 
-82.6897467368 0.0407885601 0.8769855196 0.5026944232 
-82.7075379767 0.0407478322 0.8772639147 0.5026174321 
-82.7259079903 0.0407058187 0.8775508852 0.5025386114 
-82.7448697356 0.0406624936 0.8778465835 0.5024578945 
-82.7644366020 0.0406178304 0.8781511659 0.5023752128 
-82.7846224215 0.0405718018 0.8784647919 0.5022904959 
-82.8054414814 0.0405243795 0.8787876248 0.5022036708 
-82.8269085373 0.0404755347 0.8791198313 0.5021146625 
-82.8490388257 0.0404252376 0.8794615815 0.5020233930 
-82.8718480786 0.0403734576 0.8798130491 0.5019297815 
-82.8953525376 0.0403201633 0.8801744112 0.5018337434 
-82.9195689688 0.0402653226 0.8805458484 0.5017351901 
-82.9445146785 0.0402089022 0.8809275445 0.5016340282 
-82.9702075294 0.0401508682 0.8813196868 0.5015301584 
-82.9966659573 0.0400911857 0.8817224658 0.5014234748 
-83.0239089891 0.0400298189 0.8821360754 0.5013138633 
-83.0519562609 0.0399667310 0.8825607125 0.5012012000 
-83.0808280369 0.0399018843 0.8829965773 0.5010853496 
-83.1105452298 0.0398352403 0.8834438728 0.5009661624 
-83.1411294212 0.0397667591 0.8839028051 0.5008434717 
-83.1726028840 0.0396964003 0.8843735833 0.5007170898 
-83.2049886045 0.0396241221 0.8848564190 0.5005868038 
-83.2383103069 0.0395498818 0.8853515266 0.5004523692 
-83.2725924781 0.0394736356 0.8858591232 0.5003135031 
-83.3078603944 0.0393953388 0.8863794279 0.5001698749 
-83.3441401490 0.0393149454 0.8869126626 0.5000210948 
-83.3814586816 0.0392324083 0.8874590509 0.4998666994 
-83.4198438097 0.0391476793 0.8880188188 0.4997061334 
-83.4593242613 0.0390607089 0.8885921938 0.4995387260 
-83.4999297107 0.0389714467 0.8891794054 0.4993636617 
-83.5416908161 0.0388798407 0.8897806844 0.4991799422 
-83.5846392604 0.0387858379 0.8903962631 0.4989863394 
-83.6288077953 0.0386893839 0.8910263750 0.4987813339 
-83.6742302897 0.0385904229 0.8916712547 0.4985630395 
-83.7209417822 0.0384888979 0.8923311377 0.4983291080 
-83.7689785398 0.0383847503 0.8930062605 0.4980766122 
-83.8183781228 0.0382779200 0.8936968602 0.4978019079 
-83.8691794581 0.0381683454 0.8944031749 0.4975004781 
-83.9214229215 0.0380559630 0.8951254432 0.4971667782 
-83.9751504316 0.0379407079 0.8958639051 0.4967941245 
-84.0304055563 0.0378225130 0.8966188012 0.4963747138 
-84.0872336319 0.0377013092 0.8973903740 0.4958998975 
-84.1456818957 0.0375770252 0.8981788677 0.4953611093 
-84.2057997233 0.0374495871 0.8989845298 0.4947646011 
-84.2676391116 0.0373189176 0.8998076164 0.4941971433 
-84.3312533006 0.0371849388 0.9006483709 0.4937441916 
-84.3966954574 0.0370475755 0.9015070040 0.4934075902 
-84.3995961099 0.0370414975 0.9015450860 0.4933948836 
-84.3995961099 0.0370414975 0.9015450860 0.4933948836 
