-84.2009149118 0.0008124956 0.9957376640 0.9998735947 0.0000159467 0.9989322687 0.7001726125 0.9618172157 0.3441170232 0.0011092731 0.0631947088 0.2287615192 0.0001187213 0.8044134196 0.2886470266 0.0003258951 0.0461500193 0.7103213529 0.4556339229 0.6486237254 0.3387799546 0.0001801433 1.4926103822 1.4781917034 1.5430613852 0.0001724334 11.5057211163 11.5054205916 11.5054358528 136.4219087400 0.0000722195 0.0004339742 0.7653184637 0.6091730868 0.1283370508 0.0131776827
-84.2008773763 0.0008125007 0.9957376272 0.9998735935 0.0000159468 0.9989322605 0.7001631383 0.9618137877 0.3441454802 0.0011092761 0.0631855647 0.2287087100 0.0001187217 0.8044109021 0.2886878220 0.0003258968 0.0461502539 0.7103272583 0.4556343175 0.6486331593 0.3387859966 0.0001801586 1.4925713457 1.4781487791 1.5430612916 0.0001724464 11.5056718171 11.5053713675 11.5053866305 136.4219149144 0.0000722334 0.0004339765 0.7653165891 0.6091935577 0.1283566919 0.0131818765
-84.2008027582 0.0008125110 0.9957375539 0.9998735912 0.0000159470 0.9989322442 0.7001440028 0.9618067914 0.3442035663 0.0011092821 0.0631673664 0.2286026022 0.0001187226 0.8044058868 0.2887698829 0.0003259003 0.0461507202 0.7103391501 0.4556357649 0.6486517720 0.3387989442 0.0001801899 1.4924929254 1.4780623326 1.5430614673 0.0001724732 11.5055917368 11.5052914372 11.5053067038 136.4219270927 0.0000722616 0.0004339811 0.7653128541 0.6092353749 0.1283951683 0.0131903825
-84.2006919488 0.0008125263 0.9957374451 0.9998735877 0.0000159472 0.9989322198 0.7001147357 0.9617958593 0.3442942314 0.0011092910 0.0631402516 0.2284419725 0.0001187239 0.8043984137 0.2888944539 0.0003259054 0.0461514127 0.7103570122 0.4556395868 0.6486789858 0.3388205214 0.0001802389 1.4923728932 1.4779295099 1.5430626191 0.0001725150 11.5055034875 11.5052034154 11.5052186876 136.4219450159 0.0000723053 0.0004339879 0.7653072870 0.6093007961 0.1284510353 0.0132035748
-84.2005462825 0.0008125463 0.9957373021 0.9998735832 0.0000159475 0.9989321877 0.7000741460 0.9617801494 0.3444242011 0.0011093027 0.0631043428 0.2282244548 0.0001187255 0.8043885433 0.2890639994 0.0003259122 0.0461523229 0.7103804100 0.4556476449 0.6487138550 0.3388532128 0.0001803095 1.4922054763 1.4777431885 1.5430659980 0.0001725755 11.5054574645 11.5051577048 11.5051729849 136.4219685172 0.0000723672 0.0004339969 0.7652999310 0.6093950058 0.1285224911 0.0132222884
-84.2003660803 0.0008125709 0.9957371266 0.9998735776 0.0000159479 0.9989321481 0.7000193711 0.9617585141 0.3446071340 0.0011093170 0.0630595250 0.2279437704 0.0001187276 0.8043763583 0.2892842252 0.0003259204 0.0461534392 0.7104083258 0.4556619000 0.6487552795 0.3388998651 0.0001804066 1.4919827674 1.4774936025 1.5430734450 0.0001726587 11.5054784534 11.5051791057 11.5051943964 136.4156849581 0.0000724513 0.0004340080 0.7652908453 0.6095245324 0.1286078082 0.0132477285
-84.2001596812 0.0008125993 0.9957369237 0.9998735712 0.0000159483 0.9989321018 0.6999572145 0.9617341164 0.3448083526 0.0011093336 0.0630153113 0.2276484717 0.0001187299 0.8043619709 0.2895149278 0.0003259300 0.0461547294 0.7104310685 0.4556731314 0.6487928325 0.3389426617 0.0001805168 1.4917208394 1.4772095694 1.5430776904 0.0001727531 11.5055564690 11.5052575675 11.5052728703 136.4157125384 0.0000725459 0.0004340207 0.7652801125 0.6096712555 0.1286841966 0.0132756111
-84.1999280775 0.0008126312 0.9957366958 0.9998735640 0.0000159488 0.9989320491 0.6998886977 0.9617081305 0.3450225256 0.0011093523 0.0629719818 0.2273424872 0.0001187326 0.8043454917 0.2897527257 0.0003259407 0.0461561782 0.7104497966 0.4556812280 0.6488274485 0.3389816632 0.0001806341 1.4914317805 1.4769047372 1.5430782180 0.0001728537 11.5056440185 11.5053455833 11.5053608989 136.4157386085 0.0000726462 0.0004340350 0.7652678143 0.6098275232 0.1287530354 0.0133047311
-84.1996737430 0.0008126663 0.9957364452 0.9998735560 0.0000159493 0.9989319904 0.6998151915 0.9616814311 0.3452437969 0.0011093727 0.0629297414 0.2270290586 0.0001187355 0.8043270336 0.2899948865 0.0003259525 0.0461577701 0.7104653580 0.4556863890 0.6488596868 0.3390171789 0.0001807547 1.4911257797 1.4765898846 1.5430750571 0.0001729570 11.5057265203 11.5054285586 11.5054438875 136.4157634003 0.0000727488 0.0004340507 0.7652540354 0.6099878693 0.1288154339 0.0133341701
-84.1993991124 0.0008127041 0.9957361744 0.9998735474 0.0000159498 0.9989319262 0.6997381704 0.9616546809 0.3454664515 0.0011093949 0.0628887510 0.2267112152 0.0001187387 0.8043067102 0.2902389326 0.0003259652 0.0461594900 0.7104782981 0.4556889287 0.6488898715 0.3390496274 0.0001808754 1.4908114294 1.4762734740 1.5430685695 0.0001730604 11.5058032291 11.5055057378 11.5055210799 136.4157871344 0.0000728510 0.0004340677 0.7652388623 0.6101483070 0.1288722873 0.0133632334
-84.1991065403 0.0008127445 0.9957358856 0.9998735383 0.0000159505 0.9989318570 0.6996590319 0.9616284099 0.3456853581 0.0011094184 0.0628491302 0.2263917839 0.0001187420 0.8042846352 0.2904826316 0.0003259788 0.0461613232 0.7104889738 0.4556891741 0.6489182128 0.3390794413 0.0001809939 1.4904959025 1.4759621301 1.5430592397 0.0001731619 11.5058707083 11.5055736764 11.5055890316 136.4158099661 0.0000729508 0.0004340858 0.7652223823 0.6103057083 0.1289243330 0.0133913900
-84.1987982743 0.0008127871 0.9957355811 0.9998735286 0.0000159511 0.9989317831 0.6995789651 0.9616030070 0.3458963557 0.0011094433 0.0628109747 0.2260734999 0.0001187456 0.8042609214 0.2907238997 0.0003259931 0.0461632557 0.7104976350 0.4556874247 0.6489448627 0.3391070168 0.0001811085 1.4901848965 1.4756607408 1.5430475942 0.0001732600 11.5059280227 11.5056314333 11.5056468011 136.4158319670 0.0000730468 0.0004341049 0.7652046823 0.6104578282 0.1289721799 0.0134182608
-84.1984764363 0.0008128315 0.9957352628 0.9998735186 0.0000159518 0.9989317050 0.6994988795 0.9615787255 0.3460964395 0.0011094692 0.0627743611 0.2257589626 0.0001187493 0.8042356793 0.2909608092 0.0003260080 0.0461652741 0.7105044669 0.4556839413 0.6489699339 0.3391326945 0.0001812182 1.4898828061 1.4753727470 1.5430341748 0.0001733538 11.5059813775 11.5056852093 11.5057005892 136.4158531505 0.0000731378 0.0004341248 0.7651858483 0.6106032571 0.1290163335 0.0134435945
-84.1981430035 0.0008128776 0.9957349329 0.9998735081 0.0000159524 0.9989316230 0.6994194217 0.9615557428 0.3462836565 0.0011094961 0.0627393308 0.2254503721 0.0001187531 0.8042090174 0.2911917906 0.0003260235 0.0461673660 0.7105096239 0.4556789471 0.6489935277 0.3391567585 0.0001813221 1.4895927846 1.4751003666 1.5430194416 0.0001734427 11.5060286640 11.5057328935 11.5057482848 136.4158735048 0.0000732234 0.0004341455 0.7651659647 0.6107409864 0.1290572282 0.0134672380
-84.1977998059 0.0008129250 0.9957345930 0.9998734974 0.0000159532 0.9989315375 0.6993410046 0.9615341431 0.3464569877 0.0011095238 0.0627059032 0.2251496052 0.0001187571 0.8041810408 0.2914155519 0.0003260394 0.0461695199 0.7105132404 0.4556726319 0.6490157375 0.3391794438 0.0001814199 1.4893168880 1.4748447580 1.5430038045 0.0001735264 11.5060707500 11.5057753525 11.5057907546 136.4158930111 0.0000733032 0.0004341668 0.7651451136 0.6108705611 0.1290952346 0.0134891269
-84.1974485240 0.0008129736 0.9957342448 0.9998734864 0.0000159539 0.9989314489 0.6992638547 0.9615139439 0.3466161575 0.0011095522 0.0626740779 0.2248581909 0.0001187611 0.8041518511 0.2916310801 0.0003260558 0.0461717253 0.7105154373 0.4556651576 0.6490366524 0.3392009442 0.0001815116 1.4890562441 1.4746062410 1.5429876063 0.0001736047 11.5061083555 11.5058133062 11.5058287184 136.4159116537 0.0000733772 0.0004341885 0.7651233748 0.6109919092 0.1291306708 0.0135092662
-84.1970906922 0.0008130231 0.9957338899 0.9998734751 0.0000159546 0.9989313575 0.6991880608 0.9614951140 0.3467614365 0.0011095811 0.0626438372 0.2245773118 0.0001187652 0.8041215462 0.2918376261 0.0003260724 0.0461739726 0.7105163268 0.4556566636 0.6490563594 0.3392214208 0.0001815973 1.4888112529 1.4743845220 1.5429711240 0.0001736779 11.5061420727 11.5058473475 11.5058627691 136.4159294239 0.0000734457 0.0004342107 0.7651008251 0.6111052347 0.1291638113 0.0135277103
-84.1967277060 0.0008130733 0.9957335297 0.9998734637 0.0000159554 0.9989312636 0.6991136184 0.9614775909 0.3468934617 0.0011096104 0.0626151499 0.2243078256 0.0001187694 0.8040902202 0.2920346795 0.0003260893 0.0461762527 0.7105160150 0.4556472714 0.6490749436 0.3392410093 0.0001816772 1.4885818152 1.4741789167 1.5429545830 0.0001737462 11.5061723928 11.5058779689 11.5058933993 136.4159463225 0.0000735087 0.0004342333 0.7650775387 0.6112109176 0.1291948943 0.0135445456
-84.1963608296 0.0008131241 0.9957331653 0.9998734522 0.0000159561 0.9989311675 0.6990404646 0.9614612913 0.3470131003 0.0011096400 0.0625879732 0.2240502991 0.0001187736 0.8040579631 0.2922219361 0.0003261063 0.0461785579 0.7105146024 0.4556370880 0.6490924887 0.3392598253 0.0001817518 1.4883674348 1.4739884665 1.5429381532 0.0001738099 11.5061997309 11.5059055870 11.5059210256 136.4159623585 0.0000735668 0.0004342560 0.7650535865 0.6113094548 0.1292241275 0.0135598792
-84.1959912060 0.0008131752 0.9957327979 0.9998734406 0.0000159569 0.9989310695 0.6989685045 0.9614461220 0.3471213380 0.0011096699 0.0625622565 0.2238050491 0.0001187779 0.8040248612 0.2923992655 0.0003261235 0.0461808809 0.7105121855 0.4556262087 0.6491090767 0.3392779687 0.0001818214 1.4881673887 1.4738120841 1.5429219650 0.0001738693 11.5062244416 11.5059305579 11.5059460042 136.4159775491 0.0000736203 0.0004342790 0.7650290368 0.6114013957 0.1292516927 0.0135738274
-84.1956198672 0.0008132266 0.9957324286 0.9998734290 0.0000159577 0.9989309698 0.6988976294 0.9614319865 0.3472192047 0.0011096999 0.0625379429 0.2235721845 0.0001187822 0.8039909968 0.2925666782 0.0003261408 0.0461832152 0.7105088565 0.4556147197 0.6491247878 0.3392955268 0.0001818865 1.4879808071 1.4736486278 1.5429061125 0.0001739248 11.5062468305 11.5059531890 11.5059686424 136.4159919171 0.0000736695 0.0004343020 0.7650039548 0.6114873072 0.1292777497 0.0135865092
-84.1952477438 0.0008132782 0.9957320584 0.9998734173 0.0000159584 0.9989308687 0.6988277295 0.9614187892 0.3473077226 0.0011097300 0.0625149717 0.2233516464 0.0001187865 0.8039564486 0.2927242971 0.0003261581 0.0461855548 0.7105047043 0.4556026990 0.6491397004 0.3393125771 0.0001819474 1.4878067440 1.4734969555 1.5428906598 0.0001739768 11.5062671624 11.5059737470 11.5059892070 136.4160054906 0.0000737150 0.0004343252 0.7649784029 0.6115677477 0.1293024397 0.0135980414
-84.1948756751 0.0008133297 0.9957316879 0.9998734056 0.0000159592 0.9989307665 0.6987587013 0.9614064384 0.3473878741 0.0011097601 0.0624932800 0.2231432441 0.0001187908 0.8039212919 0.2928723312 0.0003261754 0.0461878944 0.7104998139 0.4555902182 0.6491538908 0.3393291888 0.0001820047 1.4876442250 1.4733559636 1.5428756470 0.0001740257 11.5062856692 11.5059924650 11.5060079312 136.4160183006 0.0000737570 0.0004343483 0.7649524407 0.6116432516 0.1293258882 0.0136085358
-84.1945044183 0.0008133811 0.9957313180 0.9998733939 0.0000159600 0.9989306633 0.6986904517 0.9613948483 0.3474605813 0.0011097901 0.0624728039 0.2229466872 0.0001187951 0.8038855983 0.2930110546 0.0003261927 0.0461902293 0.7104942673 0.4555773434 0.6491674331 0.3393454247 0.0001820586 1.4874922922 1.4732246134 1.5428610968 0.0001740716 11.5063025527 11.5060095465 11.5060250186 136.4160303807 0.0000737959 0.0004343714 0.7649261253 0.6117143170 0.1293482067 0.0136180969
-84.1941346570 0.0008134324 0.9957309494 0.9998733823 0.0000159608 0.9989305593 0.6986229003 0.9613839402 0.3475266957 0.0011098200 0.0624534795 0.2227616115 0.0001187993 0.8038494365 0.2931407883 0.0003262099 0.0461925552 0.7104881429 0.4555641359 0.6491803992 0.3393613416 0.0001821095 1.4873500322 1.4731019472 1.5428470195 0.0001741150 11.5063179897 11.5060251696 11.5060406472 136.4160417654 0.0000738321 0.0004343943 0.7648995112 0.6117814003 0.1293694952 0.0136268208
-84.1937670094 0.0008134833 0.9957305828 0.9998733707 0.0000159615 0.9989304548 0.6985559796 0.9613736416 0.3475869977 0.0011098497 0.0624352441 0.2225876009 0.0001188036 0.8038128722 0.2932618856 0.0003262270 0.0461948680 0.7104815165 0.4555506528 0.6491928585 0.3393769921 0.0001821577 1.4872165656 1.4729870752 1.5428334127 0.0001741561 11.5063321357 11.5060394912 11.5060549741 136.4160524900 0.0000738658 0.0004344172 0.7648726505 0.6118449210 0.1293898434 0.0136347964
-84.1934020357 0.0008135339 0.9957302186 0.9998733592 0.0000159623 0.9989303499 0.6984896350 0.9613638873 0.3476421943 0.0011098793 0.0624180360 0.2224242052 0.0001188078 0.8037759681 0.2933747209 0.0003262440 0.0461971643 0.7104744604 0.4555369476 0.6492048784 0.3393924245 0.0001822035 1.4870910827 1.4728791961 1.5428202693 0.0001741951 11.5063451273 11.5060526489 11.5060681367 136.4160625897 0.0000738973 0.0004344399 0.7648455933 0.6119052554 0.1294093323 0.0136421037
-84.1930402444 0.0008135840 0.9957298574 0.9998733478 0.0000159630 0.9989302448 0.6984238240 0.9613546181 0.3476929246 0.0011099085 0.0624017957 0.2222709540 0.0001188119 0.8037387845 0.2934796800 0.0003262609 0.0461994409 0.7104670444 0.4555230706 0.6492165237 0.3394076837 0.0001822471 1.4869728222 1.4727775749 1.5428075753 0.0001742323 11.5063570844 11.5060647637 11.5060802563 136.4160720990 0.0000739269 0.0004344624 0.7648183874 0.6119627452 0.1294280349 0.0136488160
-84.1926820989 0.0008136337 0.9957294996 0.9998733366 0.0000159638 0.9989301396 0.6983585148 0.9613457813 0.3477397620 0.0011099375 0.0623864658 0.2221273674 0.0001188161 0.8037013789 0.2935771532 0.0003262776 0.0462016947 0.7104593356 0.4555090694 0.6492278569 0.3394228118 0.0001822888 1.4868610975 1.4726815598 1.5427953165 0.0001742679 11.5063681109 11.5060759405 11.5060914375 136.4160810516 0.0000739546 0.0004344846 0.7647910785 0.6120176931 0.1294460178 0.0136549989
-84.1923280227 0.0008136828 0.9957291457 0.9998733254 0.0000159645 0.9989300345 0.6982936851 0.9613373298 0.3477832210 0.0011099661 0.0623719911 0.2219929648 0.0001188202 0.8036638067 0.2936675295 0.0003262941 0.0462039231 0.7104513981 0.4554949890 0.6492389383 0.3394378480 0.0001823289 1.4867552816 1.4725905619 1.5427834775 0.0001743020 11.5063782953 11.5060862684 11.5061017698 136.4160894805 0.0000739809 0.0004345067 0.7647637105 0.6120703704 0.1294633415 0.0136607120
-84.1919784047 0.0008137312 0.9957287961 0.9998733144 0.0000159653 0.9989299297 0.6982293207 0.9613292214 0.3478237628 0.0011099944 0.0623583191 0.2218672722 0.0001188242 0.8036261212 0.2937511921 0.0003263104 0.0462061237 0.7104432940 0.4554808719 0.6492498260 0.3394528295 0.0001823673 1.4866548062 1.4725040565 1.5427720434 0.0001743347 11.5063877048 11.5060958154 11.5061113209 136.4160974172 0.0000740057 0.0004345284 0.7647363257 0.6121210184 0.1294800612 0.0136660089
-84.1916336033 0.0008137791 0.9957284512 0.9998733035 0.0000159660 0.9989298252 0.6981654137 0.9613214181 0.3478618051 0.0011100223 0.0623453998 0.2217498272 0.0001188282 0.8035883736 0.2938285141 0.0003263264 0.0462082941 0.7104350826 0.4554667588 0.6492605758 0.3394677913 0.0001824045 1.4865591521 1.4724215664 1.5427610007 0.0001743664 11.5063963713 11.5061046141 11.5061201237 136.4161048927 0.0000740293 0.0004345499 0.7647089645 0.6121698555 0.1294962277 0.0136709391
-84.1912939512 0.0008138262 0.9957281113 0.9998732928 0.0000159667 0.9989297213 0.6981019598 0.9613138865 0.3478977308 0.0011100498 0.0623331857 0.2216401789 0.0001188321 0.8035506133 0.2938998575 0.0003263422 0.0462104323 0.7104268205 0.4554526886 0.6492712405 0.3394827664 0.0001824404 1.4864678758 1.4723426817 1.5427503434 0.0001743969 11.5064042547 11.5061126251 11.5061281385 136.4161119374 0.0000740518 0.0004345710 0.7646816659 0.6122170704 0.1295118876 0.0136755465
-84.1909597594 0.0008138725 0.9957277766 0.9998732823 0.0000159674 0.9989296181 0.6980389577 0.9613065945 0.3479318803 0.0011100769 0.0623216305 0.2215378747 0.0001188360 0.8035128879 0.2939655825 0.0003263578 0.0462125362 0.7104185600 0.4554386985 0.6492818662 0.3394977859 0.0001824752 1.4863806708 1.4722671204 1.5427400792 0.0001744266 11.5064143250 11.5061228186 11.5061383357 136.4161185834 0.0000740734 0.0004345918 0.7646544672 0.6122628541 0.1295270840 0.0136798654
-84.1906313169 0.0008139181 0.9957274476 0.9998732719 0.0000159681 0.9989295156 0.6979764250 0.9612995410 0.3479644936 0.0011101034 0.0623106818 0.2214423874 0.0001188398 0.8034752433 0.2940261237 0.0003263731 0.0462146041 0.7104103574 0.4554248245 0.6492925077 0.3395128799 0.0001825089 1.4862973261 1.4721947023 1.5427301944 0.0001744553 11.5064212310 11.5061298440 11.5061453647 136.4161248625 0.0000740940 0.0004346122 0.7646274046 0.6123071803 0.1295418624 0.0136839158
-84.1903088984 0.0008139628 0.9957271245 0.9998732618 0.0000159687 0.9989294141 0.6979143790 0.9612926980 0.3479958153 0.0011101295 0.0623002991 0.2213533188 0.0001188435 0.8034377242 0.2940818069 0.0003263882 0.0462166342 0.7104022640 0.4554111003 0.6493032142 0.3395280764 0.0001825416 1.4862175992 1.4721251872 1.5427207072 0.0001744832 11.5064277915 11.5061365202 11.5061520444 136.4161308021 0.0000741137 0.0004346323 0.7646005127 0.6123502201 0.1295562589 0.0136877283
-84.1899927632 0.0008140066 0.9957268075 0.9998732518 0.0000159694 0.9989293135 0.6978528409 0.9612860515 0.3480260502 0.0011101551 0.0622904436 0.2212702810 0.0001188471 0.8034003736 0.2941329507 0.0003264029 0.0462186248 0.7103943299 0.4553975579 0.6493140340 0.3395434026 0.0001825735 1.4861413374 1.4720584211 1.5427116345 0.0001745103 11.5064340178 11.5061428587 11.5061583864 136.4161364282 0.0000741326 0.0004346520 0.7645738251 0.6123920495 0.1295703069 0.0136913253
-84.1896831588 0.0008140496 0.9957264969 0.9998732420 0.0000159700 0.9989292141 0.6977918368 0.9612795930 0.3480553632 0.0011101802 0.0622810777 0.2211928958 0.0001188507 0.8033632333 0.2941798670 0.0003264173 0.0462205744 0.7103866042 0.4553842286 0.6493250141 0.3395588847 0.0001826044 1.4860684779 1.4719943252 1.5427029997 0.0001745366 11.5064399103 11.5061488604 11.5061643914 136.4161417670 0.0000741508 0.0004346713 0.7645473740 0.6124327098 0.1295840377 0.0136947228
-84.1893803215 0.0008140916 0.9957261930 0.9998732325 0.0000159707 0.9989291159 0.6977313985 0.9612733216 0.3480838737 0.0011102047 0.0622721653 0.2211207949 0.0001188542 0.8033263441 0.2942228612 0.0003264314 0.0462224815 0.7103791346 0.4553711425 0.6493362002 0.3395745481 0.0001826345 1.4859990921 1.4719329334 1.5426948410 0.0001745622 11.5064454730 11.5061545290 11.5061700632 136.4161468451 0.0000741683 0.0004346901 0.7645211907 0.6124721954 0.1295974803 0.0136979286
-84.1890844781 0.0008141326 0.9957258960 0.9998732232 0.0000159713 0.9989290191 0.6976715648 0.9612672436 0.3481116531 0.0011102286 0.0622636716 0.2210536190 0.0001188576 0.8032897454 0.2942622339 0.0003264452 0.0462243447 0.7103719679 0.4553583287 0.6493476370 0.3395904173 0.0001826636 1.4859333653 1.4718743762 1.5426872053 0.0001745870 11.5064507140 11.5061598725 11.5061754099 136.4161516905 0.0000741849 0.0004347085 0.7644953052 0.6125104569 0.1296106618 0.0137009422
-84.1887958458 0.0008141727 0.9957256061 0.9998732141 0.0000159719 0.9989289237 0.6976123828 0.9612613746 0.3481387140 0.0011102520 0.0622555625 0.2209910146 0.0001188610 0.8032534756 0.2942982829 0.0003264587 0.0462261625 0.7103651499 0.4553458155 0.6493593689 0.3396065161 0.0001826917 1.4858716301 1.4718189103 1.5426801503 0.0001746109 11.5064556399 11.5061648974 11.5061804377 136.4161563331 0.0000742008 0.0004347265 0.7644697467 0.6125473876 0.1296236069 0.0137037526
-84.1885146324 0.0008142117 0.9957253235 0.9998732052 0.0000159725 0.9989288299 0.6975539114 0.9612557431 0.3481649942 0.0011102748 0.0622478045 0.2209326314 0.0001188642 0.8032175721 0.2943313068 0.0003264718 0.0462279337 0.7103587260 0.4553336303 0.6493714401 0.3396228675 0.0001827187 1.4858144235 1.4717669685 1.5426737494 0.0001746339 11.5064602524 11.5061696047 11.5061851479 136.4161608060 0.0000742156 0.0004347440 0.7644445430 0.6125828018 0.1296363382 0.0137063344
-84.1882410343 0.0008142497 0.9957250484 0.9998731965 0.0000159731 0.9989287377 0.6974962251 0.9612503930 0.3481903357 0.0011102969 0.0622403644 0.2208781182 0.0001188674 0.8031820714 0.2943616090 0.0003264846 0.0462296570 0.7103527413 0.4553217993 0.6493838955 0.3396394937 0.0001827443 1.4857625178 1.4717191904 1.5426680886 0.0001746557 11.5064645449 11.5061739873 11.5061895332 136.4161651465 0.0000742293 0.0004347611 0.7644197214 0.6126164173 0.1296488758 0.0137086442
-84.1879752349 0.0008142866 0.9957247811 0.9998731882 0.0000159736 0.9989286472 0.6974394196 0.9612453891 0.3482144546 0.0011103184 0.0622332088 0.2208271193 0.0001188704 0.8031470087 0.2943895024 0.0003264969 0.0462313314 0.7103472417 0.4553103480 0.6493967814 0.3396564165 0.0001827682 1.4857169853 1.4716764837 1.5426632673 0.0001746760 11.5064684984 11.5061780247 11.5061935732 136.4161693982 0.0000742416 0.0004347776 0.7643953078 0.6126478248 0.1296612374 0.0137106147
-84.1877173996 0.0008143224 0.9957245216 0.9998731800 0.0000159742 0.9989285586 0.6973836201 0.9612408231 0.3482368989 0.0011103393 0.0622263036 0.2207792713 0.0001188734 0.8031124186 0.2944153153 0.0003265090 0.0462329556 0.7103422741 0.4552993008 0.6494101470 0.3396736574 0.0001827901 1.4856792845 1.4716401043 1.5426593992 0.0001746946 11.5064720682 11.5061816709 11.5061972217 136.4161736133 0.0000742520 0.0004347937 0.7643713271 0.6126764491 0.1296734371 0.0137121473
-84.1874676706 0.0008143570 0.9957242702 0.9998731721 0.0000159747 0.9989284718 0.6973289922 0.9612368232 0.3482569905 0.0011103595 0.0622196130 0.2207341967 0.0001188763 0.8030783344 0.2944393998 0.0003265206 0.0462345290 0.7103378877 0.4552886813 0.6494240451 0.3396912374 0.0001828091 1.4856513833 1.4716117739 1.5426566135 0.0001747108 11.5064751580 11.5061848271 11.5062003798 136.4161778553 0.0000742602 0.0004348092 0.7643478033 0.6127014900 0.1296854852 0.0137131002
-84.1872261586 0.0008143905 0.9957240269 0.9998731645 0.0000159752 0.9989283871 0.6972757606 0.9612335629 0.3482737189 0.0011103791 0.0622130983 0.2206914905 0.0001188791 0.8030447883 0.2944621511 0.0003265319 0.0462360508 0.7103341341 0.4552785125 0.6494385322 0.3397091777 0.0001828247 1.4856359872 1.4715938975 1.5426550612 0.0001747240 11.5064809578 11.5061906799 11.5062062342 136.4161822029 0.0000742651 0.0004348243 0.7643247589 0.6127218811 0.1296973870 0.0137132677
-84.1869929260 0.0008144229 0.9957237918 0.9998731571 0.0000159757 0.9989283043 0.6972242529 0.9612313105 0.3482855418 0.0011103980 0.0622067088 0.2206506534 0.0001188818 0.8030118113 0.2944840968 0.0003265428 0.0462375207 0.7103310796 0.4552688166 0.6494536892 0.3397275008 0.0001828354 1.4856367248 1.4715897514 1.5426548826 0.0001747330 11.5064838095 11.5061935671 11.5062091226 136.4161867489 0.0000742660 0.0004348388 0.7643022153 0.6127359505 0.1297091469 0.0137123550
-84.1867679745 0.0008144542 0.9957235649 0.9998731500 0.0000159761 0.9989282237 0.6971749153 0.9612303827 0.3482903229 0.0011104162 0.0622004026 0.2206113465 0.0001188844 0.8029794329 0.2945056971 0.0003265533 0.0462389388 0.7103288010 0.4552596142 0.6494696156 0.3397462318 0.0001828398 1.4856581936 1.4716034859 1.5426562600 0.0001747367 11.5064870448 11.5061968146 11.5062123703 136.4161915934 0.0000742613 0.0004348528 0.7642801921 0.6127417758 0.1297207527 0.0137099832
-84.1865512182 0.0008144843 0.9957233461 0.9998731432 0.0000159766 0.9989281452 0.6971283695 0.9612312099 0.3482850363 0.0011104338 0.0621941374 0.2205733328 0.0001188869 0.8029476806 0.2945274413 0.0003265634 0.0462403057 0.7103273993 0.4552509253 0.6494864496 0.3397654014 0.0001828360 1.4857063867 1.4716405422 1.5426593964 0.0001747332 11.5064913653 11.5062011161 11.5062166713 136.4161968371 0.0000742493 0.0004348664 0.7642587070 0.6127367510 0.1297321798 0.0137056413
-84.1863424509 0.0008145133 0.9957231352 0.9998731366 0.0000159770 0.9989280688 0.6970854809 0.9612343431 0.3482654501 0.0011104507 0.0621878775 0.2205366127 0.0001188893 0.8029165798 0.2945498065 0.0003265731 0.0462416228 0.7103270160 0.4552427703 0.6495043937 0.3397850516 0.0001828213 1.4857889579 1.4717078393 1.5426645620 0.0001747206 11.5064982027 11.5062078940 11.5062234473 136.4162025608 0.0000742278 0.0004348794 0.7642377755 0.6127175751 0.1297433858 0.0136986626
-84.1861413038 0.0008145413 0.9957229317 0.9998731302 0.0000159775 0.9989279946 0.6970474506 0.9612404458 0.3482257550 0.0011104670 0.0621816095 0.2205016549 0.0001188917 0.8028861528 0.2945731618 0.0003265825 0.0462428927 0.7103278623 0.4552351718 0.6495237613 0.3398052454 0.0001827929 1.4859152316 1.4718136732 1.5426721728 0.0001746962 11.5065104020 11.5062199813 11.5062355313 136.4162087772 0.0000741940 0.0004348919 0.7642174099 0.6126803512 0.1297543040 0.0136882236
-84.1859471897 0.0008145683 0.9957227352 0.9998731240 0.0000159779 0.9989279225 0.6970159312 0.9612502162 0.3481582072 0.0011104828 0.0621753810 0.2204697808 0.0001188939 0.8028564179 0.2945975736 0.0003265916 0.0462441192 0.7103302720 0.4552281570 0.6495450621 0.3398260860 0.0001827478 1.4860955782 1.4719668163 1.5426830014 0.0001746575 11.5065335033 11.5062429062 11.5062584509 136.4162153405 0.0000741454 0.0004349041 0.7641976186 0.6126211556 0.1297648334 0.0136734098
-84.1857592363 0.0008145945 0.9957225447 0.9998731181 0.0000159783 0.9989278525 0.6969931731 0.9612641162 0.3480530395 0.0011104980 0.0621693881 0.2204438177 0.0001188961 0.8028273886 0.2946224107 0.0003266004 0.0462453080 0.7103347984 0.4552217641 0.6495691605 0.3398477534 0.0001826844 1.4863386746 1.4721732686 1.5426986118 0.0001746032 11.5065783390 11.5062874937 11.5063030310 136.4162217921 0.0000740803 0.0004349158 0.7641784052 0.6125379016 0.1297748269 0.0136534810
-84.1855762216 0.0008146200 0.9957223591 0.9998731123 0.0000159786 0.9989277844 0.6969821868 0.9612816863 0.3478991352 0.0011105129 0.0621641792 0.2204294186 0.0001188982 0.8027990720 0.2946454744 0.0003266090 0.0462464666 0.7103424024 0.4552160521 0.6495975858 0.3398705761 0.0001826060 1.4866438981 1.4724278731 1.5427220246 0.0001745363 11.5066711603 11.5063800039 11.5063955321 136.4162271385 0.0000740015 0.0004349273 0.7641597676 0.6124349722 0.1297840756 0.0136285409
-84.1853965527 0.0008146451 0.9957221768 0.9998731066 0.0000159790 0.9989277182 0.6969867474 0.9613003500 0.3476862885 0.0011105275 0.0621610900 0.2204381667 0.0001189003 0.8027714690 0.2946609196 0.0003266174 0.0462476044 0.7103548524 0.4552111153 0.6496332195 0.3398951853 0.0001825271 1.4869827043 1.4726968445 1.5427566885 0.0001744694 11.5068540794 11.5065625974 11.5065781161 136.4162296123 0.0000739213 0.0004349386 0.7641416973 0.6123311684 0.1297923025 0.0136007140
-84.1852184068 0.0008146699 0.9957219964 0.9998731009 0.0000159794 0.9989276535 0.6970100375 0.9613135086 0.3474131263 0.0011105420 0.0621629066 0.2204943843 0.0001189024 0.8027445747 0.2946537215 0.0003266257 0.0462487315 0.7103755750 0.4552070872 0.6496818449 0.3399228670 0.0001824823 1.4872516169 1.4728835794 1.5427959341 0.0001744324 11.5072591495 11.5069674397 11.5069829522 136.4162266006 0.0000738696 0.0004349497 0.7641241813 0.6122720009 0.1297991527 0.0135758905
-84.1850399497 0.0008146947 0.9957218166 0.9998730953 0.0000159798 0.9989275903 0.6970484626 0.9613033557 0.3471266989 0.0011105565 0.0621733156 0.2206370049 0.0001189044 0.8027183828 0.2945916316 0.0003266341 0.0462498555 0.7104116733 0.4552039786 0.6497563581 0.3399565316 0.0001825606 1.4871374415 1.4727203780 1.5428024668 0.0001745020 11.5082819453 11.5079903860 11.5080059051 136.4162148071 0.0000739227 0.0004349608 0.7641072053 0.6123743159 0.1298043094 0.0135728397
-84.1848608365 0.0008147194 0.9957216377 0.9998730896 0.0000159801 0.9989275285 0.6970814183 0.9612450994 0.3469710206 0.0011105709 0.0621828382 0.2208882228 0.0001189065 0.8026929001 0.2944312687 0.0003266423 0.0462509746 0.7104763708 0.4551996612 0.6498875540 0.3400042385 0.0001828795 1.4863310189 1.4719205910 1.5427633013 0.0001747789 11.5110138193 11.5107230803 11.5107386293 136.4161899443 0.0000741726 0.0004349719 0.7640907662 0.6127916605 0.1298080349 0.0136234863
-84.1846864336 0.0008147435 0.9957214626 0.9998730842 0.0000159805 0.9989274687 0.6970916748 0.9612258114 0.3469317399 0.0011105849 0.0621889195 0.2212139103 0.0001189085 0.8026681718 0.2941672483 0.0003266505 0.0462520700 0.7105831693 0.4551826656 0.6501129418 0.3400965933 0.0001829804 1.4858361930 1.4715212296 1.5426380277 0.0001748643 11.5109495037 11.5106591564 11.5106747169 136.4161454402 0.0000742579 0.0004349827 0.7640748891 0.6129239970 0.1298134542 0.0136407306
-84.1845169941 0.0008147670 0.9957212926 0.9998730788 0.0000159809 0.9989274108 0.6970898670 0.9612460640 0.3468918173 0.0011105986 0.0622123199 0.2215506888 0.0001189104 0.8026442403 0.2938720511 0.0003266583 0.0462531342 0.7107284810 0.4552464369 0.6502899050 0.3402939397 0.0001828684 1.4857364451 1.4715156344 1.5425171724 0.0001747630 11.5059647850 11.5056747355 11.5056902940 136.4161001467 0.0000742139 0.0004349932 0.7640595674 0.6127789794 0.1298294039 0.0136271741
-84.1845150258 0.0008147672 0.9957212906 0.9998730788 0.0000159809 0.9989274102 0.6970897779 0.9612461640 0.3468910601 0.0011105988 0.0622126767 0.2215545826 0.0001189105 0.8026439619 0.2938686283 0.0003266584 0.0462531466 0.7107296075 0.4552478052 0.6502909727 0.3402967310 0.0001828679 1.4857358739 1.4715154854 1.5425165463 0.0001747626 11.5059388210 11.5056487736 11.5056643322 136.4160997206 0.0000742138 0.0004349934 0.7640593891 0.6127783169 0.1298297261 0.0136271000
