-72.2230996194 0.0060671119 0.7939179482 0.7450373640 0.0000776661 0.9938790805 0.6668273067 0.9384529657 0.2734604080 0.0026564824 0.0645799171 0.2320207781 0.0003809650 0.7466413131 0.2641885628 0.0018035080 0.2114484445 0.6441246452 0.2643569016 0.6108867562 0.2375299375 0.0002053356 1.4942527521 1.4794215476 1.5443286588 0.0001957390 11.5054524724 11.5048201634 11.5048348999 136.4219642292 0.0000722775 0.0024275688 0.4722033629 0.6396627349 0.1223723281 0.0132124512
-72.2222765376 0.0060679333 0.7938703811 0.7449278921 0.0000776744 0.9938783053 0.6667935671 0.9384473899 0.2734546853 0.0026566416 0.0645656301 0.2319214085 0.0003809955 0.7466152764 0.2642645919 0.0018037197 0.2114680474 0.6441097239 0.2643416814 0.6108816765 0.2375252372 0.0002053588 1.4942142610 1.4793770307 1.5443307629 0.0001957590 11.5054236874 11.5047914442 11.5048061827 136.4219753425 0.0000722926 0.0024278553 0.4721733165 0.6396890287 0.1224042309 0.0132173256
-72.2206327522 0.0060695738 0.7937753726 0.7447092342 0.0000776911 0.9938767568 0.6667259674 0.9384345933 0.2734540199 0.0026569595 0.0645370466 0.2317209211 0.0003810563 0.7465632519 0.2644185117 0.0018041425 0.2115071998 0.6440804476 0.2643122162 0.6108717628 0.2375171233 0.0002054092 1.4941333721 1.4792829523 1.5443358738 0.0001958025 11.5053781726 11.5047460711 11.5047608139 136.4219972626 0.0000723249 0.0024284276 0.4721133138 0.6397460022 0.1224663810 0.0132276463
-72.2181731194 0.0060720294 0.7936331853 0.7443819940 0.0000777161 0.9938744387 0.6666242045 0.9384127244 0.2734683512 0.0026574352 0.0644941293 0.2314156939 0.0003811474 0.7464853404 0.2646543308 0.0018047752 0.2115657928 0.6440376208 0.2642706059 0.6108572416 0.2375082684 0.0002054921 1.4940030346 1.4791306697 1.5443452699 0.0001958740 11.5053370729 11.5047052024 11.5047199524 136.4220294837 0.0000723776 0.0024292842 0.4720235382 0.6398397398 0.1225557737 0.0132443827
-72.2149051022 0.0060752934 0.7934442086 0.7439470519 0.0000777493 0.9938713569 0.6664871836 0.9383802274 0.2735015391 0.0026580673 0.0644367604 0.2309999098 0.0003812684 0.7463816992 0.2649788245 0.0018056163 0.2116436590 0.6439816516 0.2642200577 0.6108380564 0.2375027559 0.0002056142 1.4938117521 1.4789067796 1.5443604585 0.0001959795 11.5053493800 11.5047178434 11.5047326041 136.4220715618 0.0000724556 0.0024304228 0.4719042709 0.6399778299 0.1226686270 0.0132690144
-72.2108381849 0.0060793569 0.7932089863 0.7434056473 0.0000777906 0.9938675197 0.6663108219 0.9383341613 0.2735670301 0.0026588541 0.0643644547 0.2304616277 0.0003814191 0.7462525467 0.2654048424 0.0018066632 0.2117405685 0.6439121277 0.2641641878 0.6108140327 0.2375055438 0.0002057860 1.4935419170 1.4785907534 1.5443840150 0.0001961279 11.5054496801 11.5048186077 11.5048333833 136.4158107091 0.0000725666 0.0024318401 0.4717558968 0.6401717410 0.1228012566 0.0133039299
-72.2059895315 0.0060842060 0.7929282996 0.7427595936 0.0000778399 0.9938629382 0.6661030267 0.9382801291 0.2736339468 0.0026597926 0.0642910393 0.2298660937 0.0003815988 0.7460981743 0.2658769749 0.0018079125 0.2118561762 0.6438164267 0.2640894564 0.6107721762 0.2374935772 0.0002059912 1.4931966387 1.4782052916 1.5444031466 0.0001963052 11.5055904651 11.5049599161 11.5049747096 136.4158613734 0.0000726992 0.0024335314 0.4715789385 0.6404030744 0.1229182684 0.0133441606
-72.2003734545 0.0060898278 0.7926029486 0.7420107214 0.0000778970 0.9938576245 0.6658653763 0.9382206620 0.2736963882 0.0026608801 0.0642170201 0.2292185388 0.0003818071 0.7459188943 0.2663917835 0.0018093608 0.2119901482 0.6436968255 0.2639962009 0.6107141915 0.2374673930 0.0002062191 1.4927979321 1.4777752857 1.5444174939 0.0001965021 11.5057298802 11.5050998897 11.5051147030 136.4159113479 0.0000728451 0.0024354920 0.4713739571 0.6406596943 0.1230230593 0.0133875793
-72.1940062898 0.0060962079 0.7922337860 0.7411609639 0.0000779618 0.9938515914 0.6656005149 0.9381578756 0.2737470912 0.0026621136 0.0641428041 0.2285234446 0.0003820433 0.7457150405 0.2669467288 0.0018110041 0.2121421210 0.6435548825 0.2638852314 0.6106412066 0.2374278617 0.0002064617 1.4923654103 1.4773211684 1.5444278118 0.0001967117 11.5058550571 11.5052256395 11.5052404739 136.4159613719 0.0000729980 0.0024377168 0.4711415674 0.6409325016 0.1231182186 0.0134325272
-72.1869055318 0.0061033311 0.7918217573 0.7402124966 0.0000780342 0.9938448527 0.6653116638 0.9380935509 0.2737782569 0.0026634901 0.0640687783 0.2277856857 0.0003823070 0.7454869658 0.2675391946 0.0018128387 0.2123117061 0.6433917451 0.2637574101 0.6105541749 0.2373758926 0.0002067130 1.4919164002 1.4768595698 1.5444354656 0.0001969288 11.5059676516 11.5053388041 11.5053536603 136.4160119978 0.0000731528 0.0024402004 0.4708824320 0.6412145992 0.1232057505 0.0134777169
-72.1790896575 0.0061111815 0.7913678245 0.7391674979 0.0000781140 0.9938374231 0.6650020901 0.9380291403 0.2737826196 0.0026650060 0.0639953197 0.2270105267 0.0003825975 0.7452350394 0.2681664907 0.0018148603 0.2124984932 0.6432084216 0.2636135266 0.6104540623 0.2373123052 0.0002069684 1.4914655147 1.4764034841 1.5444420191 0.0001971494 11.5060705020 11.5054422089 11.5054570870 136.4160635377 0.0000733057 0.0024429372 0.4705972550 0.6415007892 0.1232872454 0.0135221829
-72.1705779735 0.0061197423 0.7908730270 0.7380283545 0.0000782009 0.9938293177 0.6646747025 0.9379657258 0.2737543004 0.0026666580 0.0639227918 0.2262033799 0.0003829141 0.7449596436 0.2688260440 0.0018170645 0.2127020543 0.6430059138 0.2634542842 0.6103419275 0.2372378065 0.0002072246 1.4910241562 1.4759622423 1.5444489884 0.0001973706 11.5061657954 11.5055380321 11.5055529321 136.4161161430 0.0000734542 0.0024459213 0.4702867766 0.6417874653 0.1233639940 0.0135652651
-72.1613904885 0.0061289963 0.7903384254 0.7367974866 0.0000782948 0.9938205526 0.6643318487 0.9379040171 0.2736891455 0.0026684423 0.0638515388 0.2253695153 0.0003832562 0.7446611720 0.2695155952 0.0018194468 0.2129219456 0.6427852769 0.2632803155 0.6102189582 0.2371530098 0.0002074798 1.4906004548 1.4755418086 1.5444577130 0.0001975910 11.5062581104 11.5056308471 11.5056457688 136.4161698902 0.0000735967 0.0024491465 0.4699517685 0.6420724943 0.1234370645 0.0136065770
-72.1515478065 0.0061389257 0.7897651215 0.7354774184 0.0000783956 0.9938111440 0.6639753192 0.9378444326 0.2735845676 0.0026703553 0.0637818681 0.2245137382 0.0003836229 0.7443400274 0.2702334328 0.0018220026 0.2131577103 0.6425476642 0.2630922014 0.6100865208 0.2370584643 0.0002077329 1.4901994082 1.4751452187 1.5444692424 0.0001978096 11.5063442106 11.5057174164 11.5057323594 136.4162248310 0.0000737324 0.0024526065 0.4695930293 0.6423547882 0.1235073630 0.0136459572
-72.1410710605 0.0061495124 0.7891542558 0.7340707726 0.0000785030 0.9938011089 0.6636064019 0.9377871131 0.2734392877 0.0026723931 0.0637140673 0.2236405767 0.0003840137 0.7439966207 0.2709781399 0.0018247270 0.2134088795 0.6422943420 0.2628904844 0.6099461756 0.2369546796 0.0002079840 1.4898232512 1.4747730648 1.5444843705 0.0001980265 11.5064273827 11.5058010276 11.5058159915 136.4162810103 0.0000738613 0.0024562949 0.4692113815 0.6426343645 0.1235756556 0.0136834407
-72.1299818537 0.0061607376 0.7885069915 0.7325802240 0.0000786169 0.9937904646 0.6632259874 0.9377320397 0.2732529354 0.0026745518 0.0636483731 0.2227541380 0.0003844278 0.7436313703 0.2717486350 0.0018276152 0.2136749740 0.6420267123 0.2626756792 0.6097997114 0.2368421462 0.0002082336 1.4894721036 1.4744242874 1.5445036065 0.0001982421 11.5065085336 11.5058825902 11.5058975747 136.4163384823 0.0000739838 0.0024602050 0.4688076688 0.6429118098 0.1236426053 0.0137191890
-72.1183022224 0.0061725824 0.7878245054 0.7310084742 0.0000787370 0.9937792286 0.6628346623 0.9376790967 0.2730257304 0.0026768273 0.0635849360 0.2218581468 0.0003848645 0.7432447015 0.2725440563 0.0018306621 0.2139555040 0.6417463295 0.2624482792 0.6096491735 0.2367213506 0.0002084825 1.4891446639 1.4740969242 1.5445272000 0.0001984571 11.5065922292 11.5059666732 11.5059816781 136.4163973183 0.0000741008 0.0024643300 0.4683827534 0.6431880611 0.1237087937 0.0137534295
-72.1060545981 0.0061850274 0.7871080282 0.7293583779 0.0000788631 0.9937674192 0.6624328055 0.9376281654 0.2727582315 0.0026792156 0.0635237500 0.2209559102 0.0003853229 0.7428370470 0.2733637565 0.0018338628 0.2142499704 0.6414549349 0.2622087566 0.6094969308 0.2365927882 0.0002087315 1.4888385268 1.4737885175 1.5445550727 0.0001986722 11.5066727481 11.5060475597 11.5060625848 136.4164576044 0.0000742130 0.0024686632 0.4679375145 0.6434639336 0.1237747476 0.0137864075
-72.0932617945 0.0061980527 0.7863588025 0.7276328145 0.0000789950 0.9937550548 0.6620205789 0.9375790750 0.2724513704 0.0026817126 0.0634646088 0.2200508312 0.0003858023 0.7424088470 0.2742067352 0.0018372120 0.2145578649 0.6411544612 0.2619575575 0.6093457016 0.2364569721 0.0002089814 1.4885505334 1.4734964212 1.5445868999 0.0001988881 11.5067568471 11.5061320096 11.5061470549 136.4165194251 0.0000743211 0.0024731974 0.4674728464 0.6437404381 0.1238409295 0.0138183753
-72.0799469667 0.0062116382 0.7855780882 0.7258347060 0.0000791326 0.9937421542 0.6615979517 0.9375317145 0.2721063839 0.0026843139 0.0634069760 0.2191462210 0.0003863019 0.7419605502 0.2750717478 0.0018407043 0.2148786702 0.6408470704 0.2616950951 0.6091986370 0.2363144451 0.0002092328 1.4882770392 1.4732182043 1.5446219818 0.0001991053 11.5068401753 11.5062156752 11.5062307407 136.4165828630 0.0000744258 0.0024779255 0.4669896572 0.6440181074 0.1239077661 0.0138495371
-72.0661335875 0.0062257633 0.7847671827 0.7239670805 0.0000792755 0.9937287366 0.6611646353 0.9374859661 0.2717250134 0.0026870154 0.0633499058 0.2182457444 0.0003868209 0.7414926141 0.2759567724 0.0018443345 0.2152118609 0.6405351624 0.2614217364 0.6090593720 0.2361657890 0.0002094860 1.4880139284 1.4729516742 1.5446592760 0.0001993240 11.5069250413 11.5063008674 11.5063159531 136.4166479813 0.0000745275 0.0024828402 0.4664888661 0.6442973335 0.1239756374 0.0138800575
-72.0518454008 0.0062404070 0.7839273897 0.7220329794 0.0000794237 0.9937148217 0.6607200227 0.9374417530 0.2713096075 0.0026898126 0.0632919408 0.2173533645 0.0003873585 0.7410055066 0.2768589197 0.0018480971 0.2155569039 0.6402213865 0.2611377842 0.6089320962 0.2360116368 0.0002097409 1.4877569966 1.4726953323 1.5446973385 0.0001995442 11.5070155018 11.5063916432 11.5064067491 136.4167148225 0.0000746262 0.0024879342 0.4659714024 0.6445780419 0.1240448884 0.0139100124
-72.0371063587 0.0062555483 0.7830600467 0.7200355405 0.0000795768 0.9937004292 0.6602631499 0.9373990788 0.2708632206 0.0026927012 0.0632310668 0.2164732639 0.0003879139 0.7404997061 0.2777743998 0.0018519864 0.2159132600 0.6399086592 0.2608434478 0.6088216583 0.2358526868 0.0002099968 1.4875019125 1.4724484449 1.5447342187 0.0001997652 11.5071053385 11.5064817843 11.5064969104 136.4167834007 0.0000747217 0.0024931998 0.4654382023 0.6448593933 0.1241158425 0.0139393681
-72.0219405614 0.0062711657 0.7821664906 0.7179778990 0.0000797346 0.9936855793 0.6597925812 0.9373579413 0.2703898844 0.0026956766 0.0631648241 0.2156102670 0.0003884861 0.7399757032 0.2786979251 0.0018559970 0.2162803851 0.6396001305 0.2605387995 0.6087336254 0.2356897187 0.0002102527 1.4872442286 1.4722110524 1.5447675008 0.0001999860 11.5072005598 11.5065772960 11.5065924422 136.4168536775 0.0000748132 0.0024986295 0.4648902062 0.6451402163 0.1241887792 0.0139679921
-72.0063721555 0.0062872374 0.7812480838 0.7158632677 0.0000798969 0.9936702922 0.6593063715 0.9373184269 0.2698946477 0.0026987346 0.0630904948 0.2147695332 0.0003890744 0.7394340017 0.2796228682 0.0018601231 0.2166577323 0.6392991564 0.2602237128 0.6086743896 0.2355236155 0.0002105065 1.4869795825 1.4719842322 1.5447941950 0.0002002049 11.5072955062 11.5066725152 11.5066876812 136.4169255580 0.0000748995 0.0025042156 0.4643283557 0.6454183993 0.1242639538 0.0139956095
-71.9904252361 0.0063037419 0.7803061861 0.7136948546 0.0000800635 0.9936545885 0.6588019816 0.9372806220 0.2693837772 0.0027018705 0.0630054835 0.2139568766 0.0003896780 0.7388751197 0.2805407663 0.0018643591 0.2170447541 0.6390091943 0.2598977735 0.6086512132 0.2353553899 0.0002107560 1.4867037422 1.4717700493 1.5448108247 0.0002004199 11.5073944548 11.5067717121 11.5067868975 136.4169988672 0.0000749790 0.0025099505 0.4637535894 0.6456913576 0.1243415763 0.0140218211
-71.9741237064 0.0063206573 0.7793421539 0.7114758670 0.0000802342 0.9936384886 0.6582762846 0.9372446872 0.2688647101 0.0027050800 0.0629077183 0.2131784841 0.0003902960 0.7382995905 0.2814414967 0.0018686993 0.2174409058 0.6387336657 0.2595601518 0.6086722859 0.2351862188 0.0002109978 1.4864129866 1.4715717761 1.5448134465 0.0002006280 11.5074921434 11.5068696165 11.5068848203 136.4170733464 0.0000750492 0.0025158265 0.4631668385 0.6459555880 0.1244218235 0.0140460729
-71.9574911348 0.0063379622 0.7783573241 0.7092094677 0.0000804087 0.9936220130 0.6577255601 0.9372107747 0.2683461207 0.0027083587 0.0627960680 0.2124411666 0.0003909275 0.7377079641 0.2823129268 0.0018731382 0.2178456486 0.6384757151 0.2592094234 0.6087466953 0.2350174868 0.0002112283 1.4861042388 1.4713936995 1.5447978587 0.0002008259 11.5075882193 11.5069658657 11.5069810868 136.4171486356 0.0000751076 0.0025218360 0.4625690219 0.6462071367 0.1245048194 0.0140676959
-71.9405505831 0.0063556355 0.7773530297 0.7068988248 0.0000805868 0.9936051818 0.6571455617 0.9371790420 0.2678377772 0.0027117022 0.0626705879 0.2117521988 0.0003915718 0.7371008075 0.2831410541 0.0018776701 0.2182584541 0.6382378878 0.2588433253 0.6088843139 0.2348508403 0.0002114434 1.4857758050 1.4712413485 1.5447598636 0.0002010102 11.5076841072 11.5070618719 11.5070771089 136.4172242834 0.0000751510 0.0025279716 0.4619610403 0.6464415696 0.1245906352 0.0140858992
-71.9233244105 0.0063736565 0.7763305545 0.7045469863 0.0000807683 0.9935880151 0.6565316845 0.9371496661 0.2673502856 0.0027151064 0.0625325641 0.2111191207 0.0003922280 0.7364787055 0.2839103417 0.0018822899 0.2186788084 0.6380217576 0.2584584435 0.6090955871 0.2346882588 0.0002116385 1.4854279715 1.4711214144 1.5446956099 0.0002011767 11.5077702340 11.5071480501 11.5071633010 136.4172997711 0.0000751760 0.0025342260 0.4613437700 0.6466539566 0.1246792938 0.0140997957
-71.9058340855 0.0063920054 0.7752911662 0.7021569791 0.0000809530 0.9935705320 0.6558791014 0.9371227101 0.2668950189 0.0027185673 0.0623844186 0.2105500839 0.0003928955 0.7358422600 0.2846035260 0.0018869922 0.2191062170 0.6378275429 0.2580498512 0.6093910901 0.2345321412 0.0002118092 1.4850636110 1.4710415108 1.5446021435 0.0002013217 11.5078485060 11.5072262929 11.5072415554 136.4173745365 0.0000751791 0.0025405922 0.4607180564 0.6468396894 0.1247707415 0.0141084767
-71.8880999530 0.0064106632 0.7742360389 0.6997315984 0.0000811407 0.9935527514 0.6551830127 0.9370978247 0.2664844868 0.0027220810 0.0622294248 0.2100534882 0.0003935734 0.7351920897 0.2852023608 0.0018917722 0.2195402103 0.6376539946 0.2576107952 0.6097809084 0.2343854169 0.0002119528 1.4846823813 1.4710074121 1.5444769127 0.0002014426 11.5079083968 11.5072860668 11.5073013383 136.4174480466 0.0000751577 0.0025470635 0.4600847061 0.6469958818 0.1248648617 0.0141112948
-71.8701410004 0.0064296122 0.7731663071 0.6972735620 0.0000813312 0.9935346909 0.6544388272 0.9370721043 0.2661360668 0.0027256440 0.0620714290 0.2096382885 0.0003942612 0.7345288284 0.2856877120 0.0018966252 0.2199803474 0.6374988922 0.2571326597 0.6102737085 0.2342516805 0.0002120776 1.4842421222 1.4710063395 1.5443128322 0.0002015464 11.5079505455 11.5073280354 11.5073433141 136.4175198423 0.0000751143 0.0025536337 0.4594444809 0.6471316568 0.1249614516 0.0141094721
-71.8519750609 0.0064488358 0.7720830272 0.6947854064 0.0000815244 0.9935163675 0.6536424067 0.9370452327 0.2658662758 0.0027292530 0.0619145233 0.2093136621 0.0003949581 0.7338531270 0.2860405062 0.0019015469 0.2204262161 0.6373608050 0.2566056630 0.6108756073 0.2341353598 0.0002121788 1.4837731711 1.4710545102 1.5441149983 0.0002016290 11.5079641334 11.5073413651 11.5073566489 136.4175895485 0.0000750450 0.0025602969 0.4587980962 0.6472417822 0.1250602393 0.0141017476
-71.8336184499 0.0064683187 0.7709871718 0.6922694773 0.0000817200 0.9934977968 0.6527901856 0.9370145577 0.2657068182 0.0027329048 0.0617628136 0.2090892671 0.0003956636 0.7331656503 0.2862420446 0.0019065335 0.2208774379 0.6372425588 0.2560209534 0.6115888238 0.2340419102 0.0002122566 1.4833058730 1.4711661941 1.5438913364 0.0002016906 11.5079458170 11.5073227133 11.5073379999 136.4176566784 0.0000749472 0.0025670478 0.4581462121 0.6473266146 0.1251608718 0.0140873868
-71.8150857849 0.0064880474 0.7698796092 0.6897278810 0.0000819179 0.9934789935 0.6518792836 0.9369713071 0.2657345934 0.0027365966 0.0616202037 0.2089750018 0.0003963771 0.7324670786 0.2862748759 0.0019115812 0.2213336721 0.6371561257 0.2553746877 0.6124103394 0.2339780448 0.0002123224 1.4828704497 1.4713530054 1.5436546760 0.0002017408 11.5078978463 11.5072743654 11.5072896539 136.4177201965 0.0000748211 0.0025738815 0.4574894281 0.6473985531 0.1252629350 0.0140665772
-71.7963900178 0.0065080094 0.7687611516 0.6871626092 0.0000821181 0.9934599707 0.6509076572 0.9368938376 0.2661253502 0.0027403261 0.0614902286 0.2089806695 0.0003970982 0.7317581190 0.2861237760 0.0019166870 0.2217946124 0.6371266779 0.2546737058 0.6133308582 0.2339520002 0.0002124094 1.4824976813 1.4716224094 1.5434266604 0.0002018078 11.5078169209 11.5071931285 11.5072084209 136.4177779957 0.0000746712 0.0025807938 0.4568282858 0.6474935261 0.1253659927 0.0140411347
-71.7775431105 0.0065281934 0.7676325266 0.6845754543 0.0000823204 0.9934407411 0.6498741966 0.9367498944 0.2671323783 0.0027440908 0.0613759838 0.2091161040 0.0003978265 0.7310395378 0.2857760132 0.0019218479 0.2222599711 0.6371914247 0.2539404346 0.6143342937 0.2339738374 0.0002125707 1.4822140960 1.4719745930 1.5432361861 0.0002019365 11.5077192126 11.5070953452 11.5071106487 136.4178269312 0.0000745070 0.0025877805 0.4561632896 0.6476690888 0.1254696087 0.0140145593
-71.7585575755 0.0065485872 0.7664944718 0.6819682410 0.0000825246 0.9934213177 0.6487789691 0.9365314426 0.2688089518 0.0027478884 0.0612800246 0.2093903889 0.0003985615 0.7303122103 0.2852225180 0.0019270606 0.2227294507 0.6373898420 0.2532131551 0.6153981296 0.2340557706 0.0002128254 1.4820348991 1.4724055877 1.5430989322 0.0002021436 11.5076110757 11.5069874434 11.5070027670 136.4178639069 0.0000743348 0.0025948374 0.4554949424 0.6479456486 0.1255734371 0.0139886316
-71.7394472820 0.0065691779 0.7653478007 0.6793429811 0.0000827307 0.9934017145 0.6476232930 0.9362781510 0.2708277934 0.0027517163 0.0612043854 0.2098119235 0.0003993027 0.7295771457 0.2844577832 0.0019323218 0.2232027328 0.6377476340 0.2525394840 0.6164945450 0.2342124776 0.0002131180 1.4819648302 1.4729153921 1.5430017683 0.0002023824 11.5075096099 11.5068863690 11.5069017167 136.4178867630 0.0000741498 0.0026019600 0.4548237634 0.6482627478 0.1256772773 0.0139603844
-71.7202258726 0.0065899526 0.7641932747 0.6767015558 0.0000829384 0.9933819457 0.6464096968 0.9360367397 0.2728111966 0.0027555720 0.0611506144 0.2103881613 0.0004000496 0.7288354496 0.2834799471 0.0019376283 0.2236795052 0.6382634873 0.2519658795 0.6175922101 0.2344613310 0.0002133778 1.4820070283 1.4735072911 1.5429242331 0.0002025933 11.5074201645 11.5067972718 11.5068126404 136.4178938318 0.0000739436 0.0026091438 0.4541502589 0.6485438281 0.1257811670 0.0139255349
-71.7009049303 0.0066109005 0.7630315605 0.6740456204 0.0000831478 0.9933620243 0.6451417758 0.9358264427 0.2746023527 0.0027594532 0.0611199336 0.2111262379 0.0004008017 0.7280882668 0.2822897500 0.0019429772 0.2241594974 0.6389068210 0.2515292237 0.6186584036 0.2348224898 0.0002135753 1.4821673892 1.4741833636 1.5428598059 0.0002027516 11.5073742238 11.5067515555 11.5067669395 136.4178832037 0.0000737132 0.0026163850 0.4534748827 0.6487573739 0.1258854521 0.0138821097
-71.6814934831 0.0066320126 0.7618632392 0.6713766265 0.0000833586 0.9933419618 0.6438243139 0.9356465962 0.2762079918 0.0027633582 0.0611133873 0.2120329668 0.0004015589 0.7273367411 0.2808904186 0.0019483662 0.2246424950 0.6396268514 0.2512543679 0.6196613536 0.2353188944 0.0002137100 1.4824631849 1.4749552216 1.5428142016 0.0002028571 11.5073626719 11.5067401158 11.5067555092 136.4178525365 0.0000734567 0.0026236804 0.4527980211 0.6489031560 0.1259909610 0.0138290623
-71.6619983114 0.0066532828 0.7606887357 0.6686956488 0.0000835709 0.9933217680 0.6424635997 0.9354914621 0.2776852909 0.0027672858 0.0611321055 0.2131156586 0.0004023208 0.7265819883 0.2792870009 0.0019537936 0.2251283381 0.6403654233 0.2511566164 0.6205715144 0.2359755642 0.0002137855 1.4829400967 1.4758649740 1.5428005664 0.0002029125 11.5073977733 11.5067752342 11.5067906316 136.4177990264 0.0000731647 0.0026310278 0.4521199956 0.6489850178 0.1260991517 0.0137632446
-71.6424241097 0.0066747069 0.7595083751 0.6660035248 0.0000837846 0.9933014513 0.6410682148 0.9353556711 0.2790935965 0.0027712351 0.0611774344 0.2143829973 0.0004030873 0.7258250695 0.2774863933 0.0019592585 0.2256169183 0.6410679813 0.2512458568 0.6213624379 0.2368181252 0.0002138028 1.4836793796 1.4769914181 1.5428423409 0.0002029187 11.5074911512 11.5068685437 11.5068839396 136.4177194192 0.0000728195 0.0026384258 0.4514410667 0.6490043289 0.1262124014 0.0136780039
-71.6227733421 0.0066962831 0.7583223730 0.6633008310 0.0000839996 0.9932810183 0.6396502736 0.9352290833 0.2804872142 0.0027752056 0.0612509120 0.2158487093 0.0004038582 0.7250669654 0.2754956340 0.0019647602 0.2261081778 0.6416894694 0.2515295251 0.6220114109 0.2378700149 0.0002137924 1.4847478561 1.4783859133 1.5429798120 0.0002029023 11.5077070040 11.5070843348 11.5070997265 136.4176101340 0.0000724175 0.0026458737 0.4507614339 0.6489937997 0.1263344119 0.0135657274
-71.6030461951 0.0067180109 0.7571308636 0.6605879543 0.0000842160 0.9932604745 0.6382266536 0.9350792384 0.2819335702 0.0027791972 0.0613541635 0.2175413549 0.0004046336 0.7243085588 0.2733161517 0.0019702986 0.2266020955 0.6421945674 0.2520117376 0.6225021151 0.2391478763 0.0002139035 1.4859635014 1.4797958432 1.5432312171 0.0002029941 11.5082072130 11.5075849293 11.5076003277 136.4174677334 0.0000720394 0.0026533713 0.4500812495 0.6491129884 0.1264709366 0.0134203206
-71.5832392626 0.0067398886 0.7559340596 0.6578654764 0.0000844338 0.9932398260 0.6368142592 0.9347361336 0.2836848309 0.0027832093 0.0614905392 0.2195206086 0.0004054134 0.7235506475 0.2709263683 0.0019758733 0.2270986169 0.6425559399 0.2526848424 0.6228342690 0.2406544731 0.0002149635 1.4854152551 1.4784119827 1.5432713170 0.0002039252 11.5095065362 11.5088875545 11.5089030468 136.4172899699 0.0000724101 0.0026609179 0.4494006841 0.6502436817 0.1266310029 0.0132707379
-71.5633588496 0.0067618946 0.7547330630 0.6551361319 0.0000846526 0.9932190914 0.6354088193 0.9337958962 0.2863913752 0.0027872380 0.0616559628 0.2218334551 0.0004061967 0.7227941208 0.2682816846 0.0019814788 0.2275972372 0.6427658940 0.2535124089 0.6230493726 0.2423711442 0.0002188853 1.4784872360 1.4662326962 1.5421674530 0.0002073946 11.5125495522 11.5119425088 11.5119583584 136.4170773709 0.0000756441 0.0026685061 0.4487203317 0.6543616888 0.1268293271 0.0133359709
-71.5435058758 0.0067839429 0.7535320682 0.6524100568 0.0000848718 0.9931983317 0.6340154842 0.9329611469 0.2893710036 0.0027912675 0.0618504260 0.2243927556 0.0004069806 0.7220404238 0.2654393796 0.0019870930 0.2280960032 0.6428702158 0.2544700766 0.6231544600 0.2442967638 0.0002220181 1.4717029172 1.4566695691 1.5409860088 0.0002101389 11.5059203151 11.5053244968 11.5053406547 136.4168336754 0.0000782068 0.0026761062 0.4480421872 0.6575858969 0.1270928097 0.0135046387
-71.5237719292 0.0068059545 0.7523348903 0.6496964112 0.0000850905 0.9931776035 0.6326853305 0.9327391684 0.2909535054 0.0027952833 0.0620765118 0.2270088527 0.0004077622 0.7212909185 0.2626403693 0.0019926960 0.2285931306 0.6426592229 0.2555221131 0.6228887303 0.2462415612 0.0002224124 1.4718221510 1.4564326213 1.5409908763 0.0002104772 11.5058602049 11.5052661719 11.5052823643 136.4166160299 0.0000782746 0.0026836912 0.4473680816 0.6579877724 0.1274685498 0.0135042553
-71.5236855337 0.0068060510 0.7523296463 0.6496845330 0.0000850914 0.9931775126 0.6326796511 0.9327379998 0.2909601015 0.0027953009 0.0620775171 0.2270201579 0.0004077656 0.7212876387 0.2626284476 0.0019927206 0.2285953085 0.6426577392 0.2555262302 0.6228871226 0.2462492046 0.0002224153 1.4718173504 1.4564286304 1.5409901007 0.0002104797 11.5058602741 11.5052662521 11.5052824448 136.4166153905 0.0000782756 0.0026837245 0.4473651322 0.6579907246 0.1274705000 0.0135044239
