-82.2698016606 0.0011287453 0.9929195909 0.9997870314 0.0000207534 0.9981539698 0.6866535402 0.9565570740 0.3178844113 0.0012771541 0.0637222741 0.2299144089 0.0001433394 0.7815828483 0.2776150759 0.0004295074 0.0599488805 0.6847528497 0.3811529669 0.6334208489 0.2971530000 0.0001901945 1.4926495169 1.4780593557 1.5435544837 0.0001812134 11.5056904017 11.5053051029 11.5053203312 136.4218780939 0.0000724426 0.0005734729 0.6770988455 0.6220747275 0.1257020144 0.0132430554
-82.2696946417 0.0011287658 0.9929193875 0.9997870249 0.0000207537 0.9981539150 0.6866379295 0.9565528085 0.3179094493 0.0012771641 0.0637123652 0.2298513447 0.0001433409 0.7815751231 0.2776621346 0.0004295139 0.0599497403 0.6847537749 0.3811499449 0.6334260738 0.2971564663 0.0001902123 1.4926103986 1.4780161940 1.5435548676 0.0001812286 11.5056415516 11.5052563298 11.5052715600 136.4218848409 0.0000724568 0.0005734817 0.6770923124 0.6220969455 0.1257217973 0.0132473608
-82.2694811683 0.0011288066 0.9929189815 0.9997870118 0.0000207543 0.9981538057 0.6866065413 0.9565441305 0.3179604613 0.0012771839 0.0636926339 0.2297246840 0.0001433439 0.7815596958 0.2777568042 0.0004295270 0.0599514554 0.6847557150 0.3811445987 0.6334362749 0.2971642650 0.0001902485 1.4925319193 1.4779293779 1.5435560124 0.0001812596 11.5055623678 11.5051772996 11.5051925338 136.4218981702 0.0000724855 0.0005734992 0.6770792695 0.6221421988 0.1257605652 0.0132560840
-82.2691623552 0.0011288675 0.9929183751 0.9997869923 0.0000207551 0.9981536421 0.6865589488 0.9565306490 0.3180399184 0.0012772135 0.0636632109 0.2295331163 0.0001433483 0.7815366131 0.2779005011 0.0004295465 0.0599540168 0.6847586668 0.3811383301 0.6334508866 0.2971781254 0.0001903050 1.4924120940 1.4777963080 1.5435586590 0.0001813078 11.5054754588 11.5050906232 11.5051058635 136.4219178352 0.0000725298 0.0005735255 0.6770597636 0.6222126120 0.1258168872 0.0132695857
-82.2687398726 0.0011289483 0.9929175711 0.9997869664 0.0000207563 0.9981534250 0.6864940409 0.9565114511 0.3181537203 0.0012772528 0.0636242085 0.2292741408 0.0001433542 0.7815059458 0.2780959657 0.0004295724 0.0599574111 0.6847622037 0.3811331145 0.6334689820 0.2972005396 0.0001903856 1.4922455575 1.4776103327 1.5435641079 0.0001813769 11.5054312091 11.5050466919 11.5050619407 136.4219436880 0.0000725924 0.0005735602 0.6770338654 0.6223131294 0.1258889804 0.0132886766
-82.2682146450 0.0011290484 0.9929165737 0.9997869343 0.0000207578 0.9981531552 0.6864090994 0.9564852676 0.3183139525 0.0012773014 0.0635754973 0.2289412769 0.0001433615 0.7814677902 0.2783493373 0.0004296044 0.0599616200 0.6847653071 0.3811310365 0.6334894859 0.2972343645 0.0001904954 1.4920250422 1.4773624541 1.5435742476 0.0001814709 11.5054543840 11.5050702850 11.5050855453 136.4156630717 0.0000726770 0.0005736033 0.6770016712 0.6224498874 0.1259751378 0.0133145170
-82.2675950119 0.0011291669 0.9929153922 0.9997868963 0.0000207595 0.9981528339 0.6863107920 0.9564556262 0.3184885626 0.0012773590 0.0635265868 0.2285832020 0.0001433701 0.7814222739 0.2786198338 0.0004296424 0.0599666000 0.6847580581 0.3811223906 0.6335020027 0.2972617944 0.0001906208 1.4917641427 1.4770787006 1.5435815145 0.0001815784 11.5055350695 11.5051514250 11.5051666983 136.4156941990 0.0000727727 0.0005736543 0.6769633138 0.6226058916 0.1260527324 0.0133429736
-82.2668827785 0.0011293031 0.9929140321 0.9997868526 0.0000207614 0.9981524624 0.6862001905 0.9564238117 0.3186724096 0.0012774252 0.0634777379 0.2282036674 0.0001433801 0.7813695272 0.2789043402 0.0004296860 0.0599723263 0.6847416832 0.3811070822 0.6335075044 0.2972829048 0.0001907558 1.4914748088 1.4767724512 1.5435854020 0.0001816940 11.5056258000 11.5052426328 11.5052579201 136.4157243889 0.0000728747 0.0005737130 0.6769189278 0.6227736624 0.1261231463 0.0133728547
-82.2660811512 0.0011294565 0.9929124991 0.9997868034 0.0000207637 0.9981520419 0.6860787170 0.9563907948 0.3188598828 0.0012774998 0.0634291337 0.2278057128 0.0001433912 0.7813096850 0.2792004393 0.0004297351 0.0599787736 0.6847170962 0.3810853476 0.6335065942 0.2972980223 0.0001908960 1.4911671238 1.4764542555 1.5435859703 0.0001818142 11.5057120236 11.5053293439 11.5053446458 136.4157538917 0.0000729799 0.0005737790 0.6768686562 0.6229478836 0.1261874949 0.0134032579
-82.2651933656 0.0011296264 0.9929107989 0.9997867488 0.0000207661 0.9981515735 0.6859479055 0.9563573180 0.3190455086 0.0012775824 0.0633809108 0.2273921470 0.0001434036 0.7812428859 0.2795060058 0.0004297895 0.0599859161 0.6846849065 0.3810575478 0.6334996474 0.2973075854 0.0001910385 1.4908495780 1.4761323651 1.5435836245 0.0001819363 11.5057930254 11.5054108334 11.5054261501 136.4157829504 0.0000730854 0.0005738522 0.6768126487 0.6231247088 0.1262466833 0.0134335065
-82.2642226406 0.0011298123 0.9929089372 0.9997866891 0.0000207688 0.9981510587 0.6858092280 0.9563239769 0.3192243459 0.0012776727 0.0633331627 0.2269655608 0.0001434172 0.7811692706 0.2798191943 0.0004298490 0.0599937284 0.6846455363 0.3810240609 0.6334869333 0.2973120492 0.0001911808 1.4905292454 1.4758132001 1.5435789012 0.0001820581 11.5058654023 11.5054836907 11.5054990222 136.4158117458 0.0000731895 0.0005739322 0.6767510605 0.6233011464 0.1263014619 0.0134630897
-82.2631721479 0.0011300135 0.9929069197 0.9997866245 0.0000207717 0.9981504986 0.6856639676 0.9562912080 0.3193923409 0.0012777704 0.0632859573 0.2265284418 0.0001434318 0.7810889819 0.2801383387 0.0004299135 0.0600021851 0.6845993054 0.3809852396 0.6334686720 0.2973118351 0.0001913213 1.4902117062 1.4755014408 1.5435723825 0.0001821783 11.5059282553 11.5055470114 11.5055623574 136.4158403772 0.0000732907 0.0005740189 0.6766840509 0.6234750881 0.1263524554 0.0134916509
-82.2620449902 0.0011302295 0.9929047520 0.9997865551 0.0000207749 0.9981498945 0.6855131509 0.9562592921 0.3195464871 0.0012778754 0.0632393426 0.2260831355 0.0001434475 0.7810021630 0.2804619567 0.0004299826 0.0600112617 0.6845464752 0.3809413999 0.6334450539 0.2973073114 0.0001914588 1.4899011927 1.4752002901 1.5435646624 0.0001822959 11.5059878292 11.5056070360 11.5056223962 136.4158688888 0.0000733880 0.0005741119 0.6766117827 0.6236452689 0.1264001882 0.0135189651
-82.2608441799 0.0011304597 0.9929024395 0.9997864811 0.0000207782 0.9981492479 0.6853575650 0.9562284213 0.3196847152 0.0012779871 0.0631933311 0.2256315835 0.0001434643 0.7809089574 0.2807889564 0.0004300563 0.0600209340 0.6844872840 0.3808928215 0.6334162691 0.2972987932 0.0001915927 1.4896007050 1.4749117363 1.5435562609 0.0001824104 11.5060420578 11.5056616968 11.5056770708 136.4158973023 0.0000734811 0.0005742110 0.6765344210 0.6238108222 0.1264451165 0.0135449058
-82.2595726343 0.0011307035 0.9928999875 0.9997864027 0.0000207817 0.9981485599 0.6851977870 0.9561986775 0.3198057894 0.0012781056 0.0631479135 0.2251754064 0.0001434821 0.7808095082 0.2811185518 0.0004301344 0.0600311788 0.6844219589 0.3808397527 0.6333825123 0.2972865489 0.0001917227 1.4893120632 1.4746366451 1.5435476385 0.0001825216 11.5060918576 11.5057119095 11.5057272968 136.4159256357 0.0000735698 0.0005743160 0.6764521326 0.6239714567 0.1264876352 0.0135694413
-82.2582331740 0.0011309604 0.9928974010 0.9997863201 0.0000207855 0.9981478319 0.6850342307 0.9561700653 0.3199091137 0.0012782303 0.0631030627 0.2247158852 0.0001435008 0.7807039576 0.2814502623 0.0004302166 0.0600419738 0.6843507243 0.3807824163 0.6333439881 0.2972708091 0.0001918489 1.4890361452 1.4743750290 1.5435391936 0.0001826295 11.5061380001 11.5057584462 11.5057738464 136.4159539135 0.0000736540 0.0005744266 0.6763650860 0.6241272693 0.1265280895 0.0135926110
-82.2568285258 0.0011312299 0.9928946852 0.9997862334 0.0000207894 0.9981470653 0.6848671953 0.9561425325 0.3199945399 0.0012783612 0.0630587378 0.2242539699 0.0001435204 0.7805924472 0.2817838953 0.0004303029 0.0600532970 0.6842738076 0.3807210149 0.6333009149 0.2972517747 0.0001919717 1.4887730726 1.4741262575 1.5435312614 0.0001827344 11.5061811350 11.5058019580 11.5058173707 136.4159821704 0.0000737342 0.0005745426 0.6762734507 0.6242786437 0.1265667841 0.0136145078
-82.2553613311 0.0011315115 0.9928918447 0.9997861427 0.0000207935 0.9981462613 0.6846969089 0.9561159883 0.3200621968 0.0012784979 0.0630148885 0.2237903096 0.0001435409 0.7804751175 0.2821195170 0.0004303931 0.0600651274 0.6841914431 0.3806557358 0.6332535281 0.2972296245 0.0001920914 1.4885223833 1.4738892431 1.5435241187 0.0001828367 11.5062218167 11.5058430012 11.5058584260 136.4160104540 0.0000738108 0.0005746639 0.6761773970 0.6244261638 0.1266039898 0.0136352616
-82.2538341559 0.0011318047 0.9928888844 0.9997860483 0.0000207977 0.9981454212 0.6845235632 0.9560903192 0.3201123476 0.0012786402 0.0629714611 0.2233252967 0.0001435622 0.7803521081 0.2824574146 0.0004304869 0.0600774445 0.6841038753 0.3805867551 0.6332020826 0.2972045206 0.0001922086 1.4882832280 1.4736626157 1.5435179974 0.0001829369 11.5062605289 11.5058820616 11.5058974983 136.4160388236 0.0000738842 0.0005747902 0.6760770964 0.6245705333 0.1266399496 0.0136550256
-82.2522495025 0.0011321090 0.9928858088 0.9997859503 0.0000208021 0.9981445464 0.6843473392 0.9560653987 0.3201452898 0.0012787879 0.0629284032 0.2228591190 0.0001435844 0.7802235578 0.2827980570 0.0004305843 0.0600902284 0.6840113614 0.3805142399 0.6331468565 0.2971766130 0.0001923240 1.4880544546 1.4734448155 1.5435130851 0.0001830355 11.5062977012 11.5059195714 11.5059350196 136.4160673495 0.0000739551 0.0005749212 0.6759727212 0.6247125309 0.1266748835 0.0136739676
-82.2506098231 0.0011324240 0.9928826226 0.9997858487 0.0000208067 0.9981436381 0.6841684258 0.9560410963 0.3201612798 0.0012789407 0.0628856698 0.2223918153 0.0001436073 0.7800896048 0.2831420537 0.0004306852 0.0601034595 0.6839141748 0.3804383512 0.6330881546 0.2971460433 0.0001924382 1.4878347283 1.4732341922 1.5435095357 0.0001831331 11.5063337207 11.5059559202 11.5059713799 136.4160961112 0.0000740240 0.0005750568 0.6758644449 0.6248529652 0.1267089920 0.0136922617
-82.2489175331 0.0011327492 0.9928793302 0.9997857439 0.0000208114 0.9981426977 0.6839870305 0.9560172839 0.3201604859 0.0012790985 0.0628432294 0.2219233295 0.0001436310 0.7799503869 0.2834901138 0.0004307893 0.0601171185 0.6838126076 0.3803592451 0.6330263132 0.2971129469 0.0001925519 1.4876226205 1.4730290772 1.5435074778 0.0001832303 11.5063689397 11.5059914629 11.5060069340 136.4161251957 0.0000740915 0.0005751969 0.6757524421 0.6249926436 0.1267424599 0.0137100829
-82.2471750242 0.0011330841 0.9928759361 0.9997856358 0.0000208163 0.9981417265 0.6838033855 0.9559938375 0.3201429664 0.0012792610 0.0628010704 0.2214535640 0.0001436553 0.7798060420 0.2838430077 0.0004308965 0.0601311862 0.6837069744 0.3802770744 0.6329617049 0.2970774560 0.0001926657 1.4874166193 1.4728277988 1.5435070123 0.0001833276 11.5064036842 11.5060265280 11.5060420105 136.4161546959 0.0000741583 0.0005753411 0.6756368886 0.6251323624 0.1267754582 0.0137276052
-82.2453846776 0.0011334284 0.9928724447 0.9997855247 0.0000208213 0.9981407258 0.6836177499 0.9559706425 0.3201086559 0.0012794280 0.0627592075 0.2209824287 0.0001436804 0.7796567080 0.2842015275 0.0004310067 0.0601456436 0.6835976167 0.3801919889 0.6328947459 0.2970397007 0.0001927803 1.4872152313 1.4726287584 1.5435082261 0.0001834255 11.5064382551 11.5060614188 11.5060769127 136.4161847087 0.0000742248 0.0005754894 0.6755179619 0.6252728775 0.1268081469 0.0137449961
-82.2435488766 0.0011337815 0.9928688606 0.9997854107 0.0000208264 0.9981396971 0.6834304077 0.9559475930 0.3200573748 0.0012795992 0.0627176890 0.2205098872 0.0001437061 0.7795025231 0.2845664490 0.0004311197 0.0601604718 0.6834849072 0.3801041368 0.6328259032 0.2969998111 0.0001928961 1.4870169526 1.4724304124 1.5435111831 0.0001835246 11.5064729348 11.5060964201 11.5061119255 136.4162153334 0.0000742916 0.0005756414 0.6753958409 0.6254149076 0.1268406764 0.0137624173
-82.2416700182 0.0011341430 0.9928651882 0.9997852939 0.0000208317 0.9981386416 0.6832416631 0.9559245959 0.3199888399 0.0012797745 0.0626766033 0.2200359993 0.0001437324 0.7793436264 0.2849384923 0.0004312354 0.0601756514 0.6833692554 0.3800136641 0.6327557040 0.2969579185 0.0001930139 1.4868203566 1.4722313463 1.5435159352 0.0001836253 11.5065079870 11.5061317976 11.5061473147 136.4162466699 0.0000743593 0.0005757971 0.6752707062 0.6255591063 0.1268731890 0.0137800194
-82.2397505234 0.0011345125 0.9928614322 0.9997851745 0.0000208371 0.9981375608 0.6830518330 0.9559015702 0.3199026928 0.0012799536 0.0626360837 0.2195609606 0.0001437592 0.7791801576 0.2853182807 0.0004313536 0.0601911632 0.6832511137 0.3799207155 0.6326847471 0.2969141569 0.0001931340 1.4866240676 1.4720302619 1.5435225097 0.0001837280 11.5065436592 11.5061678008 11.5061833298 136.4162788166 0.0000744282 0.0005759562 0.6751427404 0.6257060614 0.1269058195 0.0137979422
-82.2377928473 0.0011348894 0.9928575973 0.9997850527 0.0000208425 0.9981364560 0.6828612363 0.9558784505 0.3197985311 0.0012801363 0.0625963113 0.2190851390 0.0001437867 0.7790122579 0.2857062966 0.0004314742 0.0602069875 0.6831309852 0.3798254334 0.6326137161 0.2968686646 0.0001932568 1.4864268152 1.4718260386 1.5435309096 0.0001838331 11.5065801811 11.5062046612 11.5062202023 136.4163118686 0.0000744988 0.0005761185 0.6750121278 0.6258562691 0.1269386968 0.0138163092
-82.2357994861 0.0011352733 0.9928536880 0.9997849285 0.0000208481 0.9981353287 0.6826701799 0.9558551894 0.3196759508 0.0012803223 0.0625575107 0.2186091081 0.0001438146 0.7788400694 0.2861028345 0.0004315971 0.0602231042 0.6830094309 0.3797279578 0.6325433952 0.2968215855 0.0001933827 1.4862274599 1.4716177651 1.5435411039 0.0001839409 11.5066177624 11.5062425896 11.5062581433 136.4163459145 0.0000745713 0.0005762838 0.6748790544 0.6260101131 0.1269719435 0.0138352244
-82.2337729838 0.0011356638 0.9928497095 0.9997848022 0.0000208538 0.9981341804 0.6824789419 0.9558317605 0.3195345968 0.0012805115 0.0625199364 0.2181336780 0.0001438430 0.7786637361 0.2865079486 0.0004317220 0.0602394931 0.6828870798 0.3796284245 0.6324746882 0.2967730710 0.0001935120 1.4860250271 1.4714047998 1.5435530161 0.0001840515 11.5066565876 11.5062817716 11.5062973381 136.4163810336 0.0000746460 0.0005764519 0.6747437080 0.6261678347 0.1270056767 0.0138547660
-82.2317159350 0.0011360602 0.9928456664 0.9997846738 0.0000208595 0.9981330125 0.6822877501 0.9558081634 0.3193742235 0.0012807035 0.0624838430 0.2176599236 0.0001438718 0.7784834033 0.2869213961 0.0004318488 0.0602561332 0.6827646381 0.3795269640 0.6324086412 0.2967232822 0.0001936445 1.4858187501 1.4711868262 1.5435665080 0.0001841649 11.5066968035 11.5063223545 11.5063379342 136.4164172920 0.0000747230 0.0005766226 0.6746062781 0.6263294969 0.1270400076 0.0138749798
-82.2296309866 0.0011364622 0.9928415640 0.9997845436 0.0000208654 0.9981318266 0.6820967569 0.9557844285 0.3191947661 0.0012808982 0.0624494330 0.2171892089 0.0001439010 0.7782992180 0.2873425750 0.0004319774 0.0602730034 0.6826428998 0.3794236979 0.6323464681 0.2966723921 0.0001937803 1.4856081251 1.4709639355 1.5435813631 0.0001842812 11.5067384965 11.5063644244 11.5063800176 136.4164547383 0.0000748021 0.0005767956 0.6744669554 0.6264949406 0.1270750411 0.0138958705
-82.2275208343 0.0011368691 0.9928374074 0.9997844117 0.0000208713 0.9981306241 0.6819060088 0.9557606242 0.3189964208 0.0012810953 0.0624167787 0.2167232021 0.0001439306 0.7781113292 0.2877704600 0.0004321076 0.0602900821 0.6825227568 0.3793187348 0.6322895805 0.2966205886 0.0001939189 1.4853929971 1.4707367246 1.5435972681 0.0001843999 11.5067816434 11.5064079571 11.5064235640 136.4164933981 0.0000748831 0.0005769708 0.6743259316 0.6266637270 0.1271108757 0.0139173905
-82.2253882168 0.0011372806 0.9928332018 0.9997842783 0.0000208773 0.9981294065 0.6817154164 0.9557368623 0.3187797111 0.0012812945 0.0623857205 0.2162638760 0.0001439605 0.7779198875 0.2882035459 0.0004322393 0.0603073472 0.6824052061 0.3792121648 0.6322396193 0.2965680783 0.0001940598 1.4851737348 1.4705064753 1.5436138023 0.0001845205 11.5068291787 11.5064558846 11.5064715056 136.4165332695 0.0000749655 0.0005771480 0.6741833989 0.6268351042 0.1271476018 0.0139394210
-82.2232358994 0.0011376960 0.9928289525 0.9997841436 0.0000208833 0.9981281754 0.6815247375 0.9557133358 0.3185455291 0.0012814955 0.0623557546 0.2158134399 0.0001439906 0.7777250453 0.2886398660 0.0004323722 0.0603247767 0.6822913643 0.3791040489 0.6321985083 0.2965150914 0.0001942019 1.4849512538 1.4702752047 1.5436303776 0.0001846422 11.5068756440 11.5065027458 11.5065183810 136.4165743134 0.0000750484 0.0005773268 0.6740395493 0.6270077399 0.1271853068 0.0139617578
-82.2210666608 0.0011381148 0.9928246649 0.9997840076 0.0000208894 0.9981269324 0.6813335258 0.9556902678 0.3182953062 0.0012816982 0.0623259803 0.2153745551 0.0001440211 0.7775269566 0.2890767170 0.0004325061 0.0603423481 0.6821824587 0.3789944049 0.6321684828 0.2964618879 0.0001943438 1.4847270735 1.4700456688 1.5436462872 0.0001847636 11.5069236542 11.5065511508 11.5065668001 136.4166164384 0.0000751306 0.0005775071 0.6738945743 0.6271800500 0.1272240606 0.0139841179
-82.2188832649 0.0011385366 0.9928203443 0.9997838707 0.0000208955 0.9981256789 0.6811411063 0.9556679616 0.3180310392 0.0012819022 0.0622951022 0.2149502129 0.0001440517 0.7773257774 0.2895107078 0.0004326410 0.0603600394 0.6820798206 0.3788831868 0.6321521384 0.2964087655 0.0001944838 1.4845035816 1.4698215925 1.5436606718 0.0001848834 11.5069728885 11.5066007726 11.5066164357 136.4166594921 0.0000752107 0.0005776886 0.6737486633 0.6273498617 0.1272639204 0.0140061092
-82.2166884279 0.0011389607 0.9928159959 0.9997837329 0.0000209017 0.9981244166 0.6809465544 0.9556467980 0.3177553407 0.0012821074 0.0622615677 0.2145437319 0.0001440825 0.7771216650 0.2899377032 0.0004327767 0.0603778287 0.6819848588 0.3787702549 0.6321524726 0.2963560698 0.0001946196 1.4842842296 1.4696077615 1.5436725545 0.0001849995 11.5070228481 11.5066511046 11.5066667811 136.4167032498 0.0000752867 0.0005778712 0.6736020030 0.6275144312 0.1273049283 0.0140272215
-82.2144847768 0.0011393866 0.9928116248 0.9997835945 0.0000209079 0.9981231468 0.6807486850 0.9556272364 0.3174714601 0.0012823134 0.0622238277 0.2141587550 0.0001441134 0.7769147780 0.2903527812 0.0004329129 0.0603956952 0.6818990074 0.3786553305 0.6321729190 0.2963042079 0.0001947485 1.4840737351 1.4694100854 1.5436808952 0.0001851095 11.5070728240 11.5067014281 11.5067171173 136.4167474006 0.0000753563 0.0005780546 0.6734547759 0.6276704339 0.1273471083 0.0140468210
-82.2122747981 0.0011398140 0.9928072360 0.9997834555 0.0000209141 0.9981218710 0.6805460586 0.9556098101 0.3171832666 0.0012825200 0.0621806542 0.2137992427 0.0001441445 0.7767052763 0.2907502080 0.0004330496 0.0604136189 0.6818236391 0.3785379298 0.6322173657 0.2962536655 0.0001948671 1.4838782720 1.4692355949 1.5436846785 0.0001852106 11.5071218384 11.5067507544 11.5067664551 136.4167915345 0.0000754167 0.0005782385 0.6733071592 0.6278140005 0.1273904629 0.0140641541
-82.2100607788 0.0011402424 0.9928028337 0.9997833161 0.0000209204 0.9981205907 0.6803370056 0.9555951152 0.3168951858 0.0012827271 0.0621314129 0.2134694682 0.0001441755 0.7764933205 0.2911234384 0.0004331866 0.0604315815 0.6817599346 0.3784172693 0.6322901431 0.2962050292 0.0001949719 1.4837056937 1.4690924090 1.5436830571 0.0001852998 11.5071685748 11.5067977541 11.5068134648 136.4168351323 0.0000754649 0.0005784229 0.6731593224 0.6279407969 0.1274349697 0.0140783592
-82.2078447391 0.0011406713 0.9927984221 0.9997831765 0.0000209266 0.9981193071 0.6801196706 0.9555837865 0.3166121026 0.0012829344 0.0620762027 0.2131740139 0.0001442067 0.7762790713 0.2914651459 0.0004333237 0.0604495671 0.6817087055 0.3782921344 0.6323959646 0.2961590161 0.0001950591 1.4835656460 1.4689895765 1.5436755286 0.0001853737 11.5072113053 11.5068406858 11.5068564048 136.4168775624 0.0000754975 0.0005786075 0.6730114261 0.6280461875 0.1274805772 0.0140884958
-82.2056283595 0.0011411005 0.9927940046 0.9997830367 0.0000209328 0.9981180213 0.6798920740 0.9555764639 0.3163392363 0.0012831418 0.0620158382 0.2129177712 0.0001442378 0.7760626888 0.2917672853 0.0004334610 0.0604675623 0.6816701894 0.3781607096 0.6325397962 0.2961165117 0.0001951246 1.4834696351 1.4689368420 1.5436621598 0.0001854289 11.5072478292 11.5068773354 11.5068930601 136.4169180898 0.0000755112 0.0005787922 0.6728636197 0.6281254630 0.1275272006 0.0140935873
-82.2034129052 0.0011415297 0.9927895838 0.9997828969 0.0000209391 0.9981167346 0.6796521832 0.9555737441 0.3160820212 0.0012833492 0.0619517124 0.2127059428 0.0001442690 0.7758443316 0.2920211950 0.0004335982 0.0604855570 0.6816438846 0.3780203869 0.6327266304 0.2960786197 0.0001951648 1.4834308771 1.4689442608 1.5436438109 0.0001854622 11.5072754552 11.5069049981 11.5069207259 136.4169559024 0.0000755027 0.0005789769 0.6727160392 0.6281741531 0.1275747184 0.0140926814
-82.2011991521 0.0011419588 0.9927851615 0.9997827570 0.0000209453 0.9981154478 0.6793979858 0.9555761247 0.3158460166 0.0012835565 0.0618856092 0.2125440453 0.0001443001 0.7756241553 0.2922177381 0.0004337354 0.0605035454 0.6816285722 0.3778676145 0.6329611404 0.2960467257 0.0001951765 1.4834639747 1.4690217286 1.5436223408 0.0001854709 11.5072910678 11.5069205473 11.5069362751 136.4169901661 0.0000754693 0.0005791616 0.6725688048 0.6281883820 0.1276229687 0.0140849206
-82.1989873181 0.0011423878 0.9927807384 0.9997826171 0.0000209516 0.9981141616 0.6791275543 0.9555839425 0.3156368993 0.0012837636 0.0618195211 0.2124379020 0.0001443312 0.7754023108 0.2923474905 0.0004338725 0.0605215257 0.6816227974 0.3776979411 0.6332472025 0.2960225795 0.0001951572 1.4835842880 1.4691784019 1.5436007184 0.0001854530 11.5072913602 11.5069206676 11.5069363921 136.4170201146 0.0000754086 0.0005793462 0.6724220192 0.6281652439 0.1276717472 0.0140696178
-82.1967769951 0.0011428167 0.9927763143 0.9997824771 0.0000209578 0.9981128767 0.6788391052 0.9555970045 0.3154613173 0.0012839707 0.0617555037 0.2123936115 0.0001443623 0.7751789428 0.2924009872 0.0004340096 0.0605395015 0.6816261485 0.3775065465 0.6335872928 0.2960083990 0.0001951070 1.4837998018 1.4694176537 1.5435817477 0.0001854085 11.5072768871 11.5069059137 11.5069216316 136.4170451757 0.0000753205 0.0005795308 0.6722757645 0.6281049363 0.1277208067 0.0140466348
-82.1945671062 0.0011432457 0.9927718877 0.9997823371 0.0000209640 0.9981115933 0.6785310755 0.9556140408 0.3153291433 0.0012841778 0.0616955676 0.2124174251 0.0001443934 0.7749541887 0.2923691059 0.0004341468 0.0605574811 0.6816415072 0.3772896369 0.6339818316 0.2960070038 0.0001950313 1.4840984575 1.4697291789 1.5435658541 0.0001853420 11.5072410260 11.5068696826 11.5068853912 136.4170650935 0.0000752086 0.0005797154 0.6721301013 0.6280137234 0.1277698678 0.0140169256
-82.1923560607 0.0011436752 0.9927674560 0.9997821968 0.0000209703 0.9981103118 0.6782021773 0.9556345698 0.3152550151 0.0012843851 0.0616416398 0.2125159035 0.0001444246 0.7747281803 0.2922431602 0.0004342841 0.0605754775 0.6816776325 0.3770468861 0.6344285123 0.2960219817 0.0001949305 1.4845028176 1.4701227317 1.5435606523 0.0001852539 11.5071873469 11.5068155457 11.5068312422 136.4170799094 0.0000750721 0.0005799002 0.6719850686 0.6278921203 0.1278186138 0.0139801940
-82.1901416441 0.0011441055 0.9927630157 0.9997820563 0.0000209765 0.9981090320 0.6778515182 0.9556559217 0.3152868497 0.0012845927 0.0615955306 0.2126956781 0.0001444558 0.7745010467 0.2920154049 0.0004344216 0.0605935084 0.6817502140 0.3767843085 0.6349217834 0.2960578960 0.0001948113 1.4850308861 1.4706036053 1.5435753502 0.0001851500 11.5071198892 11.5067475669 11.5067632494 136.4170895966 0.0000749123 0.0005800853 0.6718406829 0.6277482051 0.1278667157 0.0139367806
-82.1879210688 0.0011445373 0.9927585623 0.9997819152 0.0000209828 0.9981077537 0.6774787907 0.9556708323 0.3155548974 0.0012848010 0.0615589472 0.2129633157 0.0001444870 0.7742729227 0.2916794516 0.0004345596 0.0606115951 0.6818789429 0.3765158558 0.6354525784 0.2961205415 0.0001946918 1.4857098646 1.4711787706 1.5436260903 0.0001850456 11.5070465536 11.5066737129 11.5066893813 136.4170932134 0.0000747320 0.0005802710 0.6716969404 0.6276037833 0.1279138584 0.0138875891
-82.1856913783 0.0011449709 0.9927540911 0.9997817734 0.0000209891 0.9981064766 0.6770845607 0.9556724400 0.3161966106 0.0012850101 0.0615335317 0.2133251731 0.0001445185 0.7740439654 0.2912307133 0.0004346982 0.0606297608 0.6820802778 0.3762619895 0.6360083693 0.2962172500 0.0001945868 1.4865878095 1.4718698431 1.5437323809 0.0001849533 11.5069777802 11.5066044786 11.5066201347 136.4170882578 0.0000745300 0.0005804575 0.6715538245 0.6274769614 0.1279597812 0.0138322638
-82.1834501409 0.0011454070 0.9927495971 0.9997816308 0.0000209954 0.9981052004 0.6766706356 0.9556734396 0.3170539147 0.0012852204 0.0615209016 0.2137874259 0.0001445501 0.7738143684 0.2906667258 0.0004348375 0.0606480282 0.6823595972 0.3760455300 0.6365735150 0.2963572306 0.0001944549 1.4877454356 1.4727462370 1.5438965661 0.0001848380 11.5069231168 11.5065492669 11.5065649078 136.4170715881 0.0000742839 0.0005806451 0.6714113125 0.6273174535 0.1280043300 0.0137636915
-82.1811946537 0.0011458462 0.9927450745 0.9997814872 0.0000210018 0.9981039246 0.6762404473 0.9556982887 0.3178143926 0.0012854321 0.0615226687 0.2143568137 0.0001445819 0.7735843439 0.2899868948 0.0004349779 0.0606664249 0.6827077382 0.3758874799 0.6371298299 0.2965518858 0.0001942174 1.4893247626 1.4739383696 1.5441214909 0.0001846331 11.5069474985 11.5065727269 11.5065883408 136.4170411354 0.0000739516 0.0005808339 0.6712693644 0.6270293877 0.1280475145 0.0136687937
-82.1789200858 0.0011462896 0.9927405138 0.9997813421 0.0000210082 0.9981026481 0.6757995390 0.9557614594 0.3183573153 0.0012856458 0.0615403710 0.2150426644 0.0001446140 0.7733540850 0.2891914159 0.0004351196 0.0606849940 0.6831037582 0.3758053672 0.6376580451 0.2968153014 0.0001938184 1.4915494276 1.4756172315 1.5444491891 0.0001842914 11.5070235388 11.5066472803 11.5066628498 136.4169955669 0.0000734911 0.0005810246 0.6711278987 0.6265440259 0.1280896632 0.0135340653
-82.1766187600 0.0011467387 0.9927359005 0.9997811952 0.0000210147 0.9981013692 0.6753557478 0.9558708391 0.3186904960 0.0012858623 0.0615755666 0.2158622882 0.0001446465 0.7731237404 0.2882775773 0.0004352631 0.0607038015 0.6835189533 0.3758134606 0.6381391937 0.2971638992 0.0001932178 1.4947134577 1.4779977636 1.5449507427 0.0001837796 11.5072485802 11.5068701168 11.5068856194 136.4169334024 0.0000728562 0.0005812177 0.6709867763 0.6258107153 0.1281315294 0.0133426479
-82.1742791066 0.0011471958 0.9927312138 0.9997810456 0.0000210213 0.9981000854 0.6749170863 0.9560220189 0.3188730742 0.0012860825 0.0616305518 0.2168485302 0.0001446796 0.7728933948 0.2872320630 0.0004354091 0.0607229413 0.6839211119 0.3759217316 0.6385596179 0.2976155615 0.0001924339 1.4987643226 1.4810543608 1.5456011346 0.0001831140 11.5078731069 11.5074917523 11.5075071672 136.4168529825 0.0000720461 0.0005814141 0.6708457863 0.6248486659 0.1281746669 0.0130791382
-82.1718762372 0.0011476638 0.9927264266 0.9997808924 0.0000210281 0.9980987930 0.6744823773 0.9559632868 0.3195091064 0.0012863079 0.0617081306 0.2180405436 0.0001447135 0.7726630578 0.2860238603 0.0004355587 0.0607425354 0.6842818877 0.3761314069 0.6389221798 0.2981876414 0.0001926848 1.4987744999 1.4804983200 1.5454950013 0.0001833408 11.5098488208 11.5094681049 11.5094835414 136.4167526584 0.0000721375 0.0005816152 0.6707046439 0.6251546141 0.1282221774 0.0129532298
-82.1693971135 0.0011481426 0.9927215394 0.9997807357 0.0000210350 0.9980974922 0.6740389469 0.9553650470 0.3214895014 0.0012865385 0.0617946719 0.2194274803 0.0001447481 0.7724329125 0.2846347633 0.0004357116 0.0607625805 0.6845886156 0.3764249187 0.6392625566 0.2988992769 0.0001955179 1.4875067297 1.4710964156 1.5433553560 0.0001857727 11.5119611739 11.5115903223 11.5116060610 136.4166299324 0.0000744813 0.0005818209 0.6705633184 0.6285971499 0.1282807722 0.0133482836
-82.1669128845 0.0011486242 0.9927166266 0.9997805780 0.0000210420 0.9980961921 0.6736044483 0.9550291728 0.3230360628 0.0012867704 0.0619094957 0.2209218622 0.0001447829 0.7722036970 0.2831452420 0.0004358655 0.0607827404 0.6848623036 0.3768532354 0.6394974255 0.2998032599 0.0001970255 1.4807966743 1.4660716331 1.5420444360 0.0001870542 11.5060280830 11.5056636105 11.5056795266 136.4164866312 0.0000757223 0.0005820278 0.6704224993 0.6304060306 0.1283649700 0.0135803926
-82.1644528707 0.0011491036 0.9927117346 0.9997804209 0.0000210489 0.9980948987 0.6732030141 0.9549502210 0.3236190034 0.0012870011 0.0620392939 0.2223901052 0.0001448176 0.7719759437 0.2817133392 0.0004360186 0.0608028051 0.6849118831 0.3773765880 0.6394839856 0.3007740244 0.0001973488 1.4798107306 1.4653170855 1.5418578388 0.0001873289 11.5059558408 11.5055927057 11.5056086567 136.4163523935 0.0000759110 0.0005822337 0.6702826174 0.6307913769 0.1285095366 0.0136148002
-82.1644323909 0.0011491076 0.9927116939 0.9997804196 0.0000210489 0.9980948879 0.6731997823 0.9549498767 0.3236225702 0.0012870031 0.0620403843 0.2224019768 0.0001448179 0.7719740469 0.2817018424 0.0004360199 0.0608029723 0.6849116300 0.3773804548 0.6394833383 0.3007812365 0.0001973500 1.4798080317 1.4653150209 1.5418571425 0.0001873299 11.5059545968 11.5055914677 11.5056074189 136.4163515771 0.0000759114 0.0005822354 0.6702814525 0.6307928643 0.1285110881 0.0136148408
