-84.0698177705 0.0008308705 0.9955941792 0.9998693266 0.0000162355 0.9988730554 0.6969466916 0.9610239211 0.3430635062 0.0011199374 0.0628844489 0.2258358419 0.0001202500 0.8008493884 0.2891787943 0.0003320604 0.0469823419 0.7066375311 0.4460140520 0.6464409042 0.3332390667 0.0001827621 1.4891209679 1.4747837116 1.5429829391 0.0001746714 11.5065240864 11.5062219543 11.5062373913 136.4221217093 0.0000733209 0.0004422638 0.7549527098 0.6126367534 0.1285076599 0.0134829943
-84.0698081514 0.0008308719 0.9955941694 0.9998693263 0.0000162356 0.9988730530 0.6969431096 0.9610224665 0.3430777317 0.0011199381 0.0628806418 0.2258098621 0.0001202501 0.8008486180 0.2892001397 0.0003320608 0.0469824028 0.7066436238 0.4460165752 0.6464487115 0.3332462280 0.0001827683 1.4891008295 1.4747643134 1.5429815690 0.0001746766 11.5064655709 11.5061634743 11.5061789121 136.4221238927 0.0000733268 0.0004422644 0.7549521989 0.6126449061 0.1285136585 0.0134847506
-84.0697889965 0.0008308745 0.9955941500 0.9998693257 0.0000162356 0.9988730483 0.6969358515 0.9610195401 0.3431064277 0.0011199397 0.0628731049 0.2257580902 0.0001202504 0.8008470814 0.2892426781 0.0003320617 0.0469825239 0.7066556187 0.4460218864 0.6464639671 0.3332608122 0.0001827808 1.4890611342 1.4747259661 1.5429790456 0.0001746872 11.5063592095 11.5060571827 11.5060726221 136.4221282718 0.0000733386 0.0004422656 0.7549511799 0.6126613263 0.1285255761 0.0134882519
-84.0697604688 0.0008308785 0.9955941210 0.9998693248 0.0000162357 0.9988730413 0.6969247200 0.9610150892 0.3431502223 0.0011199420 0.0628619783 0.2256807997 0.0001202507 0.8008447874 0.2893061916 0.0003320631 0.0469827043 0.7066731096 0.4460304851 0.6464859753 0.3332833167 0.0001827999 1.4890028313 1.4746693410 1.5429757989 0.0001747033 11.5062258118 11.5059238873 11.5059393291 136.4221348848 0.0000733562 0.0004422673 0.7549496582 0.6126863469 0.1285432760 0.0134934944
-84.0697228064 0.0008308838 0.9955940828 0.9998693236 0.0000162357 0.9988730321 0.6969094030 0.9610090205 0.3432103096 0.0011199450 0.0628474349 0.2255781020 0.0001202511 0.8008417487 0.2893905934 0.0003320648 0.0469829424 0.7066954396 0.4460430344 0.6465137589 0.3333144149 0.0001828259 1.4889270788 1.4745951883 1.5429724520 0.0001747255 11.5060930585 11.5057912665 11.5058067114 136.4221438189 0.0000733795 0.0004422697 0.7549476422 0.6127205307 0.1285666068 0.0135004923
-84.0696748579 0.0008308903 0.9955940356 0.9998693221 0.0000162358 0.9988730206 0.6968894851 0.9610012609 0.3432884107 0.0011199488 0.0628296341 0.2254494916 0.0001202517 0.8008379822 0.2894962619 0.0003320670 0.0469832365 0.7067216879 0.4460602395 0.6465461502 0.3333548424 0.0001828592 1.4888356060 1.4745047834 1.5429697436 0.0001747538 11.5059856203 11.5056839887 11.5056994376 136.4158423872 0.0000734086 0.0004422726 0.7549451426 0.6127642414 0.1285954593 0.0135092289
-84.0696210317 0.0008308979 0.9955939808 0.9998693203 0.0000162360 0.9988730071 0.6968683313 0.9609929576 0.3433673929 0.0011199531 0.0628118731 0.2253163626 0.0001202523 0.8008335103 0.2896051482 0.0003320695 0.0469835775 0.7067455644 0.4460765527 0.6465766888 0.3333938572 0.0001828954 1.4887392271 1.4744097684 1.5429673736 0.0001747847 11.5059287288 11.5056272601 11.5056427131 136.4158537252 0.0000734393 0.0004422760 0.7549421753 0.6128116478 0.1286231754 0.0135183192
-84.0695602421 0.0008309064 0.9955939189 0.9998693183 0.0000162361 0.9988729917 0.6968461437 0.9609843219 0.3434463122 0.0011199581 0.0627942653 0.2251802759 0.0001202530 0.8008283537 0.2897159332 0.0003320724 0.0469839631 0.7067672310 0.4460918392 0.6466055201 0.3334313331 0.0001829333 1.4886398036 1.4743122078 1.5429651107 0.0001748171 11.5059110064 11.5056097008 11.5056251581 136.4158649239 0.0000734709 0.0004422798 0.7549387541 0.6128613921 0.1286497911 0.0135275595
-84.0694928537 0.0008309159 0.9955938501 0.9998693161 0.0000162362 0.9988729743 0.6968231125 0.9609755545 0.3435242913 0.0011199635 0.0627768893 0.2250424584 0.0001202538 0.8008225331 0.2898275926 0.0003320756 0.0469843911 0.7067869087 0.4461060064 0.6466328389 0.3334672023 0.0001829721 1.4885388591 1.4742137732 1.5429627469 0.0001748502 11.5059134449 11.5056123015 11.5056277630 136.4158759282 0.0000735029 0.0004422840 0.7549348929 0.6129121699 0.1286753549 0.0135367820
-84.0694192248 0.0008309262 0.9955937748 0.9998693138 0.0000162364 0.9988729551 0.6967994060 0.9609667910 0.3436005932 0.0011199695 0.0627598045 0.2249039226 0.0001202546 0.8008160690 0.2899392948 0.0003320790 0.0469848590 0.7068048317 0.4461190083 0.6466588339 0.3335014449 0.0001830110 1.4884376250 1.4741157577 1.5429601591 0.0001748835 11.5059291062 11.5056281225 11.5056435882 136.4158866973 0.0000735346 0.0004422887 0.7549306059 0.6129631280 0.1286999172 0.0135458607
-84.0693397025 0.0008309374 0.9955936934 0.9998693112 0.0000162365 0.9988729342 0.6967751672 0.9609581351 0.3436746328 0.0011199760 0.0627430535 0.2247654897 0.0001202556 0.8008089814 0.2900503800 0.0003320828 0.0469853648 0.7068212199 0.4461308390 0.6466836707 0.3335340796 0.0001830495 1.4883370447 1.4740191174 1.5429572665 0.0001749165 11.5059517096 11.5056508822 11.5056663522 136.4158972025 0.0000735658 0.0004422937 0.7549259070 0.6130136129 0.1287235293 0.0135547034
-84.0692546222 0.0008309494 0.9955936063 0.9998693084 0.0000162367 0.9988729116 0.6967505119 0.9609496590 0.3437459793 0.0011199829 0.0627266669 0.2246278333 0.0001202565 0.8008012901 0.2901603205 0.0003320868 0.0469859062 0.7068362648 0.4461415222 0.6467074863 0.3335651542 0.0001830874 1.4882378203 1.4739245292 1.5429540286 0.0001749489 11.5059772915 11.5056766165 11.5056920906 136.4159074278 0.0000735963 0.0004422990 0.7549208104 0.6130631744 0.1287462412 0.0135632472
-84.0691643069 0.0008309621 0.9955935137 0.9998693055 0.0000162369 0.9988728873 0.6967255297 0.9609414006 0.3438143447 0.0011199902 0.0627106663 0.2244915107 0.0001202576 0.8007930143 0.2902686903 0.0003320911 0.0469864813 0.7068501256 0.4461511015 0.6467303903 0.3335947371 0.0001831244 1.4881404501 1.4738324396 1.5429504400 0.0001749805 11.5060068072 11.5057062796 11.5057217578 136.4159173696 0.0000736258 0.0004423047 0.7549153297 0.6131115879 0.1287681001 0.0135714535
-84.0690690637 0.0008309756 0.9955934160 0.9998693024 0.0000162371 0.9988728616 0.6967002901 0.9609334048 0.3438795423 0.0011199980 0.0626950636 0.2243569517 0.0001202587 0.8007841732 0.2903751748 0.0003320956 0.0469870880 0.7068629346 0.4461596322 0.6467524746 0.3336229111 0.0001831603 1.4880452690 1.4737431319 1.5429464882 0.0001750112 11.5060331712 11.5057327866 11.5057482687 136.4159270296 0.0000736543 0.0004423107 0.7549094785 0.6131585577 0.1287891526 0.0135792969
-84.0689691884 0.0008309896 0.9955933134 0.9998692991 0.0000162373 0.9988728343 0.6966748401 0.9609256789 0.3439414979 0.0011200061 0.0626798688 0.2242245469 0.0001202599 0.8007747851 0.2904794919 0.0003321003 0.0469877245 0.7068747979 0.4461671757 0.6467738110 0.3336497662 0.0001831951 1.4879525072 1.4736567513 1.5429422027 0.0001750410 11.5060581777 11.5057579312 11.5057734170 136.4159364155 0.0000736816 0.0004423170 0.7549032703 0.6132040456 0.1288094400 0.0135867695
-84.0688649631 0.0008310043 0.9955932063 0.9998692957 0.0000162375 0.9988728056 0.6966492094 0.9609182191 0.3440002165 0.0011200146 0.0626650884 0.2240946214 0.0001202611 0.8007648682 0.2905814122 0.0003321052 0.0469883890 0.7068858014 0.4461737963 0.6467944561 0.3336753959 0.0001832288 1.4878623062 1.4735733571 1.5429376203 0.0001750698 11.5060847473 11.5057846336 11.5058001231 136.4159455368 0.0000737079 0.0004423236 0.7548967182 0.6132480832 0.1288290003 0.0135938722
-84.0687566542 0.0008310196 0.9955930950 0.9998692922 0.0000162378 0.9988727755 0.6966234172 0.9609110393 0.3440557440 0.0011200234 0.0626507223 0.2239674082 0.0001202623 0.8007544401 0.2906807824 0.0003321103 0.0469890797 0.7068960178 0.4461795577 0.6468144601 0.3336998931 0.0001832613 1.4877747415 1.4734929541 1.5429327572 0.0001750975 11.5061073318 11.5058073463 11.5058228393 136.4159543992 0.0000737331 0.0004423304 0.7548898351 0.6132905616 0.1288478718 0.0136006078
-84.0686445170 0.0008310355 0.9955929796 0.9998692885 0.0000162380 0.9988727442 0.6965974704 0.9609041261 0.3441081895 0.0011200325 0.0626367711 0.2238431239 0.0001202636 0.8007435181 0.2907774588 0.0003321156 0.0469897951 0.7069055062 0.4461845219 0.6468338626 0.3337233481 0.0001832926 1.4876898121 1.4734154683 1.5429276510 0.0001751244 11.5061279302 11.5058280682 11.5058435647 136.4159630086 0.0000737573 0.0004423375 0.7548826335 0.6133315650 0.1288660881 0.0136069896
-84.0685287943 0.0008310518 0.9955928605 0.9998692847 0.0000162383 0.9988727116 0.6965713670 0.9608974597 0.3441576920 0.0011200419 0.0626232335 0.2237219416 0.0001202650 0.8007321190 0.2908713292 0.0003321211 0.0469905335 0.7069143155 0.4461887483 0.6468526948 0.3337458462 0.0001833230 1.4876075292 1.4733408271 1.5429223503 0.0001751503 11.5061505428 11.5058507994 11.5058662992 136.4159713705 0.0000737804 0.0004423448 0.7548751258 0.6133712207 0.1288836809 0.0136130319
-84.0684097144 0.0008310686 0.9955927379 0.9998692808 0.0000162385 0.9988726778 0.6965451032 0.9608910478 0.3442043933 0.0011200516 0.0626101023 0.2236039523 0.0001202664 0.8007202591 0.2909623482 0.0003321268 0.0469912935 0.7069224900 0.4461922922 0.6468709882 0.3337674680 0.0001833522 1.4875278405 1.4732689347 1.5429168644 0.0001751753 11.5061684448 11.5058688160 11.5058843190 136.4159794862 0.0000738025 0.0004423524 0.7548673242 0.6134094490 0.1289006830 0.0136187465
-84.0682874968 0.0008310859 0.9955926119 0.9998692768 0.0000162388 0.9988726428 0.6965186692 0.9608848595 0.3442484675 0.0011200616 0.0625973731 0.2234892548 0.0001202678 0.8007079545 0.2910504583 0.0003321325 0.0469920738 0.7069300657 0.4461952056 0.6468887659 0.3337882874 0.0001833805 1.4874506909 1.4731996667 1.5429112428 0.0001751995 11.5061882513 11.5058887328 11.5059042388 136.4159873610 0.0000738237 0.0004423601 0.7548592403 0.6134464543 0.1289171230 0.0136241527
-84.0681623470 0.0008311036 0.9955924829 0.9998692727 0.0000162390 0.9988726068 0.6964920560 0.9608788994 0.3442900743 0.0011200718 0.0625850365 0.2233778791 0.0001202693 0.8006952207 0.2911356584 0.0003321385 0.0469928729 0.7069370767 0.4461975362 0.6469060526 0.3338083727 0.0001834079 1.4873759969 1.4731329054 1.5429054928 0.0001752228 11.5062037156 11.5059043036 11.5059198126 136.4159949957 0.0000738441 0.0004423680 0.7548508857 0.6134821771 0.1289330305 0.0136292642
-84.0680344627 0.0008311217 0.9955923510 0.9998692686 0.0000162393 0.9988725697 0.6964652507 0.9608731357 0.3443293961 0.0011200822 0.0625730859 0.2232698690 0.0001202708 0.8006820729 0.2912179305 0.0003321445 0.0469936896 0.7069435511 0.4461993281 0.6469228667 0.3338277860 0.0001834344 1.4873036655 1.4730685062 1.5428996566 0.0001752455 11.5062211889 11.5059218796 11.5059373915 136.4160023955 0.0000738636 0.0004423761 0.7548422716 0.6135168247 0.1289484316 0.0136341015
-84.0679040290 0.0008311401 0.9955922164 0.9998692643 0.0000162396 0.9988725317 0.6964382432 0.9608675727 0.3443665926 0.0011200929 0.0625615104 0.2231652081 0.0001202723 0.8006685260 0.2912973058 0.0003321507 0.0469945227 0.7069495164 0.4462006216 0.6469392292 0.3338465841 0.0001834601 1.4872335927 1.4730063433 1.5428937362 0.0001752674 11.5062344401 11.5059352303 11.5059507449 136.4160095618 0.0000738823 0.0004423843 0.7548334090 0.6135503401 0.1289633534 0.0136386784
-84.0677712243 0.0008311589 0.9955920793 0.9998692600 0.0000162399 0.9988724927 0.6964110206 0.9608621785 0.3444018416 0.0011201037 0.0625503023 0.2230639014 0.0001202738 0.8006545945 0.2913737930 0.0003321570 0.0469953711 0.7069549956 0.4462014537 0.6469551555 0.3338648181 0.0001834851 1.4871656724 1.4729462706 1.5428877692 0.0001752887 11.5062499781 11.5059508644 11.5059663818 136.4160165006 0.0000739003 0.0004423927 0.7548243085 0.6135829329 0.1289778194 0.0136430151
-84.0676362152 0.0008311780 0.9955919399 0.9998692555 0.0000162401 0.9988724527 0.6963835735 0.9608569591 0.3444352938 0.0011201147 0.0625394497 0.2229658975 0.0001202754 0.8006402923 0.2914474475 0.0003321634 0.0469962337 0.7069600121 0.4462018581 0.6469706642 0.3338825345 0.0001835093 1.4870997954 1.4728881667 1.5428817519 0.0001753094 11.5062611809 11.5059621605 11.5059776805 136.4160232141 0.0000739176 0.0004424013 0.7548149808 0.6136145341 0.1289918545 0.0136471242
-84.0674991634 0.0008311974 0.9955917983 0.9998692511 0.0000162404 0.9988724120 0.6963558902 0.9608518823 0.3444671163 0.0011201259 0.0625289441 0.2228711733 0.0001202770 0.8006256334 0.2915182961 0.0003321699 0.0469971094 0.7069645850 0.4462018660 0.6469857680 0.3338997752 0.0001835329 1.4870358489 1.4728318938 1.5428757166 0.0001753295 11.5062750565 11.5059761264 11.5059916490 136.4160297092 0.0000739342 0.0004424099 0.7548054359 0.6136453572 0.1290054800 0.0136510249
-84.0673602200 0.0008312170 0.9955916547 0.9998692465 0.0000162407 0.9988723704 0.6963279638 0.9608469501 0.3444974415 0.0011201372 0.0625187730 0.2227796491 0.0001202786 0.8006106312 0.2915864136 0.0003321765 0.0469979974 0.7069687345 0.4462015057 0.6470004829 0.3339165783 0.0001835559 1.4869737580 1.4727773658 1.5428696653 0.0001753492 11.5062875016 11.5059886594 11.5060041844 136.4160359905 0.0000739503 0.0004424187 0.7547956839 0.6136753667 0.1290187187 0.0136547269
-84.0672195290 0.0008312369 0.9955915093 0.9998692419 0.0000162410 0.9988723280 0.6962997889 0.9608421548 0.3445264024 0.0011201487 0.0625089245 0.2226912512 0.0001202803 0.8005952988 0.2916518691 0.0003321831 0.0469988966 0.7069724798 0.4462008031 0.6470148249 0.3339329783 0.0001835783 1.4869133862 1.4727244476 1.5428635975 0.0001753683 11.5062969478 11.5059981912 11.5060137186 136.4160420629 0.0000739658 0.0004424276 0.7547857345 0.6137045973 0.1290315919 0.0136582448
-84.0670772298 0.0008312571 0.9955913621 0.9998692372 0.0000162413 0.9988722850 0.6962713585 0.9608374717 0.3445541371 0.0011201603 0.0624993898 0.2226059279 0.0001202819 0.8005796490 0.2917147104 0.0003321899 0.0469998062 0.7069758374 0.4461997825 0.6470288063 0.3339490066 0.0001836002 1.4868546328 1.4726730190 1.5428575377 0.0001753870 11.5063083730 11.5060096995 11.5060252293 136.4160479336 0.0000739809 0.0004424366 0.7547755972 0.6137332116 0.1290441177 0.0136615945
-84.0669334525 0.0008312774 0.9955912134 0.9998692325 0.0000162416 0.9988722412 0.6962426695 0.9608329064 0.3445807594 0.0011201720 0.0624901567 0.2225235886 0.0001202836 0.8005636944 0.2917750178 0.0003321967 0.0470007253 0.7069788251 0.4461984657 0.6470424425 0.3339646915 0.0001836216 1.4867973854 1.4726229754 1.5428514745 0.0001754052 11.5063161534 11.5060175614 11.5060330935 136.4160536063 0.0000739954 0.0004424457 0.7547652814 0.6137611482 0.1290563159 0.0136647862
-84.0667883243 0.0008312979 0.9955910632 0.9998692278 0.0000162419 0.9988721967 0.6962137162 0.9608284314 0.3446063966 0.0011201839 0.0624812169 0.2224441746 0.0001202853 0.8005474473 0.2918328417 0.0003322036 0.0470016531 0.7069814572 0.4461968732 0.6470557442 0.3339800589 0.0001836427 1.4867415392 1.4725742035 1.5428454301 0.0001754232 11.5063266502 11.5060281375 11.5060436719 136.4160590891 0.0000740095 0.0004424549 0.7547547961 0.6137885917 0.1290682024 0.0136678351
-84.0666419643 0.0008313187 0.9955909116 0.9998692230 0.0000162422 0.9988721517 0.6961844982 0.9608240501 0.3446311440 0.0011201958 0.0624725577 0.2223675810 0.0001202870 0.8005309197 0.2918882728 0.0003322105 0.0470025889 0.7069837500 0.4461950240 0.6470687252 0.3339951326 0.0001836633 1.4866870162 1.4725266303 1.5428393971 0.0001754408 11.5063360722 11.5060376371 11.5060531737 136.4160643874 0.0000740233 0.0004424642 0.7547441504 0.6138155015 0.1290797952 0.0136707486
-84.0664944871 0.0008313395 0.9955907589 0.9998692182 0.0000162426 0.9988721060 0.6961550158 0.9608197587 0.3446550961 0.0011202079 0.0624641681 0.2222937141 0.0001202887 0.8005141233 0.2919413928 0.0003322175 0.0470035319 0.7069857192 0.4461929356 0.6470813998 0.3340099344 0.0001836836 1.4866337022 1.4724801537 1.5428333699 0.0001754581 11.5063426694 11.5060443106 11.5060598494 136.4160695069 0.0000740366 0.0004424735 0.7547333529 0.6138418906 0.1290911109 0.0136735373
-84.0663460039 0.0008313605 0.9955906051 0.9998692133 0.0000162429 0.9988720598 0.6961252677 0.9608155338 0.3446783572 0.0011202200 0.0624560397 0.2222225074 0.0001202905 0.8004970697 0.2919922577 0.0003322245 0.0470044814 0.7069873783 0.4461906247 0.6470937785 0.3340244841 0.0001837035 1.4865814959 1.4724346672 1.5428273654 0.0001754751 11.5063515982 11.5060533140 11.5060688550 136.4160744555 0.0000740496 0.0004424829 0.7547224122 0.6138679147 0.1291021631 0.0136762148
-84.0661966192 0.0008313817 0.9955904503 0.9998692084 0.0000162432 0.9988720131 0.6960952558 0.9608113849 0.3447010072 0.0011202322 0.0624481612 0.2221538593 0.0001202922 0.8004797702 0.2920409547 0.0003322316 0.0470054368 0.7069887424 0.4461881063 0.6471058755 0.3340388003 0.0001837231 1.4865302958 1.4723900869 1.5428213651 0.0001754918 11.5063567801 11.5060585695 11.5060741126 136.4160792370 0.0000740623 0.0004424924 0.7547113366 0.6138934904 0.1291129672 0.0136787881
-84.0660464364 0.0008314030 0.9955902947 0.9998692035 0.0000162435 0.9988719659 0.6960649790 0.9608072851 0.3447231434 0.0011202444 0.0624405252 0.2220877069 0.0001202940 0.8004622357 0.2920875349 0.0003322387 0.0470063972 0.7069898233 0.4461853951 0.6471176997 0.3340528998 0.0001837426 1.4864800175 1.4723463237 1.5428153904 0.0001755084 11.5063651590 11.5060670206 11.5060825657 136.4160838600 0.0000740748 0.0004425019 0.7547001345 0.6139188009 0.1291235351 0.0136812702
-84.0658955524 0.0008314243 0.9955901382 0.9998691985 0.0000162438 0.9988719183 0.6960344409 0.9608032400 0.3447448336 0.0011202567 0.0624331201 0.2220239398 0.0001202957 0.8004444773 0.2921320917 0.0003322459 0.0470073623 0.7069906351 0.4461825047 0.6471292638 0.3340667984 0.0001837617 1.4864305781 1.4723033142 1.5428094260 0.0001755247 11.5063727523 11.5060746850 11.5060902322 136.4160883300 0.0000740870 0.0004425115 0.7546888138 0.6139437938 0.1291338810 0.0136836663
-84.0657440611 0.0008314458 0.9955899811 0.9998691936 0.0000162442 0.9988718703 0.6960036457 0.9607992508 0.3447661436 0.0011202691 0.0624259355 0.2219624599 0.0001202975 0.8004265056 0.2921747089 0.0003322531 0.0470083313 0.7069911917 0.4461794479 0.6471405810 0.3340805111 0.0001837806 1.4863818971 1.4722609872 1.5428034645 0.0001755408 11.5063769779 11.5060789811 11.5060945304 136.4160926528 0.0000740989 0.0004425211 0.7546773826 0.6139684501 0.1291440180 0.0136859835
-84.0655920556 0.0008314673 0.9955898234 0.9998691886 0.0000162445 0.9988718218 0.6959725946 0.9607952921 0.3447871576 0.0011202815 0.0624189645 0.2219032052 0.0001202993 0.8004083310 0.2922154367 0.0003322603 0.0470093036 0.7069915040 0.4461762369 0.6471516596 0.3340940512 0.0001837994 1.4863338766 1.4722192498 1.5427975210 0.0001755568 11.5063842649 11.5060863374 11.5061018887 136.4160968361 0.0000741107 0.0004425307 0.7546658484 0.6139929426 0.1291539560 0.0136882341
-84.0654396236 0.0008314889 0.9955896653 0.9998691836 0.0000162448 0.9988717730 0.6959412928 0.9607913707 0.3448079283 0.0011202940 0.0624121964 0.2218460701 0.0001203011 0.8003899639 0.2922543645 0.0003322675 0.0470102787 0.7069915853 0.4461728834 0.6471625118 0.3341074317 0.0001838181 1.4862864639 1.4721780608 1.5427915846 0.0001755727 11.5063908515 11.5060929927 11.5061085460 136.4161008855 0.0000741222 0.0004425403 0.7546542191 0.6140172138 0.1291637073 0.0136904217
-84.0652868502 0.0008315105 0.9955895067 0.9998691786 0.0000162451 0.9988717239 0.6959097461 0.9607874872 0.3448285121 0.0011203064 0.0624056216 0.2217909609 0.0001203029 0.8003714144 0.2922915719 0.0003322748 0.0470112560 0.7069914483 0.4461693983 0.6471731502 0.3341206646 0.0001838365 1.4862395622 1.4721373438 1.5427856435 0.0001755884 11.5063943234 11.5060965329 11.5061120881 136.4161048063 0.0000741337 0.0004425500 0.7546425021 0.6140412490 0.1291732832 0.0136925535
-84.0651338208 0.0008315322 0.9955893478 0.9998691735 0.0000162454 0.9988716745 0.6958779571 0.9607836184 0.3448489803 0.0011203189 0.0623992338 0.2217378186 0.0001203046 0.8003526925 0.2923271068 0.0003322820 0.0470122350 0.7069911035 0.4461657921 0.6471835828 0.3341337613 0.0001838549 1.4861930930 1.4720970188 1.5427797132 0.0001756041 11.5064007901 11.5061030670 11.5061186243 136.4161086059 0.0000741449 0.0004425597 0.7546307048 0.6140652078 0.1291826921 0.0136946401
-84.0649806160 0.0008315539 0.9955891887 0.9998691685 0.0000162458 0.9988716248 0.6958459324 0.9607797711 0.3448693763 0.0011203314 0.0623930230 0.2216865422 0.0001203064 0.8003338080 0.2923610546 0.0003322893 0.0470132151 0.7069905632 0.4461620750 0.6471938212 0.3341467323 0.0001838732 1.4861470046 1.4720570506 1.5427737821 0.0001756197 11.5064066292 11.5061089732 11.5061245323 136.4161122895 0.0000741561 0.0004425694 0.7546188344 0.6140890329 0.1291919448 0.0136966848
-84.0648273150 0.0008315756 0.9955890295 0.9998691635 0.0000162461 0.9988715748 0.6958136788 0.9607759464 0.3448897472 0.0011203440 0.0623869802 0.2216370428 0.0001203082 0.8003147706 0.2923934912 0.0003322966 0.0470141959 0.7069898396 0.4461582564 0.6472038775 0.3341595879 0.0001838914 1.4861012060 1.4720173680 1.5427678382 0.0001756352 11.5064094856 11.5061118965 11.5061274576 136.4161158622 0.0000741672 0.0004425791 0.7546068982 0.6141127074 0.1292010509 0.0136986940
-84.0646739974 0.0008315973 0.9955888702 0.9998691585 0.0000162464 0.9988715247 0.6957811998 0.9607721229 0.3449101538 0.0011203565 0.0623810999 0.2215892652 0.0001203100 0.8002955900 0.2924244614 0.0003323038 0.0470151769 0.7069889426 0.4461543458 0.6472137593 0.3341723376 0.0001839096 1.4860556418 1.4719779101 1.5427618996 0.0001756507 11.5064153363 11.5061178136 11.5061333766 136.4161193309 0.0000741782 0.0004425889 0.7545949032 0.6141363809 0.1292100178 0.0137006770
-84.0645207393 0.0008316190 0.9955887110 0.9998691534 0.0000162467 0.9988714744 0.6957485031 0.9607683070 0.3449306327 0.0011203690 0.0623753726 0.2215431129 0.0001203118 0.8002762755 0.2924540472 0.0003323111 0.0470161575 0.7069878838 0.4461503521 0.6472234778 0.3341849907 0.0001839277 1.4860102524 1.4719386370 1.5427559521 0.0001756661 11.5064206232 11.5061231666 11.5061387316 136.4161227005 0.0000741891 0.0004425986 0.7545828564 0.6141599978 0.1292188549 0.0137026369
-84.0643676156 0.0008316407 0.9955885518 0.9998691484 0.0000162471 0.9988714239 0.6957155961 0.9607645007 0.3449512235 0.0011203815 0.0623697897 0.2214985013 0.0001203136 0.8002568364 0.2924823209 0.0003323184 0.0470171372 0.7069866751 0.4461462839 0.6472330446 0.3341975558 0.0001839458 1.4859649549 1.4718994854 1.5427499843 0.0001756815 11.5064229632 11.5061255729 11.5061411399 136.4161259757 0.0000742000 0.0004426083 0.7545707646 0.6141835374 0.1292275708 0.0137045797
-84.0642147026 0.0008316624 0.9955883929 0.9998691434 0.0000162474 0.9988713733 0.6956824833 0.9607606832 0.3449719794 0.0011203940 0.0623643464 0.2214553794 0.0001203154 0.8002372821 0.2925093241 0.0003323256 0.0470181157 0.7069853257 0.4461421496 0.6472424671 0.3342100413 0.0001839639 1.4859197071 1.4718604055 1.5427440163 0.0001756970 11.5064283571 11.5061310328 11.5061466017 136.4161291633 0.0000742108 0.0004426180 0.7545586347 0.6142071453 0.1292361717 0.0137065137
-84.0640620733 0.0008316840 0.9955882342 0.9998691384 0.0000162477 0.9988713226 0.6956491730 0.9607568616 0.3449929299 0.0011204064 0.0623590335 0.2214136545 0.0001203172 0.8002176215 0.2925351359 0.0003323329 0.0470190923 0.7069838469 0.4461379575 0.6472517561 0.3342224553 0.0001839821 1.4858744582 1.4718213654 1.5427380346 0.0001757124 11.5064332454 11.5061359870 11.5061515579 136.4161322679 0.0000742217 0.0004426276 0.7545464733 0.6142307623 0.1292446661 0.0137084416
-84.0639098005 0.0008317055 0.9955880758 0.9998691334 0.0000162480 0.9988712718 0.6956156734 0.9607530389 0.3450141068 0.0011204189 0.0623538432 0.2213732457 0.0001203190 0.8001978638 0.2925598262 0.0003323401 0.0470200667 0.7069822501 0.4461337152 0.6472609229 0.3342348055 0.0001840002 1.4858291439 1.4717823148 1.5427320305 0.0001757279 11.5064351479 11.5061379557 11.5061535286 136.4161352939 0.0000742325 0.0004426373 0.7545342870 0.6142543608 0.1292530618 0.0137103682
-84.0637579589 0.0008317271 0.9955879178 0.9998691284 0.0000162484 0.9988712210 0.6955819899 0.9607491943 0.3450355579 0.0011204313 0.0623487707 0.2213341058 0.0001203207 0.8001780178 0.2925834333 0.0003323473 0.0470210384 0.7069805442 0.4461294307 0.6472699745 0.3342470994 0.0001840185 1.4857837245 1.4717432073 1.5427260245 0.0001757434 11.5064402116 11.5061430856 11.5061586604 136.4161382479 0.0000742434 0.0004426469 0.7545220825 0.6142780876 0.1292613641 0.0137123019
-84.0636066205 0.0008317485 0.9955877604 0.9998691234 0.0000162487 0.9988711702 0.6955481313 0.9607453359 0.3450573057 0.0011204436 0.0623438074 0.2212961454 0.0001203225 0.8001580924 0.2926060343 0.0003323545 0.0470220069 0.7069787400 0.4461251115 0.6472789215 0.3342593440 0.0001840367 1.4857381612 1.4717040200 1.5427200046 0.0001757590 11.5064448241 11.5061477644 11.5061633412 136.4161411344 0.0000742542 0.0004426565 0.7545098662 0.6143018786 0.1292695806 0.0137142445
-84.0634558574 0.0008317699 0.9955876035 0.9998691185 0.0000162490 0.9988711193 0.6955141070 0.9607414675 0.3450793754 0.0011204559 0.0623389457 0.2212592856 0.0001203243 0.8001380965 0.2926276978 0.0003323616 0.0470229716 0.7069768487 0.4461207647 0.6472877751 0.3342715466 0.0001840551 1.4856923997 1.4716647119 1.5427139632 0.0001757746 11.5064463562 11.5061493633 11.5061649421 136.4161439575 0.0000742652 0.0004426661 0.7544976446 0.6143256997 0.1292777184 0.0137162004
-84.0633057444 0.0008317911 0.9955874473 0.9998691136 0.0000162493 0.9988710685 0.6954799231 0.9607375685 0.3451018082 0.0011204682 0.0623341813 0.2212234832 0.0001203260 0.8001180387 0.2926484592 0.0003323687 0.0470239323 0.7069748790 0.4461163978 0.6472965420 0.3342837138 0.0001840735 1.4856464170 1.4716252489 1.5427079244 0.0001757903 11.5064511911 11.5061542652 11.5061698459 136.4161467240 0.0000742762 0.0004426756 0.7544854240 0.6143496978 0.1292857822 0.0137181773
-84.0631563538 0.0008318123 0.9955872917 0.9998691087 0.0000162496 0.9988710178 0.6954455898 0.9607336482 0.3451246184 0.0011204804 0.0623295058 0.2211886501 0.0001203278 0.8000979277 0.2926683952 0.0003323758 0.0470248883 0.7069728414 0.4461120178 0.6473052327 0.3342958521 0.0001840920 1.4856001922 1.4715856233 1.5427018786 0.0001758060 11.5064556242 11.5061587654 11.5061743481 136.4161494383 0.0000742872 0.0004426851 0.7544732108 0.6143738010 0.1292937789 0.0137201762
-84.0630077587 0.0008318333 0.9955871370 0.9998691038 0.0000162500 0.9988709671 0.6954111177 0.9607297124 0.3451478220 0.0011204925 0.0623249116 0.2211547087 0.0001203295 0.8000777721 0.2926875737 0.0003323829 0.0470258393 0.7069707471 0.4461076314 0.6473138584 0.3343079681 0.0001841106 1.4855536984 1.4715458129 1.5426958221 0.0001758219 11.5064568398 11.5061600488 11.5061756336 136.4161521046 0.0000742983 0.0004426945 0.7544610112 0.6143979640 0.1293017153 0.0137222001
-84.0628600353 0.0008318543 0.9955869832 0.9998690989 0.0000162503 0.9988709166 0.6953765142 0.9607257402 0.3451714529 0.0011205046 0.0623203948 0.2211216187 0.0001203312 0.8000575805 0.2927060287 0.0003323899 0.0470267847 0.7069686044 0.4461032457 0.6473224257 0.3343200680 0.0001841294 1.4855069240 1.4715057930 1.5426897816 0.0001758378 11.5064615196 11.5061647964 11.5061803832 136.4161547299 0.0000743095 0.0004427038 0.7544488314 0.6144223358 0.1293095950 0.0137242563
-84.0627132578 0.0008318751 0.9955868303 0.9998690941 0.0000162506 0.9988708661 0.6953417913 0.9607217422 0.3451955162 0.0011205166 0.0623159469 0.2210892922 0.0001203329 0.8000373614 0.2927238371 0.0003323969 0.0470277240 0.7069664240 0.4460988674 0.6473309450 0.3343321579 0.0001841482 1.4854598651 1.4714655708 1.5426837495 0.0001758539 11.5064658351 11.5061691804 11.5061847691 136.4161573190 0.0000743208 0.0004427131 0.7544366777 0.6144468361 0.1293174249 0.0137263449
-84.0625675014 0.0008318957 0.9955866784 0.9998690893 0.0000162509 0.9988708159 0.6953069616 0.9607177267 0.3452200161 0.0011205285 0.0623115603 0.2210576515 0.0001203346 0.8000171233 0.2927410682 0.0003324038 0.0470286568 0.7069642168 0.4460945029 0.6473394278 0.3343442438 0.0001841671 1.4854125315 1.4714251509 1.5426777279 0.0001758699 11.5064667560 11.5061701702 11.5061857610 136.4161598766 0.0000743321 0.0004427224 0.7544245561 0.6144714047 0.1293252109 0.0137284673
-84.0624228448 0.0008319162 0.9955865277 0.9998690846 0.0000162512 0.9988707658 0.6952720345 0.9607136732 0.3452449760 0.0011205403 0.0623072313 0.2210266565 0.0001203363 0.7999968747 0.2927577560 0.0003324106 0.0470295826 0.7069619912 0.4460901590 0.6473478806 0.3343563317 0.0001841862 1.4853649399 1.4713845325 1.5426717481 0.0001758862 11.5064712917 11.5061747751 11.5061903680 136.4161624103 0.0000743435 0.0004427316 0.7544124729 0.6144961879 0.1293329565 0.0137306294
-84.0622793651 0.0008319365 0.9955863782 0.9998690799 0.0000162515 0.9988707159 0.6952370249 0.9607095962 0.3452703835 0.0011205520 0.0623029510 0.2209962154 0.0001203380 0.7999766239 0.2927739815 0.0003324174 0.0470305008 0.7069597575 0.4460858421 0.6473563134 0.3343684271 0.0001842053 1.4853171407 1.4713437660 1.5426658080 0.0001759025 11.5064754667 11.5061790196 11.5061946146 136.4161649259 0.0000743551 0.0004427407 0.7544004341 0.6145210834 0.1293406678 0.0137328282
-84.0621371412 0.0008319567 0.9955862299 0.9998690752 0.0000162518 0.9988706663 0.6952019496 0.9607054990 0.3452962217 0.0011205636 0.0622987114 0.2209662445 0.0001203397 0.7999563795 0.2927898202 0.0003324242 0.0470314111 0.7069575267 0.4460815588 0.6473647371 0.3343805359 0.0001842246 1.4852692029 1.4713029060 1.5426599228 0.0001759188 11.5064792310 11.5061828538 11.5061984508 136.4161674307 0.0000743666 0.0004427497 0.7543884457 0.6145460693 0.1293483505 0.0137350620
-84.0619962526 0.0008319767 0.9955860830 0.9998690706 0.0000162521 0.9988706170 0.6951668274 0.9607013900 0.3453224678 0.0011205751 0.0622945050 0.2209366685 0.0001203413 0.7999361497 0.2928053419 0.0003324309 0.0470323127 0.7069553097 0.4460773151 0.6473731633 0.3343926638 0.0001842438 1.4852211863 1.4712619981 1.5426541023 0.0001759352 11.5064806063 11.5061842995 11.5061998986 136.4161699308 0.0000743782 0.0004427586 0.7543765138 0.6145710884 0.1293560098 0.0137373297
-84.0618567819 0.0008319964 0.9955859376 0.9998690660 0.0000162524 0.9988705679 0.6951316760 0.9606972580 0.3453491060 0.0011205865 0.0622903270 0.2209074385 0.0001203430 0.7999159430 0.2928205920 0.0003324375 0.0470332053 0.7069531159 0.4460731176 0.6473816002 0.3344048162 0.0001842632 1.4851731653 1.4712210930 1.5426483777 0.0001759517 11.5064848374 11.5061886010 11.5062042022 136.4161724350 0.0000743899 0.0004427674 0.7543646444 0.6145962274 0.1293636486 0.0137396327
-84.0617188106 0.0008320160 0.9955857937 0.9998690614 0.0000162527 0.9988705192 0.6950965192 0.9606931199 0.3453760830 0.0011205978 0.0622861686 0.2208784659 0.0001203446 0.7998957677 0.2928356535 0.0003324440 0.0470340883 0.7069509565 0.4460689722 0.6473900597 0.3344169986 0.0001842825 1.4851252832 1.4711803101 1.5426427628 0.0001759682 11.5064886943 11.5061925284 11.5062081317 136.4161749509 0.0000744016 0.0004427762 0.7543528435 0.6146213714 0.1293712721 0.0137419634
-84.0615824214 0.0008320353 0.9955856514 0.9998690570 0.0000162530 0.9988704708 0.6950613840 0.9606889898 0.3454033362 0.0011206089 0.0622820217 0.2208496708 0.0001203462 0.7998756322 0.2928506036 0.0003324505 0.0470349612 0.7069488436 0.4460648852 0.6473985547 0.3344292165 0.0001843018 1.4850776751 1.4711397594 1.5426372730 0.0001759846 11.5064898740 11.5061937788 11.5062093842 136.4161774867 0.0000744132 0.0004427848 0.7543411170 0.6146464275 0.1293788851 0.0137443154
-84.0614476997 0.0008320544 0.9955855108 0.9998690525 0.0000162533 0.9988704227 0.6950262981 0.9606848611 0.3454308032 0.0011206199 0.0622778809 0.2208210036 0.0001203477 0.7998555448 0.2928654935 0.0003324569 0.0470358234 0.7069467871 0.4460608627 0.6474070947 0.3344414754 0.0001843211 1.4850305113 1.4710995698 1.5426319503 0.0001760010 11.5064941493 11.5061981243 11.5062137318 136.4161800536 0.0000744248 0.0004427934 0.7543294709 0.6146714582 0.1293864896 0.0137466843
-84.0613147297 0.0008320732 0.9955853720 0.9998690482 0.0000162536 0.9988703751 0.6949912976 0.9606807580 0.3454583737 0.0011206308 0.0622737367 0.2207923730 0.0001203493 0.7998355139 0.2928804148 0.0003324632 0.0470366744 0.7069447997 0.4460569108 0.6474156931 0.3344537806 0.0001843402 1.4849840342 1.4710599444 1.5426268149 0.0001760173 11.5064980692 11.5062021141 11.5062177236 136.4161826622 0.0000744363 0.0004428018 0.7543179111 0.6146963048 0.1293940904 0.0137490555
-84.0611835957 0.0008320918 0.9955852351 0.9998690439 0.0000162538 0.9988703279 0.6949564240 0.9606767038 0.3454859160 0.0011206415 0.0622695802 0.2207636981 0.0001203508 0.7998155479 0.2928954543 0.0003324694 0.0470375137 0.7069428947 0.4460530355 0.6474243653 0.3344661378 0.0001843591 1.4849385032 1.4710210962 1.5426218915 0.0001760333 11.5064990175 11.5062031318 11.5062187434 136.4161853242 0.0000744475 0.0004428101 0.7543064435 0.6147208207 0.1294016912 0.0137514138
-84.0610543849 0.0008321101 0.9955851002 0.9998690396 0.0000162541 0.9988702811 0.6949217225 0.9606726998 0.3455132863 0.0011206521 0.0622654055 0.2207349350 0.0001203523 0.7997956551 0.2929106690 0.0003324756 0.0470383406 0.7069410838 0.4460492428 0.6474331231 0.3344785522 0.0001843778 1.4848942351 1.4709832749 1.5426172354 0.0001760492 11.5065032871 11.5062074696 11.5062230832 136.4161880549 0.0000744586 0.0004428183 0.7542950739 0.6147450234 0.1294092930 0.0137537450
-84.0609271814 0.0008321281 0.9955849673 0.9998690354 0.0000162544 0.9988702348 0.6948872497 0.9606687824 0.3455402753 0.0011206624 0.0622612025 0.2207059988 0.0001203538 0.7997758437 0.2929261590 0.0003324816 0.0470391547 0.7069393817 0.4460455389 0.6474419832 0.3344910294 0.0001843960 1.4848516437 1.4709468256 1.5426128791 0.0001760647 11.5065072067 11.5062114559 11.5062270715 136.4161908696 0.0000744693 0.0004428264 0.7542838082 0.6147686836 0.1294168992 0.0137560222
-84.0608020683 0.0008321459 0.9955848366 0.9998690313 0.0000162547 0.9988701890 0.6948530723 0.9606649881 0.3455666350 0.0011206727 0.0622569615 0.2206768214 0.0001203553 0.7997561222 0.2929420183 0.0003324875 0.0470399555 0.7069378046 0.4460419296 0.6474509653 0.3345035750 0.0001844136 1.4848111662 1.4709121110 1.5426088579 0.0001760797 11.5065078507 11.5062121649 11.5062277824 136.4161937854 0.0000744795 0.0004428343 0.7542726522 0.6147915770 0.1294245123 0.0137582168
-84.0606791302 0.0008321633 0.9955847082 0.9998690273 0.0000162549 0.9988701438 0.6948192641 0.9606613329 0.3455920817 0.0011206827 0.0622526766 0.2206473826 0.0001203567 0.7997364987 0.2929583059 0.0003324934 0.0470407424 0.7069363671 0.4460384209 0.6474600858 0.3345161944 0.0001844306 1.4847733642 1.4708795780 1.5426052477 0.0001760941 11.5065120071 11.5062163836 11.5062320029 136.4161968243 0.0000744892 0.0004428421 0.7542616117 0.6148136394 0.1294321314 0.0137602974
-84.0605584462 0.0008321804 0.9955845820 0.9998690233 0.0000162552 0.9988700991 0.6947859166 0.9606578717 0.3456162376 0.0011206926 0.0622483375 0.2206176288 0.0001203581 0.7997169815 0.2929751247 0.0003324991 0.0470415148 0.7069350879 0.4460350188 0.6474693675 0.3345288935 0.0001844467 1.4847389078 1.4708497849 1.5426020954 0.0001761078 11.5065157883 11.5062202239 11.5062358450 136.4162000085 0.0000744981 0.0004428498 0.7542506922 0.6148345344 0.1294397578 0.0137622171
-84.0604400929 0.0008321972 0.9955844582 0.9998690194 0.0000162554 0.9988700549 0.6947531378 0.9606546561 0.3456386496 0.0011207022 0.0622439351 0.2205875385 0.0001203595 0.7996975789 0.2929925666 0.0003325047 0.0470422724 0.7069339881 0.4460317291 0.6474788373 0.3345416780 0.0001844617 1.4847085875 1.4708233750 1.5425994715 0.0001761205 11.5065191426 11.5062236331 11.5062392558 136.4162033644 0.0000745060 0.0004428573 0.7542398994 0.6148539649 0.1294473916 0.0137639228
-84.0603241415 0.0008322136 0.9955843369 0.9998690156 0.0000162557 0.9988700114 0.6947210537 0.9606517496 0.3456587762 0.0011207117 0.0622394623 0.2205571327 0.0001203609 0.7996782987 0.2930107073 0.0003325102 0.0470430147 0.7069330917 0.4460285576 0.6474885267 0.3345545543 0.0001844753 1.4846832897 1.4708010658 1.5425974488 0.0001761320 11.5065201269 11.5062246676 11.5062402917 136.4162069197 0.0000745127 0.0004428646 0.7542292388 0.6148715590 0.1294550308 0.0137653533
-84.0602106590 0.0008322297 0.9955842182 0.9998690119 0.0000162559 0.9988699684 0.6946898082 0.9606492054 0.3456759851 0.0011207210 0.0622349162 0.2205265041 0.0001203622 0.7996591492 0.2930295832 0.0003325156 0.0470437413 0.7069324243 0.4460255100 0.6474984694 0.3345675287 0.0001844872 1.4846640725 1.4707836901 1.5425961388 0.0001761421 11.5065239261 11.5062285106 11.5062441360 136.4162107069 0.0000745181 0.0004428718 0.7542187158 0.6148870374 0.1294626706 0.0137664394
-84.0600997020 0.0008322454 0.9955841020 0.9998690082 0.0000162562 0.9988699261 0.6946595720 0.9606471121 0.3456895007 0.0011207300 0.0622302938 0.2204957678 0.0001203635 0.7996401381 0.2930492434 0.0003325209 0.0470444518 0.7069320181 0.4460225918 0.6475087098 0.3345806081 0.0001844971 1.4846521686 1.4707722248 1.5425956428 0.0001761505 11.5065273897 11.5062320105 11.5062476370 136.4162147592 0.0000745216 0.0004428789 0.7542083355 0.6148998833 0.1294703066 0.0137670937
-84.0599913171 0.0008322608 0.9955839884 0.9998690047 0.0000162564 0.9988698845 0.6946305409 0.9606455647 0.3456984150 0.0011207389 0.0622255972 0.2204651265 0.0001203648 0.7996212731 0.2930696973 0.0003325260 0.0470451459 0.7069319118 0.4460198087 0.6475193024 0.3345938003 0.0001845045 1.4846489669 1.4707677449 1.5425960874 0.0001761568 11.5065282220 11.5062328704 11.5062484976 136.4162191111 0.0000745232 0.0004428858 0.7541981029 0.6149095542 0.1294779318 0.0137672195
-84.0598855403 0.0008322758 0.9955838776 0.9998690012 0.0000162566 0.9988698436 0.6946029351 0.9606446443 0.3457016883 0.0011207475 0.0622208393 0.2204349143 0.0001203660 0.7996025616 0.2930908796 0.0003325311 0.0470458235 0.7069321494 0.4460171660 0.6475303102 0.3346071138 0.0001845092 1.4846560592 1.4707714318 1.5425976552 0.0001761607 11.5065323831 11.5062370484 11.5062526760 136.4162237992 0.0000745223 0.0004428925 0.7541880229 0.6149156304 0.1294855348 0.0137667115
-84.0597823897 0.0008322904 0.9955837694 0.9998689978 0.0000162568 0.9988698033 0.6945770063 0.9606444681 0.3456980970 0.0011207560 0.0622160398 0.2204055455 0.0001203672 0.7995840107 0.2931127021 0.0003325360 0.0470464845 0.7069327876 0.4460146691 0.6475418163 0.3346205587 0.0001845106 1.4846752315 1.4707845903 1.5426005368 0.0001761618 11.5065365845 11.5062412545 11.5062568822 136.4162288557 0.0000745186 0.0004428990 0.7541780998 0.6149174543 0.1294931037 0.0137654472
-84.0596818650 0.0008323047 0.9955836639 0.9998689945 0.0000162571 0.9988697638 0.6945530332 0.9606451530 0.3456862628 0.0011207642 0.0622112356 0.2203775905 0.0001203684 0.7995656272 0.2931349873 0.0003325407 0.0470471288 0.7069338973 0.4460123233 0.6475539271 0.3346341473 0.0001845083 1.4847083964 1.4708085397 1.5426049709 0.0001761597 11.5065383234 11.5062429844 11.5062586118 136.4162343050 0.0000745118 0.0004429054 0.7541683377 0.6149143895 0.1295006229 0.0137633000
-84.0595839461 0.0008323186 0.9955835610 0.9998689912 0.0000162573 0.9988697249 0.6945313153 0.9606467851 0.3456646816 0.0011207722 0.0622064916 0.2203518235 0.0001203695 0.7995474173 0.2931574203 0.0003325454 0.0470477567 0.7069355647 0.4460101338 0.6475667735 0.3346478944 0.0001845018 1.4847575557 1.4708445400 1.5426112821 0.0001761541 11.5065445876 11.5062492238 11.5062648504 136.4162401595 0.0000745014 0.0004429116 0.7541587402 0.6149060394 0.1295080699 0.0137601486
-84.0594885852 0.0008323321 0.9955834608 0.9998689881 0.0000162575 0.9988696868 0.6945121757 0.9606494702 0.3456316964 0.0011207800 0.0622019034 0.2203291549 0.0001203707 0.7995293868 0.2931796013 0.0003325499 0.0470483684 0.7069379025 0.4460081058 0.6475805300 0.3346618193 0.0001844909 1.4848247536 1.4708937585 1.5426198371 0.0001761448 11.5065522943 11.5062568887 11.5062725140 136.4162464048 0.0000744872 0.0004429177 0.7541493103 0.6148918756 0.1295154205 0.0137558709
-84.0593957061 0.0008323453 0.9955833631 0.9998689850 0.0000162577 0.9988696494 0.6944959507 0.9606532724 0.3455855876 0.0011207876 0.0621976175 0.2203106968 0.0001203718 0.7995115408 0.2932009689 0.0003325543 0.0470489646 0.7069410555 0.4460062440 0.6475954259 0.3346759477 0.0001844753 1.4849118298 1.4709569872 1.5426310951 0.0001761315 11.5065624409 11.5062669759 11.5062825993 136.4162529879 0.0000744691 0.0004429236 0.7541400505 0.6148716666 0.1295226444 0.0137503735
-84.0593052009 0.0008323582 0.9955832678 0.9998689820 0.0000162579 0.9988696127 0.6944829798 0.9606582122 0.3455246446 0.0011207950 0.0621938480 0.2202977608 0.0001203728 0.7994938835 0.2932207743 0.0003325587 0.0470495458 0.7069452116 0.4460045528 0.6476117641 0.3346903141 0.0001844551 1.4850202450 1.4710344559 1.5426456187 0.0001761143 11.5065743311 11.5062787893 11.5062944103 136.4162597931 0.0000744470 0.0004429294 0.7541309626 0.6148454735 0.1295297044 0.0137436046
-84.0592169305 0.0008323708 0.9955831748 0.9998689791 0.0000162580 0.9988695767 0.6944735958 0.9606642151 0.3454472827 0.0011208022 0.0621908888 0.2202918712 0.0001203739 0.7994764184 0.2932380353 0.0003325629 0.0470501129 0.7069506127 0.4460030356 0.6476299438 0.3347049664 0.0001844309 1.4851508727 1.4711255837 1.5426641374 0.0001760937 11.5065957875 11.5063001523 11.5063157704 136.4162666196 0.0000744215 0.0004429350 0.7541220473 0.6148140039 0.1295365532 0.0137355779
-84.0591307215 0.0008323830 0.9955830839 0.9998689763 0.0000162582 0.9988695414 0.6944681301 0.9606711412 0.3453520854 0.0011208093 0.0621890848 0.2202946954 0.0001203749 0.7994591481 0.2932515751 0.0003325670 0.0470506671 0.7069575760 0.4460016936 0.6476505033 0.3347199724 0.0001844034 1.4853039471 1.4712288953 1.5426875725 0.0001760705 11.5066270063 11.5063312644 11.5063468794 136.4162731469 0.0000743933 0.0004429405 0.7541133049 0.6147783802 0.1295431377 0.0137263681
-84.0590463717 0.0008323950 0.9955829949 0.9998689735 0.0000162584 0.9988695067 0.6944669183 0.9606787274 0.3452379037 0.0011208162 0.0621887339 0.2203081431 0.0001203759 0.7994420743 0.2932599328 0.0003325710 0.0470512095 0.7069665143 0.4460005229 0.6476741685 0.3347354295 0.0001843743 1.4854790653 1.4713419051 1.5427171997 0.0001760460 11.5066733166 11.5063774596 11.5063930711 136.4162789061 0.0000743636 0.0004429459 0.7541047344 0.6147405472 0.1295493943 0.0137161183
-84.0589636563 0.0008324068 0.9955829077 0.9998689708 0.0000162586 0.9988694727 0.6944703207 0.9606865944 0.3451038586 0.0011208230 0.0621898701 0.2203345337 0.0001203768 0.7994251978 0.2932612650 0.0003325749 0.0470517416 0.7069779610 0.4459995079 0.6477019237 0.3347514799 0.0001843456 1.4856752690 1.4714611820 1.5427547278 0.0001760220 11.5067399332 11.5064439600 11.5064595680 136.4162832554 0.0000743342 0.0004429511 0.7540963343 0.6147032239 0.1295552479 0.0137050053
-84.0588823421 0.0008324184 0.9955828219 0.9998689681 0.0000162588 0.9988694393 0.6944787362 0.9606942239 0.3449492865 0.0011208297 0.0621920733 0.2203770175 0.0001203778 0.7994085186 0.2932530979 0.0003325788 0.0470522646 0.7069925954 0.4459986088 0.6477351062 0.3347683347 0.0001843202 1.4858905745 1.4715823799 1.5428020587 0.0001760012 11.5068471117 11.5065510288 11.5065666336 136.4162853846 0.0000743071 0.0004429563 0.7540881020 0.6146701002 0.1295606092 0.0136931632
-84.0588021993 0.0008324298 0.9955827373 0.9998689654 0.0000162589 0.9988694066 0.6944925683 0.9607010687 0.3447736244 0.0011208363 0.0621946559 0.2204401976 0.0001203787 0.7993920358 0.2932319589 0.0003325826 0.0470527800 0.7070112816 0.4459977328 0.6477755691 0.3347863145 0.0001843011 1.4861188169 1.4716994957 1.5428595788 0.0001759861 11.5070158546 11.5067196770 11.5067352792 136.4162843445 0.0000742845 0.0004429614 0.7540800342 0.6146450863 0.1295653808 0.0136805214
-84.0587230136 0.0008324411 0.9955826539 0.9998689628 0.0000162591 0.9988693743 0.6945119513 0.9607062862 0.3445776745 0.0011208428 0.0621973700 0.2205310263 0.0001203797 0.7993757482 0.2931925586 0.0003325864 0.0470532890 0.7070351149 0.4459966738 0.6478259364 0.3348059202 0.0001842928 1.4863361280 1.4717978013 1.5429215985 0.0001759807 11.5073003877 11.5070041397 11.5070197402 136.4162791289 0.0000742696 0.0004429665 0.7540721267 0.6146339911 0.1295694587 0.0136669979
-84.0586445328 0.0008324522 0.9955825713 0.9998689602 0.0000162593 0.9988693426 0.6945359888 0.9607070303 0.3443703610 0.0011208492 0.0622010736 0.2206587070 0.0001203806 0.7993596536 0.2931269418 0.0003325901 0.0470537928 0.7070655353 0.4459949815 0.6478901130 0.3348279725 0.0001843095 1.4864624662 1.4718252036 1.5429695624 0.0001759970 11.5078069975 11.5075107413 11.5075263425 136.4162687662 0.0000742737 0.0004429715 0.7540643744 0.6146551666 0.1295727512 0.0136547088
-84.0585663860 0.0008324633 0.9955824895 0.9998689576 0.0000162594 0.9988693114 0.6945613838 0.9606941198 0.3441848376 0.0011208556 0.0622073905 0.2208317513 0.0001203815 0.7993437496 0.2930244522 0.0003325938 0.0470542919 0.7071045779 0.4459916526 0.6479743428 0.3348539170 0.0001843960 1.4863205698 1.4716459080 1.5429767892 0.0001760735 11.5088329550 11.5085368798 11.5085524883 136.4162524100 0.0000743337 0.0004429764 0.7540567714 0.6147667867 0.1295752216 0.0136539463
-84.0584886157 0.0008324742 0.9955824087 0.9998689551 0.0000162596 0.9988692807 0.6945818809 0.9606586156 0.3440696784 0.0011208619 0.0622132248 0.2210517360 0.0001203824 0.7993280370 0.2928748157 0.0003325975 0.0470547852 0.7071551285 0.4459841914 0.6480894232 0.3348866432 0.0001845947 1.4858151152 1.4711738093 1.5429425489 0.0001762467 11.5110267811 11.5107311442 11.5107467702 136.4162293545 0.0000744786 0.0004429813 0.7540493140 0.6150235689 0.1295770318 0.0136771756
-84.0584129471 0.0008324849 0.9955823294 0.9998689526 0.0000162598 0.9988692506 0.6945922127 0.9606268658 0.3440047654 0.0011208680 0.0622153825 0.2213101474 0.0001203833 0.7993125218 0.2926744600 0.0003326011 0.0470552691 0.7072193217 0.4459651547 0.6482517270 0.3349331172 0.0001847704 1.4853299139 1.4707620175 1.5428686371 0.0001764000 11.5143939178 11.5140984681 11.5141141065 136.4161985425 0.0000745889 0.0004429861 0.7540420021 0.6152500581 0.1295788789 0.0136971871
-84.0583397267 0.0008324954 0.9955822518 0.9998689502 0.0000162599 0.9988692211 0.6945942407 0.9606537761 0.3439733045 0.0011208741 0.0622253236 0.2215930377 0.0001203841 0.7992972052 0.2924328577 0.0003326046 0.0470557429 0.7073194019 0.4459346069 0.6484572555 0.3350122594 0.0001846285 1.4852918867 1.4708749728 1.5426912638 0.0001762746 11.5123452359 11.5120495456 11.5120651726 136.4161575955 0.0000744844 0.0004429908 0.7540348275 0.6150673632 0.1295823613 0.0136651689
-84.0582669140 0.0008325058 0.9955821754 0.9998689478 0.0000162601 0.9988691920 0.6945926041 0.9606848660 0.3440348770 0.0011208800 0.0622449812 0.2218850375 0.0001203850 0.7992820882 0.2921754873 0.0003326081 0.0470562097 0.7074714541 0.4459722942 0.6486233407 0.3351528345 0.0001844523 1.4853344881 1.4710401902 1.5425467618 0.0001761177 11.5077144061 11.5074187225 11.5074343398 136.4161206166 0.0000743748 0.0004429954 0.7540277731 0.6148406836 0.1295892552 0.0136347790
-84.0581950281 0.0008325159 0.9955821001 0.9998689454 0.0000162602 0.9988691634 0.6945895959 0.9606955020 0.3439955705 0.0011208859 0.0622694325 0.2221659628 0.0001203858 0.7992671917 0.2919301549 0.0003326115 0.0470566698 0.7075692583 0.4460691837 0.6487107298 0.3353436947 0.0001843970 1.4853205415 1.4710688476 1.5424893188 0.0001760683 11.5060275043 11.5057318834 11.5057474982 136.4160910869 0.0000743431 0.0004430000 0.7540208319 0.6147696146 0.1296055999 0.0136249916
-84.0581940546 0.0008325161 0.9955820990 0.9998689454 0.0000162602 0.9988691631 0.6945895397 0.9606955814 0.3439950817 0.0011208860 0.0622697831 0.2221696822 0.0001203858 0.7992669901 0.2919269277 0.0003326115 0.0470566760 0.7075701526 0.4460706120 0.6487114865 0.3353463470 0.0001843966 1.4853204190 1.4710690160 1.5424888619 0.0001760679 11.5060135535 11.5057179336 11.5057335484 136.4160907119 0.0000743429 0.0004430001 0.7540207380 0.6147691022 0.1296059284 0.0136249091
