-82.8962564757 0.0010150040 0.9943604546 0.9998236219 0.0000187614 0.9990788802 0.9795656239 0.9650050551 0.7565527640 0.0012202348 0.0134398042 0.0412761913 0.0001347566 0.9865218662 0.8054250421 0.0003928052 0.0551065386 0.9855130296 0.8392756283 0.9679214013 0.8237662157 0.0001219978 1.3941180008 1.4147048770 1.4283614396 0.0001219847 11.5450586576 11.5448044272 11.5448127613 136.4835212754 0.0000529025 0.0005226417 0.9876388015 0.5118321211 0.2847568099 0.0103703735
-82.8961256382 0.0010150260 0.9943602927 0.9998236158 0.0000187617 0.9990788680 0.9795717036 0.9650052691 0.7565688295 0.0012202462 0.0134311555 0.0412405597 0.0001347582 0.9865236397 0.8055516301 0.0003928124 0.0551074899 0.9855156195 0.8392745173 0.9679347390 0.8237718275 0.0001219934 1.3940881672 1.4146764351 1.4283342757 0.0001219804 11.5446576580 11.5444034912 11.5444118251 136.4835317762 0.0000529018 0.0005226513 0.9876384882 0.5118228703 0.2847846984 0.0103704986
-82.8958641932 0.0010150701 0.9943599691 0.9998236037 0.0000187624 0.9990788434 0.9795839753 0.9650057698 0.7565991914 0.0012202689 0.0134138899 0.0411689557 0.0001347616 0.9865271719 0.8058055153 0.0003928267 0.0551093919 0.9855207621 0.8392723058 0.9679611794 0.8237831237 0.0001219845 1.3940312544 1.4146219463 1.4282810772 0.0001219717 11.5438923657 11.5436383222 11.5436466557 136.4835526944 0.0000529002 0.0005226703 0.9876378618 0.5118038108 0.2848403716 0.0103704737
-82.8954724669 0.0010151362 0.9943594840 0.9998235856 0.0000187633 0.9990788066 0.9796031919 0.9650067735 0.7566418385 0.0012203030 0.0133882183 0.0410611053 0.0001347666 0.9865324329 0.8061877860 0.0003928482 0.0551122431 0.9855283711 0.8392690132 0.9680002559 0.8238002426 0.0001219703 1.3939513396 1.4145451046 1.4282026619 0.0001219578 11.5427766518 11.5425227875 11.5425311204 136.4835836666 0.0000528970 0.0005226989 0.9876369229 0.5117725475 0.2849236442 0.0103698778
-82.8949512550 0.0010152243 0.9943588377 0.9998235615 0.0000187645 0.9990787575 0.9796313410 0.9650082647 0.7566998470 0.0012203484 0.0133547001 0.0409178100 0.0001347733 0.9865393891 0.8066985344 0.0003928769 0.0551160415 0.9855382939 0.8392646629 0.9680512909 0.8238233773 0.0001219507 1.3938558573 1.4144536032 1.4281032157 0.0001219387 11.5414632839 11.5412096388 11.5412179705 136.4836247561 0.0000528911 0.0005227370 0.9876356721 0.5117283909 0.2850342993 0.0103688647
-82.8941965935 0.0010153343 0.9943580306 0.9998235314 0.0000187660 0.9990786963 0.9796710450 0.9650097135 0.7567871820 0.0012204052 0.0133143104 0.0407428320 0.0001347816 0.9865479749 0.8073313864 0.0003929127 0.0551207845 0.9855503030 0.8392592767 0.9681133796 0.8238527479 0.0001219270 1.3937475428 1.4143517965 1.4279868244 0.0001219156 11.5401343005 11.5398808980 11.5398892280 136.4333954186 0.0000528822 0.0005227846 0.9876341103 0.5116745798 0.2851721520 0.0103685980
-82.8934247661 0.0010154655 0.9943570679 0.9998234954 0.0000187679 0.9990786232 0.9797245791 0.9650102670 0.7568784398 0.0012204728 0.0132706111 0.0405510247 0.0001347916 0.9865576514 0.8080401407 0.0003929553 0.0551264419 0.9855630173 0.8392525883 0.9681809963 0.8238828945 0.0001219057 1.3936339867 1.4142488440 1.4278696221 0.0001218946 11.5391894152 11.5389362311 11.5389445592 136.4334527988 0.0000528724 0.0005228414 0.9876322474 0.5116266822 0.2853201034 0.0103706847
-82.8925307540 0.0010156178 0.9943559500 0.9998234537 0.0000187700 0.9990785384 0.9797875253 0.9650096007 0.7569536620 0.0012205514 0.0132238469 0.0403438366 0.0001348031 0.9865683969 0.8088147938 0.0003930049 0.0551330109 0.9855765834 0.8392446102 0.9682542143 0.8239137835 0.0001218897 1.3935055462 1.4141348851 1.4277522982 0.0001218787 11.5385191885 11.5382662184 11.5382745447 136.4335161805 0.0000528648 0.0005229073 0.9876300844 0.5115934103 0.2854778745 0.0103756567
-82.8915146454 0.0010157912 0.9943546772 0.9998234061 0.0000187724 0.9990784419 0.9798548984 0.9650073458 0.7570246891 0.0012206408 0.0131725289 0.0401179983 0.0001348163 0.9865802147 0.8096564728 0.0003930612 0.0551404890 0.9855911599 0.8392353678 0.9683332971 0.8239453945 0.0001218806 1.3933609618 1.4140037469 1.4276333864 0.0001218692 11.5380735038 11.5378207533 11.5378290780 136.4335850119 0.0000528617 0.0005229823 0.9876276221 0.5115775843 0.2856452728 0.0103815305
-82.8903771309 0.0010159857 0.9943532501 0.9998233528 0.0000187751 0.9990783336 0.9799269703 0.9650045959 0.7570991676 0.0012207410 0.0131151164 0.0398695024 0.0001348310 0.9865931315 0.8105756190 0.0003931245 0.0551488736 0.9856067060 0.8392248711 0.9684184673 0.8239777201 0.0001218727 1.3932144536 1.4138661149 1.4275097718 0.0001218612 11.5378052224 11.5375526887 11.5375610119 136.4336589699 0.0000528598 0.0005230664 0.9876248614 0.5115641534 0.2858221608 0.0103852226
-82.8891188103 0.0010162011 0.9943516689 0.9998232938 0.0000187781 0.9990782137 0.9800097109 0.9650024431 0.7571917288 0.0012208521 0.0130533057 0.0395993906 0.0001348473 0.9866071664 0.8115777591 0.0003931945 0.0551581622 0.9856229826 0.8392130980 0.9685096786 0.8240107647 0.0001218594 1.3930749212 1.4137339178 1.4273767567 0.0001218479 11.5375824472 11.5373301227 11.5373384436 136.4337378800 0.0000528541 0.0005231596 0.9876218030 0.5115356897 0.2860084082 0.0103862664
-82.8877400527 0.0010164374 0.9943499339 0.9998232290 0.0000187814 0.9990780822 0.9801078615 0.9650003560 0.7573169682 0.0012209739 0.0129889779 0.0393141289 0.0001348653 0.9866223189 0.8126537674 0.0003932714 0.0551683526 0.9856398235 0.8392000137 0.9686067217 0.8240445418 0.0001218413 1.3929360637 1.4136056155 1.4272353082 0.0001218299 11.5374005306 11.5371484077 11.5371567259 136.4338222335 0.0000528440 0.0005232618 0.9876184476 0.5114949234 0.2862038879 0.0103876866
-82.8862411567 0.0010166947 0.9943480456 0.9998231584 0.0000187850 0.9990779391 0.9802182685 0.9649980684 0.7574129968 0.0012211065 0.0129228246 0.0390184717 0.0001348848 0.9866385689 0.8137872836 0.0003933550 0.0551794427 0.9856574389 0.8391856196 0.9687095681 0.8240790722 0.0001218244 1.3927842198 1.4134704986 1.4270892818 0.0001218132 11.5373998249 11.5371478966 11.5371562118 136.4339122183 0.0000528333 0.0005233731 0.9876147960 0.5114586348 0.2864084861 0.0103920919
-82.8846218359 0.0010169728 0.9943460041 0.9998230821 0.0000187889 0.9990777844 0.9803334984 0.9649942033 0.7574996743 0.0012212497 0.0128532822 0.0387091824 0.0001349058 0.9866559244 0.8149760301 0.0003934454 0.0551914304 0.9856762269 0.8391699676 0.9688185454 0.8241143843 0.0001218145 1.3926096393 1.4133137524 1.4269390853 0.0001218029 11.5375561772 11.5373044552 11.5373127678 136.4340073761 0.0000528272 0.0005234934 0.9876108488 0.5114406989 0.2866222111 0.0103982205
-82.8828821972 0.0010172716 0.9943438098 0.9998230001 0.0000187930 0.9990776181 0.9804522894 0.9649899429 0.7575917564 0.0012214037 0.0127776953 0.0383805405 0.0001349285 0.9866744338 0.8162335789 0.0003935426 0.0552043139 0.9856962255 0.8391530938 0.9689340395 0.8241505151 0.0001218051 1.3924248695 1.4131421590 1.4267785951 0.0001217932 11.5376378648 11.5373863702 11.5373946804 136.4341069668 0.0000528233 0.0005236226 0.9876066065 0.5114237030 0.2868451387 0.0104017996
-82.8810233748 0.0010175913 0.9943414628 0.9998229123 0.0000187975 0.9990774404 0.9805812834 0.9649863728 0.7577089418 0.0012215683 0.0126979335 0.0380332878 0.0001349527 0.9866941375 0.8175681505 0.0003936465 0.0552180910 0.9857170898 0.8391349730 0.9690560821 0.8241875085 0.0001217891 1.3922450043 1.4129738210 1.4266051817 0.0001217774 11.5376950368 11.5374437666 11.5374520737 136.4342113787 0.0000528151 0.0005237609 0.9876020699 0.5113891122 0.2870772730 0.0104021493
-82.8790456173 0.0010179316 0.9943389635 0.9998228189 0.0000188022 0.9990772511 0.9807251322 0.9649830425 0.7578580646 0.0012217436 0.0126163385 0.0376741155 0.0001349785 0.9867150471 0.8189701126 0.0003937572 0.0552327598 0.9857385851 0.8391155574 0.9691844393 0.8242254141 0.0001217675 1.3920624030 1.4128066924 1.4264203784 0.0001217559 11.5376986095 11.5374475636 11.5374558670 136.4343211745 0.0000528025 0.0005239080 0.9875972395 0.5113403195 0.2873185989 0.0104028470
-82.8769492076 0.0010182926 0.9943363120 0.9998227197 0.0000188072 0.9990770504 0.9808790792 0.9649794949 0.7579706177 0.0012219295 0.0125332659 0.0373062661 0.0001350058 0.9867371457 0.8204241804 0.0003938745 0.0552483186 0.9857610091 0.8390948540 0.9693190699 0.8242642858 0.0001217480 1.3918620891 1.4126279102 1.4262291250 0.0001217365 11.5378434600 11.5375926378 11.5376009376 136.4344364962 0.0000527903 0.0005240642 0.9875921160 0.5112981695 0.2875690779 0.0104063750
-82.8747339457 0.0010186743 0.9943335087 0.9998226148 0.0000188126 0.9990768383 0.9810361306 0.9649744517 0.7580799247 0.0012221260 0.0124460131 0.0369247486 0.0001350347 0.9867604574 0.8219336468 0.0003939986 0.0552647657 0.9857848067 0.8390729327 0.9694603156 0.8243041832 0.0001217346 1.3916393361 1.4124257023 1.4260309327 0.0001217229 11.5381047016 11.5378541184 11.5378624148 136.4345568670 0.0000527828 0.0005242292 0.9875866997 0.5112722902 0.2878287883 0.0104102730
-82.8724001271 0.0010190765 0.9943305536 0.9998225042 0.0000188182 0.9990766147 0.9811981414 0.9649697194 0.7581996241 0.0012223330 0.0123530388 0.0365253391 0.0001350652 0.9867850435 0.8235134817 0.0003941293 0.0552820992 0.9858098677 0.8390498225 0.9696084844 0.8243451715 0.0001217181 1.3914113119 1.4122136758 1.4258185287 0.0001217063 11.5382203171 11.5379699918 11.5379782848 136.4346817475 0.0000527749 0.0005244031 0.9875809914 0.5112374504 0.2880978485 0.0104105094
-82.8699486926 0.0010194994 0.9943274469 0.9998223879 0.0000188240 0.9990763798 0.9813724438 0.9649654877 0.7583668639 0.0012225506 0.0122573861 0.0361120734 0.0001350972 0.9868109337 0.8251647137 0.0003942668 0.0553003175 0.9858357449 0.8390254781 0.9697634703 0.8243873194 0.0001216939 1.3911851609 1.4120043700 1.4255911222 0.0001216822 11.5382434008 11.5379933336 11.5380016224 136.4348117672 0.0000527619 0.0005245859 0.9875749915 0.5111824220 0.2883762733 0.0104085977
-82.8673800207 0.0010199428 0.9943241890 0.9998222659 0.0000188302 0.9990761335 0.9815594782 0.9649615385 0.7585245880 0.0012227787 0.0121607362 0.0356910889 0.0001351308 0.9868381308 0.8268722859 0.0003944109 0.0553194188 0.9858623765 0.8389998588 0.9699250429 0.8244306989 0.0001216672 1.3909487841 1.4117909288 1.4253536516 0.0001216556 11.5383135259 11.5380637143 11.5380719985 136.4349475351 0.0000527460 0.0005247776 0.9875687006 0.5111218899 0.2886640441 0.0104083784
-82.8646940419 0.0010204067 0.9943207798 0.9998221382 0.0000188367 0.9990758759 0.9817516554 0.9649565338 0.7586592044 0.0012230173 0.0120618141 0.0352609532 0.0001351659 0.9868666307 0.8286287340 0.0003945616 0.0553394015 0.9858902748 0.8389730116 0.9700933206 0.8244753855 0.0001216458 1.3906885660 1.4115565090 1.4251092472 0.0001216342 11.5385400249 11.5382904771 11.5382987571 136.4350888013 0.0000527336 0.0005249782 0.9875621192 0.5110760287 0.2889611914 0.0104101011
-82.8618906038 0.0010208910 0.9943172196 0.9998220048 0.0000188434 0.9990756070 0.9819461650 0.9649510168 0.7588006266 0.0012232664 0.0119573027 0.0348159013 0.0001352025 0.9868964868 0.8304465742 0.0003947190 0.0553602642 0.9859196707 0.8389450078 0.9702686692 0.8245214600 0.0001216254 1.3904130008 1.4113026130 1.4248517474 0.0001216136 11.5386705167 11.5384212577 11.5384295336 136.4352347620 0.0000527237 0.0005251876 0.9875552478 0.5110324342 0.2892678415 0.0104093675
-82.8589708641 0.0010213958 0.9943135086 0.9998218657 0.0000188504 0.9990753268 0.9821494537 0.9649461170 0.7589749624 0.0012235259 0.0118491424 0.0343567357 0.0001352407 0.9869277536 0.8323344401 0.0003948831 0.0553820050 0.9859501479 0.8389158315 0.9704511578 0.8245690069 0.0001215986 1.3901393027 1.4110493820 1.4245785486 0.0001215867 11.5387498870 11.5385009165 11.5385091877 136.4353858914 0.0000527096 0.0005254058 0.9875480869 0.5109711304 0.2895840527 0.0104051683
-82.8559350668 0.0010219211 0.9943096468 0.9998217209 0.0000188577 0.9990750353 0.9823655233 0.9649414256 0.7591816232 0.0012237958 0.0117400529 0.0338898366 0.0001352805 0.9869604475 0.8342817294 0.0003950537 0.0554046225 0.9859813787 0.8388854226 0.9706405321 0.8246181131 0.0001215666 1.3898592874 1.4107944879 1.4242919807 0.0001215544 11.5387625698 11.5385138903 11.5385221562 136.4355427956 0.0000526913 0.0005256328 0.9875406369 0.5108966557 0.2899098519 0.0104012632
-82.8527835297 0.0010224667 0.9943056345 0.9998215704 0.0000188653 0.9990747326 0.9825883708 0.9649364007 0.7593505395 0.0012240761 0.0116298035 0.0334166807 0.0001353217 0.9869945477 0.8362750473 0.0003952310 0.0554281152 0.9860137400 0.8388537934 0.9708367245 0.8246688682 0.0001215376 1.3895583945 1.4105236413 1.4239971448 0.0001215249 11.5389396716 11.5386912842 11.5386995448 136.4357054999 0.0000526744 0.0005258686 0.9875328985 0.5108309119 0.2902452366 0.0103995202
-82.8495159716 0.0010230327 0.9943014716 0.9998214143 0.0000188732 0.9990744187 0.9828125158 0.9649303148 0.7595224912 0.0012243668 0.0115148561 0.0329317858 0.0001353645 0.9870300907 0.8383221990 0.0003954149 0.0554524816 0.9860476917 0.8388210299 0.9710400394 0.8247213674 0.0001215122 1.3892373436 1.4102299519 1.4236912014 0.0001214992 11.5391373203 11.5388892457 11.5388975014 136.4358734059 0.0000526613 0.0005261132 0.9875248721 0.5107748782 0.2905903318 0.0103964393
-82.8461331539 0.0010236191 0.9942971584 0.9998212524 0.0000188814 0.9990740936 0.9830426014 0.9649248545 0.7597185411 0.0012246679 0.0113956996 0.0324338303 0.0001354088 0.9870671418 0.8404353676 0.0003956053 0.0554777202 0.9860829463 0.8387871483 0.9712506447 0.8247757101 0.0001214816 1.3889146594 1.4099321134 1.4233683548 0.0001214679 11.5392267635 11.5389790104 11.5389872607 136.4360464203 0.0000526453 0.0005263666 0.9875165581 0.5107037713 0.2909452457 0.0103893150
-82.8426355570 0.0010242257 0.9942926950 0.9998210848 0.0000188898 0.9990737573 0.9832842778 0.9649195300 0.7599674112 0.0012249793 0.0112756430 0.0319284872 0.0001354547 0.9871057291 0.8426080283 0.0003958024 0.0555038294 0.9861190355 0.8387520866 0.9714683128 0.8248319988 0.0001214453 1.3885877172 1.4096340143 1.4230304654 0.0001214301 11.5392142204 11.5389667926 11.5389750371 136.4362252747 0.0000526246 0.0005266287 0.9875079570 0.5106168454 0.2913100249 0.0103813623
-82.8390235906 0.0010248526 0.9942880814 0.9998209115 0.0000188985 0.9990734100 0.9835331885 0.9649142586 0.7601779701 0.0012253009 0.0111550700 0.0314186244 0.0001355020 0.9871458245 0.8448248847 0.0003960060 0.0555308079 0.9861561850 0.8387158328 0.9716928612 0.8248903393 0.0001214103 1.3882424556 1.4093233857 1.4226829099 0.0001213935 11.5393275397 11.5390804382 11.5390886766 136.4364100860 0.0000526039 0.0005268995 0.9874990694 0.5105340811 0.2916846575 0.0103751303
-82.8352971689 0.0010254998 0.9942833177 0.9998207324 0.0000189075 0.9990730515 0.9837828910 0.9649077880 0.7603871249 0.0012256329 0.0110305925 0.0308994375 0.0001355509 0.9871874481 0.8470903459 0.0003962162 0.0555586542 0.9861949618 0.8386784739 0.9719245030 0.8249508429 0.0001213798 1.3878759785 1.4089897053 1.4223251265 0.0001213616 11.5395599628 11.5393132014 11.5393214341 136.4366003601 0.0000525873 0.0005271791 0.9874898957 0.5104635443 0.2920692413 0.0103679581
-82.8314567022 0.0010261673 0.9942784041 0.9998205477 0.0000189168 0.9990726819 0.9840368631 0.9649018454 0.7606178966 0.0012259751 0.0109018864 0.0303687468 0.0001356013 0.9872306667 0.8494175825 0.0003964329 0.0555873669 0.9862351910 0.8386400492 0.9721634235 0.8250136270 0.0001213455 1.3875058422 1.4086495731 1.4219503652 0.0001213249 11.5396678954 11.5394214870 11.5394297137 136.4367956953 0.0000525686 0.0005274674 0.9874804364 0.5103805908 0.2924639153 0.0103564584
-82.8275027767 0.0010268549 0.9942733406 0.9998203572 0.0000189263 0.9990723012 0.9843012420 0.9648959590 0.7609083065 0.0012263276 0.0107724946 0.0298315500 0.0001356532 0.9872755124 0.8518022122 0.0003966562 0.0556169445 0.9862763405 0.8386005004 0.9724094058 0.8250788134 0.0001213062 1.3871321001 1.4083100884 1.4215601869 0.0001212816 11.5396689756 11.5394229250 11.5394311452 136.4369967312 0.0000525451 0.0005277644 0.9874706920 0.5102824980 0.2928687395 0.0103433844
-82.8234358716 0.0010275627 0.9942681273 0.9998201611 0.0000189362 0.9990719095 0.9845724823 0.9648902149 0.7611629042 0.0012266902 0.0106429901 0.0292907682 0.0001357066 0.9873219511 0.8542292656 0.0003968860 0.0556473855 0.9863185554 0.8385598053 0.9726622081 0.8251465282 0.0001212679 1.3867416142 1.4079598029 1.4211599801 0.0001212391 11.5397909590 11.5395452670 11.5395534806 136.4372034715 0.0000525213 0.0005280701 0.9874606630 0.5101873990 0.2932837029 0.0103313681
-82.8192559777 0.0010282907 0.9942627642 0.9998199591 0.0000189463 0.9990715068 0.9848444043 0.9648833838 0.7614133909 0.0012270631 0.0105099113 0.0287419300 0.0001357616 0.9873699917 0.8567025880 0.0003971223 0.0556786885 0.9863624437 0.8385180525 0.9729219773 0.8252169050 0.0001212340 1.3863314990 1.4075881139 1.4207498759 0.0001212011 11.5400509097 11.5398055887 11.5398137959 136.4374152525 0.0000525014 0.0005283845 0.9874503500 0.5101036830 0.2937088921 0.0103179712
-82.8149634569 0.0010290389 0.9942572515 0.9998197515 0.0000189567 0.9990710931 0.9851207167 0.9648769467 0.7616872308 0.0012274461 0.0103730755 0.0281831871 0.0001358180 0.9874196968 0.8592348274 0.0003973652 0.0557108522 0.9864078567 0.8384752912 0.9731888652 0.8252900854 0.0001211977 1.3859183075 1.4072117346 1.4203236999 0.0001211587 11.5402116581 11.5399667198 11.5399749205 136.4376314446 0.0000524793 0.0005287075 0.9874397533 0.5100100818 0.2941444396 0.0102999160
-82.8105588793 0.0010298072 0.9942515892 0.9998195381 0.0000189673 0.9990706685 0.9854073446 0.9648703852 0.7620211648 0.0012278393 0.0102361345 0.0276191849 0.0001358759 0.9874710908 0.8618211780 0.0003976145 0.0557438749 0.9864542351 0.8384314635 0.9734626365 0.8253662182 0.0001211586 1.3855014920 1.4068370291 1.4198836228 0.0001211107 11.5402920147 11.5400474635 11.5400556573 136.4378523106 0.0000524528 0.0005290392 0.9874288736 0.5099049476 0.2945904017 0.0102799839
-82.8060427074 0.0010305955 0.9942457774 0.9998193190 0.0000189783 0.9990702329 0.9857006148 0.9648638566 0.7623149037 0.0012282425 0.0100991490 0.0270516686 0.0001359354 0.9875241274 0.8644487103 0.0003978703 0.0557777553 0.9865017682 0.8383865527 0.9737430533 0.8254454598 0.0001211218 1.3850690135 1.4064520541 1.4194350063 0.0001210644 11.5405098378 11.5402656769 11.5402738638 136.4380772936 0.0000524268 0.0005293795 0.9874177115 0.5098053075 0.2950467625 0.0102602344
-82.8014151113 0.0010314039 0.9942398160 0.9998190941 0.0000189895 0.9990697864 0.9859964520 0.9648564261 0.7626055756 0.0012286559 0.0099583039 0.0264766210 0.0001359963 0.9875788102 0.8671232744 0.0003981327 0.0558124918 0.9865510661 0.8383406587 0.9740302643 0.8255279781 0.0001210890 1.3846225971 1.4060508973 1.4189774567 0.0001210218 11.5408795134 11.5406357523 11.5406439325 136.4383053016 0.0000524039 0.0005297285 0.9874062673 0.5097151669 0.2955135936 0.0102377686
-82.7966765291 0.0010322324 0.9942337053 0.9998188635 0.0000190010 0.9990693290 0.9863006306 0.9648491597 0.7629313339 0.0012290793 0.0098151427 0.0258945553 0.0001360587 0.9876351816 0.8698528102 0.0003984015 0.0558480829 0.9866018513 0.8382938199 0.9743243673 0.8256139540 0.0001210561 1.3841758712 1.4056512910 1.4185060391 0.0001209747 11.5412027180 11.5409593618 11.5409675353 136.4385353310 0.0000523778 0.0005300861 0.9873945418 0.5096174659 0.2959909929 0.0102106451
-82.7918274680 0.0010330809 0.9942274452 0.9998186270 0.0000190128 0.9990688608 0.9866174366 0.9648413732 0.7632966609 0.0012295128 0.0096729679 0.0253100427 0.0001361226 0.9876932322 0.8726276178 0.0003986767 0.0558845270 0.9866536129 0.8382459710 0.9746251371 0.8257035818 0.0001210241 1.3837219025 1.4052514210 1.4180241060 0.0001209253 11.5415601059 11.5413171565 11.5413253232 136.4387669681 0.0000523489 0.0005304522 0.9873825354 0.5095176949 0.2964789936 0.0101820531
-82.7868684249 0.0010339494 0.9942210358 0.9998183849 0.0000190248 0.9990683817 0.9869430576 0.9648333004 0.7636153975 0.0012299562 0.0095295564 0.0247237466 0.0001361880 0.9877528892 0.8754372736 0.0003989584 0.0559218228 0.9867068121 0.8381971332 0.9749325179 0.8257970733 0.0001209964 1.3832515693 1.4048380573 1.4175337403 0.0001208796 11.5421409988 11.5418984579 11.5419066178 136.4389988689 0.0000523221 0.0005308270 0.9873702488 0.5094282751 0.2969775886 0.0101521823
-82.7817997543 0.0010348379 0.9942144771 0.9998181369 0.0000190372 0.9990678918 0.9872788230 0.9648249307 0.7639409044 0.0012304097 0.0093831032 0.0241362814 0.0001362548 0.9878141392 0.8782824860 0.0003992466 0.0559599685 0.9867618705 0.8381474182 0.9752468006 0.8258946646 0.0001209721 1.3827701535 1.4044143435 1.4170280348 0.0001208336 11.5428368158 11.5425946841 11.5426028374 136.4392295405 0.0000522950 0.0005312103 0.9873576826 0.5093418750 0.2974868521 0.0101183027
-82.7766220238 0.0010357463 0.9942077692 0.9998178831 0.0000190498 0.9990673912 0.9876300465 0.9648154888 0.7643337454 0.0012308731 0.0092383751 0.0235539621 0.0001363231 0.9878769316 0.8811498080 0.0003995412 0.0559989627 0.9868181891 0.8380968050 0.9755681100 0.8259966204 0.0001209497 1.3822708763 1.4039802094 1.4165018184 0.0001207852 11.5436302780 11.5433885498 11.5433966966 136.4394583189 0.0000522648 0.0005316021 0.9873448372 0.5092550691 0.2980068531 0.0100828445
-82.7713360199 0.0010366747 0.9942009121 0.9998176236 0.0000190626 0.9990668798 0.9879942613 0.9648060922 0.7646784831 0.0012313464 0.0090941020 0.0229822611 0.0001363930 0.9879411731 0.8840157350 0.0003998422 0.0560388040 0.9868758281 0.8380452542 0.9758965982 0.8261032463 0.0001209295 1.3817406775 1.4035199263 1.4159527603 0.0001207385 11.5447176656 11.5444763278 11.5444844677 136.4396846349 0.0000522346 0.0005320026 0.9873317133 0.5091742894 0.2985376610 0.0100480884
-82.7659423258 0.0010376229 0.9941939058 0.9998173582 0.0000190758 0.9990663576 0.9883683245 0.9647963080 0.7650248558 0.0012318297 0.0089500382 0.0224263664 0.0001364642 0.9880067426 0.8868582047 0.0004001496 0.0560794909 0.9869354773 0.8379928811 0.9762328317 0.8262149047 0.0001209093 1.3811740977 1.4030260345 1.4153729032 0.0001206913 11.5460960440 11.5458550771 11.5458632098 136.4399076263 0.0000522029 0.0005324115 0.9873183114 0.5090948815 0.2990794439 0.0100157052
-82.7604409164 0.0010385911 0.9941867503 0.9998170870 0.0000190892 0.9990658247 0.9887488003 0.9647849566 0.7654422144 0.0012323228 0.0088099298 0.0218920644 0.0001365370 0.9880734810 0.8896486826 0.0004004635 0.0561210225 0.9869966272 0.8379396820 0.9765774115 0.8263320384 0.0001208843 1.3805579860 1.4024852856 1.4147577040 0.0001206429 11.5475941552 11.5473535561 11.5473616809 136.4401266665 0.0000521701 0.0005328290 0.9873046318 0.5090117951 0.2996325297 0.0099906129
-82.7548316319 0.0010395791 0.9941794454 0.9998168100 0.0000191029 0.9990652812 0.9891268287 0.9647747084 0.7658117283 0.0012328258 0.0086714436 0.0213808127 0.0001366112 0.9881412007 0.8923634390 0.0004007837 0.0561633976 0.9870595346 0.8378856440 0.9769308950 0.8264552110 0.0001208524 1.3798997691 1.4019031593 1.4141125156 0.0001205907 11.5489793493 11.5487391330 11.5487472492 136.4403407533 0.0000521354 0.0005332550 0.9872906750 0.5089194334 0.3001974623 0.0099743743
-82.7491124175 0.0010405870 0.9941719912 0.9998165271 0.0000191169 0.9990647269 0.9894948937 0.9647640354 0.7662701046 0.0012333387 0.0085342225 0.0208905690 0.0001366869 0.9882096021 0.8949917989 0.0004011103 0.0562066151 0.9871243029 0.8378308577 0.9772932561 0.8265851460 0.0001208128 1.3791992871 1.4012805577 1.4134354766 0.0001205310 11.5494343070 11.5491945648 11.5492026725 136.4405471589 0.0000520999 0.0005336895 0.9872764413 0.5088120930 0.3007750804 0.0099631503
-82.7432795125 0.0010416148 0.9941643876 0.9998162384 0.0000191311 0.9990641620 0.9898483951 0.9647567182 0.7667234583 0.0012338613 0.0083981908 0.0204154679 0.0001367640 0.9882783203 0.8975441316 0.0004014434 0.0562506732 0.9871906388 0.8377753391 0.9776625962 0.8267227513 0.0001207686 1.3784659590 1.4006366172 1.4127242983 0.0001204540 11.5474472722 11.5472082235 11.5472163248 136.4407433187 0.0000520613 0.0005341325 0.9872619313 0.5086807213 0.3013666521 0.0099472487
-82.7403075555 0.0010421385 0.9941605127 0.9998160912 0.0000191383 0.9990638743 0.9900209492 0.9647533386 0.7669730391 0.0012341275 0.0083295086 0.0201761736 0.0001368033 0.9883131343 0.8988248122 0.0004016130 0.0562731166 0.9872244576 0.8377472220 0.9778492427 0.8267948031 0.0001207483 1.3780930145 1.4003117576 1.4123611485 0.0001204119 11.5457415887 11.5455029604 11.5455110593 136.4408404116 0.0000520422 0.0005343582 0.9872545407 0.5086131629 0.3016701367 0.0099351201
-82.7372287528 0.0010426811 0.9941564966 0.9998159386 0.0000191459 0.9990635763 0.9902012604 0.9647504057 0.7671924494 0.0012344032 0.0082553683 0.0199082156 0.0001368440 0.9883508488 0.9002466436 0.0004017888 0.0562963695 0.9872593238 0.8377181676 0.9780410148 0.8268694794 0.0001207332 1.3777253602 1.3999952445 1.4119975764 0.0001203694 11.5440155166 11.5437773291 11.5437854259 136.4409506100 0.0000520222 0.0005345920 0.9872468870 0.5085506101 0.3019895618 0.0099191216
-82.7340447108 0.0010432425 0.9941523399 0.9998157806 0.0000191536 0.9990632681 0.9903902028 0.9647465954 0.7674358597 0.0012346885 0.0081774588 0.0196157865 0.0001368861 0.9883913718 0.9017959949 0.0004019707 0.0563204293 0.9872952003 0.8376882005 0.9782377023 0.8269468361 0.0001207244 1.3773677351 1.3996928269 1.4116379421 0.0001203283 11.5426536089 11.5424158467 11.5424239417 136.4410740066 0.0000520003 0.0005348340 0.9872389712 0.5084966558 0.3023243248 0.0099006102
-82.7307557025 0.0010438229 0.9941480427 0.9998156171 0.0000191617 0.9990629496 0.9905872106 0.9647414967 0.7677112793 0.0012349832 0.0080970569 0.0193038900 0.0001369296 0.9884345630 0.9034530461 0.0004021587 0.0563452931 0.9873318576 0.8376573073 0.9784391087 0.8270269283 0.0001207195 1.3770097730 1.3993936692 1.4112790984 0.0001202896 11.5415642425 11.5413269034 11.5413349965 136.4412093533 0.0000519784 0.0005350840 0.9872307941 0.5084503559 0.3026738702 0.0098809590
-82.7273620096 0.0010444220 0.9941436055 0.9998154483 0.0000191700 0.9990626209 0.9907878722 0.9647360800 0.7679501722 0.0012352874 0.0080131878 0.0189737590 0.0001369745 0.9884803562 0.9052057520 0.0004023527 0.0563709581 0.9873694171 0.8376254902 0.9786452732 0.8271098154 0.0001207168 1.3766486132 1.3990909435 1.4109222326 0.0001202546 11.5406762832 11.5404393781 11.5404474691 136.4413559326 0.0000519590 0.0005353422 0.9872223568 0.5084111390 0.3030378007 0.0098603002
-82.7238642546 0.0010450398 0.9941390286 0.9998152742 0.0000191785 0.9990622821 0.9909904882 0.9647299444 0.7681866168 0.0012356010 0.0079241606 0.0186247491 0.0001370208 0.9885287376 0.9070536495 0.0004025528 0.0563974212 0.9874081193 0.8375927985 0.9788563971 0.8271955627 0.0001207191 1.3762899964 1.3987882754 1.4105670018 0.0001202228 11.5400218557 11.5397853890 11.5397934781 136.4415128844 0.0000519412 0.0005356083 0.9872136601 0.5083814089 0.3034157741 0.0098368543
-82.7202628394 0.0010456763 0.9941343125 0.9998150946 0.0000191873 0.9990619332 0.9911999373 0.9647231969 0.7684555595 0.0012359239 0.0078320786 0.0182598424 0.0001370685 0.9885797057 0.9089937873 0.0004027589 0.0564246793 0.9874476993 0.8375592376 0.9790725013 0.8272842429 0.0001207303 1.3759393975 1.3984995799 1.4102114254 0.0001201904 11.5394712935 11.5392352659 11.5392433538 136.4416795298 0.0000519202 0.0005358825 0.9872047051 0.5083617206 0.3038075264 0.0098103674
-82.7165584835 0.0010463314 0.9941294574 0.9998149097 0.0000191964 0.9990615742 0.9914185189 0.9647154909 0.7687586619 0.0012362562 0.0077390234 0.0178846399 0.0001371176 0.9886332100 0.9110092036 0.0004029710 0.0564527292 0.9874878337 0.8375247613 0.9792933930 0.8273759371 0.0001207475 1.3755905980 1.3982205120 1.4098563177 0.0001201582 11.5390592384 11.5388236514 11.5388317383 136.4418556888 0.0000518969 0.0005361647 0.9871954929 0.5083505964 0.3042128429 0.0097831024
-82.7127517177 0.0010470050 0.9941244639 0.9998147194 0.0000192057 0.9990612052 0.9916401207 0.9647075725 0.7690208764 0.0012365977 0.0076443710 0.0175002265 0.0001371680 0.9886891667 0.9130850850 0.0004031891 0.0564815674 0.9875288277 0.8374893802 0.9795190485 0.8274707350 0.0001207656 1.3752349253 1.3979362228 1.4095019181 0.0001201295 11.5387989205 11.5385637883 11.5385718741 136.4420405530 0.0000518757 0.0005364548 0.9871860244 0.5083451128 0.3046315709 0.0097557918
-82.7088426476 0.0010476970 0.9941193324 0.9998145238 0.0000192153 0.9990608262 0.9918608913 0.9646987653 0.7692842440 0.0012369485 0.0075453543 0.0171033885 0.0001372198 0.9887475963 0.9152269176 0.0004034132 0.0565111904 0.9875710601 0.8374531720 0.9797497025 0.8275687366 0.0001207873 1.3748768357 1.3976460829 1.4091483721 0.0001201044 11.5385688640 11.5383342142 11.5383422992 136.4422332946 0.0000518578 0.0005367528 0.9871763008 0.5083485308 0.3050636728 0.0097257268
-82.7048319750 0.0010484074 0.9941140634 0.9998143229 0.0000192251 0.9990604373 0.9920864320 0.9646891506 0.7695797627 0.0012373084 0.0074435956 0.0166955084 0.0001372730 0.9888085579 0.9174390033 0.0004036431 0.0565415944 0.9876142046 0.8374161484 0.9799853932 0.8276700512 0.0001208221 1.3745267880 1.3973714624 1.4087958404 0.0001200795 11.5383608636 11.5381267063 11.5381347914 136.4424337848 0.0000518371 0.0005370588 0.9871663233 0.5083693349 0.3055091294 0.0096917791
-82.7007202660 0.0010491360 0.9941086574 0.9998141167 0.0000192352 0.9990600386 0.9923205051 0.9646784077 0.7699177648 0.0012376774 0.0073416554 0.0162823708 0.0001373275 0.9888720317 0.9197060884 0.0004038790 0.0565727753 0.9876578512 0.8373782550 0.9802258439 0.8277747950 0.0001208677 1.3741787199 1.3971109583 1.4084442551 0.0001200548 11.5381082034 11.5378745559 11.5378826421 136.4426418705 0.0000518130 0.0005373725 0.9871560930 0.5084056584 0.3059679300 0.0096562386
-82.6965087238 0.0010498829 0.9941031149 0.9998139051 0.0000192455 0.9990596300 0.9925565991 0.9646674510 0.7702125195 0.0012380555 0.0072391437 0.0158653117 0.0001373834 0.9889379048 0.9220114990 0.0004041207 0.0566047288 0.9877023165 0.8373395021 0.9804709071 0.8278830906 0.0001209151 1.3738265168 1.3968496246 1.4080960241 0.0001200338 11.5379864005 11.5377532797 11.5377613670 136.4428571020 0.0000517908 0.0005376940 0.9871456114 0.5084494808 0.3064400465 0.0096204378
-82.6921974520 0.0010506478 0.9940974366 0.9998136883 0.0000192561 0.9990592116 0.9927897574 0.9646554241 0.7705094354 0.0012384426 0.0071330224 0.0154403551 0.0001374406 0.9890061898 0.9243617446 0.0004043682 0.0566374504 0.9877480425 0.8372999803 0.9807207472 0.8279950689 0.0001209666 1.3734731389 1.3965839225 1.4077517704 0.0001200174 11.5378483919 11.5376158338 11.5376239225 136.4430786283 0.0000517727 0.0005380233 0.9871348796 0.5085040548 0.3069255718 0.0095817193
-82.6877871028 0.0010514307 0.9940916231 0.9998134662 0.0000192669 0.9990587836 0.9930255874 0.9646420133 0.7708398969 0.0012388386 0.0070246501 0.0150083441 0.0001374991 0.9890769499 0.9267629498 0.0004046215 0.0566709352 0.9877946823 0.8372597094 0.9809753615 0.8281108676 0.0001210366 1.3731295503 1.3963385712 1.4074132535 0.0001200036 11.5376974167 11.5374654410 11.5374735327 136.4433063552 0.0000517520 0.0005383603 0.9871238993 0.5085875293 0.3074246030 0.0095385350
-82.6832784147 0.0010522315 0.9940856750 0.9998132389 0.0000192780 0.9990583459 0.9932681953 0.9646269153 0.7712167737 0.0012392435 0.0069167646 0.0145751004 0.0001375589 0.9891501499 0.9291996095 0.0004048806 0.0567051780 0.9878417769 0.8372186336 0.9812344042 0.8282306293 0.0001211232 1.3727907285 1.3961140942 1.4070803949 0.0001199922 11.5374674549 11.5372360869 11.5372441830 136.4435401004 0.0000517278 0.0005387050 0.9871126718 0.5086981315 0.3079372302 0.0094931597
-82.6786729786 0.0010530500 0.9940795933 0.9998130064 0.0000192893 0.9990578986 0.9935107239 0.9646114097 0.7715503452 0.0012396572 0.0068089983 0.0141419057 0.0001376201 0.9892256313 0.9316541040 0.0004051454 0.0567401732 0.9878896421 0.8371767646 0.9814976385 0.8283545009 0.0001212132 1.3724510213 1.3958935668 1.4067548166 0.0001199854 11.5373521585 11.5371214205 11.5371295212 136.4437793604 0.0000517055 0.0005390572 0.9871011988 0.5088200004 0.3084635117 0.0094472636
-82.6739710768 0.0010538861 0.9940733787 0.9998127686 0.0000193009 0.9990574418 0.9937479124 0.9645945397 0.7718879104 0.0012400797 0.0066982486 0.0137045263 0.0001376825 0.9893033748 0.9341333281 0.0004054159 0.0567759147 0.9879387332 0.8371342005 0.9817651464 0.8284826369 0.0001213079 1.3721142631 1.3956730291 1.4064383522 0.0001199846 11.5372107196 11.5369806542 11.5369887599 136.4440232178 0.0000516878 0.0005394170 0.9870894819 0.5089555363 0.3090036280 0.0093982219
-82.6691733045 0.0010547397 0.9940670321 0.9998125257 0.0000193127 0.9990569756 0.9939854973 0.9645754294 0.7722624540 0.0012405107 0.0065859167 0.0132638059 0.0001377463 0.9893834126 0.9366431966 0.0004056919 0.0568123964 0.9879886738 0.8370909645 0.9820368364 0.8286151984 0.0001214272 1.3717897822 1.3954794240 1.4061338444 0.0001199900 11.5370528064 11.5368234429 11.5368315557 136.4442714645 0.0000516678 0.0005397843 0.9870775229 0.5091342496 0.3095577635 0.0093443344
-82.6642805706 0.0010556107 0.9940605544 0.9998122776 0.0000193247 0.9990565000 0.9942273184 0.9645538200 0.7726830698 0.0012409503 0.0064747549 0.0128254329 0.0001378113 0.9894656611 0.9391672937 0.0004059736 0.0568496114 0.9880389887 0.8370470021 0.9823122627 0.8287523511 0.0001215691 1.3714730155 1.3953142911 1.4058411174 0.0001200014 11.5368039458 11.5365753201 11.5365834420 136.4445237351 0.0000516442 0.0005401590 0.9870653236 0.5093545240 0.3101260991 0.0092878636
-82.6592949455 0.0010564988 0.9940539467 0.9998120244 0.0000193370 0.9990560152 0.9944660591 0.9645314779 0.7730610244 0.0012413984 0.0063642346 0.0123901808 0.0001378775 0.9895498955 0.9416885021 0.0004062608 0.0568875524 0.9880900126 0.8370023327 0.9825910854 0.8288942656 0.0001217146 1.3711612519 1.3951592927 1.4055616584 0.0001200190 11.5366630407 11.5364351829 11.5364433142 136.4447793639 0.0000516229 0.0005405410 0.9870528860 0.5095888631 0.3107087861 0.0092305694
-82.6542170024 0.0010574039 0.9940472101 0.9998117662 0.0000193495 0.9990555212 0.9946968554 0.9645073204 0.7734455008 0.0012418548 0.0062512789 0.0119536517 0.0001379450 0.9896360482 0.9442149780 0.0004065534 0.0569262116 0.9881421754 0.8369570612 0.9828732629 0.8290411204 0.0001218658 1.3708591786 1.3950112467 1.4052986116 0.0001200447 11.5365266526 11.5362996105 11.5363077515 136.4450373316 0.0000516067 0.0005409303 0.9870402121 0.5098412094 0.3113061041 0.0091696899
-82.6490469740 0.0010583258 0.9940403459 0.9998115029 0.0000193622 0.9990550181 0.9949258987 0.9644796770 0.7738720565 0.0012423195 0.0061375775 0.0115169094 0.0001380138 0.9897240910 0.9467522506 0.0004068514 0.0569655808 0.9881950441 0.8369112100 0.9831585467 0.8291931016 0.0001220479 1.3705741825 1.3949002835 1.4050560830 0.0001200817 11.5363138345 11.5360876578 11.5360958114 136.4452971819 0.0000515883 0.0005413268 0.9870273041 0.5101540652 0.3119183632 0.0091032193
-82.6437864108 0.0010592643 0.9940333552 0.9998112346 0.0000193752 0.9990545060 0.9951563329 0.9644483591 0.7743386034 0.0012427923 0.0060258049 0.0110853807 0.0001380837 0.9898138607 0.9492825936 0.0004071548 0.0570056512 0.9882481509 0.8368647290 0.9834463261 0.8293504001 0.0001222574 1.3703049642 1.3948301890 1.4048355520 0.0001201303 11.5360814017 11.5358561366 11.5358643051 136.4455584466 0.0000515663 0.0005417304 0.9870141643 0.5105249094 0.3125458314 0.0090333595
-82.6384375026 0.0010602192 0.9940262397 0.9998109614 0.0000193883 0.9990539850 0.9953804377 0.9644157983 0.7747634366 0.0012432731 0.0059150913 0.0106588401 0.0001381549 0.9899050498 0.9517915885 0.0004074634 0.0570464130 0.9883018696 0.8368176522 0.9837361110 0.8295132121 0.0001224694 1.3700502293 1.3947795232 1.4046371983 0.0001201878 11.5358687164 11.5356444137 11.5356525973 136.4458198244 0.0000515475 0.0005421410 0.9870007950 0.5109120234 0.3131887969 0.0089614455
-82.6330013307 0.0010611903 0.9940190008 0.9998106833 0.0000194018 0.9990534553 0.9955947001 0.9643804468 0.7751972386 0.0012437618 0.0058025388 0.0102328635 0.0001382272 0.9899975317 0.9542899617 0.0004077772 0.0570878561 0.9883565587 0.8367700918 0.9840276659 0.8296817424 0.0001226896 1.3698219085 1.3947534656 1.4044701463 0.0001202580 11.5357095036 11.5354862229 11.5354944223 136.4460804869 0.0000515343 0.0005425584 0.9869871990 0.5113268673 0.3138476704 0.0088839778
-82.6274777676 0.0010621774 0.9940116401 0.9998104004 0.0000194154 0.9990529169 0.9958061435 0.9643392080 0.7756804950 0.0012442583 0.0056904280 0.0098091354 0.0001383007 0.9900911889 0.9567818650 0.0004080961 0.0571299698 0.9884116924 0.8367220661 0.9843204823 0.8298562022 0.0001229484 1.3696285417 1.3947899295 1.4043427275 0.0001203494 11.5354672762 11.5352450980 11.5352533165 136.4463395536 0.0000515190 0.0005429827 0.9869733788 0.5118295926 0.3145229111 0.0087981641
-82.6218688212 0.0010631801 0.9940041595 0.9998101127 0.0000194292 0.9990523700 0.9960167349 0.9642921977 0.7761877305 0.0012447625 0.0055811929 0.0093922623 0.0001383753 0.9901857534 0.9592498443 0.0004084201 0.0571727421 0.9884668423 0.8366735330 0.9846137027 0.8300368064 0.0001232375 1.3694763726 1.3948976155 1.4042610375 0.0001204632 11.5352220472 11.5350010519 11.5350092923 136.4465962162 0.0000515004 0.0005434137 0.9869593375 0.5124116950 0.3152149513 0.0087056977
-82.6161773348 0.0010641982 0.9939965611 0.9998098202 0.0000194433 0.9990518147 0.9962188969 0.9642422605 0.7766562449 0.0012452740 0.0054733212 0.0089805375 0.0001384510 0.9902808377 0.9616855380 0.0004087489 0.0572161602 0.9885224426 0.8366245520 0.9849066227 0.8302237725 0.0001235254 1.3693760341 1.3950587900 1.4042324871 0.0001205943 11.5350082628 11.5347885344 11.5347967965 136.4468488900 0.0000514873 0.0005438512 0.9869450783 0.5130160437 0.3159242787 0.0086066682
-82.6104040649 0.0010652313 0.9939888469 0.9998095232 0.0000194575 0.9990512513 0.9964121006 0.9641865332 0.7771366425 0.0012457929 0.0053645329 0.0085701521 0.0001385278 0.9903762609 0.9641028174 0.0004090826 0.0572602104 0.9885787014 0.8365752415 0.9851987166 0.8304173224 0.0001238235 1.3693549108 1.3952991056 1.4042785501 0.0001207518 11.5347856292 11.5345672821 11.5345755668 136.4470963482 0.0000514810 0.0005442951 0.9869306048 0.5136713843 0.3166515203 0.0084954010
-82.6045492954 0.0010662792 0.9939810194 0.9998092216 0.0000194720 0.9990506797 0.9966043315 0.9641199089 0.7776784338 0.0012463189 0.0052579823 0.0081639075 0.0001386057 0.9904717895 0.9665024869 0.0004094210 0.0573048780 0.9886349573 0.8365256095 0.9854891042 0.8306176775 0.0001241492 1.3694494067 1.3956803462 1.4044252651 0.0001209524 11.5345152770 11.5342984678 11.5343067775 136.4473376075 0.0000514729 0.0005447453 0.9869159212 0.5144352792 0.3173973514 0.0083681293
-82.5986164075 0.0010673414 0.9939730812 0.9998089156 0.0000194866 0.9990501003 0.9967956600 0.9640445403 0.7782110623 0.0012468517 0.0051553496 0.0077647706 0.0001386846 0.9905670541 0.9688694152 0.0004097639 0.0573501467 0.9886908985 0.8364756321 0.9857766393 0.8308250523 0.0001244613 1.3697037388 1.3962255651 1.4046979084 0.0001211935 11.5342648412 11.5340497363 11.5340580697 136.4475713876 0.0000514646 0.0005452015 0.9869010327 0.5152462130 0.3181624688 0.0082258561
-82.5926095696 0.0010684175 0.9939650352 0.9998086052 0.0000195015 0.9990495132 0.9969806435 0.9639640757 0.7787162065 0.0012473913 0.0050539105 0.0073698980 0.0001387646 0.9906616454 0.9712042093 0.0004101113 0.0573959990 0.9887470186 0.8364254096 0.9860604119 0.8310396499 0.0001247101 1.3701811149 1.3969447873 1.4051361136 0.0001214649 11.5340958737 11.5338826411 11.5338909923 136.4477959917 0.0000514689 0.0005456637 0.9868859467 0.5160080691 0.3189476833 0.0080656708
-82.5865305662 0.0010695072 0.9939568845 0.9998082906 0.0000195165 0.9990489187 0.9971641607 0.9638748747 0.7792445684 0.0012479374 0.0049534053 0.0069784578 0.0001388455 0.9907553576 0.9735183900 0.0004104631 0.0574424164 0.9888031857 0.8363750518 0.9863395944 0.8312616577 0.0001248548 1.3710097321 1.3979339142 1.4058083414 0.0001217800 11.5339073010 11.5336961844 11.5337045439 136.4480101966 0.0000514827 0.0005461317 0.9868706738 0.5166907403 0.3197539891 0.0078785259
-82.5803855141 0.0010706100 0.9939486326 0.9998079719 0.0000195317 0.9990483170 0.9973536120 0.9637802970 0.7798396684 0.0012484897 0.0048575356 0.0065950062 0.0001389273 0.9908479028 0.9758029942 0.0004108190 0.0574893793 0.9888585888 0.8363245402 0.9866130396 0.8314912330 0.0001247606 1.3723878223 1.3993053213 1.4067946913 0.0001221243 11.5337013305 11.5334926021 11.5335009479 136.4482131188 0.0000515011 0.0005466052 0.9868552301 0.5170911085 0.3205824552 0.0076605226
-82.5741816796 0.0010717254 0.9939402828 0.9998076491 0.0000195470 0.9990477084 0.9975468437 0.9636966770 0.7803861189 0.0012490480 0.0047654162 0.0062219579 0.0001390100 0.9909388222 0.9780416700 0.0004111789 0.0575368683 0.9889132261 0.8362738904 0.9868796671 0.8317284864 0.0001244144 1.3744464950 1.4011395810 1.4081947427 0.0001224449 11.5335629899 11.5333568458 11.5333651541 136.4484034693 0.0000515367 0.0005470841 0.9868396392 0.5169445994 0.3214342371 0.0074082075
-82.5679201839 0.0010728531 0.9939318385 0.9998073225 0.0000195626 0.9990470932 0.9977447568 0.9636305182 0.7809383938 0.0012496121 0.0046748765 0.0058614257 0.0001390936 0.9910278172 0.9802282966 0.0004115427 0.0575848648 0.9889674001 0.8362232335 0.9871388647 0.8319734668 0.0001239976 1.3773170403 1.4036221713 1.4101735326 0.0001227187 11.5336322091 11.5334288088 11.5334370754 136.4485809010 0.0000515959 0.0005475681 0.9868239332 0.5163085826 0.3223107252 0.0071057945
-82.5616047582 0.0010739925 0.9939233029 0.9998069921 0.0000195783 0.9990464717 0.9979534212 0.9635907621 0.7815776096 0.0012501817 0.0045903133 0.0055215012 0.0001391781 0.9911146103 0.9823383863 0.0004119103 0.0576333512 0.9890202982 0.8361725827 0.9873901663 0.8322261343 0.0001235547 1.3813419437 1.4070710839 1.4129727168 0.0001229103 11.5338333809 11.5336327992 11.5336410261 136.4487453199 0.0000516717 0.0005480571 0.9868081495 0.5153377034 0.3232135490 0.0067340320
-82.5552387863 0.0010751433 0.9939146789 0.9998066581 0.0000195941 0.9990458443 0.9981697781 0.9635858517 0.7822056327 0.0012507567 0.0045116343 0.0052109517 0.0001392633 0.9911988627 0.9843275377 0.0004122815 0.0576823111 0.9890715261 0.8361218788 0.9876334943 0.8324863279 0.0001231522 1.3868821285 1.4118260743 1.4169023783 0.0001229998 11.5344769710 11.5342790078 11.5342872014 136.4488976163 0.0000517749 0.0005485509 0.9867923223 0.5143441641 0.3241445552 0.0062759222
-82.5488131601 0.0010763052 0.9939059689 0.9998063204 0.0000196101 0.9990452112 0.9983865035 0.9636023628 0.7828882279 0.0012513369 0.0044397372 0.0049383327 0.0001393493 0.9912801841 0.9861436186 0.0004126562 0.0577317294 0.9891215172 0.8360711927 0.9878698036 0.8327537393 0.0001232302 1.3942990699 1.4184414877 1.4224684457 0.0001230434 11.5358997530 11.5357039301 11.5357121318 136.4490388117 0.0000519166 0.0005490494 0.9867764694 0.5139122673 0.3251059360 0.0057124060
-82.5422259501 0.0010774778 0.9938971757 0.9998059792 0.0000196263 0.9990445727 0.9985920000 0.9634318634 0.7837509408 0.0012519221 0.0043780523 0.0047110217 0.0001394361 0.9913581237 0.9877220937 0.0004130343 0.0577815896 0.9891696692 0.8360204618 0.9881012423 0.8330279129 0.0001262721 1.4022724254 1.4274939069 1.4302005191 0.0001238571 11.5389860488 11.5387930035 11.5388014794 136.4491713826 0.0000520916 0.0005495525 0.9867605789 0.5184747697 0.3261003519 0.0050605130
-82.5354548120 0.0010786601 0.9938883061 0.9998056349 0.0000196425 0.9990439292 0.9987663496 0.9627944089 0.7847413906 0.0012525118 0.0043192360 0.0045300409 0.0001395236 0.9914320792 0.9890039043 0.0004134154 0.0578318458 0.9892162874 0.8359695681 0.9883317787 0.8333083503 0.0001290277 1.4115656247 1.4387177822 1.4399726826 0.0001266255 11.5445790314 11.5443945626 11.5444032793 136.4492972841 0.0000523092 0.0005500595 0.9867446092 0.5260605926 0.3271311291 0.0043900398
-82.5289762003 0.0010798500 0.9938793758 0.9998052879 0.0000196589 0.9990432816 0.9988925980 0.9629123861 0.7860518754 0.0012531048 0.0042523531 0.0043910227 0.0001396116 0.9915004619 0.9899535845 0.0004137989 0.0578824132 0.9892615244 0.8359184010 0.9885667280 0.8335948644 0.0001263906 1.4240362079 1.4484021315 1.4484320097 0.0001263602 11.5511254120 11.5509443546 11.5509528368 136.4494137338 0.0000524743 0.0005505698 0.9867285025 0.5206595261 0.3282024229 0.0038851749
-82.5220934442 0.0010810476 0.9938703842 0.9998049383 0.0000196754 0.9990426302 0.9989688620 0.9624405105 0.7876590663 0.0012537014 0.0041914458 0.0042872422 0.0001397001 0.9915590827 0.9905762347 0.0004141849 0.0579332960 0.9893053046 0.8358667042 0.9888070901 0.8338884835 0.0001318779 1.4296596679 1.4573857835 1.4561868210 0.0001282237 11.5415522449 11.5413766629 11.5413856499 136.4494924584 0.0000525585 0.0005510833 0.9867121996 0.5306290883 0.3293190405 0.0034612677
-82.5155137798 0.0010822507 0.9938613472 0.9998045866 0.0000196919 0.9990419758 0.9990080359 0.9627972754 0.7899612783 0.0012543004 0.0041488302 0.0042138389 0.0001397889 0.9915992907 0.9909251766 0.0004145726 0.0579843987 0.9893506357 0.8358151663 0.9890314108 0.8341921621 0.0001281018 1.4388259907 1.4632768533 1.4612018288 0.0001267400 11.5037479468 11.5035768051 11.5035854931 136.4495191174 0.0000525980 0.0005515991 0.9866956609 0.5225985543 0.3304839004 0.0031875696
-82.5087181760 0.0010834591 0.9938522662 0.9998042330 0.0000197085 0.9990413189 0.9990255463 0.9625486979 0.7911554982 0.0012549016 0.0041225396 0.0041651451 0.0001398782 0.9916177245 0.9911047841 0.0004149619 0.0580357138 0.9893938136 0.8357655370 0.9892019140 0.8345075817 0.0001277414 1.4419319603 1.4667913600 1.4641378596 0.0001277034 11.4845311696 11.4843677351 11.4843764086 136.4495925764 0.0000525955 0.0005521171 0.9866789059 0.5233631641 0.3316996581 0.0030396865
-82.5018406953 0.0010846715 0.9938431528 0.9998038778 0.0000197252 0.9990406605 0.9990332389 0.9621997059 0.7920909995 0.0012555044 0.0041060393 0.0041323903 0.0001399677 0.9916231175 0.9912093936 0.0004153524 0.0580871803 0.9894239232 0.8357167817 0.9893151303 0.8348278326 0.0001327500 1.4395232783 1.4679618178 1.4650920825 0.0001289036 11.4829865445 11.4828253386 11.4828344593 136.4497357189 0.0000525850 0.0005526366 0.9866619976 0.5322351085 0.3329818300 0.0029880435
-82.4952034597 0.0010858858 0.9938340198 0.9998035216 0.0000197419 0.9990400008 0.9990370343 0.9622132119 0.7930171001 0.0012561078 0.0040947938 0.0041089358 0.0001400572 0.9916233817 0.9912818219 0.0004157435 0.0581387193 0.9894431326 0.8356670802 0.9893903563 0.8351317345 0.0001296808 1.4413086069 1.4680269137 1.4650474999 0.0001288221 11.4829742676 11.4828170846 11.4828259125 136.4499711936 0.0000525556 0.0005531570 0.9866449424 0.5275055250 0.3343533597 0.0029770712
-82.4884768965 0.0010871019 0.9938248705 0.9998031645 0.0000197586 0.9990393405 0.9990392324 0.9621581699 0.7938098070 0.0012567117 0.0040864638 0.0040910280 0.0001401469 0.9916218954 0.9913382672 0.0004161352 0.0581903176 0.9894558916 0.8356150175 0.9894437736 0.8353957703 0.0001300257 1.4408345736 1.4678335529 1.4648495945 0.0001289287 11.4831194825 11.4829644405 11.4829732880 136.4504032221 0.0000525472 0.0005536780 0.9866277897 0.5282265284 0.3358095766 0.0029750718
-82.7403075555 0.0010421385 0.9941605127 0.9998160912 0.0000191383 0.9990638743 0.9900209492 0.9647533386 0.7669730391 0.0012341275 0.0083295086 0.0201761736 0.0001368033 0.9883131343 0.8988248122 0.0004016130 0.0562731166 0.9872244576 0.8377472220 0.9778492427 0.8267948031 0.0001207483 1.3780930145 1.4003117576 1.4123611484 0.0001204119 11.5457415887 11.5455029604 11.5455110593 136.4408404116 0.0000520422 0.0005343582 0.9872545407 0.5086131629 0.3016701367 0.0099351201
-82.7372287528 0.0010426811 0.9941564966 0.9998159386 0.0000191459 0.9990635763 0.9902012604 0.9647504057 0.7671924494 0.0012344032 0.0082553683 0.0199082156 0.0001368440 0.9883508488 0.9002466436 0.0004017888 0.0562963695 0.9872593238 0.8377181676 0.9780410148 0.8268694794 0.0001207332 1.3777253602 1.3999952445 1.4119975764 0.0001203694 11.5440155166 11.5437773291 11.5437854259 136.4409506100 0.0000520222 0.0005345920 0.9872468870 0.5085506101 0.3019895618 0.0099191216
-82.7340447108 0.0010432425 0.9941523399 0.9998157806 0.0000191536 0.9990632681 0.9903902028 0.9647465954 0.7674358597 0.0012346885 0.0081774588 0.0196157865 0.0001368861 0.9883913718 0.9017959949 0.0004019707 0.0563204293 0.9872952003 0.8376882005 0.9782377023 0.8269468361 0.0001207244 1.3773677351 1.3996928269 1.4116379421 0.0001203283 11.5426536089 11.5424158467 11.5424239417 136.4410740066 0.0000520003 0.0005348340 0.9872389712 0.5084966558 0.3023243248 0.0099006102
-82.7307557025 0.0010438229 0.9941480427 0.9998156171 0.0000191617 0.9990629496 0.9905872106 0.9647414967 0.7677112793 0.0012349832 0.0080970569 0.0193038900 0.0001369296 0.9884345630 0.9034530461 0.0004021587 0.0563452931 0.9873318576 0.8376573073 0.9784391087 0.8270269283 0.0001207195 1.3770097731 1.3993936692 1.4112790984 0.0001202896 11.5415642425 11.5413269034 11.5413349965 136.4412093533 0.0000519784 0.0005350840 0.9872307941 0.5084503559 0.3026738702 0.0098809590
-82.7273620096 0.0010444220 0.9941436055 0.9998154483 0.0000191700 0.9990626209 0.9907878722 0.9647360800 0.7679501722 0.0012352874 0.0080131878 0.0189737590 0.0001369745 0.9884803562 0.9052057520 0.0004023527 0.0563709581 0.9873694171 0.8376254902 0.9786452732 0.8271098154 0.0001207168 1.3766486131 1.3990909434 1.4109222326 0.0001202546 11.5406762832 11.5404393781 11.5404474691 136.4413559326 0.0000519590 0.0005353422 0.9872223568 0.5084111389 0.3030378007 0.0098603002
-82.7238642546 0.0010450398 0.9941390286 0.9998152742 0.0000191785 0.9990622821 0.9909904882 0.9647299444 0.7681866168 0.0012356010 0.0079241606 0.0186247491 0.0001370208 0.9885287376 0.9070536495 0.0004025528 0.0563974212 0.9874081193 0.8375927985 0.9788563971 0.8271955627 0.0001207191 1.3762899964 1.3987882754 1.4105670019 0.0001202228 11.5400218557 11.5397853890 11.5397934782 136.4415128844 0.0000519412 0.0005356083 0.9872136601 0.5083814089 0.3034157741 0.0098368543
-82.7202628395 0.0010456763 0.9941343125 0.9998150946 0.0000191873 0.9990619332 0.9911999373 0.9647231969 0.7684555595 0.0012359239 0.0078320786 0.0182598424 0.0001370685 0.9885797057 0.9089937873 0.0004027589 0.0564246793 0.9874476993 0.8375592376 0.9790725013 0.8272842429 0.0001207303 1.3759393975 1.3984995800 1.4102114255 0.0001201904 11.5394712935 11.5392352659 11.5392433538 136.4416795298 0.0000519202 0.0005358825 0.9872047051 0.5083617206 0.3038075264 0.0098103674
-82.7165584835 0.0010463314 0.9941294574 0.9998149097 0.0000191964 0.9990615742 0.9914185189 0.9647154909 0.7687586619 0.0012362562 0.0077390234 0.0178846399 0.0001371176 0.9886332100 0.9110092036 0.0004029710 0.0564527292 0.9874878337 0.8375247613 0.9792933930 0.8273759371 0.0001207475 1.3755905980 1.3982205121 1.4098563177 0.0001201582 11.5390592384 11.5388236514 11.5388317383 136.4418556888 0.0000518969 0.0005361647 0.9871954929 0.5083505964 0.3042128429 0.0097831024
-82.7127517177 0.0010470050 0.9941244639 0.9998147194 0.0000192057 0.9990612052 0.9916401207 0.9647075725 0.7690208764 0.0012365977 0.0076443710 0.0175002265 0.0001371680 0.9886891667 0.9130850850 0.0004031891 0.0564815674 0.9875288277 0.8374893802 0.9795190485 0.8274707350 0.0001207656 1.3752349253 1.3979362228 1.4095019180 0.0001201295 11.5387989205 11.5385637883 11.5385718741 136.4420405530 0.0000518757 0.0005364548 0.9871860244 0.5083451128 0.3046315709 0.0097557918
-82.7088426476 0.0010476970 0.9941193324 0.9998145238 0.0000192153 0.9990608262 0.9918608913 0.9646987653 0.7692842440 0.0012369485 0.0075453543 0.0171033885 0.0001372198 0.9887475963 0.9152269176 0.0004034132 0.0565111904 0.9875710601 0.8374531720 0.9797497025 0.8275687366 0.0001207873 1.3748768356 1.3976460828 1.4091483720 0.0001201044 11.5385688640 11.5383342142 11.5383422992 136.4422332946 0.0000518578 0.0005367528 0.9871763008 0.5083485308 0.3050636728 0.0097257268
-82.7048319750 0.0010484074 0.9941140634 0.9998143229 0.0000192251 0.9990604373 0.9920864320 0.9646891506 0.7695797627 0.0012373084 0.0074435956 0.0166955084 0.0001372730 0.9888085579 0.9174390033 0.0004036431 0.0565415944 0.9876142046 0.8374161484 0.9799853932 0.8276700512 0.0001208221 1.3745267880 1.3973714624 1.4087958404 0.0001200795 11.5383608636 11.5381267063 11.5381347914 136.4424337848 0.0000518371 0.0005370588 0.9871663233 0.5083693349 0.3055091294 0.0096917791
-82.7007202660 0.0010491360 0.9941086574 0.9998141167 0.0000192352 0.9990600386 0.9923205051 0.9646784077 0.7699177648 0.0012376774 0.0073416554 0.0162823708 0.0001373275 0.9888720317 0.9197060884 0.0004038790 0.0565727753 0.9876578512 0.8373782550 0.9802258439 0.8277747950 0.0001208677 1.3741787200 1.3971109584 1.4084442553 0.0001200548 11.5381082034 11.5378745559 11.5378826421 136.4426418705 0.0000518130 0.0005373725 0.9871560930 0.5084056584 0.3059679300 0.0096562387
-82.6965087238 0.0010498829 0.9941031149 0.9998139051 0.0000192455 0.9990596300 0.9925565991 0.9646674510 0.7702125195 0.0012380555 0.0072391437 0.0158653117 0.0001373834 0.9889379048 0.9220114990 0.0004041207 0.0566047288 0.9877023165 0.8373395021 0.9804709071 0.8278830906 0.0001209151 1.3738265169 1.3968496247 1.4080960242 0.0001200338 11.5379864005 11.5377532797 11.5377613670 136.4428571020 0.0000517908 0.0005376940 0.9871456114 0.5084494808 0.3064400465 0.0096204378
-82.6921974520 0.0010506478 0.9940974366 0.9998136883 0.0000192561 0.9990592116 0.9927897574 0.9646554241 0.7705094354 0.0012384426 0.0071330224 0.0154403551 0.0001374406 0.9890061898 0.9243617446 0.0004043682 0.0566374504 0.9877480425 0.8372999803 0.9807207472 0.8279950689 0.0001209666 1.3734731390 1.3965839226 1.4077517705 0.0001200174 11.5378483919 11.5376158338 11.5376239225 136.4430786283 0.0000517727 0.0005380233 0.9871348796 0.5085040548 0.3069255718 0.0095817193
-82.6877871029 0.0010514307 0.9940916231 0.9998134662 0.0000192669 0.9990587836 0.9930255874 0.9646420133 0.7708398969 0.0012388386 0.0070246501 0.0150083441 0.0001374991 0.9890769499 0.9267629498 0.0004046215 0.0566709352 0.9877946823 0.8372597094 0.9809753615 0.8281108676 0.0001210366 1.3731295503 1.3963385712 1.4074132535 0.0001200036 11.5376974167 11.5374654410 11.5374735327 136.4433063552 0.0000517520 0.0005383603 0.9871238993 0.5085875293 0.3074246030 0.0095385350
-82.6832784147 0.0010522315 0.9940856750 0.9998132389 0.0000192780 0.9990583459 0.9932681953 0.9646269153 0.7712167737 0.0012392435 0.0069167646 0.0145751004 0.0001375589 0.9891501499 0.9291996095 0.0004048806 0.0567051780 0.9878417769 0.8372186336 0.9812344042 0.8282306293 0.0001211232 1.3727907285 1.3961140941 1.4070803949 0.0001199922 11.5374674549 11.5372360869 11.5372441830 136.4435401004 0.0000517278 0.0005387050 0.9871126718 0.5086981315 0.3079372302 0.0094931597
-82.6786729786 0.0010530500 0.9940795933 0.9998130064 0.0000192893 0.9990578986 0.9935107239 0.9646114097 0.7715503452 0.0012396572 0.0068089983 0.0141419057 0.0001376201 0.9892256313 0.9316541040 0.0004051454 0.0567401732 0.9878896421 0.8371767646 0.9814976385 0.8283545009 0.0001212132 1.3724510213 1.3958935667 1.4067548166 0.0001199854 11.5373521585 11.5371214205 11.5371295212 136.4437793604 0.0000517055 0.0005390572 0.9871011988 0.5088200004 0.3084635117 0.0094472636
-82.6739710768 0.0010538861 0.9940733787 0.9998127686 0.0000193009 0.9990574418 0.9937479124 0.9645945397 0.7718879104 0.0012400797 0.0066982486 0.0137045263 0.0001376825 0.9893033748 0.9341333281 0.0004054159 0.0567759147 0.9879387332 0.8371342005 0.9817651464 0.8284826369 0.0001213079 1.3721142631 1.3956730291 1.4064383522 0.0001199846 11.5372107196 11.5369806542 11.5369887599 136.4440232178 0.0000516878 0.0005394170 0.9870894819 0.5089555363 0.3090036280 0.0093982219
-82.6691733045 0.0010547397 0.9940670321 0.9998125257 0.0000193127 0.9990569756 0.9939854973 0.9645754294 0.7722624540 0.0012405107 0.0065859167 0.0132638059 0.0001377463 0.9893834126 0.9366431966 0.0004056919 0.0568123964 0.9879886738 0.8370909645 0.9820368364 0.8286151984 0.0001214272 1.3717897822 1.3954794240 1.4061338444 0.0001199900 11.5370528064 11.5368234429 11.5368315557 136.4442714645 0.0000516678 0.0005397843 0.9870775229 0.5091342496 0.3095577635 0.0093443344
-82.6642805706 0.0010556107 0.9940605544 0.9998122776 0.0000193247 0.9990565000 0.9942273184 0.9645538200 0.7726830698 0.0012409503 0.0064747549 0.0128254329 0.0001378113 0.9894656611 0.9391672937 0.0004059736 0.0568496114 0.9880389887 0.8370470021 0.9823122627 0.8287523511 0.0001215691 1.3714730155 1.3953142910 1.4058411174 0.0001200014 11.5368039458 11.5365753201 11.5365834420 136.4445237351 0.0000516442 0.0005401590 0.9870653236 0.5093545240 0.3101260991 0.0092878636
-82.6592949456 0.0010564988 0.9940539467 0.9998120244 0.0000193370 0.9990560152 0.9944660591 0.9645314779 0.7730610244 0.0012413984 0.0063642346 0.0123901808 0.0001378775 0.9895498955 0.9416885021 0.0004062608 0.0568875524 0.9880900126 0.8370023327 0.9825910854 0.8288942656 0.0001217146 1.3711612518 1.3951592927 1.4055616584 0.0001200190 11.5366630407 11.5364351829 11.5364433142 136.4447793639 0.0000516229 0.0005405410 0.9870528860 0.5095888631 0.3107087861 0.0092305694
-82.6542170024 0.0010574039 0.9940472101 0.9998117662 0.0000193495 0.9990555212 0.9946968554 0.9645073204 0.7734455008 0.0012418548 0.0062512789 0.0119536517 0.0001379450 0.9896360482 0.9442149780 0.0004065534 0.0569262116 0.9881421754 0.8369570612 0.9828732629 0.8290411204 0.0001218658 1.3708591786 1.3950112468 1.4052986117 0.0001200447 11.5365266526 11.5362996105 11.5363077515 136.4450373316 0.0000516067 0.0005409303 0.9870402121 0.5098412094 0.3113061041 0.0091696899
-82.6490469741 0.0010583258 0.9940403459 0.9998115029 0.0000193622 0.9990550181 0.9949258987 0.9644796770 0.7738720565 0.0012423195 0.0061375775 0.0115169094 0.0001380138 0.9897240910 0.9467522506 0.0004068514 0.0569655808 0.9881950441 0.8369112100 0.9831585467 0.8291931016 0.0001220479 1.3705741826 1.3949002836 1.4050560831 0.0001200817 11.5363138345 11.5360876578 11.5360958114 136.4452971819 0.0000515883 0.0005413268 0.9870273041 0.5101540652 0.3119183632 0.0091032193
-82.6437864109 0.0010592643 0.9940333552 0.9998112346 0.0000193752 0.9990545060 0.9951563329 0.9644483591 0.7743386034 0.0012427923 0.0060258049 0.0110853807 0.0001380837 0.9898138607 0.9492825936 0.0004071548 0.0570056512 0.9882481509 0.8368647290 0.9834463261 0.8293504001 0.0001222574 1.3703049642 1.3948301890 1.4048355520 0.0001201303 11.5360814017 11.5358561366 11.5358643051 136.4455584466 0.0000515663 0.0005417304 0.9870141643 0.5105249095 0.3125458314 0.0090333595
-82.6384375027 0.0010602192 0.9940262397 0.9998109614 0.0000193883 0.9990539850 0.9953804377 0.9644157983 0.7747634366 0.0012432731 0.0059150913 0.0106588401 0.0001381549 0.9899050498 0.9517915885 0.0004074634 0.0570464130 0.9883018696 0.8368176522 0.9837361110 0.8295132121 0.0001224694 1.3700502292 1.3947795231 1.4046371983 0.0001201878 11.5358687164 11.5356444137 11.5356525973 136.4458198244 0.0000515475 0.0005421410 0.9870007950 0.5109120235 0.3131887969 0.0089614455
-82.6330013308 0.0010611903 0.9940190008 0.9998106833 0.0000194018 0.9990534553 0.9955947001 0.9643804468 0.7751972386 0.0012437618 0.0058025388 0.0102328635 0.0001382272 0.9899975317 0.9542899617 0.0004077772 0.0570878561 0.9883565587 0.8367700918 0.9840276659 0.8296817424 0.0001226896 1.3698219085 1.3947534655 1.4044701462 0.0001202580 11.5357095036 11.5354862229 11.5354944223 136.4460804869 0.0000515343 0.0005425584 0.9869871990 0.5113268673 0.3138476704 0.0088839778
-82.6274777677 0.0010621774 0.9940116401 0.9998104004 0.0000194154 0.9990529169 0.9958061435 0.9643392080 0.7756804950 0.0012442583 0.0056904280 0.0098091354 0.0001383007 0.9900911889 0.9567818650 0.0004080961 0.0571299698 0.9884116924 0.8367220661 0.9843204823 0.8298562022 0.0001229484 1.3696285417 1.3947899294 1.4043427274 0.0001203494 11.5354672761 11.5352450980 11.5352533165 136.4463395536 0.0000515190 0.0005429827 0.9869733788 0.5118295926 0.3145229111 0.0087981641
-82.6218688213 0.0010631801 0.9940041595 0.9998101127 0.0000194292 0.9990523700 0.9960167349 0.9642921977 0.7761877305 0.0012447625 0.0055811929 0.0093922623 0.0001383753 0.9901857534 0.9592498443 0.0004084201 0.0571727421 0.9884668423 0.8366735330 0.9846137027 0.8300368064 0.0001232375 1.3694763725 1.3948976154 1.4042610375 0.0001204632 11.5352220472 11.5350010519 11.5350092923 136.4465962162 0.0000515004 0.0005434137 0.9869593375 0.5124116950 0.3152149513 0.0087056977
-82.6161773348 0.0010641982 0.9939965611 0.9998098202 0.0000194433 0.9990518147 0.9962188969 0.9642422605 0.7766562449 0.0012452740 0.0054733212 0.0089805375 0.0001384510 0.9902808377 0.9616855380 0.0004087489 0.0572161602 0.9885224426 0.8366245520 0.9849066227 0.8302237725 0.0001235254 1.3693760341 1.3950587900 1.4042324871 0.0001205943 11.5350082628 11.5347885344 11.5347967965 136.4468488900 0.0000514873 0.0005438512 0.9869450783 0.5130160437 0.3159242787 0.0086066682
-82.6104040650 0.0010652313 0.9939888469 0.9998095232 0.0000194575 0.9990512513 0.9964121006 0.9641865332 0.7771366425 0.0012457929 0.0053645329 0.0085701521 0.0001385278 0.9903762609 0.9641028174 0.0004090826 0.0572602104 0.9885787014 0.8365752415 0.9851987166 0.8304173224 0.0001238235 1.3693549107 1.3952991055 1.4042785501 0.0001207518 11.5347856292 11.5345672821 11.5345755668 136.4470963482 0.0000514810 0.0005442951 0.9869306048 0.5136713842 0.3166515203 0.0084954010
-82.6045492955 0.0010662792 0.9939810194 0.9998092216 0.0000194720 0.9990506797 0.9966043315 0.9641199089 0.7776784338 0.0012463189 0.0052579823 0.0081639075 0.0001386057 0.9904717895 0.9665024869 0.0004094210 0.0573048780 0.9886349573 0.8365256095 0.9854891042 0.8306176775 0.0001241492 1.3694494068 1.3956803462 1.4044252651 0.0001209524 11.5345152770 11.5342984678 11.5343067775 136.4473376075 0.0000514729 0.0005447453 0.9869159212 0.5144352792 0.3173973514 0.0083681293
-82.5986164076 0.0010673414 0.9939730812 0.9998089156 0.0000194866 0.9990501003 0.9967956600 0.9640445403 0.7782110623 0.0012468517 0.0051553496 0.0077647706 0.0001386846 0.9905670541 0.9688694152 0.0004097639 0.0573501467 0.9886908985 0.8364756321 0.9857766393 0.8308250523 0.0001244613 1.3697037387 1.3962255651 1.4046979084 0.0001211935 11.5342648412 11.5340497363 11.5340580696 136.4475713876 0.0000514646 0.0005452015 0.9869010327 0.5152462129 0.3181624688 0.0082258561
-82.5926095696 0.0010684175 0.9939650352 0.9998086052 0.0000195015 0.9990495132 0.9969806435 0.9639640757 0.7787162065 0.0012473913 0.0050539105 0.0073698980 0.0001387646 0.9906616454 0.9712042093 0.0004101113 0.0573959990 0.9887470186 0.8364254096 0.9860604119 0.8310396499 0.0001247101 1.3701811148 1.3969447873 1.4051361136 0.0001214649 11.5340958737 11.5338826411 11.5338909922 136.4477959917 0.0000514689 0.0005456637 0.9868859467 0.5160080691 0.3189476833 0.0080656708
-82.5865305663 0.0010695072 0.9939568845 0.9998082906 0.0000195165 0.9990489187 0.9971641607 0.9638748747 0.7792445684 0.0012479374 0.0049534053 0.0069784578 0.0001388455 0.9907553576 0.9735183900 0.0004104631 0.0574424164 0.9888031857 0.8363750518 0.9863395944 0.8312616577 0.0001248548 1.3710097321 1.3979339142 1.4058083414 0.0001217800 11.5339073010 11.5336961844 11.5337045439 136.4480101966 0.0000514827 0.0005461317 0.9868706738 0.5166907403 0.3197539891 0.0078785259
-82.5803855141 0.0010706100 0.9939486326 0.9998079719 0.0000195317 0.9990483170 0.9973536120 0.9637802970 0.7798396684 0.0012484897 0.0048575356 0.0065950062 0.0001389273 0.9908479028 0.9758029942 0.0004108190 0.0574893793 0.9888585888 0.8363245402 0.9866130396 0.8314912330 0.0001247606 1.3723878222 1.3993053213 1.4067946913 0.0001221243 11.5337013305 11.5334926021 11.5335009479 136.4482131188 0.0000515011 0.0005466052 0.9868552301 0.5170911085 0.3205824552 0.0076605226
-82.5741816797 0.0010717254 0.9939402828 0.9998076491 0.0000195470 0.9990477084 0.9975468437 0.9636966770 0.7803861189 0.0012490480 0.0047654162 0.0062219579 0.0001390100 0.9909388222 0.9780416700 0.0004111789 0.0575368683 0.9889132261 0.8362738904 0.9868796671 0.8317284864 0.0001244144 1.3744464950 1.4011395810 1.4081947427 0.0001224449 11.5335629899 11.5333568458 11.5333651541 136.4484034693 0.0000515367 0.0005470841 0.9868396392 0.5169445994 0.3214342371 0.0074082075
-82.5679201840 0.0010728531 0.9939318385 0.9998073225 0.0000195626 0.9990470932 0.9977447568 0.9636305182 0.7809383938 0.0012496121 0.0046748765 0.0058614257 0.0001390936 0.9910278172 0.9802282966 0.0004115427 0.0575848648 0.9889674001 0.8362232335 0.9871388647 0.8319734668 0.0001239976 1.3773170403 1.4036221713 1.4101735326 0.0001227187 11.5336322091 11.5334288088 11.5334370754 136.4485809010 0.0000515959 0.0005475681 0.9868239332 0.5163085825 0.3223107252 0.0071057945
-82.5616047583 0.0010739925 0.9939233029 0.9998069921 0.0000195783 0.9990464717 0.9979534212 0.9635907621 0.7815776096 0.0012501817 0.0045903133 0.0055215012 0.0001391781 0.9911146103 0.9823383863 0.0004119103 0.0576333512 0.9890202982 0.8361725827 0.9873901663 0.8322261343 0.0001235547 1.3813419437 1.4070710839 1.4129727168 0.0001229103 11.5338333809 11.5336327992 11.5336410261 136.4487453199 0.0000516717 0.0005480571 0.9868081495 0.5153377034 0.3232135490 0.0067340320
-82.5552387864 0.0010751433 0.9939146789 0.9998066581 0.0000195941 0.9990458443 0.9981697781 0.9635858517 0.7822056327 0.0012507567 0.0045116343 0.0052109517 0.0001392633 0.9911988627 0.9843275377 0.0004122815 0.0576823111 0.9890715261 0.8361218788 0.9876334943 0.8324863279 0.0001231522 1.3868821285 1.4118260743 1.4169023784 0.0001229998 11.5344769710 11.5342790078 11.5342872014 136.4488976163 0.0000517749 0.0005485509 0.9867923223 0.5143441641 0.3241445552 0.0062759222
-82.5488131602 0.0010763052 0.9939059689 0.9998063204 0.0000196101 0.9990452112 0.9983865035 0.9636023627 0.7828882279 0.0012513369 0.0044397372 0.0049383327 0.0001393493 0.9912801841 0.9861436186 0.0004126562 0.0577317294 0.9891215172 0.8360711927 0.9878698036 0.8327537393 0.0001232302 1.3942990700 1.4184414878 1.4224684458 0.0001230434 11.5358997530 11.5357039301 11.5357121318 136.4490388117 0.0000519166 0.0005490494 0.9867764694 0.5139122673 0.3251059360 0.0057124060
-82.5422259502 0.0010774778 0.9938971757 0.9998059792 0.0000196263 0.9990445727 0.9985920000 0.9634318634 0.7837509408 0.0012519221 0.0043780523 0.0047110217 0.0001394361 0.9913581237 0.9877220937 0.0004130343 0.0577815896 0.9891696692 0.8360204618 0.9881012423 0.8330279129 0.0001262721 1.4022724255 1.4274939070 1.4302005192 0.0001238571 11.5389860488 11.5387930035 11.5388014794 136.4491713826 0.0000520916 0.0005495525 0.9867605789 0.5184747697 0.3261003519 0.0050605130
-82.5354548121 0.0010786601 0.9938883061 0.9998056349 0.0000196425 0.9990439292 0.9987663496 0.9627944089 0.7847413906 0.0012525118 0.0043192360 0.0045300409 0.0001395236 0.9914320792 0.9890039043 0.0004134154 0.0578318458 0.9892162874 0.8359695681 0.9883317787 0.8333083503 0.0001290277 1.4115656247 1.4387177822 1.4399726826 0.0001266255 11.5445790314 11.5443945626 11.5444032793 136.4492972841 0.0000523092 0.0005500595 0.9867446092 0.5260605926 0.3271311291 0.0043900398
-82.5289762004 0.0010798500 0.9938793758 0.9998052879 0.0000196589 0.9990432816 0.9988925980 0.9629123861 0.7860518754 0.0012531048 0.0042523531 0.0043910227 0.0001396116 0.9915004619 0.9899535845 0.0004137989 0.0578824132 0.9892615244 0.8359184010 0.9885667280 0.8335948644 0.0001263906 1.4240362079 1.4484021315 1.4484320097 0.0001263602 11.5511254120 11.5509443546 11.5509528368 136.4494137338 0.0000524743 0.0005505698 0.9867285025 0.5206595261 0.3282024229 0.0038851749
-82.5220934443 0.0010810476 0.9938703842 0.9998049383 0.0000196754 0.9990426302 0.9989688620 0.9624405105 0.7876590663 0.0012537014 0.0041914458 0.0042872422 0.0001397001 0.9915590827 0.9905762347 0.0004141849 0.0579332960 0.9893053046 0.8358667042 0.9888070901 0.8338884835 0.0001318779 1.4296596679 1.4573857834 1.4561868210 0.0001282237 11.5415522449 11.5413766629 11.5413856499 136.4494924584 0.0000525585 0.0005510833 0.9867121996 0.5306290883 0.3293190405 0.0034612677
-82.5155137799 0.0010822507 0.9938613472 0.9998045866 0.0000196919 0.9990419758 0.9990080359 0.9627972754 0.7899612783 0.0012543004 0.0041488302 0.0042138389 0.0001397889 0.9915992907 0.9909251766 0.0004145726 0.0579843987 0.9893506357 0.8358151663 0.9890314108 0.8341921621 0.0001281018 1.4388259907 1.4632768533 1.4612018289 0.0001267400 11.5037479468 11.5035768051 11.5035854931 136.4495191174 0.0000525980 0.0005515991 0.9866956609 0.5225985543 0.3304839004 0.0031875696
-82.5087181761 0.0010834591 0.9938522662 0.9998042330 0.0000197085 0.9990413189 0.9990255463 0.9625486979 0.7911554982 0.0012549016 0.0041225396 0.0041651451 0.0001398782 0.9916177245 0.9911047841 0.0004149619 0.0580357138 0.9893938136 0.8357655370 0.9892019140 0.8345075817 0.0001277414 1.4419319603 1.4667913600 1.4641378597 0.0001277034 11.4845311696 11.4843677351 11.4843764086 136.4495925764 0.0000525955 0.0005521171 0.9866789059 0.5233631641 0.3316996581 0.0030396865
-82.5018406955 0.0010846715 0.9938431528 0.9998038778 0.0000197252 0.9990406605 0.9990332389 0.9621997059 0.7920909995 0.0012555044 0.0041060393 0.0041323903 0.0001399677 0.9916231175 0.9912093936 0.0004153524 0.0580871803 0.9894239232 0.8357167817 0.9893151303 0.8348278326 0.0001327500 1.4395232784 1.4679618178 1.4650920826 0.0001289036 11.4829865445 11.4828253386 11.4828344593 136.4497357189 0.0000525850 0.0005526366 0.9866619976 0.5322351085 0.3329818300 0.0029880435
-82.4952034598 0.0010858858 0.9938340198 0.9998035216 0.0000197419 0.9990400008 0.9990370343 0.9622132119 0.7930171001 0.0012561078 0.0040947938 0.0041089358 0.0001400572 0.9916233817 0.9912818219 0.0004157435 0.0581387193 0.9894431326 0.8356670802 0.9893903563 0.8351317345 0.0001296808 1.4413086069 1.4680269136 1.4650474998 0.0001288221 11.4829742676 11.4828170846 11.4828259125 136.4499711936 0.0000525556 0.0005531570 0.9866449424 0.5275055248 0.3343533597 0.0029770712
-82.4884768966 0.0010871019 0.9938248705 0.9998031645 0.0000197586 0.9990393405 0.9990392324 0.9621581699 0.7938098070 0.0012567117 0.0040864638 0.0040910280 0.0001401469 0.9916218954 0.9913382672 0.0004161352 0.0581903176 0.9894558916 0.8356150175 0.9894437736 0.8353957703 0.0001300257 1.4408345736 1.4678335530 1.4648495946 0.0001289287 11.4831194825 11.4829644405 11.4829732880 136.4504032221 0.0000525472 0.0005536780 0.9866277897 0.5282265285 0.3358095766 0.0029750718
-82.4881800400 0.0010871555 0.9938244677 0.9998031487 0.0000197593 0.9990393115 0.9990393086 0.9621540807 0.7938407291 0.0012567382 0.0040861429 0.0040903308 0.0001401509 0.9916218125 0.9913405113 0.0004161524 0.0581925880 0.9894563536 0.8356126643 0.9894457893 0.8354063055 0.0001300646 1.4407983831 1.4678265490 1.4648424269 0.0001289397 11.4831274399 11.4829724900 11.4829813404 136.4504291613 0.0000525469 0.0005537009 0.9866270341 0.5283067530 0.3358745064 0.0029749776
-82.4881800401 0.0010871555 0.9938244677 0.9998031487 0.0000197593 0.9990393115 0.9990393086 0.9621540807 0.7938407291 0.0012567382 0.0040861429 0.0040903308 0.0001401509 0.9916218125 0.9913405113 0.0004161524 0.0581925880 0.9894563536 0.8356126643 0.9894457893 0.8354063055 0.0001300646 1.4407983830 1.4678265489 1.4648424269 0.0001289397 11.4831274399 11.4829724900 11.4829813404 136.4504291613 0.0000525469 0.0005537009 0.9866270341 0.5283067529 0.3358745064 0.0029749776
