-84.8745088666 0.0007242321 0.9963902677 0.9998929358 0.0000145507 0.9992533238 0.8760970319 0.9706281566 0.4983961377 0.0010560616 0.0749237884 0.1654947824 0.0001111720 0.9578903229 0.4642852712 0.0002959789 0.0420906983 0.8862353389 0.8015488891 0.7306569420 0.6105462787 0.0001301285 1.5458308676 1.5519565878 1.5749206213 0.0001300408 11.5158775104 11.5154820335 11.5154922338 136.4477582150 0.0000583589 0.0003938202 0.9858770909 0.5281820475 0.0895554461 0.0172523442
-84.8744842354 0.0007242348 0.9963902497 0.9998929352 0.0000145508 0.9992533222 0.8760903493 0.9706294903 0.4984083074 0.0010560633 0.0748980064 0.1654321176 0.0001111723 0.9578896457 0.4643326708 0.0002959799 0.0420908264 0.8862382124 0.8015490180 0.7306655664 0.6105506211 0.0001301193 1.5458186778 1.5519461261 1.5749074572 0.0001300328 11.5150825680 11.5146871610 11.5146973613 136.4477989982 0.0000583563 0.0003938214 0.9858770140 0.5281642163 0.0895841757 0.0172546038
-84.8744357573 0.0007242403 0.9963902140 0.9998929341 0.0000145509 0.9992533191 0.8760786881 0.9706320842 0.4984287774 0.0010560667 0.0748485822 0.1653155464 0.0001111727 0.9578882961 0.4644243627 0.0002959817 0.0420910808 0.8862438505 0.8015493721 0.7306821127 0.6105597322 0.0001301021 1.5457698504 1.5519005456 1.5748666681 0.0001300169 11.5136399570 11.5132446719 11.5132548721 136.4478786558 0.0000583524 0.0003938239 0.9858768610 0.5281309040 0.0896406706 0.0172625220
-84.8743672388 0.0007242484 0.9963901609 0.9998929324 0.0000145510 0.9992533144 0.8760588354 0.9706344319 0.4984723931 0.0010560718 0.0747829610 0.1651575147 0.0001111735 0.9578862829 0.4645516453 0.0002959845 0.0420914578 0.8862525337 0.8015502489 0.7307058205 0.6105744433 0.0001300868 1.5456673270 1.5517945583 1.5748197666 0.0001299981 11.5128268315 11.5124315901 11.5124417894 136.4479974118 0.0000583491 0.0003938276 0.9858766336 0.5281031393 0.0897234066 0.0173038673
-84.8742781821 0.0007242591 0.9963900910 0.9998929302 0.0000145511 0.9992533083 0.8760244854 0.9706362027 0.4985638961 0.0010560784 0.0746907650 0.1649362395 0.0001111744 0.9578836181 0.4647223235 0.0002959881 0.0420919551 0.8862641955 0.8015521199 0.7307366443 0.6105959354 0.0001300732 1.5456025439 1.5517169552 1.5748371716 0.0001299778 11.5123826225 11.5119873831 11.5119975811 136.4481559264 0.0000583442 0.0003938324 0.9858763332 0.5280796466 0.0898312991 0.0173767088
-84.8740473407 0.0007242723 0.9963900044 0.9998929275 0.0000145513 0.9992533007 0.8759842414 0.9706380157 0.4986622727 0.0010560866 0.0745712376 0.1646404802 0.0001111755 0.9578803179 0.4649529803 0.0002959927 0.0420925706 0.8862762925 0.8015549081 0.7307722740 0.6106255339 0.0001300579 1.5455904897 1.5516979643 1.5748769232 0.0001299586 11.5116591335 11.5112639472 11.5112741442 136.3980479343 0.0000583364 0.0003938384 0.9858759618 0.5280517784 0.0899635694 0.0174336758
-84.8739361779 0.0007242859 0.9963899153 0.9998929247 0.0000145516 0.9992532929 0.8759381771 0.9706390268 0.4987720246 0.0010560951 0.0744607644 0.1643392485 0.0001111767 0.9578764407 0.4651917741 0.0002959973 0.0420932042 0.8862863102 0.8015571449 0.7308015965 0.6106528074 0.0001300498 1.5455035271 1.5515947232 1.5749075617 0.0001299396 11.5120074497 11.5116121829 11.5116223780 136.3982428832 0.0000583325 0.0003938446 0.9858755467 0.5280401010 0.0900870684 0.0175310672
-84.8738227860 0.0007242999 0.9963898239 0.9998929219 0.0000145518 0.9992532851 0.8758841337 0.9706388523 0.4989126451 0.0010561038 0.0743380412 0.1640037991 0.0001111779 0.9578720058 0.4654499826 0.0002960021 0.0420938551 0.8862940129 0.8015590899 0.7308277109 0.6106777249 0.0001300467 1.5454924615 1.5515664788 1.5750001125 0.0001299258 11.5127402613 11.5123448890 11.5123550823 136.3984374507 0.0000583268 0.0003938510 0.9858750895 0.5280381191 0.0902030043 0.0176285097
-84.8737058276 0.0007243142 0.9963897301 0.9998929189 0.0000145520 0.9992532773 0.8758276563 0.9706401204 0.4990389936 0.0010561127 0.0742243698 0.1636608439 0.0001111792 0.9578670328 0.4657186139 0.0002960070 0.0420945230 0.8862991446 0.8015600942 0.7308496642 0.6107003957 0.0001300367 1.5454006286 1.5514599095 1.5750319085 0.0001299043 11.5129299661 11.5125345135 11.5125447050 136.3986283689 0.0000583220 0.0003938575 0.9858745922 0.5280230628 0.0903121876 0.0177307884
-84.8735878271 0.0007243289 0.9963896340 0.9998929159 0.0000145522 0.9992532693 0.8757634959 0.9706398936 0.4991990182 0.0010561219 0.0741015162 0.1632918160 0.0001111805 0.9578615418 0.4660005009 0.0002960120 0.0420952072 0.8863037485 0.8015609846 0.7308690416 0.6107210165 0.0001300344 1.5453601841 1.5514002556 1.5751189048 0.0001298886 11.5138876447 11.5134920434 11.5135022328 136.3988211770 0.0000583166 0.0003938642 0.9858740567 0.5280235224 0.0904153558 0.0178440128
-84.8734651126 0.0007243439 0.9963895357 0.9998929128 0.0000145524 0.9992532612 0.8756988001 0.9706415302 0.4993378754 0.0010561313 0.0739858242 0.1629132290 0.0001111818 0.9578555534 0.4662938532 0.0002960171 0.0420959082 0.8863057317 0.8015610317 0.7308852861 0.6107398103 0.0001300221 1.5452566896 1.5512836211 1.5751422758 0.0001298645 11.5138791813 11.5134835051 11.5134936928 136.3990123846 0.0000583110 0.0003938710 0.9858734848 0.5280040750 0.0905132513 0.0179484696
-84.8733417885 0.0007243593 0.9963894351 0.9998929096 0.0000145527 0.9992532529 0.8756284072 0.9706415552 0.4995062303 0.0010561408 0.0738629092 0.1625133503 0.0001111831 0.9578490888 0.4665976806 0.0002960224 0.0420966254 0.8863078020 0.8015610347 0.7308992961 0.6107570072 0.0001300188 1.5451933470 1.5512019110 1.5752145489 0.0001298466 11.5148132685 11.5144174313 11.5144276168 136.3992079376 0.0000583052 0.0003938780 0.9858728786 0.5280029845 0.0906063236 0.0180661252
-84.8732134641 0.0007243751 0.9963893321 0.9998929064 0.0000145529 0.9992532446 0.8755591962 0.9706433798 0.4996491908 0.0010561507 0.0737463484 0.1621041780 0.0001111845 0.9578421695 0.4669125003 0.0002960278 0.0420973598 0.8863074201 0.8015603328 0.7309107662 0.6107728217 0.0001300056 1.5450788596 1.5510760932 1.5752274515 0.0001298214 11.5147365002 11.5143405865 11.5143507702 136.3994042736 0.0000582990 0.0003938852 0.9858722399 0.5279821410 0.0906952346 0.0181701044
-84.8730844278 0.0007243912 0.9963892268 0.9998929031 0.0000145531 0.9992532361 0.8754866085 0.9706436300 0.4998159171 0.0010561607 0.0736229541 0.1616766179 0.0001111859 0.9578348175 0.4672365708 0.0002960333 0.0420981107 0.8863073688 0.8015596494 0.7309203685 0.6107874511 0.0001300017 1.5450019382 1.5509832600 1.5752845758 0.0001298026 11.5156058032 11.5152097283 11.5152199100 136.3996062013 0.0000582928 0.0003938925 0.9858715710 0.5279798258 0.0907803023 0.0182849611
-84.8729503792 0.0007244077 0.9963891191 0.9998928997 0.0000145534 0.9992532275 0.8754167421 0.9706455095 0.4999535147 0.0010561710 0.0735062408 0.1612415425 0.0001111874 0.9578270550 0.4675704357 0.0002960390 0.0420988794 0.8863051232 0.8015583621 0.7309279049 0.6108010730 0.0001299889 1.5448806794 1.5508524990 1.5752874831 0.0001297777 11.5155379812 11.5151418269 11.5151520068 136.3998104726 0.0000582866 0.0003939000 0.9858708737 0.5279598061 0.0908621048 0.0183851517
-84.8728152319 0.0007244246 0.9963890089 0.9998928962 0.0000145536 0.9992532187 0.8753457739 0.9706458572 0.5001089295 0.0010561815 0.0733819784 0.1607901103 0.0001111888 0.9578189047 0.4679133125 0.0002960447 0.0420996653 0.8863033347 0.8015571614 0.7309340699 0.6108138507 0.0001299852 1.5447995036 1.5507586356 1.5753307392 0.0001297598 11.5163435943 11.5159472873 11.5159574652 136.4000209988 0.0000582803 0.0003939077 0.9858701505 0.5279577190 0.0909408986 0.0184908655
-84.8726752788 0.0007244418 0.9963888962 0.9998928927 0.0000145539 0.9992532097 0.8752787641 0.9706476324 0.5002321567 0.0010561922 0.0732653469 0.1603335570 0.0001111903 0.9578103889 0.4682645876 0.0002960506 0.0421004697 0.8862997251 0.8015554245 0.7309387213 0.6108259382 0.0001299743 1.5446780225 1.5506295707 1.5753260069 0.0001297369 11.5163690500 11.5159726589 11.5159828351 136.4002350572 0.0000582743 0.0003939155 0.9858694031 0.5279409583 0.0910171627 0.0185839194
-84.8725336116 0.0007244595 0.9963887810 0.9998928890 0.0000145542 0.9992532005 0.8752131049 0.9706479263 0.5003660804 0.0010562032 0.0731400650 0.1598624274 0.0001111919 0.9578015307 0.4686255631 0.0002960567 0.0421012922 0.8862966306 0.8015538380 0.7309427478 0.6108374908 0.0001299718 1.5446011015 1.5505442191 1.5753561517 0.0001297216 11.5171316793 11.5167351509 11.5167453253 136.4004553326 0.0000582682 0.0003939236 0.9858686340 0.5279407609 0.0910911236 0.0186742420
-84.8723876124 0.0007244775 0.9963886630 0.9998928853 0.0000145544 0.9992531911 0.8751525722 0.9706492367 0.5004658366 0.0010562145 0.0730230716 0.1593882108 0.0001111935 0.9577923525 0.4689938064 0.0002960628 0.0421021340 0.8862923543 0.8015517824 0.7309461527 0.6108486765 0.0001299651 1.5444913035 1.5504282664 1.5753514163 0.0001297032 11.5174028227 11.5170062000 11.5170163729 136.4006793417 0.0000582632 0.0003939318 0.9858678453 0.5279320508 0.0911631354 0.0187568310
-84.8722390317 0.0007244960 0.9963885424 0.9998928815 0.0000145547 0.9992531814 0.8750969265 0.9706491627 0.5005648154 0.0010562260 0.0728976214 0.1589024246 0.0001111951 0.9577828772 0.4693729265 0.0002960692 0.0421029951 0.8862885699 0.8015499076 0.7309502187 0.6108596963 0.0001299662 1.5444298666 1.5503625050 1.5753745459 0.0001296934 11.5182028410 11.5178061000 11.5178162716 136.4009072544 0.0000582587 0.0003939402 0.9858670391 0.5279379031 0.0912334137 0.0188262730
-84.8720869316 0.0007245149 0.9963884189 0.9998928776 0.0000145550 0.9992531716 0.8750486273 0.9706492416 0.5006313447 0.0010562378 0.0727787470 0.1584160096 0.0001111967 0.9577731272 0.4697581521 0.0002960756 0.0421038765 0.8862848405 0.8015477010 0.7309555113 0.6108708157 0.0001299689 1.5443577760 1.5502837799 1.5753941010 0.0001296844 11.5190019201 11.5186050623 11.5186152327 136.4011357479 0.0000582566 0.0003939488 0.9858662176 0.5279472243 0.0913021702 0.0188964734
-84.8719315773 0.0007245343 0.9963882924 0.9998928736 0.0000145553 0.9992531614 0.8750111007 0.9706481821 0.5006706224 0.0010562498 0.0726578793 0.1579301347 0.0001111984 0.9577631249 0.4701511656 0.0002960822 0.0421047789 0.8862816461 0.8015456012 0.7309641460 0.6108824192 0.0001299793 1.5443276080 1.5502499467 1.5754334860 0.0001296845 11.5202001552 11.5198031740 11.5198133436 136.4013607232 0.0000582562 0.0003939576 0.9858653829 0.5279706222 0.0913696301 0.0189485339
-84.8717743605 0.0007245542 0.9963881629 0.9998928695 0.0000145556 0.9992531510 0.8749859673 0.9706458136 0.5006820938 0.0010562622 0.0725380808 0.1574621434 0.0001112001 0.9577528916 0.4705412175 0.0002960890 0.0421057034 0.8862807357 0.8015435007 0.7309785566 0.6108951143 0.0001300010 1.5443161998 1.5502299304 1.5755042569 0.0001296926 11.5223273199 11.5219301388 11.5219403076 136.4015770043 0.0000582590 0.0003939666 0.9858645370 0.5280166693 0.0914359848 0.0190079297
-84.8716142354 0.0007245745 0.9963880298 0.9998928654 0.0000145559 0.9992531402 0.8749754234 0.9706436855 0.5006474578 0.0010562749 0.0724286675 0.1570402748 0.0001112019 0.9577424476 0.4709121755 0.0002960960 0.0421066528 0.8862822414 0.8015413703 0.7310036373 0.6109099480 0.0001300259 1.5442725741 1.5501765411 1.5755594529 0.0001297013 11.5249033545 11.5245059221 11.5245160897 136.4017768893 0.0000582626 0.0003939759 0.9858636812 0.5280696354 0.0915017476 0.0190757121
-84.8714529362 0.0007245955 0.9963878928 0.9998928610 0.0000145562 0.9992531291 0.8749723242 0.9706419108 0.5006062808 0.0010562880 0.0723338464 0.1566939554 0.0001112037 0.9577318117 0.4712349476 0.0002961032 0.0421076308 0.8862891292 0.8015394922 0.7310468811 0.6109288851 0.0001300546 1.5441799070 1.5500643958 1.5756238964 0.0001297049 11.5285942313 11.5281963918 11.5282065570 136.4019540156 0.0000582639 0.0003939854 0.9858628165 0.5281328154 0.0915677928 0.0191925106
-84.8712776179 0.0007246173 0.9963877506 0.9998928566 0.0000145565 0.9992531174 0.8749646272 0.9706476450 0.5005835580 0.0010563015 0.0722516631 0.1564210596 0.0001112056 0.9577210005 0.4714945043 0.0002961106 0.0421086445 0.8863032199 0.8015379996 0.7311136398 0.6109558196 0.0001300341 1.5439785613 1.5498449595 1.5755974399 0.0001296649 11.5280539670 11.5276560243 11.5276661873 136.4020939418 0.0000582555 0.0003939953 0.9858619427 0.5281005086 0.0916367036 0.0193318226
-84.8711796985 0.0007246286 0.9963876770 0.9998928542 0.0000145567 0.9992531113 0.8749579851 0.9706547061 0.5005704719 0.0010563085 0.0722112955 0.1562916522 0.0001112066 0.9577155183 0.4716156525 0.0002961145 0.0421091695 0.8863123187 0.8015377940 0.7311501569 0.6109735951 0.0001299927 1.5438330219 1.5496997413 1.5755042349 0.0001296237 11.5245919028 11.5241941941 11.5242043570 136.4021543913 0.0000582474 0.0003940005 0.9858615022 0.5280215940 0.0916740962 0.0193739814
-84.8710773920 0.0007246405 0.9963875990 0.9998928518 0.0000145569 0.9992531048 0.8749535480 0.9706601473 0.5005463100 0.0010563160 0.0721679804 0.1561283381 0.0001112077 0.9577098978 0.4717704818 0.0002961185 0.0421097252 0.8863212727 0.8015378097 0.7311853849 0.6109916917 0.0001299619 1.5437329595 1.5495985292 1.5754481508 0.0001295927 11.5218467731 11.5214492599 11.5214594228 136.4022377306 0.0000582423 0.0003940059 0.9858610571 0.5279630674 0.0917148956 0.0194087719
-84.8709731231 0.0007246530 0.9963875174 0.9998928492 0.0000145571 0.9992530979 0.8749482337 0.9706634493 0.5005299723 0.0010563237 0.0721187851 0.1559431969 0.0001112088 0.9577041546 0.4719448341 0.0002961228 0.0421103070 0.8863304388 0.8015380461 0.7312197370 0.6110098725 0.0001299460 1.5436828121 1.5495387961 1.5754560312 0.0001295722 11.5203898522 11.5199924279 11.5200025907 136.4023408985 0.0000582401 0.0003940116 0.9858606098 0.5279343656 0.0917580239 0.0194572279
-84.8708655397 0.0007246660 0.9963874324 0.9998928465 0.0000145573 0.9992530906 0.8749455224 0.9706655176 0.5004957581 0.0010563318 0.0720695172 0.1557498111 0.0001112099 0.9576983038 0.4721325789 0.0002961273 0.0421109123 0.8863385890 0.8015382867 0.7312543485 0.6110279271 0.0001299379 1.5436753141 1.5495233154 1.5754863293 0.0001295607 11.5194878238 11.5190904657 11.5191006287 136.4024575880 0.0000582392 0.0003940175 0.9858601623 0.5279202169 0.0918027478 0.0194907268
-84.8707558948 0.0007246794 0.9963873444 0.9998928438 0.0000145575 0.9992530830 0.8749417898 0.9706663875 0.5004730363 0.0010563402 0.0720198307 0.1555556328 0.0001112111 0.9576923594 0.4723224554 0.0002961319 0.0421115390 0.8863478160 0.8015385567 0.7312906132 0.6110457407 0.0001299390 1.5437011143 1.5495304361 1.5755753069 0.0001295537 11.5193305911 11.5189332272 11.5189433901 136.4025842639 0.0000582410 0.0003940236 0.9858597163 0.5279251466 0.0918484813 0.0195466322
-84.8706419943 0.0007246933 0.9963872534 0.9998928409 0.0000145577 0.9992530750 0.8749413100 0.9706669959 0.5004272292 0.0010563489 0.0719718017 0.1553677571 0.0001112123 0.9576863355 0.4725142989 0.0002961366 0.0421121866 0.8863565918 0.8015386725 0.7313300909 0.6110633019 0.0001299413 1.5437608132 1.5495742257 1.5756728416 0.0001295509 11.5190503546 11.5186530206 11.5186631838 136.4027153169 0.0000582433 0.0003940299 0.9858592732 0.5279312160 0.0918949399 0.0195837704
-84.8705261509 0.0007247076 0.9963871596 0.9998928380 0.0000145579 0.9992530668 0.8749399011 0.9706664516 0.5003941727 0.0010563578 0.0719234624 0.1551907320 0.0001112135 0.9576802452 0.4726985283 0.0002961415 0.0421128537 0.8863675170 0.8015387973 0.7313741193 0.6110806848 0.0001299522 1.5438589871 1.5496450349 1.5758329236 0.0001295524 11.5194174435 11.5190200770 11.5190302407 136.4028502187 0.0000582484 0.0003940364 0.9858588344 0.5279554208 0.0919417778 0.0196429498
-84.8704050775 0.0007247224 0.9963870631 0.9998928349 0.0000145581 0.9992530582 0.8749419709 0.9706663489 0.5003335142 0.0010563669 0.0718777013 0.1550310549 0.0001112148 0.9576741017 0.4728760501 0.0002961465 0.0421135405 0.8863787412 0.8015386977 0.7314244451 0.6110980202 0.0001299595 1.5439891272 1.5497500400 1.5759986384 0.0001295546 11.5191145081 11.5187171930 11.5187273575 136.4029841000 0.0000582542 0.0003940431 0.9858584009 0.5279712098 0.0919889293 0.0196823629
-84.8702826647 0.0007247375 0.9963869640 0.9998928318 0.0000145583 0.9992530494 0.8749427570 0.9706645555 0.5002886684 0.0010563764 0.0718286776 0.1548926095 0.0001112161 0.9576679179 0.4730364074 0.0002961517 0.0421142454 0.8863931334 0.8015386535 0.7314829406 0.6111154744 0.0001299786 1.5441742927 1.5498980642 1.5762397598 0.0001295639 11.5196623814 11.5192650441 11.5192752096 136.4031170903 0.0000582634 0.0003940500 0.9858579741 0.5280111684 0.0920360086 0.0197417801
-84.8701549061 0.0007247530 0.9963868623 0.9998928286 0.0000145586 0.9992530402 0.8749463409 0.9706633346 0.5002150235 0.0010563860 0.0717828888 0.1547845140 0.0001112175 0.9576617063 0.4731782649 0.0002961570 0.0421149684 0.8864086633 0.8015382736 0.7315518528 0.6111332475 0.0001299933 1.5443925252 1.5500798500 1.5764902588 0.0001295734 11.5193694686 11.5189722087 11.5189823759 136.4032429226 0.0000582741 0.0003940571 0.9858575550 0.5280411433 0.0920829851 0.0197824815
-84.8700261659 0.0007247689 0.9963867583 0.9998928254 0.0000145588 0.9992530308 0.8749477516 0.9706600410 0.5001608261 0.0010563959 0.0717302266 0.1547080953 0.0001112189 0.9576554790 0.4732920306 0.0002961625 0.0421157076 0.8864283339 0.8015379236 0.7316339754 0.6111515802 0.0001300213 1.5446822019 1.5503219728 1.5768233817 0.0001295923 11.5200020444 11.5196047907 11.5196149597 136.4033601763 0.0000582882 0.0003940643 0.9858571448 0.5280978718 0.0921294598 0.0198370559
-84.8698923801 0.0007247851 0.9963866520 0.9998928220 0.0000145591 0.9992530210 0.8749504499 0.9706572360 0.5000796936 0.0010564060 0.0716826850 0.1546754604 0.0001112203 0.9576492476 0.4733731176 0.0002961680 0.0421164628 0.8864500826 0.8015369943 0.7317322001 0.6111707738 0.0001300453 1.5450045484 1.5505967474 1.5771670474 0.0001296116 11.5197659118 11.5193687677 11.5193789393 136.4034606407 0.0000583046 0.0003940717 0.9858567444 0.5281454469 0.0921753455 0.0198731265
-84.8697576636 0.0007248016 0.9963865438 0.9998928186 0.0000145593 0.9992530110 0.8749502295 0.9706520671 0.5000191267 0.0010564163 0.0716269342 0.1546849851 0.0001112217 0.9576430232 0.4734141592 0.0002961736 0.0421172318 0.8864766256 0.8015358384 0.7318502878 0.6111912190 0.0001300827 1.5454055071 1.5509433795 1.5775816480 0.0001296428 11.5203832748 11.5199861909 11.5199963653 136.4035402700 0.0000583242 0.0003940792 0.9858563548 0.5282191851 0.0922202122 0.0199073353
-84.8696188981 0.0007248184 0.9963864338 0.9998928152 0.0000145596 0.9992530008 0.8749498372 0.9706468337 0.4999336506 0.0010564267 0.0715806208 0.1547507088 0.0001112232 0.9576368156 0.4734074161 0.0002961794 0.0421180135 0.8865060896 0.8015335559 0.7319915069 0.6112134405 0.0001301191 1.5458357040 1.5513206727 1.5779974718 0.0001296778 11.5203837575 11.5199868230 11.5199970012 136.4035892622 0.0000583469 0.0003940868 0.9858559766 0.5282894026 0.0922638303 0.0199158446
-84.8694786324 0.0007248354 0.9963863222 0.9998928117 0.0000145598 0.9992529904 0.8749476386 0.9706390949 0.4998597651 0.0010564373 0.0715301336 0.1548694031 0.0001112247 0.9576306335 0.4733490890 0.0002961852 0.0421188055 0.8865404767 0.8015303013 0.7321598199 0.6112381620 0.0001301668 1.5463331428 1.5517696726 1.5784329604 0.0001297282 11.5209035243 11.5205067489 11.5205169314 136.4035995679 0.0000583725 0.0003940945 0.9858556106 0.5283797947 0.0923057379 0.0198863146
-84.8693356981 0.0007248526 0.9963862095 0.9998928081 0.0000145601 0.9992529797 0.8749460357 0.9706298122 0.4997602993 0.0010564480 0.0714951988 0.1550549729 0.0001112262 0.9576244834 0.4732295548 0.0002961911 0.0421196054 0.8865793725 0.8015249922 0.7323575946 0.6112664028 0.0001302217 1.5468686616 1.5522611758 1.5788613602 0.0001297915 11.5212933659 11.5208968231 11.5209070110 136.4035609412 0.0000584042 0.0003941023 0.9858552572 0.5284819137 0.0923454941 0.0198113217
-84.8691905865 0.0007248698 0.9963860962 0.9998928046 0.0000145603 0.9992529690 0.8749483282 0.9706165891 0.4996471270 0.0010564588 0.0714689206 0.1553088382 0.0001112277 0.9576183695 0.4730474383 0.0002961970 0.0421204100 0.8866252480 0.8015177456 0.7325867733 0.6112996214 0.0001302950 1.5475087613 1.5528679522 1.5793130641 0.0001298819 11.5219864329 11.5215902085 11.5216004036 136.4034633632 0.0000584452 0.0003941102 0.9858549166 0.5286164228 0.0923825940 0.0196597332
-84.8690445997 0.0007248871 0.9963859828 0.9998928010 0.0000145606 0.9992529582 0.8749579983 0.9705975806 0.4995208445 0.0010564695 0.0714614141 0.1556469249 0.0001112292 0.9576122932 0.4727918461 0.0002962029 0.0421212149 0.8866830613 0.8015086385 0.7328466211 0.6113399374 0.0001304041 1.5483354309 1.5536471118 1.5799514147 0.0001300059 11.5234436736 11.5230478086 11.5230580137 136.4033010558 0.0000585086 0.0003941180 0.9858545890 0.5288197771 0.0924164603 0.0194872166
-84.8689002586 0.0007249043 0.9963858701 0.9998927975 0.0000145608 0.9992529474 0.8749821792 0.9705727320 0.4993628058 0.0010564802 0.0714821558 0.1560924368 0.0001112307 0.9576062549 0.4724524430 0.0002962087 0.0421220150 0.8867580604 0.8014992898 0.7331354496 0.6113904989 0.0001305541 1.5492284329 1.5544938156 1.5807109946 0.0001301631 11.5262253951 11.5258298562 11.5258400737 136.4030745166 0.0000585978 0.0003941259 0.9858542746 0.5291035418 0.0924467384 0.0193083179
-84.8687719404 0.0007249213 0.9963857586 0.9998927940 0.0000145611 0.9992529367 0.8750207526 0.9705479326 0.4992349657 0.0010564908 0.0715367262 0.1566800560 0.0001112322 0.9576002553 0.4720026098 0.0002962145 0.0421228057 0.8868570715 0.8014927086 0.7334525084 0.6114561491 0.0001307201 1.5493482827 1.5546402768 1.5808882183 0.0001303097 11.5336476985 11.5332518904 11.5332621154 136.4027974365 0.0000586837 0.0003941336 0.9858539729 0.5294254815 0.0924733789 0.0191703077
-84.8686863849 0.0007249382 0.9963856475 0.9998927905 0.0000145614 0.9992529261 0.8750621054 0.9705252690 0.4993204963 0.0010565013 0.0716255754 0.1574252806 0.0001112337 0.9575942907 0.4714122210 0.0002962203 0.0421235944 0.8869816180 0.8014914655 0.7338067112 0.6115451272 0.0001309063 1.5479468510 1.5533697306 1.5798629620 0.0001304131 11.5545205325 11.5541227181 11.5541329342 136.4024909825 0.0000587170 0.0003941413 0.9858536801 0.5298040161 0.0924978458 0.0191849737
-84.8685965417 0.0007249560 0.9963855308 0.9998927868 0.0000145616 0.9992529147 0.8750933830 0.9705181851 0.4995644745 0.0010565124 0.0717243668 0.1582860384 0.0001112352 0.9575883415 0.4706852301 0.0002962264 0.0421244224 0.8871312097 0.8014958937 0.7342218398 0.6116762381 0.0001309733 1.5456943307 1.5513375842 1.5777112922 0.0001304286 11.5732546351 11.5728547878 11.5728649859 136.4020957448 0.0000586674 0.0003941494 0.9858533815 0.5299444152 0.0925265800 0.0190378381
-84.8683375171 0.0007249755 0.9963854023 0.9998927828 0.0000145619 0.9992529021 0.8751243998 0.9706091949 0.4995718624 0.0010565246 0.0718898629 0.1591714031 0.0001112369 0.9575823831 0.4699136398 0.0002962331 0.0421253332 0.8873102209 0.8015222143 0.7345923804 0.6118982104 0.0001303155 1.5425811383 1.5485706239 1.5741240524 0.0001299440 11.5212612801 11.5208655791 11.5208757774 136.4014474990 0.0000585257 0.0003941583 0.9858530613 0.5286415976 0.0925789624 0.0185028322
-84.8681659338 0.0007249951 0.9963852737 0.9998927788 0.0000145622 0.9992528895 0.8751549542 0.9706220897 0.4995345980 0.0010565367 0.0720898656 0.1599780148 0.0001112386 0.9575764889 0.4692312804 0.0002962398 0.0421262452 0.8874080116 0.8015771606 0.7347506481 0.6122061006 0.0001302248 1.5418425990 1.5479203027 1.5732361421 0.0001298800 11.5156392537 11.5152440622 11.5152542583 136.4008807159 0.0000584932 0.0003941672 0.9858527430 0.5284596426 0.0927077090 0.0183421218
-84.8711796985 0.0007246286 0.9963876770 0.9998928542 0.0000145567 0.9992531113 0.8749579851 0.9706547061 0.5005704719 0.0010563085 0.0722112955 0.1562916522 0.0001112066 0.9577155183 0.4716156525 0.0002961145 0.0421091695 0.8863123187 0.8015377940 0.7311501569 0.6109735951 0.0001299927 1.5438330219 1.5496997412 1.5755042348 0.0001296237 11.5245919028 11.5241941941 11.5242043570 136.4021543913 0.0000582474 0.0003940005 0.9858615022 0.5280215940 0.0916740962 0.0193739814
-84.8710773920 0.0007246405 0.9963875990 0.9998928518 0.0000145569 0.9992531048 0.8749535480 0.9706601473 0.5005463100 0.0010563160 0.0721679804 0.1561283381 0.0001112077 0.9577098978 0.4717704818 0.0002961185 0.0421097252 0.8863212727 0.8015378097 0.7311853849 0.6109916917 0.0001299619 1.5437329594 1.5495985292 1.5754481507 0.0001295927 11.5218467731 11.5214492599 11.5214594228 136.4022377306 0.0000582423 0.0003940059 0.9858610571 0.5279630673 0.0917148956 0.0194087719
-84.8709731231 0.0007246530 0.9963875174 0.9998928492 0.0000145571 0.9992530979 0.8749482337 0.9706634493 0.5005299723 0.0010563237 0.0721187851 0.1559431969 0.0001112088 0.9577041546 0.4719448341 0.0002961228 0.0421103070 0.8863304388 0.8015380461 0.7312197370 0.6110098725 0.0001299460 1.5436828121 1.5495387960 1.5754560312 0.0001295722 11.5203898521 11.5199924279 11.5200025907 136.4023408985 0.0000582401 0.0003940116 0.9858606098 0.5279343655 0.0917580239 0.0194572279
-84.8708655397 0.0007246660 0.9963874324 0.9998928465 0.0000145573 0.9992530906 0.8749455224 0.9706655176 0.5004957581 0.0010563318 0.0720695172 0.1557498111 0.0001112099 0.9576983038 0.4721325789 0.0002961273 0.0421109123 0.8863385890 0.8015382867 0.7312543485 0.6110279271 0.0001299379 1.5436753141 1.5495233154 1.5754863293 0.0001295607 11.5194878238 11.5190904657 11.5191006287 136.4024575880 0.0000582392 0.0003940175 0.9858601623 0.5279202169 0.0918027478 0.0194907268
-84.8707558948 0.0007246794 0.9963873444 0.9998928438 0.0000145575 0.9992530830 0.8749417898 0.9706663875 0.5004730363 0.0010563402 0.0720198307 0.1555556328 0.0001112111 0.9576923594 0.4723224554 0.0002961319 0.0421115390 0.8863478160 0.8015385567 0.7312906132 0.6110457407 0.0001299390 1.5437011143 1.5495304361 1.5755753069 0.0001295537 11.5193305911 11.5189332272 11.5189433901 136.4025842639 0.0000582410 0.0003940236 0.9858597163 0.5279251466 0.0918484813 0.0195466322
-84.8706419943 0.0007246933 0.9963872534 0.9998928409 0.0000145577 0.9992530750 0.8749413100 0.9706669959 0.5004272292 0.0010563489 0.0719718017 0.1553677571 0.0001112123 0.9576863355 0.4725142989 0.0002961366 0.0421121866 0.8863565918 0.8015386725 0.7313300909 0.6110633019 0.0001299413 1.5437608132 1.5495742256 1.5756728415 0.0001295509 11.5190503546 11.5186530206 11.5186631838 136.4027153169 0.0000582433 0.0003940299 0.9858592732 0.5279312160 0.0918949399 0.0195837704
-84.8705261509 0.0007247076 0.9963871596 0.9998928380 0.0000145579 0.9992530668 0.8749399011 0.9706664516 0.5003941727 0.0010563578 0.0719234624 0.1551907320 0.0001112135 0.9576802452 0.4726985283 0.0002961415 0.0421128537 0.8863675170 0.8015387973 0.7313741193 0.6110806848 0.0001299522 1.5438589871 1.5496450348 1.5758329236 0.0001295524 11.5194174435 11.5190200770 11.5190302407 136.4028502187 0.0000582484 0.0003940364 0.9858588344 0.5279554208 0.0919417778 0.0196429498
-84.8704050775 0.0007247224 0.9963870631 0.9998928349 0.0000145581 0.9992530582 0.8749419709 0.9706663489 0.5003335142 0.0010563669 0.0718777013 0.1550310549 0.0001112148 0.9576741017 0.4728760501 0.0002961465 0.0421135405 0.8863787412 0.8015386977 0.7314244451 0.6110980202 0.0001299595 1.5439891272 1.5497500401 1.5759986384 0.0001295546 11.5191145081 11.5187171930 11.5187273575 136.4029841000 0.0000582542 0.0003940431 0.9858584009 0.5279712098 0.0919889293 0.0196823629
-84.8702826647 0.0007247375 0.9963869640 0.9998928318 0.0000145583 0.9992530494 0.8749427570 0.9706645555 0.5002886684 0.0010563764 0.0718286776 0.1548926095 0.0001112161 0.9576679179 0.4730364074 0.0002961517 0.0421142454 0.8863931334 0.8015386535 0.7314829406 0.6111154744 0.0001299786 1.5441742928 1.5498980641 1.5762397598 0.0001295639 11.5196623814 11.5192650441 11.5192752096 136.4031170903 0.0000582634 0.0003940500 0.9858579741 0.5280111684 0.0920360086 0.0197417801
-84.8701549061 0.0007247530 0.9963868623 0.9998928286 0.0000145586 0.9992530402 0.8749463409 0.9706633346 0.5002150235 0.0010563860 0.0717828888 0.1547845140 0.0001112175 0.9576617063 0.4731782649 0.0002961570 0.0421149684 0.8864086633 0.8015382736 0.7315518528 0.6111332475 0.0001299933 1.5443925252 1.5500798499 1.5764902588 0.0001295734 11.5193694686 11.5189722087 11.5189823759 136.4032429226 0.0000582741 0.0003940571 0.9858575550 0.5280411433 0.0920829851 0.0197824815
-84.8700261659 0.0007247689 0.9963867583 0.9998928254 0.0000145588 0.9992530308 0.8749477516 0.9706600410 0.5001608261 0.0010563959 0.0717302266 0.1547080953 0.0001112189 0.9576554790 0.4732920306 0.0002961625 0.0421157076 0.8864283339 0.8015379236 0.7316339754 0.6111515802 0.0001300213 1.5446822019 1.5503219728 1.5768233816 0.0001295923 11.5200020444 11.5196047907 11.5196149597 136.4033601763 0.0000582882 0.0003940643 0.9858571448 0.5280978718 0.0921294598 0.0198370559
-84.8698923800 0.0007247851 0.9963866520 0.9998928220 0.0000145591 0.9992530210 0.8749504499 0.9706572360 0.5000796936 0.0010564060 0.0716826850 0.1546754604 0.0001112203 0.9576492476 0.4733731176 0.0002961680 0.0421164628 0.8864500826 0.8015369943 0.7317322001 0.6111707738 0.0001300453 1.5450045484 1.5505967474 1.5771670475 0.0001296116 11.5197659118 11.5193687677 11.5193789393 136.4034606407 0.0000583046 0.0003940717 0.9858567444 0.5281454469 0.0921753455 0.0198731265
-84.8697576636 0.0007248016 0.9963865438 0.9998928186 0.0000145593 0.9992530110 0.8749502295 0.9706520671 0.5000191267 0.0010564163 0.0716269342 0.1546849851 0.0001112217 0.9576430232 0.4734141592 0.0002961736 0.0421172318 0.8864766256 0.8015358384 0.7318502878 0.6111912190 0.0001300827 1.5454055072 1.5509433796 1.5775816480 0.0001296428 11.5203832748 11.5199861909 11.5199963653 136.4035402700 0.0000583242 0.0003940792 0.9858563548 0.5282191851 0.0922202122 0.0199073353
-84.8696188981 0.0007248184 0.9963864338 0.9998928152 0.0000145596 0.9992530008 0.8749498372 0.9706468337 0.4999336506 0.0010564267 0.0715806208 0.1547507088 0.0001112232 0.9576368156 0.4734074161 0.0002961794 0.0421180135 0.8865060896 0.8015335559 0.7319915069 0.6112134405 0.0001301191 1.5458357040 1.5513206728 1.5779974719 0.0001296778 11.5203837575 11.5199868230 11.5199970012 136.4035892622 0.0000583469 0.0003940868 0.9858559766 0.5282894026 0.0922638303 0.0199158446
-84.8694786324 0.0007248354 0.9963863222 0.9998928117 0.0000145598 0.9992529904 0.8749476386 0.9706390949 0.4998597651 0.0010564373 0.0715301336 0.1548694031 0.0001112247 0.9576306335 0.4733490890 0.0002961852 0.0421188055 0.8865404767 0.8015303013 0.7321598199 0.6112381620 0.0001301668 1.5463331428 1.5517696726 1.5784329604 0.0001297282 11.5209035243 11.5205067489 11.5205169314 136.4035995679 0.0000583725 0.0003940945 0.9858556106 0.5283797947 0.0923057379 0.0198863146
-84.8693356981 0.0007248526 0.9963862095 0.9998928081 0.0000145601 0.9992529797 0.8749460357 0.9706298122 0.4997602993 0.0010564480 0.0714951988 0.1550549729 0.0001112262 0.9576244834 0.4732295548 0.0002961911 0.0421196054 0.8865793725 0.8015249922 0.7323575946 0.6112664028 0.0001302217 1.5468686616 1.5522611757 1.5788613602 0.0001297915 11.5212933659 11.5208968231 11.5209070110 136.4035609412 0.0000584042 0.0003941023 0.9858552572 0.5284819137 0.0923454941 0.0198113217
-84.8691905865 0.0007248698 0.9963860962 0.9998928046 0.0000145603 0.9992529690 0.8749483282 0.9706165891 0.4996471270 0.0010564588 0.0714689206 0.1553088382 0.0001112277 0.9576183695 0.4730474383 0.0002961970 0.0421204100 0.8866252480 0.8015177456 0.7325867733 0.6112996214 0.0001302950 1.5475087614 1.5528679523 1.5793130641 0.0001298819 11.5219864329 11.5215902085 11.5216004036 136.4034633632 0.0000584452 0.0003941102 0.9858549166 0.5286164228 0.0923825940 0.0196597332
-84.8690445997 0.0007248871 0.9963859828 0.9998928010 0.0000145606 0.9992529582 0.8749579983 0.9705975806 0.4995208445 0.0010564695 0.0714614141 0.1556469249 0.0001112292 0.9576122932 0.4727918461 0.0002962029 0.0421212149 0.8866830613 0.8015086385 0.7328466211 0.6113399374 0.0001304041 1.5483354309 1.5536471118 1.5799514147 0.0001300059 11.5234436736 11.5230478086 11.5230580137 136.4033010558 0.0000585086 0.0003941180 0.9858545890 0.5288197771 0.0924164603 0.0194872166
-84.8689002586 0.0007249043 0.9963858701 0.9998927975 0.0000145608 0.9992529474 0.8749821792 0.9705727320 0.4993628058 0.0010564802 0.0714821558 0.1560924368 0.0001112307 0.9576062549 0.4724524430 0.0002962087 0.0421220150 0.8867580604 0.8014992898 0.7331354496 0.6113904989 0.0001305541 1.5492284329 1.5544938156 1.5807109946 0.0001301631 11.5262253951 11.5258298562 11.5258400737 136.4030745166 0.0000585978 0.0003941259 0.9858542746 0.5291035418 0.0924467384 0.0193083179
-84.8687719404 0.0007249213 0.9963857586 0.9998927940 0.0000145611 0.9992529367 0.8750207526 0.9705479326 0.4992349657 0.0010564908 0.0715367262 0.1566800560 0.0001112322 0.9576002553 0.4720026098 0.0002962145 0.0421228057 0.8868570715 0.8014927086 0.7334525084 0.6114561491 0.0001307201 1.5493482827 1.5546402769 1.5808882184 0.0001303097 11.5336476985 11.5332518904 11.5332621154 136.4027974365 0.0000586837 0.0003941336 0.9858539729 0.5294254815 0.0924733789 0.0191703077
-84.8686863849 0.0007249382 0.9963856475 0.9998927905 0.0000145614 0.9992529261 0.8750621054 0.9705252690 0.4993204963 0.0010565013 0.0716255754 0.1574252806 0.0001112337 0.9575942907 0.4714122210 0.0002962203 0.0421235944 0.8869816180 0.8014914655 0.7338067112 0.6115451272 0.0001309063 1.5479468510 1.5533697306 1.5798629620 0.0001304131 11.5545205325 11.5541227181 11.5541329342 136.4024909825 0.0000587170 0.0003941413 0.9858536801 0.5298040161 0.0924978458 0.0191849737
-84.8685965417 0.0007249560 0.9963855308 0.9998927868 0.0000145616 0.9992529147 0.8750933830 0.9705181851 0.4995644745 0.0010565124 0.0717243668 0.1582860384 0.0001112352 0.9575883415 0.4706852301 0.0002962264 0.0421244224 0.8871312097 0.8014958937 0.7342218398 0.6116762381 0.0001309733 1.5456943307 1.5513375842 1.5777112922 0.0001304286 11.5732546351 11.5728547878 11.5728649859 136.4020957448 0.0000586674 0.0003941494 0.9858533815 0.5299444152 0.0925265800 0.0190378381
-84.8683375171 0.0007249755 0.9963854023 0.9998927828 0.0000145619 0.9992529021 0.8751243998 0.9706091949 0.4995718624 0.0010565246 0.0718898629 0.1591714031 0.0001112369 0.9575823831 0.4699136398 0.0002962331 0.0421253332 0.8873102209 0.8015222143 0.7345923804 0.6118982104 0.0001303155 1.5425811383 1.5485706238 1.5741240523 0.0001299440 11.5212612801 11.5208655791 11.5208757774 136.4014474990 0.0000585257 0.0003941583 0.9858530613 0.5286415976 0.0925789624 0.0185028322
-84.8681659337 0.0007249951 0.9963852737 0.9998927788 0.0000145622 0.9992528895 0.8751549542 0.9706220897 0.4995345980 0.0010565367 0.0720898656 0.1599780148 0.0001112386 0.9575764889 0.4692312803 0.0002962398 0.0421262452 0.8874080116 0.8015771606 0.7347506481 0.6122061006 0.0001302248 1.5418425990 1.5479203028 1.5732361421 0.0001298800 11.5156392537 11.5152440622 11.5152542583 136.4008807159 0.0000584932 0.0003941672 0.9858527430 0.5284596426 0.0927077090 0.0183421218
-84.8681358826 0.0007249985 0.9963852513 0.9998927781 0.0000145623 0.9992528873 0.8751593074 0.9706231394 0.4995310490 0.0010565389 0.0721252762 0.1601094759 0.0001112389 0.9575754646 0.4691230209 0.0002962410 0.0421264041 0.8874177136 0.8015867054 0.7347648730 0.6122585970 0.0001302166 1.5417808590 1.5478677247 1.5731540979 0.0001298751 11.5149864041 11.5145912932 11.5146014893 136.4007954314 0.0000584907 0.0003941687 0.9858526876 0.5284430513 0.0927450270 0.0183214126
-84.8681358826 0.0007249985 0.9963852513 0.9998927781 0.0000145623 0.9992528873 0.8751593074 0.9706231394 0.4995310490 0.0010565389 0.0721252762 0.1601094759 0.0001112389 0.9575754646 0.4691230209 0.0002962410 0.0421264041 0.8874177136 0.8015867054 0.7347648730 0.6122585970 0.0001302166 1.5417808590 1.5478677246 1.5731540979 0.0001298751 11.5149864041 11.5145912932 11.5146014893 136.4007954314 0.0000584907 0.0003941687 0.9858526876 0.5284430513 0.0927450270 0.0183214126
