-81.9352327203 0.0425502855 0.8649278145 0.5093811697 
-81.9352293186 0.0425502936 0.8649277504 0.5093688659 
-81.9352226244 0.0425503096 0.8649276242 0.5093442424 
-81.9352128571 0.0425503329 0.8649274398 0.5093072960 
-81.9352003460 0.0425503627 0.8649272032 0.5092580873 
-81.9351855314 0.0425503981 0.8649269223 0.5091968088 
-81.9351687888 0.0425504380 0.8649266039 0.5091056237 
-81.9351514481 0.0425504794 0.8649262719 0.5090386489 
-81.9351339186 0.0425505212 0.8649259338 0.5089763492 
-81.9351167482 0.0425505622 0.8649255994 0.5089181268 
-81.9351004493 0.0425506011 0.8649252780 0.5088635009 
-81.9350855036 0.0425506368 0.8649249782 0.5088120893 
-81.9350723651 0.0425506681 0.8649247082 0.5087635903 
-81.9350614631 0.0425506942 0.8649244757 0.5087177659 
-81.9350532046 0.0425507139 0.8649242882 0.5086744278 
-81.9350479753 0.0425507265 0.8649241524 0.5086334256 
-81.9350461421 0.0425507309 0.8649240751 0.5085946368 
-81.9350480532 0.0425507265 0.8649240625 0.5085579603 
-81.9350540400 0.0425507123 0.8649241205 0.5085233104 
-81.9350644174 0.0425506876 0.8649242548 0.5084906133 
-81.9350794848 0.0425506518 0.8649244708 0.5084598036 
-81.9350995268 0.0425506042 0.8649247737 0.5084308224 
-81.9351248136 0.0425505440 0.8649251682 0.5084036161 
-81.9351556021 0.0425504707 0.8649256590 0.5083781347 
-81.9351921358 0.0425503838 0.8649262504 0.5083543313 
-81.9352346458 0.0425502826 0.8649269467 0.5083321615 
-81.9352833511 0.0425501666 0.8649277517 0.5083115829 
-81.9353384592 0.0425500354 0.8649286692 0.5082925545 
-81.9354001661 0.0425498885 0.8649297027 0.5082750372 
-81.9354686576 0.0425497254 0.8649308555 0.5082589930 
-81.9355441087 0.0425495457 0.8649321307 0.5082443853 
-81.9356266849 0.0425493490 0.8649335314 0.5082311785 
-81.9357165418 0.0425491350 0.8649350603 0.5082193385 
-81.9358138262 0.0425489033 0.8649367200 0.5082088320 
-81.9359186760 0.0425486536 0.8649385129 0.5081996269 
-81.9360312206 0.0425483855 0.8649404416 0.5081916921 
-81.9361515812 0.0425480988 0.8649425079 0.5081849975 
-81.9362798715 0.0425477932 0.8649447141 0.5081795138 
-81.9364161974 0.0425474685 0.8649470620 0.5081752128 
-81.9365606579 0.0425471244 0.8649495533 0.5081720672 
-81.9367133447 0.0425467607 0.8649521898 0.5081700503 
-81.9368743434 0.0425463772 0.8649549728 0.5081691365 
-81.9370437328 0.0425459737 0.8649579038 0.5081693009 
-81.9372215858 0.0425455501 0.8649609842 0.5081705193 
-81.9374079694 0.0425451061 0.8649642151 0.5081727682 
-81.9376029449 0.0425446416 0.8649675975 0.5081760250 
-81.9378065683 0.0425441566 0.8649711325 0.5081802676 
-81.9380188904 0.0425436508 0.8649748209 0.5081854747 
-81.9382399570 0.0425431243 0.8649786636 0.5081916256 
-81.9384698092 0.0425425767 0.8649826613 0.5081987002 
-81.9387084834 0.0425420082 0.8649868146 0.5082066790 
-81.9389560117 0.0425414186 0.8649911240 0.5082155431 
-81.9392124220 0.0425408078 0.8649955902 0.5082252742 
-81.9394777383 0.0425401759 0.8650002133 0.5082358544 
-81.9397519805 0.0425395226 0.8650049939 0.5082472664 
-81.9400351650 0.0425388481 0.8650099321 0.5082594934 
-81.9403273046 0.0425381523 0.8650150283 0.5082725192 
-81.9406284086 0.0425374351 0.8650202824 0.5082863280 
-81.9409384833 0.0425366965 0.8650256947 0.5083009042 
-81.9412575317 0.0425359366 0.8650312651 0.5083162331 
-81.9415855540 0.0425351553 0.8650369936 0.5083323001 
-81.9419225473 0.0425343527 0.8650428802 0.5083490911 
-81.9422685063 0.0425335287 0.8650489247 0.5083665923 
-81.9426234229 0.0425326834 0.8650551270 0.5083847905 
-81.9429872866 0.0425318168 0.8650614868 0.5084036727 
-81.9433600844 0.0425309289 0.8650680039 0.5084232264 
-81.9437418013 0.0425300199 0.8650746781 0.5084434391 
-81.9441324200 0.0425290896 0.8650815089 0.5084642991 
-81.9445319210 0.0425281382 0.8650884960 0.5084857948 
-81.9449402830 0.0425271657 0.8650956390 0.5085079148 
-81.9453574829 0.0425261722 0.8651029374 0.5085306482 
-81.9457834957 0.0425251577 0.8651103909 0.5085539843 
-81.9462182947 0.0425241223 0.8651179988 0.5085779126 
-81.9466618515 0.0425230661 0.8651257606 0.5086024232 
-81.9471141365 0.0425219891 0.8651336758 0.5086275059 
-81.9475751182 0.0425208914 0.8651417439 0.5086531514 
-81.9480447639 0.0425197732 0.8651499641 0.5086793501 
-81.9485230398 0.0425186344 0.8651583359 0.5087060931 
-81.9490099105 0.0425174751 0.8651668585 0.5087333712 
-81.9495053396 0.0425162955 0.8651755314 0.5087611760 
-81.9500092895 0.0425150957 0.8651843538 0.5087894989 
-81.9505217216 0.0425138757 0.8651933251 0.5088183317 
-81.9510425962 0.0425126356 0.8652024443 0.5088476663 
-81.9515718729 0.0425113756 0.8652117109 0.5088774949 
-81.9521095100 0.0425100957 0.8652211241 0.5089078098 
-81.9526554652 0.0425087960 0.8652306830 0.5089386036 
-81.9532096955 0.0425074767 0.8652403869 0.5089698689 
-81.9537721569 0.0425061378 0.8652502349 0.5090015986 
-81.9543428049 0.0425047794 0.8652602263 0.5090337858 
-81.9549215942 0.0425034017 0.8652703601 0.5090664236 
-81.9555084790 0.0425020048 0.8652806356 0.5090995055 
-81.9561034127 0.0425005888 0.8652910519 0.5091330248 
-81.9567063485 0.0424991537 0.8653016082 0.5091669754 
-81.9573172389 0.0424976998 0.8653123034 0.5092013509 
-81.9579360358 0.0424962271 0.8653231369 0.5092361453 
-81.9585626910 0.0424947358 0.8653341076 0.5092713528 
-81.9591971556 0.0424932259 0.8653452147 0.5093069673 
-81.9598393804 0.0424916976 0.8653564573 0.5093429834 
-81.9604893161 0.0424901510 0.8653678345 0.5093793954 
-81.9611469128 0.0424885862 0.8653793453 0.5094161980 
-81.9618121205 0.0424870034 0.8653909888 0.5094533857 
-81.9624848887 0.0424854026 0.8654027642 0.5094909534 
-81.9631651671 0.0424837840 0.8654146704 0.5095288959 
-81.9638529047 0.0424821477 0.8654267065 0.5095672083 
-81.9645480508 0.0424804939 0.8654388717 0.5096058857 
-81.9652505542 0.0424788226 0.8654511649 0.5096449233 
-81.9659603636 0.0424771340 0.8654635853 0.5096843163 
-81.9666774278 0.0424754282 0.8654761319 0.5097240601 
-81.9674016954 0.0424737053 0.8654888037 0.5097641503 
-81.9681331148 0.0424719655 0.8655015998 0.5098045824 
-81.9688716345 0.0424702088 0.8655145193 0.5098453520 
-81.9696172029 0.0424684355 0.8655275612 0.5098864549 
-81.9703697684 0.0424666455 0.8655407246 0.5099278869 
-81.9711292794 0.0424648392 0.8655540084 0.5099696438 
-81.9718956843 0.0424630165 0.8655674119 0.5100117217 
-81.9726689315 0.0424611776 0.8655809340 0.5100541166 
-81.9734489695 0.0424593226 0.8655945738 0.5100968246 
-81.9742357468 0.0424574517 0.8656083303 0.5101398418 
-81.9750292119 0.0424555649 0.8656222026 0.5101831645 
-81.9758293137 0.0424536625 0.8656361898 0.5102267891 
-81.9766360007 0.0424517445 0.8656502909 0.5102707119 
-81.9774492219 0.0424498110 0.8656645051 0.5103149293 
-81.9782689263 0.0424478622 0.8656788312 0.5103594378 
-81.9790950629 0.0424458981 0.8656932685 0.5104042341 
-81.9799275810 0.0424439190 0.8657078161 0.5104493147 
-81.9807664299 0.0424419250 0.8657224728 0.5104946762 
-81.9816115592 0.0424399160 0.8657372380 0.5105403155 
-81.9824629185 0.0424378924 0.8657521106 0.5105862292 
-81.9833204577 0.0424358542 0.8657670896 0.5106324143 
-81.9841841268 0.0424338015 0.8657821743 0.5106788675 
-81.9850538760 0.0424317344 0.8657973637 0.5107255859 
-81.9859296558 0.0424296531 0.8658126569 0.5107725664 
-81.9868114167 0.0424275576 0.8658280530 0.5108198060 
-81.9876991094 0.0424254482 0.8658435510 0.5108673018 
-81.9885926851 0.0424233249 0.8658591502 0.5109150509 
-81.9894920948 0.0424211878 0.8658748495 0.5109630505 
-81.9903972902 0.0424190371 0.8658906482 0.5110112977 
-81.9913082227 0.0424168728 0.8659065453 0.5110597898 
-81.9922248443 0.0424146952 0.8659225400 0.5111085241 
-81.9931471071 0.0424125042 0.8659386314 0.5111574980 
-81.9940749634 0.0424103001 0.8659548186 0.5112067086 
-81.9950083660 0.0424080829 0.8659711007 0.5112561535 
-81.9959472675 0.0424058527 0.8659874769 0.5113058301 
-81.9968916210 0.0424036097 0.8660039464 0.5113557359 
-81.9978413800 0.0424013539 0.8660205083 0.5114058683 
-81.9987964980 0.0423990856 0.8660371617 0.5114562248 
-81.9997569288 0.0423968047 0.8660539058 0.5115068032 
-82.0007226266 0.0423945115 0.8660707397 0.5115576009 
-82.0016935457 0.0423922059 0.8660876627 0.5116086155 
-82.0026696408 0.0423898882 0.8661046740 0.5116598449 
-82.0036508668 0.0423875584 0.8661217726 0.5117112865 
-82.0046371787 0.0423852167 0.8661389578 0.5117629383 
-82.0056285322 0.0423828631 0.8661562287 0.5118147979 
-82.0066248827 0.0423804978 0.8661735846 0.5118668631 
-82.0076261865 0.0423781209 0.8661910247 0.5119191317 
-82.0086323997 0.0423757324 0.8662085481 0.5119716016 
-82.0096434787 0.0423733325 0.8662261541 0.5120242706 
-82.0106593806 0.0423709212 0.8662438419 0.5120771366 
-82.0116800622 0.0423684988 0.8662616107 0.5121301976 
-82.0127054811 0.0423660652 0.8662794597 0.5121834514 
-82.0137355948 0.0423636206 0.8662973881 0.5122368961 
-82.0147703612 0.0423611651 0.8663153953 0.5122905296 
-82.0158097385 0.0423586989 0.8663334804 0.5123443500 
-82.0168536853 0.0423562218 0.8663516427 0.5123983552 
-82.0179021603 0.0423537342 0.8663698814 0.5124525435 
-82.0189551225 0.0423512361 0.8663881958 0.5125069127 
-82.0200125312 0.0423487276 0.8664065851 0.5125614612 
-82.0210743461 0.0423462087 0.8664250487 0.5126161868 
-82.0221405270 0.0423436797 0.8664435858 0.5126710880 
-82.0232110341 0.0423411405 0.8664621956 0.5127261627 
-82.0242858279 0.0423385913 0.8664808774 0.5127814092 
-82.0253648689 0.0423360321 0.8664996306 0.5128368257 
-82.0264481184 0.0423334631 0.8665184544 0.5128924104 
-82.0275355374 0.0423308844 0.8665373482 0.5129481616 
-82.0286270877 0.0423282960 0.8665563112 0.5130040775 
-82.0297227309 0.0423256981 0.8665753427 0.5130601565 
-82.0308224294 0.0423230907 0.8665944420 0.5131163969 
-82.0319261453 0.0423204739 0.8666136085 0.5131727969 
-82.0330338414 0.0423178478 0.8666328415 0.5132293549 
-82.0341454807 0.0423152126 0.8666521403 0.5132860692 
-82.0352610264 0.0423125682 0.8666715043 0.5133429383 
-82.0363804419 0.0423099148 0.8666909328 0.5133999606 
-82.0375036910 0.0423072525 0.8667104251 0.5134571344 
-82.0386307377 0.0423045813 0.8667299805 0.5135144582 
-82.0397615464 0.0423019014 0.8667495985 0.5135719304 
-82.0408960817 0.0422992128 0.8667692784 0.5136295495 
-82.0420343083 0.0422965156 0.8667890196 0.5136873139 
-82.0431761915 0.0422938099 0.8668088214 0.5137452222 
-82.0443216965 0.0422910958 0.8668286831 0.5138032728 
-82.0454707890 0.0422883734 0.8668486043 0.5138614642 
-82.0466234350 0.0422856427 0.8668685842 0.5139197951 
-82.0477796006 0.0422829038 0.8668886222 0.5139782639 
-82.0489392523 0.0422801568 0.8669087178 0.5140368692 
-82.0501023568 0.0422774018 0.8669288703 0.5140956096 
-82.0512688810 0.0422746389 0.8669490792 0.5141544836 
-82.0524387921 0.0422718681 0.8669693438 0.5142134900 
-82.0536120577 0.0422690896 0.8669896636 0.5142726272 
-82.0547886455 0.0422663033 0.8670100379 0.5143318939 
-82.0559685234 0.0422635095 0.8670304663 0.5143912888 
-82.0571516598 0.0422607080 0.8670509480 0.5144508105 
-82.0583380231 0.0422578992 0.8670714826 0.5145104576 
-82.0595275821 0.0422550829 0.8670920695 0.5145702289 
-82.0607203058 0.0422522593 0.8671127081 0.5146301231 
-82.0619161635 0.0422494285 0.8671333979 0.5146901388 
-82.0631151246 0.0422465905 0.8671541384 0.5147502747 
-82.0643171590 0.0422437454 0.8671749288 0.5148105296 
-82.0655222366 0.0422408932 0.8671957689 0.5148709023 
-82.0667303277 0.0422380341 0.8672166579 0.5149313914 
-82.0679414027 0.0422351682 0.8672375953 0.5149919957 
-82.0691554325 0.0422322954 0.8672585807 0.5150527140 
-82.0703723879 0.0422294159 0.8672796135 0.5151135451 
-82.0715922403 0.0422265297 0.8673006932 0.5151744877 
-82.0728149610 0.0422236369 0.8673218193 0.5152355407 
-82.0740405219 0.0422207376 0.8673429912 0.5152967029 
-82.0752688947 0.0422178318 0.8673642085 0.5153579730 
-82.0765000517 0.0422149196 0.8673854706 0.5154193499 
-82.0777339653 0.0422120011 0.8674067771 0.5154808325 
-82.0789706082 0.0422090763 0.8674281274 0.5155424196 
-82.0802099532 0.0422061453 0.8674495211 0.5156041100 
-82.0814519734 0.0422032081 0.8674709577 0.5156659027 
-82.0826966422 0.0422002649 0.8674924367 0.5157277964 
-82.0839439332 0.0421973157 0.8675139576 0.5157897901 
-82.0851938201 0.0421943605 0.8675355200 0.5158518827 
-82.0864462770 0.0421913995 0.8675571233 0.5159140730 
-82.0877012782 0.0421884326 0.8675787672 0.5159763600 
-82.0889587981 0.0421854600 0.8676004511 0.5160387426 
-82.0902188115 0.0421824816 0.8676221746 0.5161012197 
-82.0914812933 0.0421794977 0.8676439372 0.5161637902 
-82.0927462187 0.0421765081 0.8676657386 0.5162264531 
-82.0940135631 0.0421735130 0.8676875782 0.5162892073 
-82.0952833020 0.0421705125 0.8677094556 0.5163520519 
-82.0965554114 0.0421675066 0.8677313704 0.5164149856 
-82.0978298673 0.0421644953 0.8677533221 0.5164780076 
-82.0991066460 0.0421614787 0.8677753103 0.5165411167 
-82.1003857239 0.0421584569 0.8677973347 0.5166043120 
-82.1016670779 0.0421554299 0.8678193947 0.5166675925 
-82.1029506849 0.0421523978 0.8678414899 0.5167309571 
-82.1042365219 0.0421493607 0.8678636200 0.5167944049 
-82.1055245665 0.0421463185 0.8678857845 0.5168579348 
-82.1068147963 0.0421432714 0.8679079830 0.5169215459 
-82.1081071890 0.0421402193 0.8679302152 0.5169852371 
-82.1094017227 0.0421371624 0.8679524805 0.5170490076 
-82.1106983758 0.0421341008 0.8679747787 0.5171128564 
-82.1119971266 0.0421310343 0.8679971094 0.5171767824 
-82.1132979539 0.0421279632 0.8680194720 0.5172407847 
-82.1146008366 0.0421248874 0.8680418664 0.5173048624 
-82.1159057538 0.0421218071 0.8680642921 0.5173690146 
-82.1172126850 0.0421187221 0.8680867486 0.5174332402 
-82.1185216097 0.0421156327 0.8681092357 0.5174975384 
-82.1198325078 0.0421125389 0.8681317530 0.5175619081 
-82.1211453591 0.0421094406 0.8681543001 0.5176263486 
-82.1224601441 0.0421063380 0.8681768767 0.5176908588 
-82.1237768432 0.0421032311 0.8681994824 0.5177554378 
-82.1250954370 0.0421001199 0.8682221168 0.5178200848 
-82.1264159065 0.0420970046 0.8682447796 0.5178847988 
-82.1277382328 0.0420938850 0.8682674705 0.5179495788 
-82.1290623973 0.0420907614 0.8682901891 0.5180144241 
-82.1303883816 0.0420876336 0.8683129351 0.5180793337 
-82.1317161674 0.0420845018 0.8683357082 0.5181443066 
-82.1330457369 0.0420813661 0.8683585079 0.5182093421 
-82.1343770723 0.0420782263 0.8683813341 0.5182744392 
-82.1357101561 0.0420750827 0.8684041863 0.5183395970 
-82.1370449711 0.0420719352 0.8684270643 0.5184048147 
-82.1383815001 0.0420687839 0.8684499678 0.5184700913 
-82.1397197265 0.0420656288 0.8684728963 0.5185354260 
-82.1410596335 0.0420624700 0.8684958498 0.5186008179 
-82.1424012050 0.0420593075 0.8685188277 0.5186662662 
-82.1437444248 0.0420561413 0.8685418299 0.5187317699 
-82.1450892771 0.0420529714 0.8685648560 0.5187973282 
-82.1464357462 0.0420497980 0.8685879058 0.5188629403 
-82.1477838169 0.0420466210 0.8686109790 0.5189286052 
-82.1491334739 0.0420434406 0.8686340752 0.5189943221 
-82.1504847024 0.0420402566 0.8686571943 0.5190600901 
-82.1518374879 0.0420370692 0.8686803359 0.5191259085 
-82.1531918159 0.0420338784 0.8687034998 0.5191917762 
-82.1545476724 0.0420306842 0.8687266857 0.5192576925 
-82.1559050435 0.0420274866 0.8687498933 0.5193236565 
-82.1572639157 0.0420242858 0.8687731225 0.5193896674 
-82.1586242756 0.0420210817 0.8687963729 0.5194557243 
-82.1599861101 0.0420178743 0.8688196443 0.5195218263 
-82.1613494067 0.0420146637 0.8688429364 0.5195879726 
-82.1627141526 0.0420114499 0.8688662491 0.5196541623 
-82.1640803358 0.0420082330 0.8688895821 0.5197203946 
-82.1654479444 0.0420050130 0.8689129351 0.5197866687 
-82.1668169666 0.0420017898 0.8689363079 0.5198529836 
-82.1681873911 0.0419985636 0.8689597004 0.5199193386 
-82.1695592069 0.0419953343 0.8689831123 0.5199857327 
-82.1709324033 0.0419921020 0.8690065434 0.5200521651 
-82.1723069698 0.0419888667 0.8690299935 0.5201186351 
-82.1736828963 0.0419856285 0.8690534624 0.5201851416 
-82.1750601729 0.0419823873 0.8690769498 0.5202516838 
-82.1764387903 0.0419791432 0.8691004557 0.5203182610 
-82.1778187391 0.0419758962 0.8691239799 0.5203848722 
-82.1792000106 0.0419726463 0.8691475220 0.5204515166 
-82.1805825964 0.0419693935 0.8691710821 0.5205181933 
-82.1819664881 0.0419661379 0.8691946599 0.5205849015 
-82.1833516782 0.0419628795 0.8692182552 0.5206516402 
-82.1847381590 0.0419596183 0.8692418679 0.5207184087 
-82.1861259236 0.0419563543 0.8692654979 0.5207852060 
-82.1875149651 0.0419530876 0.8692891450 0.5208520313 
-82.1889052774 0.0419498181 0.8693128090 0.5209188838 
-82.1902968545 0.0419465458 0.8693364899 0.5209857624 
-82.1916896907 0.0419432709 0.8693601875 0.5210526664 
-82.1930837810 0.0419399932 0.8693839016 0.5211195949 
-82.1944791205 0.0419367128 0.8694076323 0.5211865470 
-82.1958757051 0.0419334297 0.8694313793 0.5212535218 
-82.1972735307 0.0419301440 0.8694551426 0.5213205185 
-82.1986725940 0.0419268556 0.8694789221 0.5213875360 
-82.2000728918 0.0419235645 0.8695027176 0.5214545736 
-82.2014744217 0.0419202708 0.8695265292 0.5215216302 
-82.2028771815 0.0419169744 0.8695503568 0.5215887051 
-82.2042811696 0.0419136754 0.8695742002 0.5216557973 
-82.2056863848 0.0419103738 0.8695980594 0.5217229059 
-82.2070928265 0.0419070695 0.8696219344 0.5217900300 
-82.2085004945 0.0419037625 0.8696458252 0.5218571686 
-82.2099093893 0.0419004530 0.8696697316 0.5219243208 
-82.2113195116 0.0418971407 0.8696936538 0.5219914858 
-82.2127308630 0.0418938259 0.8697175916 0.5220586624 
-82.2141434455 0.0418905084 0.8697415451 0.5221258499 
-82.2155572616 0.0418871882 0.8697655142 0.5221930473 
-82.2169723143 0.0418838654 0.8697894990 0.5222602535 
-82.2183886076 0.0418805400 0.8698134995 0.5223274677 
-82.2198061457 0.0418772118 0.8698375157 0.5223946888 
-82.2212249335 0.0418738810 0.8698615477 0.5224619160 
-82.2226449767 0.0418705475 0.8698855955 0.5225291482 
-82.2240662816 0.0418672112 0.8699096592 0.5225963844 
-82.2254888549 0.0418638722 0.8699337389 0.5226636237 
-82.2269127044 0.0418605305 0.8699578345 0.5227308650 
-82.2283378384 0.0418571860 0.8699819463 0.5227981073 
-82.2297642657 0.0418538388 0.8700060743 0.5228653497 
-82.2311919963 0.0418504887 0.8700302186 0.5229325910 
-82.2326210406 0.0418471358 0.8700543794 0.5229998304 
-82.2340514098 0.0418437800 0.8700785568 0.5230670666 
-82.2354831161 0.0418404214 0.8701027509 0.5231342988 
-82.2369161724 0.0418370599 0.8701269620 0.5232015257 
-82.2383505922 0.0418336954 0.8701511901 0.5232687465 
-82.2397863903 0.0418303279 0.8701754356 0.5233359600 
-82.2412235820 0.0418269574 0.8701996985 0.5234031650 
-82.2426621836 0.0418235838 0.8702239791 0.5234703606 
-82.2441022124 0.0418202072 0.8702482777 0.5235375457 
-82.2455436866 0.0418168275 0.8702725944 0.5236047190 
-82.2469866253 0.0418134445 0.8702969296 0.5236718796 
-82.2484310487 0.0418100584 0.8703212835 0.5237390262 
-82.2498769779 0.0418066689 0.8703456563 0.5238061578 
-82.2513244351 0.0418032762 0.8703700486 0.5238732732 
-82.2527734435 0.0417998800 0.8703944604 0.5239403712 
-82.2542240275 0.0417964805 0.8704188922 0.5240074506 
-82.2556762125 0.0417930774 0.8704433444 0.5240745104 
-82.2571300252 0.0417896708 0.8704678173 0.5241415492 
-82.2585854934 0.0417862606 0.8704923113 0.5242085659 
-82.2600426460 0.0417828467 0.8705168268 0.5242755593 
-82.2615015133 0.0417794290 0.8705413643 0.5243425281 
-82.2629621269 0.0417760076 0.8705659242 0.5244094712 
-82.2644245194 0.0417725822 0.8705905070 0.5244763872 
-82.2658887252 0.0417691528 0.8706151132 0.5245432748 
-82.2673547796 0.0417657194 0.8706397432 0.5246101329 
-82.2688227197 0.0417622818 0.8706643978 0.5246769601 
-82.2702925838 0.0417588400 0.8706890773 0.5247437551 
-82.2717644118 0.0417553939 0.8707137823 0.5248105166 
-82.2732382450 0.0417519433 0.8707385136 0.5248772433 
-82.2747141264 0.0417484882 0.8707632717 0.5249439338 
-82.2761921005 0.0417450285 0.8707880572 0.5250105867 
-82.2776722134 0.0417415640 0.8708128709 0.5250772008 
-82.2791545131 0.0417380948 0.8708377134 0.5251437745 
-82.2806390491 0.0417346205 0.8708625856 0.5252103065 
-82.2821258727 0.0417311412 0.8708874880 0.5252767954 
-82.2836150371 0.0417276566 0.8709124217 0.5253432397 
-82.2851065973 0.0417241668 0.8709373873 0.5254096380 
-82.2866006103 0.0417206715 0.8709623857 0.5254759888 
-82.2880971349 0.0417171706 0.8709874177 0.5255422906 
-82.2895962320 0.0417136639 0.8710124844 0.5256085420 
-82.2910979646 0.0417101514 0.8710375866 0.5256747413 
-82.2926023978 0.0417066328 0.8710627253 0.5257408872 
-82.2941095987 0.0417031081 0.8710879016 0.5258069779 
-82.2956196370 0.0416995770 0.8711131164 0.5258730120 
-82.2971325842 0.0416960393 0.8711383708 0.5259389878 
-82.2986485145 0.0416924950 0.8711636661 0.5260049037 
-82.3001675044 0.0416889439 0.8711890032 0.5260707582 
-82.3016896328 0.0416853857 0.8712143834 0.5261365496 
-82.3032149812 0.0416818202 0.8712398079 0.5262022761 
-82.3047436337 0.0416782473 0.8712652780 0.5262679361 
-82.3062756770 0.0416746668 0.8712907951 0.5263335280 
-82.3078112004 0.0416710785 0.8713163604 0.5263990499 
-82.3093502964 0.0416674821 0.8713419754 0.5264645001 
-82.3108930599 0.0416638774 0.8713676414 0.5265298769 
-82.3124395891 0.0416602643 0.8713933601 0.5265951785 
-82.3139899850 0.0416566424 0.8714191329 0.5266604030 
-82.3155443517 0.0416530115 0.8714449613 0.5267255486 
-82.3171027966 0.0416493714 0.8714708472 0.5267906135 
-82.3186654302 0.0416457219 0.8714967920 0.5268555957 
-82.3202323666 0.0416420626 0.8715227976 0.5269204934 
-82.3218037229 0.0416383933 0.8715488657 0.5269853046 
-82.3233796202 0.0416347137 0.8715749982 0.5270500274 
-82.3249601827 0.0416310235 0.8716011970 0.5271146599 
-82.3265455388 0.0416273224 0.8716274641 0.5271791999 
-82.3281358202 0.0416236102 0.8716538013 0.5272436455 
-82.3297311628 0.0416198865 0.8716802109 0.5273079946 
-82.3313317064 0.0416161510 0.8717066950 0.5273722451 
-82.3329375949 0.0416124033 0.8717332557 0.5274363950 
-82.3345489763 0.0416086431 0.8717598954 0.5275004421 
-82.3361660029 0.0416048701 0.8717866163 0.5275643842 
-82.3377888316 0.0416010839 0.8718134209 0.5276282191 
-82.3394176235 0.0415972841 0.8718403116 0.5276919447 
-82.3410525445 0.0415934703 0.8718672910 0.5277555587 
-82.3426937653 0.0415896422 0.8718943616 0.5278190587 
-82.3443414614 0.0415857994 0.8719215263 0.5278824426 
-82.3459958133 0.0415819413 0.8719487877 0.5279457079 
-82.3476570065 0.0415780677 0.8719761487 0.5280088523 
-82.3493252319 0.0415741780 0.8720036122 0.5280718734 
-82.3510006857 0.0415702718 0.8720311813 0.5281347688 
-82.3526835697 0.0415663486 0.8720588590 0.5281975360 
-82.3543740912 0.0415624080 0.8720866486 0.5282601725 
-82.3560724634 0.0415584495 0.8721145532 0.5283226758 
-82.3577789054 0.0415544725 0.8721425764 0.5283850433 
-82.3594936424 0.0415504766 0.8721707214 0.5284472724 
-82.3612169059 0.0415464612 0.8721989920 0.5285093606 
-82.3629489337 0.0415424257 0.8722273918 0.5285713050 
-82.3646899702 0.0415383697 0.8722559245 0.5286331031 
-82.3664402665 0.0415342924 0.8722845940 0.5286947521 
-82.3682000808 0.0415301934 0.8723134043 0.5287562492 
-82.3699696780 0.0415260720 0.8723423594 0.5288175916 
-82.3717493305 0.0415219276 0.8723714636 0.5288787764 
-82.3735393181 0.0415177595 0.8724007211 0.5289398008 
-82.3753399282 0.0415135671 0.8724301365 0.5290006618 
-82.3771514559 0.0415093497 0.8724597142 0.5290613564 
-82.3789742045 0.0415051065 0.8724894589 0.5291218817 
-82.3808084853 0.0415008370 0.8725193755 0.5291822346 
-82.3826546181 0.0414965403 0.8725494688 0.5292424120 
-82.3845129313 0.0414922157 0.8725797440 0.5293024108 
-82.3863837622 0.0414878624 0.8726102062 0.5293622277 
-82.3882674570 0.0414834796 0.8726408608 0.5294218595 
-82.3901643713 0.0414790666 0.8726717132 0.5294813030 
-82.3920748702 0.0414746223 0.8727027692 0.5295405549 
-82.3939993285 0.0414701461 0.8727340344 0.5295996117 
-82.3959381309 0.0414656370 0.8727655149 0.5296584701 
-82.3978916726 0.0414610941 0.8727972167 0.5297171266 
-82.3998603590 0.0414565165 0.8728291461 0.5297755778 
-82.4018446064 0.0414519031 0.8728613095 0.5298338199 
-82.4038448421 0.0414472531 0.8728937135 0.5298918495 
-82.4058615047 0.0414425655 0.8729263649 0.5299496629 
-82.4078950444 0.0414378391 0.8729592707 0.5300072563 
-82.4099459231 0.0414330730 0.8729924379 0.5300646260 
-82.4120146152 0.0414282660 0.8730258739 0.5301217682 
-82.4141016071 0.0414234170 0.8730595862 0.5301786789 
-82.4162073983 0.0414185249 0.8730935826 0.5302353543 
-82.4183325012 0.0414135885 0.8731278708 0.5302917904 
-82.4204774418 0.0414086066 0.8731624592 0.5303479830 
-82.4226427597 0.0414035779 0.8731973559 0.5304039282 
-82.4248290085 0.0413985013 0.8732325695 0.5304596217 
-82.4270367564 0.0413933753 0.8732681089 0.5305150593 
-82.4292665864 0.0413881987 0.8733039829 0.5305702367 
-82.4315190963 0.0413829700 0.8733402008 0.5306251495 
-82.4337948999 0.0413776880 0.8733767722 0.5306797934 
-82.4360946266 0.0413723510 0.8734137066 0.5307341639 
-82.4384189222 0.0413669578 0.8734510141 0.5307882563 
-82.4407684492 0.0413615066 0.8734887049 0.5308420661 
-82.4431438872 0.0413559961 0.8735267894 0.5308955886 
-82.4455459332 0.0413504245 0.8735652784 0.5309488191 
-82.4479753025 0.0413447903 0.8736041829 0.5310017526 
-82.4504327284 0.0413390918 0.8736435143 0.5310543843 
-82.4529189635 0.0413333272 0.8736832841 0.5311067092 
-82.4554347793 0.0413274948 0.8737235042 0.5311587223 
-82.4579809675 0.0413215929 0.8737641867 0.5312104184 
-82.4605583397 0.0413156194 0.8738053443 0.5312617924 
-82.4631677288 0.0413095726 0.8738469896 0.5313128388 
-82.4658099884 0.0413034505 0.8738891359 0.5313635524 
-82.4684859944 0.0412972510 0.8739317965 0.5314139277 
-82.4711966450 0.0412909722 0.8739749853 0.5314639592 
-82.4739428610 0.0412846119 0.8740187165 0.5315136413 
-82.4767255871 0.0412781681 0.8740630046 0.5315629681 
-82.4795457919 0.0412716384 0.8741078643 0.5316119340 
-82.4824044685 0.0412650206 0.8741533111 0.5316605330 
-82.4853026355 0.0412583125 0.8741993604 0.5317087592 
-82.4882413372 0.0412515115 0.8742460283 0.5317566065 
-82.4912216446 0.0412446154 0.8742933312 0.5318040687 
-82.4942446557 0.0412376215 0.8743412860 0.5318511395 
-82.4973114965 0.0412305274 0.8743899098 0.5318978126 
-82.5004233213 0.0412233304 0.8744392203 0.5319440815 
-82.5035813139 0.0412160279 0.8744892357 0.5319899396 
-82.5067866879 0.0412086170 0.8745399745 0.5320353803 
-82.5100406876 0.0412010950 0.8745914556 0.5320803967 
-82.5133445886 0.0411934589 0.8746436986 0.5321249819 
-82.5166996990 0.0411857059 0.8746967233 0.5321691291 
-82.5201073598 0.0411778328 0.8747505503 0.5322128309 
-82.5235689457 0.0411698365 0.8748052005 0.5322560803 
-82.5270858661 0.0411617140 0.8748606952 0.5322988698 
-82.5306595659 0.0411534618 0.8749170566 0.5323411920 
-82.5342915266 0.0411450767 0.8749743071 0.5323830393 
-82.5379832667 0.0411365551 0.8750324697 0.5324244039 
-82.5417363429 0.0411278937 0.8750915681 0.5324652780 
-82.5455523512 0.0411190888 0.8751516264 0.5325056537 
-82.5494329277 0.0411101367 0.8752126695 0.5325455228 
-82.5533797493 0.0411010337 0.8752747226 0.5325848771 
-82.5573945354 0.0410917758 0.8753378118 0.5326237082 
-82.5614790482 0.0410823591 0.8754019637 0.5326620076 
-82.5656350944 0.0410727796 0.8754672056 0.5326997666 
-82.5698645258 0.0410630330 0.8755335652 0.5327369764 
-82.5741692407 0.0410531152 0.8756010712 0.5327736281 
-82.5785511849 0.0410430217 0.8756697528 0.5328097126 
-82.5830123530 0.0410327480 0.8757396400 0.5328452206 
-82.5875547895 0.0410222897 0.8758107634 0.5328801427 
-82.5921805901 0.0410116420 0.8758831544 0.5329144694 
-82.5968919030 0.0410008000 0.8759568452 0.5329481909 
-82.6016909301 0.0409897589 0.8760318685 0.5329812972 
-82.6065799284 0.0409785137 0.8761082581 0.5330137785 
-82.6115612114 0.0409670591 0.8761860484 0.5330456243 
-82.6166371502 0.0409553899 0.8762652746 0.5330768243 
-82.6218101756 0.0409435007 0.8763459729 0.5331073680 
-82.6270827787 0.0409313859 0.8764281802 0.5331372445 
-82.6324575133 0.0409190398 0.8765119342 0.5331664429 
-82.6379369968 0.0409064566 0.8765972736 0.5331949521 
-82.6435239120 0.0408936304 0.8766842381 0.5332227607 
-82.6492210088 0.0408805551 0.8767728680 0.5332498572 
-82.6550311058 0.0408672244 0.8768632048 0.5332762299 
-82.6609570920 0.0408536319 0.8769552909 0.5333018669 
-82.6670019286 0.0408397711 0.8770491695 0.5333267560 
-82.6731686510 0.0408256353 0.8771448851 0.5333508849 
-82.6794603701 0.0408112175 0.8772424830 0.5333742410 
-82.6858802748 0.0407965109 0.8773420095 0.5333968116 
-82.6924316336 0.0407815082 0.8774435122 0.5334185837 
-82.6991177968 0.0407662020 0.8775470394 0.5334395441 
-82.7059421983 0.0407505848 0.8776526409 0.5334596793 
-82.7129083582 0.0407346489 0.8777603674 0.5334789757 
-82.7200198842 0.0407183863 0.8778702707 0.5334974193 
-82.7272804745 0.0407017890 0.8779824038 0.5335149960 
-82.7346939200 0.0406848488 0.8780968210 0.5335316914 
-82.7422641061 0.0406675570 0.8782135777 0.5335474908 
-82.7499950157 0.0406499051 0.8783327305 0.5335623793 
-82.7578907316 0.0406318842 0.8784543374 0.5335763418 
-82.7659554386 0.0406134852 0.8785784575 0.5335893628 
-82.7741934265 0.0405946987 0.8787051513 0.5336014265 
-82.7826090928 0.0405755153 0.8788344806 0.5336125171 
-82.7912069451 0.0405559253 0.8789665086 0.5336226183 
-82.7999916044 0.0405359185 0.8791012997 0.5336317134 
-82.8089678073 0.0405154849 0.8792389198 0.5336397856 
-82.8181404100 0.0404946140 0.8793794364 0.5336468178 
-82.8275143901 0.0404732952 0.8795229181 0.5336527926 
-82.8370948510 0.0404515174 0.8796694353 0.5336576920 
-82.8468870242 0.0404292694 0.8798190595 0.5336614982 
-82.8568962730 0.0404065399 0.8799718642 0.5336641925 
-82.8671280959 0.0403833172 0.8801279240 0.5336657563 
-82.8775881302 0.0403595891 0.8802873154 0.5336661705 
-82.8882821551 0.0403353435 0.8804501162 0.5336654155 
-82.8992160963 0.0403105679 0.8806164061 0.5336634715 
-82.9103960288 0.0402852493 0.8807862662 0.5336603184 
-82.9218281816 0.0402593746 0.8809597795 0.5336559356 
-82.9335189415 0.0402329304 0.8811370303 0.5336503019 
-82.9454748569 0.0402059030 0.8813181051 0.5336433961 
-82.9577026426 0.0401782783 0.8815030918 0.5336351963 
-82.9702091838 0.0401500419 0.8816920803 0.5336256802 
-82.9830015408 0.0401211792 0.8818851619 0.5336148250 
-82.9960869537 0.0400916749 0.8820824301 0.5336026076 
-83.0094728470 0.0400615138 0.8822839801 0.5335890041 
-83.0231668345 0.0400306802 0.8824899089 0.5335739904 
-83.0371767247 0.0399991578 0.8827003154 0.5335575415 
-83.0515105256 0.0399669303 0.8829153004 0.5335396321 
-83.0661764504 0.0399339809 0.8831349666 0.5335202362 
-83.0811829228 0.0399002922 0.8833594186 0.5334993270 
-83.0965385830 0.0398658467 0.8835887631 0.5334768771 
-83.1122522933 0.0398306265 0.8838231086 0.5334528584 
-83.1283331441 0.0397946129 0.8840625657 0.5334272419 
-83.1447904605 0.0397577874 0.8843072469 0.5333999977 
-83.1616338084 0.0397201306 0.8845572668 0.5333710950 
-83.1788730014 0.0396816228 0.8848127420 0.5333405018 
-83.1965181075 0.0396422440 0.8850737912 0.5333081852 
-83.2145794560 0.0396019735 0.8853405350 0.5332741107 
-83.2330676452 0.0395607904 0.8856130962 0.5332382426 
-83.2519935495 0.0395186732 0.8858915996 0.5332005435 
-83.2713683276 0.0394755999 0.8861761722 0.5331609742 
-83.2912034300 0.0394315480 0.8864669429 0.5331194934 
-83.3115106077 0.0393864948 0.8867640428 0.5330760574 
-83.3323019207 0.0393404166 0.8870676051 0.5330306201 
-83.3535897466 0.0392932896 0.8873777649 0.5329831319 
-83.3753867902 0.0392450892 0.8876946597 0.5329335398 
-83.3977060925 0.0391957905 0.8880184288 0.5328817866 
-83.4205610408 0.0391453679 0.8883492136 0.5328278100 
-83.4439653789 0.0390937953 0.8886871576 0.5327715420 
-83.4679332173 0.0390410460 0.8890324063 0.5327129076 
-83.4924790445 0.0389870928 0.8893851072 0.5326518234 
-83.5176177383 0.0389319078 0.8897454099 0.5325881961 
-83.5433645772 0.0388754626 0.8901134657 0.5325219204 
-83.5697352534 0.0388177280 0.8904894283 0.5324528766 
-83.5967458847 0.0387586745 0.8908734527 0.5323809269 
-83.6244130287 0.0386982718 0.8912656964 0.5323059124 
-83.6527536962 0.0386364888 0.8916663182 0.5322276470 
-83.6817853660 0.0385732939 0.8920754790 0.5321459123 
-83.7115260000 0.0385086548 0.8924933413 0.5320604492 
-83.7419940600 0.0384425386 0.8929200696 0.5319709479 
-83.7732085240 0.0383749116 0.8933558296 0.5318770359 
-83.8051889050 0.0383057392 0.8938007890 0.5317782622 
-83.8379552698 0.0382349864 0.8942551170 0.5316740765 
-83.8715282600 0.0381626172 0.8947189841 0.5315638042 
-83.9059291141 0.0380885949 0.8951925626 0.5314466136 
-83.9411796919 0.0380128820 0.8956760261 0.5313214739 
-83.9773025009 0.0379354402 0.8961695496 0.5311871017 
-84.0143207253 0.0378562303 0.8966733096 0.5310418934 
-84.0522582586 0.0377752121 0.8971874842 0.5308838375 
-84.0911397400 0.0376923446 0.8977122528 0.5307104053 
-84.1309905959 0.0376075857 0.8982477964 0.5305184127 
-84.1718370872 0.0375208924 0.8987942978 0.5303038500 
-84.2137063641 0.0374322204 0.8993519418 0.5300616790 
-84.2566265305 0.0373415243 0.8999209153 0.5297855989 
-84.3006267188 0.0372487573 0.9005014080 0.5294677800 
-84.3457371776 0.0371538711 0.9010936126 0.5290984677 
-84.3919893727 0.0370568160 0.9016977256 0.5286652773 
-84.4394161988 0.0369575401 0.9023139495 0.5281621158 
-84.4880526218 0.0368559882 0.9029425003 0.5276518224 
-84.5379347155 0.0367521041 0.9035835935 0.5272192175 
-84.5890981386 0.0366458336 0.9042374228 0.5268796070 
-84.5932202990 0.0366372836 0.9042901092 0.5268588339 
