-81.9313953702 0.0425594312 0.8648595045 0.5091756008 
-81.9313907600 0.0425594422 0.8648594167 0.5091615924 
-81.9313817221 0.0425594638 0.8648592444 0.5091333077 
-81.9313686256 0.0425594951 0.8648589941 0.5090902807 
-81.9313520338 0.0425595346 0.8648586762 0.5090319795 
-81.9313327137 0.0425595807 0.8648583044 0.5089579882 
-81.9313114657 0.0425596315 0.8648578932 0.5088496006 
-81.9312903256 0.0425596819 0.8648574792 0.5087697093 
-81.9312701492 0.0425597301 0.8648570780 0.5086973337 
-81.9312518807 0.0425597737 0.8648567065 0.5086311849 
-81.9312363853 0.0425598107 0.8648563803 0.5085703099 
-81.9312244626 0.0425598393 0.8648561138 0.5085140097 
-81.9312168550 0.0425598575 0.8648559205 0.5084617708 
-81.9312142550 0.0425598638 0.8648558127 0.5084132123 
-81.9312173101 0.0425598566 0.8648558021 0.5083680465 
-81.9312266268 0.0425598345 0.8648558997 0.5083260501 
-81.9312427742 0.0425597962 0.8648561156 0.5082870454 
-81.9312662860 0.0425597403 0.8648564595 0.5082508861 
-81.9312976628 0.0425596656 0.8648569404 0.5082174480 
-81.9313373745 0.0425595711 0.8648575667 0.5081866232 
-81.9313858614 0.0425594557 0.8648583463 0.5081583154 
-81.9314435361 0.0425593184 0.8648592866 0.5081324368 
-81.9315107847 0.0425591582 0.8648603946 0.5081089065 
-81.9315879683 0.0425589744 0.8648616767 0.5080876489 
-81.9316754240 0.0425587662 0.8648631389 0.5080685923 
-81.9317734663 0.0425585326 0.8648647869 0.5080516687 
-81.9318823879 0.0425582732 0.8648666260 0.5080368133 
-81.9320024611 0.0425579872 0.8648686610 0.5080239641 
-81.9321339385 0.0425576740 0.8648708964 0.5080130615 
-81.9322770541 0.0425573331 0.8648733363 0.5080040485 
-81.9324320240 0.0425569639 0.8648759847 0.5079968704 
-81.9325990475 0.0425565660 0.8648788451 0.5079914746 
-81.9327783080 0.0425561390 0.8648819208 0.5079878106 
-81.9329699734 0.0425556824 0.8648852146 0.5079858299 
-81.9331741970 0.0425551958 0.8648887294 0.5079854859 
-81.9333911185 0.0425546790 0.8648924676 0.5079867336 
-81.9336208644 0.0425541317 0.8648964315 0.5079895299 
-81.9338635485 0.0425535535 0.8649006230 0.5079938332 
-81.9341192730 0.0425529443 0.8649050439 0.5079996036 
-81.9343881287 0.0425523038 0.8649096959 0.5080068026 
-81.9346701956 0.0425516318 0.8649145803 0.5080153931 
-81.9349655437 0.0425509282 0.8649196983 0.5080253395 
-81.9352742332 0.0425501928 0.8649250509 0.5080366073 
-81.9355963152 0.0425494255 0.8649306391 0.5080491635 
-81.9359318321 0.0425486262 0.8649364635 0.5080629760 
-81.9362808181 0.0425477948 0.8649425246 0.5080780142 
-81.9366432994 0.0425469313 0.8649488230 0.5080942483 
-81.9370192952 0.0425460356 0.8649553589 0.5081116498 
-81.9374088172 0.0425451077 0.8649621324 0.5081301910 
-81.9378118707 0.0425441476 0.8649691437 0.5081498452 
-81.9382284549 0.0425431553 0.8649763925 0.5081705868 
-81.9386585627 0.0425421307 0.8649838787 0.5081923909 
-81.9391021815 0.0425410740 0.8649916021 0.5082152336 
-81.9395592937 0.0425399852 0.8649995623 0.5082390916 
-81.9400298762 0.0425388643 0.8650077587 0.5082639428 
-81.9405139016 0.0425377115 0.8650161909 0.5082897653 
-81.9410113378 0.0425365267 0.8650248581 0.5083165384 
-81.9415221485 0.0425353100 0.8650337598 0.5083442419 
-81.9420462937 0.0425340617 0.8650428950 0.5083728562 
-81.9425837295 0.0425327817 0.8650522630 0.5084023625 
-81.9431344084 0.0425314702 0.8650618627 0.5084327425 
-81.9436982799 0.0425301274 0.8650716934 0.5084639784 
-81.9442752903 0.0425287533 0.8650817538 0.5084960533 
-81.9448653829 0.0425273480 0.8650920430 0.5085289505 
-81.9454684987 0.0425259118 0.8651025597 0.5085626539 
-81.9460845757 0.0425244448 0.8651133029 0.5085971481 
-81.9467135500 0.0425229471 0.8651242713 0.5086324179 
-81.9473553552 0.0425214190 0.8651354636 0.5086684489 
-81.9480099231 0.0425198604 0.8651468786 0.5087052267 
-81.9486771836 0.0425182717 0.8651585149 0.5087427378 
-81.9493570647 0.0425166530 0.8651703711 0.5087809687 
-81.9500494931 0.0425150045 0.8651824458 0.5088199066 
-81.9507543938 0.0425133264 0.8651947378 0.5088595390 
-81.9514716904 0.0425116188 0.8652072454 0.5088998536 
-81.9522013057 0.0425098820 0.8652199672 0.5089408388 
-81.9529431609 0.0425081160 0.8652329018 0.5089824829 
-81.9536971764 0.0425063213 0.8652460476 0.5090247749 
-81.9544632717 0.0425044978 0.8652594032 0.5090677040 
-81.9552413655 0.0425026458 0.8652729669 0.5091112595 
-81.9560313758 0.0425007656 0.8652867373 0.5091554314 
-81.9568332198 0.0424988572 0.8653007127 0.5092002097 
-81.9576468145 0.0424969210 0.8653148916 0.5092455846 
-81.9584720762 0.0424949571 0.8653292725 0.5092915468 
-81.9593089207 0.0424929657 0.8653438537 0.5093380871 
-81.9601572638 0.0424909470 0.8653586336 0.5093851966 
-81.9610170208 0.0424889013 0.8653736107 0.5094328667 
-81.9618881070 0.0424868287 0.8653887833 0.5094810888 
-81.9627704375 0.0424847295 0.8654041499 0.5095298548 
-81.9636639273 0.0424826038 0.8654197088 0.5095791567 
-81.9645684915 0.0424804518 0.8654354584 0.5096289867 
-81.9654840452 0.0424782738 0.8654513972 0.5096793370 
-81.9664105038 0.0424760700 0.8654675234 0.5097302004 
-81.9673477826 0.0424738406 0.8654838356 0.5097815697 
-81.9682957971 0.0424715857 0.8655003321 0.5098334376 
-81.9692544634 0.0424693056 0.8655170113 0.5098857975 
-81.9702236976 0.0424670005 0.8655338716 0.5099386426 
-81.9712034161 0.0424646705 0.8655509115 0.5099919662 
-81.9721935360 0.0424623160 0.8655681293 0.5100457622 
-81.9731939745 0.0424599370 0.8655855235 0.5101000242 
-81.9742046494 0.0424575338 0.8656030926 0.5101547461 
-81.9752254791 0.0424551066 0.8656208349 0.5102099221 
-81.9762563822 0.0424526556 0.8656387490 0.5102655463 
-81.9772972782 0.0424501810 0.8656568333 0.5103216131 
-81.9783480869 0.0424476829 0.8656750862 0.5103781169 
-81.9794087290 0.0424451616 0.8656935062 0.5104350525 
-81.9804791257 0.0424426173 0.8657120919 0.5104924144 
-81.9815591987 0.0424400501 0.8657308418 0.5105501976 
-81.9826488707 0.0424374602 0.8657497543 0.5106083970 
-81.9837480649 0.0424348478 0.8657688279 0.5106670077 
-81.9848567053 0.0424322132 0.8657880613 0.5107260250 
-81.9859747167 0.0424295564 0.8658074530 0.5107854442 
-81.9871020247 0.0424268777 0.8658270015 0.5108452606 
-81.9882385556 0.0424241773 0.8658467054 0.5109054698 
-81.9893842366 0.0424214552 0.8658665633 0.5109660674 
-81.9905389957 0.0424187118 0.8658865739 0.5110270492 
-81.9917027619 0.0424159471 0.8659067356 0.5110884110 
-81.9928754647 0.0424131614 0.8659270473 0.5111501487 
-81.9940570350 0.0424103548 0.8659475074 0.5112122584 
-81.9952474043 0.0424075275 0.8659681148 0.5112747361 
-81.9964465049 0.0424046796 0.8659888680 0.5113375781 
-81.9976542705 0.0424018113 0.8660097658 0.5114007806 
-81.9988706353 0.0423989228 0.8660308068 0.5114643400 
-82.0000955346 0.0423960142 0.8660519899 0.5115282528 
-82.0013289049 0.0423930857 0.8660733137 0.5115925155 
-82.0025706834 0.0423901374 0.8660947770 0.5116571248 
-82.0038208084 0.0423871694 0.8661163786 0.5117220773 
-82.0050792192 0.0423841821 0.8661381173 0.5117873699 
-82.0063458563 0.0423811753 0.8661599918 0.5118529994 
-82.0076206610 0.0423781494 0.8661820011 0.5119189627 
-82.0089035758 0.0423751045 0.8662041439 0.5119852569 
-82.0101945442 0.0423720406 0.8662264192 0.5120518791 
-82.0114935108 0.0423689580 0.8662488258 0.5121188264 
-82.0128004213 0.0423658568 0.8662713626 0.5121860960 
-82.0141152225 0.0423627370 0.8662940285 0.5122536854 
-82.0154378622 0.0423595988 0.8663168224 0.5123215917 
-82.0167682895 0.0423564424 0.8663397434 0.5123898126 
-82.0181064544 0.0423532679 0.8663627903 0.5124583455 
-82.0194523083 0.0423500754 0.8663859622 0.5125271880 
-82.0208058036 0.0423468649 0.8664092581 0.5125963377 
-82.0221668937 0.0423436367 0.8664326770 0.5126657924 
-82.0235355335 0.0423403908 0.8664562179 0.5127355499 
-82.0249116788 0.0423371273 0.8664798800 0.5128056080 
-82.0262952867 0.0423338464 0.8665036622 0.5128759646 
-82.0276863154 0.0423305482 0.8665275638 0.5129466178 
-82.0290847246 0.0423272327 0.8665515837 0.5130175655 
-82.0304904748 0.0423239000 0.8665757213 0.5130888059 
-82.0319035280 0.0423205502 0.8665999756 0.5131603371 
-82.0333238472 0.0423171835 0.8666243458 0.5132321574 
-82.0347513970 0.0423138000 0.8666488311 0.5133042652 
-82.0361861429 0.0423103996 0.8666734307 0.5133766586 
-82.0376280519 0.0423069825 0.8666981439 0.5134493363 
-82.0390770920 0.0423035487 0.8667229700 0.5135222966 
-82.0405332327 0.0423000984 0.8667479081 0.5135955381 
-82.0419964449 0.0422966317 0.8667729577 0.5136690594 
-82.0434667004 0.0422931485 0.8667981181 0.5137428592 
-82.0449439727 0.0422896489 0.8668233885 0.5138169362 
-82.0464282364 0.0422861331 0.8668487684 0.5138912893 
-82.0479194675 0.0422826011 0.8668742572 0.5139659172 
-82.0494176433 0.0422790528 0.8668998542 0.5140408189 
-82.0509227426 0.0422754885 0.8669255589 0.5141159933 
-82.0524347454 0.0422719081 0.8669513708 0.5141914396 
-82.0539536331 0.0422683117 0.8669772892 0.5142671567 
-82.0554793886 0.0422646994 0.8670033138 0.5143431438 
-82.0570119960 0.0422610711 0.8670294440 0.5144194003 
-82.0585514409 0.0422574269 0.8670556794 0.5144959252 
-82.0600977105 0.0422537669 0.8670820195 0.5145727181 
-82.0616507931 0.0422500910 0.8671084639 0.5146497782 
-82.0632106788 0.0422463994 0.8671350122 0.5147271051 
-82.0647773588 0.0422426920 0.8671616641 0.5148046982 
-82.0663508261 0.0422389688 0.8671884192 0.5148825572 
-82.0679310749 0.0422352299 0.8672152772 0.5149606817 
-82.0695181011 0.0422314753 0.8672422378 0.5150390713 
-82.0711119020 0.0422277050 0.8672693007 0.5151177260 
-82.0727124765 0.0422239190 0.8672964656 0.5151966455 
-82.0743198250 0.0422201173 0.8673237323 0.5152758297 
-82.0759339493 0.0422162999 0.8673511007 0.5153552785 
-82.0775548532 0.0422124668 0.8673785706 0.5154349921 
-82.0791825415 0.0422086180 0.8674061417 0.5155149704 
-82.0808170211 0.0422047535 0.8674338140 0.5155952136 
-82.0824583002 0.0422008732 0.8674615873 0.5156757220 
-82.0841063888 0.0421969772 0.8674894616 0.5157564958 
-82.0857612985 0.0421930654 0.8675174369 0.5158375354 
-82.0874230424 0.0421891378 0.8675455130 0.5159188411 
-82.0890916354 0.0421851943 0.8675736900 0.5160004135 
-82.0907670943 0.0421812350 0.8676019680 0.5160822531 
-82.0924494372 0.0421772598 0.8676303469 0.5161643605 
-82.0941386842 0.0421732686 0.8676588269 0.5162467363 
-82.0958348572 0.0421692615 0.8676874081 0.5163293814 
-82.0975379796 0.0421652383 0.8677160905 0.5164122965 
-82.0992480767 0.0421611989 0.8677448744 0.5164954825 
-82.1009651757 0.0421571435 0.8677737600 0.5165789404 
-82.1026893055 0.0421530718 0.8678027474 0.5166626712 
-82.1044204970 0.0421489837 0.8678318369 0.5167466759 
-82.1061587826 0.0421448794 0.8678610288 0.5168309558 
-82.1079041970 0.0421407586 0.8678903233 0.5169155121 
-82.1096567766 0.0421366212 0.8679197209 0.5170003460 
-82.1114165596 0.0421324672 0.8679492219 0.5170854590 
-82.1131835863 0.0421282966 0.8679788267 0.5171708525 
-82.1149578990 0.0421241091 0.8680085356 0.5172565281 
-82.1167395418 0.0421199048 0.8680383492 0.5173424873 
-82.1185285610 0.0421156834 0.8680682680 0.5174287319 
-82.1203250049 0.0421114450 0.8680982924 0.5175152636 
-82.1221289236 0.0421071893 0.8681284230 0.5176020842 
-82.1239403696 0.0421029162 0.8681586604 0.5176891956 
-82.1257593972 0.0420986258 0.8681890052 0.5177765999 
-82.1275860632 0.0420943177 0.8682194581 0.5178642991 
-82.1294204261 0.0420899919 0.8682500197 0.5179522953 
-82.1312625469 0.0420856482 0.8682806908 0.5180405909 
-82.1331124887 0.0420812865 0.8683114721 0.5181291881 
-82.1349703167 0.0420769067 0.8683423643 0.5182180893 
-82.1368360986 0.0420725085 0.8683733684 0.5183072970 
-82.1387099040 0.0420680919 0.8684044851 0.5183968138 
-82.1405918051 0.0420636567 0.8684357154 0.5184866424 
-82.1424818764 0.0420592026 0.8684670601 0.5185767855 
-82.1443801946 0.0420547296 0.8684985203 0.5186672459 
-82.1462868389 0.0420502374 0.8685300970 0.5187580266 
-82.1482018908 0.0420457259 0.8685617911 0.5188491305 
-82.1501254345 0.0420411948 0.8685936038 0.5189405609 
-82.1520575562 0.0420366441 0.8686255361 0.5190323208 
-82.1539983450 0.0420320733 0.8686575893 0.5191244137 
-82.1559478924 0.0420274825 0.8686897646 0.5192168428 
-82.1579062924 0.0420228712 0.8687220631 0.5193096117 
-82.1598736416 0.0420182394 0.8687544861 0.5194027239 
-82.1618500392 0.0420135868 0.8687870350 0.5194961832 
-82.1638355872 0.0420089131 0.8688197111 0.5195899933 
-82.1658303900 0.0420042182 0.8688525158 0.5196841581 
-82.1678345549 0.0419995017 0.8688854506 0.5197786817 
-82.1698481919 0.0419947635 0.8689185169 0.5198735680 
-82.1718714138 0.0419900032 0.8689517163 0.5199688213 
-82.1739043361 0.0419852206 0.8689850503 0.5200644460 
-82.1759470773 0.0419804154 0.8690185207 0.5201604463 
-82.1779997586 0.0419755874 0.8690521289 0.5202568269 
-82.1800625041 0.0419707363 0.8690858768 0.5203535923 
-82.1821354412 0.0419658617 0.8691197662 0.5204507474 
-82.1842186997 0.0419609634 0.8691537987 0.5205482969 
-82.1863124129 0.0419560411 0.8691879763 0.5206462459 
-82.1884167168 0.0419510944 0.8692223009 0.5207445994 
-82.1905317508 0.0419461231 0.8692567743 0.5208433627 
-82.1926576571 0.0419411268 0.8692913987 0.5209425410 
-82.1947945814 0.0419361052 0.8693261761 0.5210421399 
-82.1969426722 0.0419310579 0.8693611086 0.5211421649 
-82.1991020815 0.0419259846 0.8693961982 0.5212426217 
-82.2012729645 0.0419208850 0.8694314473 0.5213435161 
-82.2034554798 0.0419157586 0.8694668581 0.5214448541 
-82.2056497890 0.0419106051 0.8695024329 0.5215466418 
-82.2078560576 0.0419054241 0.8695381741 0.5216488854 
-82.2100744540 0.0419002153 0.8695740840 0.5217515912 
-82.2123051505 0.0418949782 0.8696101652 0.5218547657 
-82.2145483226 0.0418897125 0.8696464202 0.5219584156 
-82.2168041495 0.0418844177 0.8696828516 0.5220625475 
-82.2190728138 0.0418790934 0.8697194620 0.5221671685 
-82.2213545020 0.0418737392 0.8697562541 0.5222722855 
-82.2236494041 0.0418683546 0.8697932308 0.5223779057 
-82.2259577138 0.0418629393 0.8698303947 0.5224840365 
-82.2282796285 0.0418574927 0.8698677489 0.5225906853 
-82.2306153495 0.0418520144 0.8699052962 0.5226978597 
-82.2329650819 0.0418465039 0.8699430396 0.5228055677 
-82.2353290346 0.0418409608 0.8699809823 0.5229138170 
-82.2377074206 0.0418353845 0.8700191273 0.5230226159 
-82.2401004566 0.0418297746 0.8700574778 0.5231319724 
-82.2425083636 0.0418241306 0.8700960372 0.5232418952 
-82.2449313664 0.0418184519 0.8701348087 0.5233523926 
-82.2473696939 0.0418127380 0.8701737957 0.5234634736 
-82.2498235794 0.0418069885 0.8702130017 0.5235751469 
-82.2522932601 0.0418012026 0.8702524301 0.5236874217 
-82.2547789775 0.0417953800 0.8702920847 0.5238003071 
-82.2572809776 0.0417895200 0.8703319690 0.5239138128 
-82.2597995103 0.0417836220 0.8703720869 0.5240279481 
-82.2623348303 0.0417776856 0.8704124420 0.5241427230 
-82.2648871963 0.0417717100 0.8704530382 0.5242581473 
-82.2674568719 0.0417656947 0.8704938796 0.5243742312 
-82.2700441248 0.0417596391 0.8705349701 0.5244909851 
-82.2726492275 0.0417535425 0.8705763138 0.5246084194 
-82.2752724570 0.0417474044 0.8706179149 0.5247265448 
-82.2779140950 0.0417412241 0.8706597776 0.5248453723 
-82.2805744278 0.0417350009 0.8707019062 0.5249649128 
-82.2832537467 0.0417287341 0.8707443052 0.5250851778 
-82.2859523475 0.0417224232 0.8707869790 0.5252061787 
-82.2886705309 0.0417160673 0.8708299321 0.5253279271 
-82.2914086027 0.0417096659 0.8708731692 0.5254504350 
-82.2941668733 0.0417032182 0.8709166950 0.5255737145 
-82.2969456585 0.0416967235 0.8709605143 0.5256977778 
-82.2997452788 0.0416901810 0.8710046318 0.5258226374 
-82.3025660599 0.0416835901 0.8710490527 0.5259483062 
-82.3054083327 0.0416769499 0.8710937819 0.5260747970 
-82.3082724332 0.0416702597 0.8711388245 0.5262021230 
-82.3111587028 0.0416635188 0.8711841858 0.5263302975 
-82.3140674880 0.0416567263 0.8712298709 0.5264593343 
-82.3169991407 0.0416498814 0.8712758854 0.5265892470 
-82.3199540184 0.0416429834 0.8713222345 0.5267200498 
-82.3229324837 0.0416360314 0.8713689240 0.5268517570 
-82.3259349050 0.0416290246 0.8714159594 0.5269843830 
-82.3289616561 0.0416219621 0.8714633464 0.5271179426 
-82.3320131165 0.0416148430 0.8715110908 0.5272524509 
-82.3350896712 0.0416076666 0.8715591986 0.5273879229 
-82.3381917112 0.0416004319 0.8716076757 0.5275243743 
-82.3413196331 0.0415931380 0.8716565281 0.5276618206 
-82.3444738392 0.0415857840 0.8717057622 0.5278002779 
-82.3476547378 0.0415783690 0.8717553841 0.5279397623 
-82.3508627433 0.0415708921 0.8718054002 0.5280802904 
-82.3540982759 0.0415633522 0.8718558169 0.5282218787 
-82.3573617618 0.0415557485 0.8719066408 0.5283645443 
-82.3606536336 0.0415480800 0.8719578786 0.5285083043 
-82.3639743296 0.0415403457 0.8720095369 0.5286531762 
-82.3673242948 0.0415325445 0.8720616226 0.5287991778 
-82.3707039801 0.0415246755 0.8721141427 0.5289463269 
-82.3741138430 0.0415167376 0.8721671041 0.5290946419 
-82.3775543473 0.0415087298 0.8722205141 0.5292441411 
-82.3810259633 0.0415006510 0.8722743797 0.5293948435 
-82.3845291677 0.0414925002 0.8723287084 0.5295467679 
-82.3880644439 0.0414842762 0.8723835076 0.5296999337 
-82.3916322819 0.0414759781 0.8724387848 0.5298543603 
-82.3952331784 0.0414676046 0.8724945477 0.5300100677 
-82.3988676371 0.0414591546 0.8725508039 0.5301670759 
-82.4025361681 0.0414506270 0.8726075614 0.5303254051 
-82.4062392888 0.0414420207 0.8726648280 0.5304850761 
-82.4099775233 0.0414333344 0.8727226118 0.5306461097 
-82.4137514030 0.0414245670 0.8727809210 0.5308085269 
-82.4175614663 0.0414157172 0.8728397638 0.5309723492 
-82.4214082587 0.0414067839 0.8728991486 0.5311375983 
-82.4252923331 0.0413977658 0.8729590839 0.5313042959 
-82.4292142496 0.0413886617 0.8730195782 0.5314724644 
-82.4331745759 0.0413794703 0.8730806403 0.5316421262 
-82.4371738872 0.0413701903 0.8731422789 0.5318133038 
-82.4412127659 0.0413608204 0.8732045029 0.5319860202 
-82.4452918026 0.0413513593 0.8732673214 0.5321602987 
-82.4494115952 0.0413418058 0.8733307434 0.5323361626 
-82.4535727497 0.0413321583 0.8733947783 0.5325136356 
-82.4577758799 0.0413224156 0.8734594354 0.5326927416 
-82.4620216078 0.0413125764 0.8735247242 0.5328735047 
-82.4663105632 0.0413026391 0.8735906542 0.5330559493 
-82.4706433843 0.0412926024 0.8736572351 0.5332400999 
-82.4750207177 0.0412824649 0.8737244768 0.5334259815 
-82.4794432182 0.0412722251 0.8737923892 0.5336136189 
-82.4839115493 0.0412618815 0.8738609822 0.5338030374 
-82.4884263832 0.0412514327 0.8739302662 0.5339942624 
-82.4929884007 0.0412408771 0.8740002514 0.5341873195 
-82.4975982914 0.0412302133 0.8740709481 0.5343822344 
-82.5022567543 0.0412194397 0.8741423670 0.5345790331 
-82.5069644972 0.0412085548 0.8742145186 0.5347777417 
-82.5117222374 0.0411975569 0.8742874137 0.5349783864 
-82.5165307014 0.0411864445 0.8743610633 0.5351809935 
-82.5213906254 0.0411752159 0.8744354783 0.5353855897 
-82.5263027555 0.0411638696 0.8745106699 0.5355922014 
-82.5312678475 0.0411524038 0.8745866494 0.5358008554 
-82.5362866673 0.0411408170 0.8746634282 0.5360115784 
-82.5413599911 0.0411291073 0.8747410178 0.5362243972 
-82.5464886055 0.0411172732 0.8748194298 0.5364393388 
-82.5516733077 0.0411053127 0.8748986762 0.5366564300 
-82.5569149060 0.0410932243 0.8749787688 0.5368756976 
-82.5622142194 0.0410810061 0.8750597198 0.5370971686 
-82.5675720784 0.0410686562 0.8751415412 0.5373208699 
-82.5729893250 0.0410561729 0.8752242456 0.5375468281 
-82.5784668129 0.0410435544 0.8753078454 0.5377750699 
-82.5840054079 0.0410307986 0.8753923533 0.5380056220 
-82.5896059881 0.0410179039 0.8754777820 0.5382385107 
-82.5952694442 0.0410048681 0.8755641446 0.5384737623 
-82.6009966798 0.0409916893 0.8756514541 0.5387114028 
-82.6067886116 0.0409783657 0.8757397238 0.5389514580 
-82.6126461701 0.0409648951 0.8758289672 0.5391939535 
-82.6185702996 0.0409512755 0.8759191978 0.5394389144 
-82.6245619586 0.0409375049 0.8760104294 0.5396863657 
-82.6306221204 0.0409235812 0.8761026760 0.5399363319 
-82.6367517733 0.0409095022 0.8761959517 0.5401888369 
-82.6429519212 0.0408952659 0.8762902708 0.5404439045 
-82.6492235841 0.0408808699 0.8763856477 0.5407015575 
-82.6555677981 0.0408663121 0.8764820972 0.5409618187 
-82.6619856166 0.0408515903 0.8765796341 0.5412247098 
-82.6684781105 0.0408367021 0.8766782735 0.5414902520 
-82.6750463685 0.0408216453 0.8767780307 0.5417584658 
-82.6816914984 0.0408064174 0.8768789212 0.5420293709 
-82.6884146269 0.0407910161 0.8769809608 0.5423029862 
-82.6952169009 0.0407754389 0.8770841654 0.5425793295 
-82.7020994877 0.0407596833 0.8771885512 0.5428584179 
-82.7090635764 0.0407437469 0.8772941347 0.5431402673 
-82.7161103779 0.0407276270 0.8774009325 0.5434248923 
-82.7232411261 0.0407113210 0.8775089617 0.5437123067 
-82.7304570790 0.0406948263 0.8776182395 0.5440025228 
-82.7377595190 0.0406781402 0.8777287834 0.5442955515 
-82.7451497544 0.0406612598 0.8778406112 0.5445914023 
-82.7526291201 0.0406441824 0.8779537411 0.5448900833 
-82.7601989788 0.0406269051 0.8780681916 0.5451916008 
-82.7678607219 0.0406094250 0.8781839814 0.5454959596 
-82.7756157711 0.0405917390 0.8783011298 0.5458031625 
-82.7834655790 0.0405738441 0.8784196561 0.5461132105 
-82.7914116311 0.0405557372 0.8785395804 0.5464261025 
-82.7994554467 0.0405374152 0.8786609228 0.5467418354 
-82.8075985803 0.0405188746 0.8787837042 0.5470604039 
-82.8158426234 0.0405001123 0.8789079456 0.5473818000 
-82.8241892061 0.0404811247 0.8790336686 0.5477060138 
-82.8326399984 0.0404619084 0.8791608953 0.5480330323 
-82.8411967124 0.0404424599 0.8792896483 0.5483628401 
-82.8498611039 0.0404227753 0.8794199507 0.5486954190 
-82.8586349742 0.0404028510 0.8795518260 0.5490307475 
-82.8675201726 0.0403826832 0.8796852984 0.5493688015 
-82.8765185983 0.0403622678 0.8798203929 0.5497095532 
-82.8856322025 0.0403416008 0.8799571346 0.5500529718 
-82.8948629911 0.0403206780 0.8800955498 0.5503990227 
-82.9042130270 0.0402994951 0.8802356652 0.5507476680 
-82.9136844326 0.0402780477 0.8803775082 0.5510988657 
-82.9232793929 0.0402563312 0.8805211070 0.5514525700 
-82.9330001581 0.0402343410 0.8806664907 0.5518087311 
-82.9428490468 0.0402120723 0.8808136891 0.5521672949 
-82.9528284490 0.0401895202 0.8809627329 0.5525282031 
-82.9629408295 0.0401666794 0.8811136536 0.5528913926 
-82.9731887315 0.0401435447 0.8812664838 0.5532567960 
-82.9835747802 0.0401201107 0.8814212572 0.5536243410 
-82.9941016864 0.0400963718 0.8815780081 0.5539939505 
-83.0047722509 0.0400723222 0.8817367724 0.5543655423 
-83.0155893684 0.0400479559 0.8818975869 0.5547390290 
-83.0265560321 0.0400232667 0.8820604895 0.5551143182 
-83.0376753379 0.0399982482 0.8822255195 0.5554913120 
-83.0489504899 0.0399728938 0.8823927175 0.5558699071 
-83.0603848047 0.0399471967 0.8825621255 0.5562499947 
-83.0719817169 0.0399211498 0.8827337868 0.5566314604 
-83.0837447849 0.0398947457 0.8829077463 0.5570141844 
-83.0956776959 0.0398679769 0.8830840504 0.5573980409 
-83.1077842726 0.0398408355 0.8832627473 0.5577828988 
-83.1200684790 0.0398133133 0.8834438868 0.5581686211 
-83.1325344266 0.0397854020 0.8836275203 0.5585550654 
-83.1451863819 0.0397570926 0.8838137015 0.5589420836 
-83.1580287727 0.0397283762 0.8840024856 0.5593295223 
-83.1710661956 0.0396992434 0.8841939301 0.5597172226 
-83.1843034237 0.0396696843 0.8843880945 0.5601050207 
-83.1977454143 0.0396396887 0.8845850405 0.5604927476 
-83.2113973172 0.0396092463 0.8847848322 0.5608802297 
-83.2252644828 0.0395783460 0.8849875359 0.5612672889 
-83.2393524716 0.0395469765 0.8851932207 0.5616537429 
-83.2536670624 0.0395151260 0.8854019578 0.5620394059 
-83.2682142623 0.0394827822 0.8856138214 0.5624240885 
-83.2830003162 0.0394499325 0.8858288885 0.5628075982 
-83.2980317170 0.0394165637 0.8860472389 0.5631897406 
-83.3133152158 0.0393826620 0.8862689552 0.5635703190 
-83.3288578327 0.0393482133 0.8864941234 0.5639491357 
-83.3446668677 0.0393132026 0.8867228325 0.5643259922 
-83.3607499125 0.0392776147 0.8869551749 0.5647006900 
-83.3771148617 0.0392414337 0.8871912463 0.5650730317 
-83.3937699250 0.0392046429 0.8874311460 0.5654428212 
-83.4107236399 0.0391672253 0.8876749770 0.5658098646 
-83.4279848840 0.0391291628 0.8879228458 0.5661739714 
-83.4455628884 0.0390904371 0.8881748630 0.5665349547 
-83.4634672509 0.0390510289 0.8884311431 0.5668926328 
-83.4817079500 0.0390109182 0.8886918045 0.5672468292 
-83.5002953586 0.0389700844 0.8889569701 0.5675973741 
-83.5192402589 0.0389285059 0.8892267667 0.5679441048 
-83.5385538569 0.0388861605 0.8895013256 0.5682868666 
-83.5582477980 0.0388430252 0.8897807829 0.5686255136 
-83.5783341819 0.0387990759 0.8900652787 0.5689599092 
-83.5988255789 0.0387542879 0.8903549583 0.5692899271 
-83.6197350463 0.0387086354 0.8906499714 0.5696154513 
-83.6410761450 0.0386620920 0.8909504727 0.5699363771 
-83.6628629562 0.0386146299 0.8912566218 0.5702526110 
-83.6851100998 0.0385662206 0.8915685834 0.5705640715 
-83.7078327515 0.0385168347 0.8918865270 0.5708706890 
-83.7310466618 0.0384664416 0.8922106276 0.5711724059 
-83.7547681749 0.0384150096 0.8925410651 0.5714691766 
-83.7790142480 0.0383625061 0.8928780249 0.5717609676 
-83.8038024715 0.0383088973 0.8932216975 0.5720477572 
-83.8291510898 0.0382541483 0.8935722789 0.5723295350 
-83.8550790221 0.0381982230 0.8939299704 0.5726063016 
-83.8816058850 0.0381410842 0.8942949787 0.5728780685 
-83.9087520147 0.0380826935 0.8946675161 0.5731448568 
-83.9365384908 0.0380230112 0.8950478002 0.5734066972 
-83.9649871603 0.0379619963 0.8954360539 0.5736636291 
-83.9941206632 0.0378996066 0.8958325059 0.5739156993 
-84.0239624580 0.0378357986 0.8962373900 0.5741629619 
-84.0545368497 0.0377705273 0.8966509456 0.5744054769 
-84.0858690171 0.0377037466 0.8970734173 0.5746433091 
-84.1179850430 0.0376354087 0.8975050550 0.5748765270 
-84.1509119440 0.0375654645 0.8979461141 0.5751052018 
-84.1846777032 0.0374938635 0.8983968548 0.5753294053 
-84.2193113029 0.0374205535 0.8988575428 0.5755492088 
-84.2548427596 0.0373454812 0.8993284483 0.5757646808 
-84.2913031604 0.0372685912 0.8998098468 0.5759758846 
-84.3287247012 0.0371898269 0.9003020183 0.5761828754 
-84.3671407264 0.0371091299 0.9008052475 0.5763856965 
-84.4065857710 0.0370264403 0.9013198234 0.5765843748 
-84.4470956046 0.0369416964 0.9018460393 0.5767789145 
-84.4887072778 0.0368548347 0.9023841926 0.5769692901 
-84.5314591711 0.0367657902 0.9029345845 0.5771554359 
-84.5753910465 0.0366744959 0.9034975196 0.5773372334 
-84.6205441026 0.0365808829 0.9040733061 0.5775144947 
-84.6669610329 0.0364848808 0.9046622550 0.5776869407 
-84.7146860878 0.0363864168 0.9052646804 0.5778541727 
-84.7637651417 0.0362854166 0.9058808985 0.5780156353 
-84.8142457647 0.0361818035 0.9065112278 0.5781705683 
-84.8661773010 0.0360754989 0.9071559888 0.5783179433 
-84.9196109536 0.0359664221 0.9078155032 0.5784563822 
-84.9745998787 0.0358544902 0.9084900943 0.5785840514 
-85.0311992895 0.0357396179 0.9091800860 0.5786985270 
-85.0894665728 0.0356217176 0.9098858034 0.5787966253 
-85.1494614213 0.0355006993 0.9106075717 0.5788741985 
-85.2112459839 0.0353764701 0.9113457170 0.5789259054 
-85.2748850395 0.0352489344 0.9121005658 0.5789449960 
-85.3404461974 0.0351179936 0.9128724455 0.5789232123 
-85.4080001280 0.0349835458 0.9136616847 0.5788509821 
-85.4776208198 0.0348454854 0.9144686137 0.5787178261 
-85.5493859673 0.0347037027 0.9152935664 0.5785230972 
-85.6233784525 0.0345580815 0.9161368947 0.5783990244 
-85.6996829478 0.0344085054 0.9169989239 0.5784837434 
-85.7783820414 0.0342548664 0.9178799051 0.5787496198 
-85.7813853070 0.0342490156 0.9179135364 0.5787463273 
