-82.8063691574 0.0405224367 0.8787254566 0.5054068672 
-82.8070987371 0.0405207759 0.8787367612 0.5053905067 
-82.8085586687 0.0405174526 0.8787593800 0.5053575138 
-82.8107505010 0.0405124637 0.8787933324 0.5053074140 
-82.8136765676 0.0405058045 0.8788386476 0.5052396607 
-82.8173399977 0.0404974687 0.8788953646 0.5051538150 
-82.8217445608 0.0404874485 0.8789635299 0.5050312074 
-82.8268957828 0.0404757326 0.8790432157 0.5049344369 
-82.8327987136 0.0404623109 0.8791344827 0.5048425335 
-82.8394591065 0.0404471719 0.8792373999 0.5047541220 
-82.8468832698 0.0404303029 0.8793520419 0.5046681336 
-82.8550780856 0.0404116904 0.8794784890 0.5045837161 
-82.8640510262 0.0403913196 0.8796168274 0.5045001547 
-82.8738101696 0.0403691748 0.8797671493 0.5044168048 
-82.8843642151 0.0403452387 0.8799295532 0.5043330343 
-82.8957224993 0.0403194933 0.8801041436 0.5042481712 
-82.9078950131 0.0402919192 0.8802910315 0.5041614556 
-82.9208924209 0.0402624956 0.8804903343 0.5040719914 
-82.9347260818 0.0402312007 0.8807021760 0.5039787022 
-82.9494080740 0.0401980112 0.8809266873 0.5038802934 
-82.9649512228 0.0401629026 0.8811640060 0.5037752397 
-82.9813691324 0.0401258488 0.8814142769 0.5036618297 
-82.9986762224 0.0400868223 0.8816776523 0.5035383458 
-83.0168877671 0.0400457941 0.8819542926 0.5034035473 
-83.0360199362 0.0400027337 0.8822443660 0.5032578104 
-83.0560898235 0.0399576087 0.8825480492 0.5031051956 
-83.0666026100 0.0399339905 0.8827068790 0.5030278450 
-83.0780804305 0.0399082189 0.8828801292 0.5029448906 
-83.0905335080 0.0398802749 0.8830679018 0.5028576080 
-83.1039729034 0.0398501378 0.8832703063 0.5027667954 
-83.1184105184 0.0398177856 0.8834874592 0.5026729135 
-83.1338591038 0.0397831948 0.8837194842 0.5025761885 
-83.1503322713 0.0397463404 0.8839665116 0.5024766836 
-83.1678445077 0.0397071959 0.8842286789 0.5023743467 
-83.1864111918 0.0396657333 0.8845061299 0.5022690382 
-83.2060486132 0.0396219230 0.8847990153 0.5021605440 
-83.2267739927 0.0395757339 0.8851074921 0.5020485783 
-83.2486055049 0.0395271335 0.8854317241 0.5019327767 
-83.2715623031 0.0394760874 0.8857718811 0.5018126817 
-83.2956645459 0.0394225599 0.8861281395 0.5016877216 
-83.3209334265 0.0393665134 0.8865006819 0.5015571822 
-83.3473912053 0.0393079089 0.8868896969 0.5014201727 
-83.3750612454 0.0392467054 0.8872953794 0.5012755893 
-83.4039680526 0.0391828604 0.8877179304 0.5011220826 
-83.4341373188 0.0391163294 0.8881575568 0.5009580467 
-83.4655959716 0.0390470662 0.8886144718 0.5007816656 
-83.4983722278 0.0389750227 0.8890888947 0.5005910946 
-83.5324956519 0.0389001486 0.8895810507 0.5003849514 
-83.5679972161 0.0388223917 0.8900911717 0.5001634756 
-83.6049093504 0.0387416978 0.8906194952 0.4999306295 
-83.6252017345 0.0386974024 0.8909091224 0.4998032434 
-83.6469571930 0.0386499653 0.8912189898 0.4996650713 
-83.6701957398 0.0385993535 0.8915492327 0.4995171478 
-83.6949387850 0.0385455324 0.8918999933 0.4993599594 
-83.7212091560 0.0384884650 0.8922714204 0.4991935716 
-83.7490311260 0.0384281121 0.8926636691 0.4990177150 
-83.7784304483 0.0383644326 0.8930769004 0.4988318372 
-83.8094343947 0.0382973833 0.8935112811 0.4986351226 
-83.8420717993 0.0382269185 0.8939669832 0.4984264867 
-83.8763731069 0.0381529906 0.8944441838 0.4982045454 
-83.9123704274 0.0380755497 0.8949430649 0.4979675613 
-83.9500975953 0.0379945435 0.8954638129 0.4977133663 
-83.9895902366 0.0379099175 0.8960066187 0.4974392587 
-84.0308858435 0.0378216147 0.8965716771 0.4971418743 
-84.0740238585 0.0377295758 0.8971591867 0.4968170326 
-84.1190457697 0.0376337386 0.8977693500 0.4964595721 
-84.1659952188 0.0375340386 0.8984023732 0.4960632120 
-84.2149181246 0.0374304082 0.8990584659 0.4956205323 
-84.2658628226 0.0373227771 0.8997378418 0.4951232444 
-84.3188802194 0.0372110716 0.9004407184 0.4945630151 
-84.3740240161 0.0370952147 0.9011673181 0.4939413200 
-84.4313513237 0.0369751249 0.9019178741 0.4933457473 
-84.4909213407 0.0368507190 0.9026926102 0.4928896957 
-84.5527932580 0.0367219170 0.9034917094 0.4925764868 
-83.6229735477 0.0387022642 0.8908772272 0.4998183459 
-83.6424987825 0.0386596828 0.8911553190 0.4996953339 
-83.6635030173 0.0386139242 0.8914538919 0.4995627036 
-83.6860055964 0.0385649568 0.8917730748 0.4994210292 
-83.7100272651 0.0385127470 0.8921130035 0.4992704801 
-83.7355901937 0.0384572591 0.8924738204 0.4991109121 
-83.7627180075 0.0383984551 0.8928556743 0.4989419243 
-83.7914358214 0.0383362952 0.8932587200 0.4987628867 
-83.8217702786 0.0382707371 0.8936831182 0.4985729432 
-83.8537495943 0.0382017364 0.8941290349 0.4983709921 
-83.8874036031 0.0381292467 0.8945966416 0.4981556466 
-83.9227638131 0.0380532189 0.8950861146 0.4979251748 
-83.9598634644 0.0379736021 0.8955976347 0.4976774183 
-83.9987375953 0.0378903426 0.8961313876 0.4974096854 
-84.0394231163 0.0378033846 0.8966875628 0.4971186201 
-84.0819588933 0.0377126697 0.8972663541 0.4968000454 
-84.1263858423 0.0376181367 0.8978679590 0.4964487969 
-84.1727470370 0.0375197222 0.8984925789 0.4960585829 
-84.2210878313 0.0374173594 0.8991404191 0.4956219629 
-84.2714559988 0.0373109790 0.8998116890 0.4951306188 
-84.3239018868 0.0372005083 0.9005066019 0.4945761787 
-84.3784786397 0.0370858712 0.9012253762 0.4939600614 
-84.4352428149 0.0369669870 0.9019682419 0.4933699227 
-84.4942530598 0.0368437734 0.9027354189 0.4929193321 
-84.5555680111 0.0367161512 0.9035270873 0.4926115567 
-83.0666026100 0.0399339905 0.8827068790 0.5030278450 
-83.0780804305 0.0399082189 0.8828801292 0.5029448906 
-83.0905335080 0.0398802749 0.8830679018 0.5028576080 
-83.1039729034 0.0398501378 0.8832703063 0.5027667954 
-83.1184105184 0.0398177856 0.8834874592 0.5026729135 
-83.1338591038 0.0397831948 0.8837194842 0.5025761885 
-83.1503322713 0.0397463404 0.8839665116 0.5024766836 
-83.1678445077 0.0397071959 0.8842286789 0.5023743467 
-83.1864111918 0.0396657333 0.8845061299 0.5022690382 
-83.2060486132 0.0396219230 0.8847990153 0.5021605440 
-83.2267739927 0.0395757339 0.8851074921 0.5020485783 
-83.2486055049 0.0395271335 0.8854317241 0.5019327767 
-83.2715623031 0.0394760874 0.8857718811 0.5018126817 
-83.2956645459 0.0394225599 0.8861281395 0.5016877216 
-83.3209334265 0.0393665134 0.8865006819 0.5015571822 
-83.3473912053 0.0393079089 0.8868896969 0.5014201727 
-83.3750612454 0.0392467054 0.8872953794 0.5012755893 
-83.4039680526 0.0391828604 0.8877179304 0.5011220826 
-83.4341373188 0.0391163294 0.8881575568 0.5009580467 
-83.4655959716 0.0390470662 0.8886144718 0.5007816656 
-83.4983722278 0.0389750227 0.8890888947 0.5005910946 
-83.5324956519 0.0389001486 0.8895810507 0.5003849514 
-83.5679972161 0.0388223917 0.8900911717 0.5001634756 
-83.6049093504 0.0387416978 0.8906194952 0.4999306295 
-83.6229735477 0.0387022642 0.8908772272 0.4998183459 
-83.6424987825 0.0386596828 0.8911553190 0.4996953339 
-83.6635030173 0.0386139242 0.8914538919 0.4995627036 
-83.6860055964 0.0385649568 0.8917730748 0.4994210292 
-83.7100272651 0.0385127470 0.8921130035 0.4992704801 
-83.7355901937 0.0384572591 0.8924738204 0.4991109121 
-83.7627180075 0.0383984551 0.8928556743 0.4989419243 
-83.7914358214 0.0383362952 0.8932587200 0.4987628867 
-83.8217702786 0.0382707371 0.8936831182 0.4985729432 
-83.8537495943 0.0382017364 0.8941290349 0.4983709921 
-83.8874036031 0.0381292467 0.8945966416 0.4981556466 
-83.9227638131 0.0380532189 0.8950861146 0.4979251748 
-83.9598634644 0.0379736021 0.8955976347 0.4976774183 
-83.9987375953 0.0378903426 0.8961313876 0.4974096854 
-84.0394231163 0.0378033846 0.8966875628 0.4971186201 
-84.0819588933 0.0377126697 0.8972663541 0.4968000454 
-84.1263858423 0.0376181367 0.8978679590 0.4964487969 
-84.1727470370 0.0375197222 0.8984925789 0.4960585829 
-84.2210878313 0.0374173594 0.8991404191 0.4956219629 
-84.2714559988 0.0373109790 0.8998116890 0.4951306188 
-84.3239018868 0.0372005083 0.9005066019 0.4945761787 
-84.3784786397 0.0370858712 0.9012253762 0.4939600614 
-84.4352428149 0.0369669870 0.9019682419 0.4933699227 
-84.4942530598 0.0368437734 0.9027354189 0.4929193321 
-84.5555680111 0.0367161512 0.9035270873 0.4926115567 
-83.6252017345 0.0386974024 0.8909091224 0.4998032434 
-83.6469571930 0.0386499653 0.8912189898 0.4996650713 
-83.6701957398 0.0385993535 0.8915492327 0.4995171478 
-83.6949387850 0.0385455324 0.8918999933 0.4993599594 
-83.7212091560 0.0384884650 0.8922714204 0.4991935716 
-83.7490311260 0.0384281121 0.8926636691 0.4990177150 
-83.7784304483 0.0383644326 0.8930769004 0.4988318372 
-83.8094343947 0.0382973833 0.8935112811 0.4986351226 
-83.8420717993 0.0382269185 0.8939669832 0.4984264867 
-83.8763731069 0.0381529906 0.8944441838 0.4982045454 
-83.9123704274 0.0380755497 0.8949430649 0.4979675613 
-83.9500975953 0.0379945435 0.8954638129 0.4977133663 
-83.9895902366 0.0379099175 0.8960066187 0.4974392587 
-84.0308858435 0.0378216147 0.8965716771 0.4971418743 
-84.0740238585 0.0377295758 0.8971591867 0.4968170326 
-84.1190457697 0.0376337386 0.8977693500 0.4964595721 
-84.1659952188 0.0375340386 0.8984023732 0.4960632120 
-84.2149181246 0.0374304082 0.8990584659 0.4956205323 
-84.2658628226 0.0373227771 0.8997378418 0.4951232444 
-84.3188802194 0.0372110716 0.9004407184 0.4945630151 
-84.3740240161 0.0370952147 0.9011673181 0.4939413200 
-84.4313513237 0.0369751249 0.9019178741 0.4933457473 
-84.4909213407 0.0368507190 0.9026926102 0.4928896957 
-84.5527932580 0.0367219170 0.9034917094 0.4925764868 
-84.5563931703 0.0367144354 0.9035381422 0.4925611782 
-84.5591530150 0.0367087018 0.9035733145 0.4925963934 
-84.5591530150 0.0367087018 0.9035733145 0.4925963934 
-84.5563931703 0.0367144354 0.9035381422 0.4925611782 
