-81.9250756194 0.0425744904 0.8647510821 0.5088079272 
-81.9250683713 0.0425745077 0.8647509446 0.5087940161 
-81.9250542053 0.0425745415 0.8647506755 0.5087648928 
-81.9250338159 0.0425745901 0.8647502874 0.5087181246 
-81.9250083279 0.0425746510 0.8647498006 0.5086505261 
-81.9249793824 0.0425747200 0.8647492446 0.5085587880 
-81.9249490503 0.0425747925 0.8647486568 0.5084214616 
-81.9249215422 0.0425748581 0.8647481132 0.5083222274 
-81.9248990875 0.0425749118 0.8647476541 0.5082365361 
-81.9248837856 0.0425749484 0.8647473173 0.5081612585 
-81.9248774945 0.0425749635 0.8647471363 0.5080943900 
-81.9248818790 0.0425749532 0.8647471410 0.5080346294 
-81.9248984428 0.0425749139 0.8647473586 0.5079811068 
-81.9249285503 0.0425748422 0.8647478136 0.5079332151 
-81.9249734426 0.0425747353 0.8647485284 0.5078905100 
-81.9250342495 0.0425745905 0.8647495233 0.5078526484 
-81.9251119992 0.0425744053 0.8647508167 0.5078193519 
-81.9252076258 0.0425741775 0.8647524255 0.5077903852 
-81.9253219768 0.0425739050 0.8647543649 0.5077655416 
-81.9254558186 0.0425735860 0.8647566486 0.5077446357 
-81.9256098424 0.0425732190 0.8647592890 0.5077274969 
-81.9257846688 0.0425728024 0.8647622972 0.5077139671 
-81.9259808529 0.0425723348 0.8647656832 0.5077038980 
-81.9261988885 0.0425718152 0.8647694558 0.5076971503 
-81.9264392118 0.0425712424 0.8647736228 0.5076935927 
-81.9267022056 0.0425706156 0.8647781910 0.5076931008 
-81.9269882028 0.0425699339 0.8647831663 0.5076955574 
-81.9272974894 0.0425691968 0.8647885539 0.5077008510 
-81.9276303079 0.0425684035 0.8647943579 0.5077088764 
-81.9279868600 0.0425675537 0.8648005820 0.5077195335 
-81.9283673095 0.0425666470 0.8648072289 0.5077327273 
-81.9287717846 0.0425656830 0.8648143010 0.5077483676 
-81.9292003806 0.0425646615 0.8648217999 0.5077663688 
-81.9296531619 0.0425635824 0.8648297266 0.5077866494 
-81.9301301644 0.0425624456 0.8648380818 0.5078091317 
-81.9306313969 0.0425612510 0.8648468654 0.5078337418 
-81.9311568435 0.0425599988 0.8648560771 0.5078604095 
-81.9317064651 0.0425586890 0.8648657161 0.5078890677 
-81.9322802012 0.0425573218 0.8648757813 0.5079196523 
-81.9328779709 0.0425558973 0.8648862711 0.5079521024 
-81.9334996751 0.0425544158 0.8648971836 0.5079863595 
-81.9341451973 0.0425528776 0.8649085166 0.5080223681 
-81.9348144047 0.0425512831 0.8649202677 0.5080600748 
-81.9355071501 0.0425496325 0.8649324342 0.5080994287 
-81.9362232723 0.0425479262 0.8649450130 0.5081403810 
-81.9369625973 0.0425461647 0.8649580009 0.5081828850 
-81.9377249395 0.0425443485 0.8649713946 0.5082268960 
-81.9385101023 0.0425424779 0.8649851904 0.5082723710 
-81.9393178792 0.0425405536 0.8649993844 0.5083192688 
-81.9401480544 0.0425385760 0.8650139729 0.5083675498 
-81.9410004036 0.0425365456 0.8650289515 0.5084171760 
-81.9418746946 0.0425344631 0.8650443161 0.5084681109 
-81.9427706880 0.0425323289 0.8650600624 0.5085203193 
-81.9436881381 0.0425301438 0.8650761857 0.5085737672 
-81.9446267928 0.0425279083 0.8650926816 0.5086284221 
-81.9455863948 0.0425256229 0.8651095453 0.5086842525 
-81.9465666816 0.0425232885 0.8651267720 0.5087412279 
-81.9475673862 0.0425209055 0.8651443568 0.5087993192 
-81.9485882374 0.0425184746 0.8651622949 0.5088584978 
-81.9496289603 0.0425159966 0.8651805812 0.5089187364 
-81.9506892767 0.0425134721 0.8651992106 0.5089800086 
-81.9517689052 0.0425109017 0.8652181781 0.5090422885 
-81.9528675618 0.0425082862 0.8652374785 0.5091055513 
-81.9539849598 0.0425056262 0.8652571066 0.5091697729 
-81.9551208107 0.0425029224 0.8652770571 0.5092349298 
-81.9562748238 0.0425001756 0.8652973248 0.5093009992 
-81.9574467067 0.0424973864 0.8653179043 0.5093679591 
-81.9586361657 0.0424945555 0.8653387904 0.5094357878 
-81.9598429056 0.0424916837 0.8653599778 0.5095044645 
-81.9610666303 0.0424887716 0.8653814610 0.5095739688 
-81.9623070426 0.0424858200 0.8654032347 0.5096442806 
-81.9635638445 0.0424828297 0.8654252935 0.5097153807 
-81.9648367374 0.0424798012 0.8654476320 0.5097872500 
-81.9661254222 0.0424767353 0.8654702448 0.5098598700 
-81.9674295992 0.0424736328 0.8654931265 0.5099332227 
-81.9687489687 0.0424704944 0.8655162717 0.5100072903 
-81.9700832304 0.0424673208 0.8655396751 0.5100820554 
-81.9714320840 0.0424641126 0.8655633311 0.5101575012 
-81.9727952293 0.0424608708 0.8655872344 0.5102336108 
-81.9741723658 0.0424575958 0.8656113796 0.5103103679 
-81.9755631933 0.0424542886 0.8656357613 0.5103877566 
-81.9769674114 0.0424509497 0.8656603741 0.5104657609 
-81.9783847203 0.0424475800 0.8656852127 0.5105443655 
-81.9798148198 0.0424441801 0.8657102715 0.5106235550 
-81.9812574104 0.0424407508 0.8657355454 0.5107033145 
-81.9827121925 0.0424372927 0.8657610288 0.5107836290 
-81.9841788668 0.0424338066 0.8657867165 0.5108644841 
-81.9856571345 0.0424302933 0.8658126031 0.5109458654 
-81.9871466968 0.0424267533 0.8658386833 0.5110277586 
-81.9886472551 0.0424231876 0.8658649517 0.5111101497 
-81.9901585114 0.0424195966 0.8658914031 0.5111930248 
-81.9916801676 0.0424159813 0.8659180320 0.5112763703 
-81.9932119262 0.0424123422 0.8659448332 0.5113601726 
-81.9947534896 0.0424086802 0.8659718015 0.5114444182 
-81.9963045606 0.0424049958 0.8659989314 0.5115290939 
-81.9978648423 0.0424012898 0.8660262178 0.5116141863 
-81.9994340377 0.0423975630 0.8660536553 0.5116996826 
-82.0010118503 0.0423938161 0.8660812387 0.5117855697 
-82.0025979834 0.0423900496 0.8661089628 0.5118718346 
-82.0041921406 0.0423862645 0.8661368222 0.5119584647 
-82.0057940256 0.0423824613 0.8661648118 0.5120454472 
-82.0074033421 0.0423786407 0.8661929262 0.5121327693 
-82.0090197937 0.0423748036 0.8662211602 0.5122204186 
-82.0106430841 0.0423709505 0.8662495087 0.5123083825 
-82.0122729170 0.0423670823 0.8662779663 0.5123966485 
-82.0139089957 0.0423631995 0.8663065278 0.5124852041 
-82.0155510236 0.0423593029 0.8663351881 0.5125740370 
-82.0171987039 0.0423553933 0.8663639418 0.5126631348 
-82.0188517395 0.0423514713 0.8663927837 0.5127524850 
-82.0205098330 0.0423475376 0.8664217087 0.5128420755 
-82.0221726868 0.0423435930 0.8664507114 0.5129318937 
-82.0238400029 0.0423396382 0.8664797866 0.5130219275 
-82.0255114827 0.0423356738 0.8665089292 0.5131121645 
-82.0271868274 0.0423317005 0.8665381338 0.5132025924 
-82.0288657375 0.0423277192 0.8665673952 0.5132931989 
-82.0305479132 0.0423237305 0.8665967082 0.5133839715 
-82.0322330538 0.0423197350 0.8666260674 0.5134748979 
-82.0339208582 0.0423157337 0.8666554677 0.5135659658 
-82.0356110245 0.0423117270 0.8666849038 0.5136571627 
-82.0373032500 0.0423077159 0.8667143703 0.5137484761 
-82.0389972313 0.0423037009 0.8667438620 0.5138398936 
-82.0406926641 0.0422996828 0.8667733735 0.5139314025 
-82.0423892433 0.0422956624 0.8668028996 0.5140229902 
-82.0440866628 0.0422916403 0.8668324350 0.5141146442 
-82.0457846156 0.0422876173 0.8668619742 0.5142063516 
-82.0474827936 0.0422835942 0.8668915120 0.5142980997 
-82.0491808876 0.0422795716 0.8669210429 0.5143898756 
-82.0508785873 0.0422755503 0.8669505616 0.5144816664 
-82.0525755814 0.0422715310 0.8669800627 0.5145734590 
-82.0542715572 0.0422675144 0.8670095407 0.5146652402 
-82.0559662008 0.0422635014 0.8670389902 0.5147569970 
-82.0576591971 0.0422594926 0.8670684058 0.5148487160 
-82.0593502296 0.0422554889 0.8670977820 0.5149403837 
-82.0610389803 0.0422514908 0.8671271133 0.5150319867 
-82.0627251301 0.0422474993 0.8671563941 0.5151235113 
-82.0644083583 0.0422435151 0.8671856190 0.5152149438 
-82.0660883426 0.0422395388 0.8672147824 0.5153062702 
-82.0677647594 0.0422355714 0.8672438786 0.5153974766 
-82.0694372833 0.0422316135 0.8672729022 0.5154885488 
-82.0711055877 0.0422276659 0.8673018474 0.5155794726 
-82.0727693441 0.0422237295 0.8673307086 0.5156702334 
-82.0744282224 0.0422198049 0.8673594801 0.5157608168 
-82.0760818909 0.0422158930 0.8673881563 0.5158512078 
-82.0777300163 0.0422119945 0.8674167313 0.5159413917 
-82.0793722636 0.0422081102 0.8674451995 0.5160313533 
-82.0810082958 0.0422042410 0.8674735550 0.5161210774 
-82.0826377746 0.0422003876 0.8675017921 0.5162105485 
-82.0842603597 0.0421965508 0.8675299049 0.5162997509 
-82.0858757092 0.0421927315 0.8675578875 0.5163886688 
-82.0874834792 0.0421889304 0.8675857341 0.5164772861 
-82.0890833245 0.0421851483 0.8676134387 0.5165655866 
-82.0906748977 0.0421813862 0.8676409953 0.5166535537 
-82.0922578499 0.0421776446 0.8676683982 0.5167411708 
-82.0938318306 0.0421739247 0.8676956411 0.5168284208 
-82.0953964873 0.0421702270 0.8677227181 0.5169152865 
-82.0969514659 0.0421665525 0.8677496231 0.5170017504 
-82.0984964109 0.0421629020 0.8677763501 0.5170877949 
-82.1000309648 0.0421592764 0.8678028930 0.5171734018 
-82.1015547688 0.0421556764 0.8678292456 0.5172585528 
-82.1030674623 0.0421521030 0.8678554017 0.5173432294 
-82.1045686835 0.0421485569 0.8678813552 0.5174274125 
-82.1060580688 0.0421450391 0.8679070999 0.5175110829 
-82.1075352537 0.0421415503 0.8679326295 0.5175942211 
-82.1089998719 0.0421380915 0.8679579379 0.5176768070 
-82.1104515562 0.0421346635 0.8679830187 0.5177588204 
-82.1118899382 0.0421312672 0.8680078657 0.5178402406 
-82.1133146484 0.0421279034 0.8680324725 0.5179210464 
-82.1147253163 0.0421245730 0.8680568329 0.5180012163 
-82.1161215708 0.0421212768 0.8680809406 0.5180807285 
-82.1175030400 0.0421180158 0.8681047891 0.5181595605 
-82.1188693515 0.0421147908 0.8681283722 0.5182376894 
-82.1202201324 0.0421116027 0.8681516834 0.5183150920 
-82.1215550096 0.0421084524 0.8681747165 0.5183917442 
-82.1228736100 0.0421053407 0.8681974651 0.5184676218 
-82.1241755608 0.0421022684 0.8682199229 0.5185426997 
-82.1254604892 0.0420992366 0.8682420834 0.5186169523 
-82.1267280234 0.0420962460 0.8682639404 0.5186903536 
-82.1279777921 0.0420932975 0.8682854875 0.5187628765 
-82.1292094251 0.0420903919 0.8683067185 0.5188344937 
-82.1304225539 0.0420875302 0.8683276270 0.5189051769 
-82.1316168114 0.0420847132 0.8683482068 0.5189748971 
-82.1327918325 0.0420819418 0.8683684518 0.5190436245 
-82.1339472546 0.0420792167 0.8683883556 0.5191113286 
-82.1350827178 0.0420765389 0.8684079123 0.5191779777 
-82.1361978652 0.0420739091 0.8684271157 0.5192435396 
-82.1372923437 0.0420713282 0.8684459598 0.5193079808 
-82.1383658041 0.0420687971 0.8684644387 0.5193712669 
-82.1394179017 0.0420663164 0.8684825465 0.5194333625 
-82.1404482970 0.0420638871 0.8685002774 0.5194942309 
-82.1414566560 0.0420615098 0.8685176257 0.5195538343 
-82.1424426510 0.0420591854 0.8685345859 0.5196121336 
-82.1434059612 0.0420569146 0.8685511526 0.5196690883 
-82.1443462735 0.0420546981 0.8685673203 0.5197246567 
-82.1452632828 0.0420525366 0.8685830839 0.5197787954 
-82.1461566935 0.0420504309 0.8685984383 0.5198314595 
-82.1470262198 0.0420483815 0.8686133787 0.5198826025 
-82.1478715866 0.0420463892 0.8686279005 0.5199321758 
-82.1486925309 0.0420444545 0.8686419991 0.5199801295 
-82.1494888025 0.0420425781 0.8686556703 0.5200264112 
-82.1502601650 0.0420407604 0.8686689101 0.5200709668 
-82.1510063973 0.0420390021 0.8686817147 0.5201137398 
-82.1517272946 0.0420373035 0.8686940807 0.5201546714 
-82.1524226698 0.0420356651 0.8687060048 0.5201937003 
-82.1530923548 0.0420340873 0.8687174844 0.5202307629 
-82.1537362023 0.0420325704 0.8687285168 0.5202657924 
-82.1543540870 0.0420311147 0.8687390999 0.5202987194 
-82.1549459077 0.0420297205 0.8687492322 0.5203294715 
-82.1555115889 0.0420283879 0.8687589123 0.5203579727 
-82.1560510827 0.0420271171 0.8687681394 0.5203841440 
-82.1565643709 0.0420259080 0.8687769134 0.5204079025 
-82.1570514673 0.0420247607 0.8687852346 0.5204291618 
-82.1575124199 0.0420236750 0.8687931037 0.5204478312 
-82.1579473133 0.0420226507 0.8688005225 0.5204638161 
-82.1583562717 0.0420216875 0.8688074930 0.5204770172 
-82.1587394610 0.0420207850 0.8688140182 0.5204873310 
-82.1590970924 0.0420199428 0.8688201019 0.5204946490 
-82.1594294252 0.0420191601 0.8688257486 0.5204988578 
-82.1597367704 0.0420184364 0.8688309638 0.5204998389 
-82.1600194936 0.0420177706 0.8688357539 0.5204974689 
-82.1602780196 0.0420171618 0.8688401264 0.5204916190 
-82.1605128354 0.0420166089 0.8688440898 0.5204821560 
-82.1607244949 0.0420161106 0.8688476538 0.5204689420 
-82.1609136230 0.0420156653 0.8688508294 0.5204518357 
-82.1610809201 0.0420152714 0.8688536289 0.5204306935 
-82.1612271667 0.0420149271 0.8688560658 0.5204053722 
-82.1613532282 0.0420146304 0.8688581555 0.5203757322 
-82.1614600594 0.0420143789 0.8688599145 0.5203416433 
-82.1615487092 0.0420141703 0.8688613614 0.5203029931 
-82.1616203252 0.0420140018 0.8688625161 0.5202596995 
-82.1616761568 0.0420138704 0.8688634007 0.5202117298 
-82.1617175580 0.0420137731 0.8688640388 0.5201591277 
-82.1617459881 0.0420137062 0.8688644560 0.5201020524 
-82.1617630096 0.0420136663 0.8688646798 0.5200408327 
-82.1617702821 0.0420136493 0.8688647392 0.5199760381 
-82.1617695495 0.0420136511 0.8688646649 0.5199085681 
-82.1617626195 0.0420136676 0.8688644886 0.5198397489 
-82.1617513315 0.0420136942 0.8688642426 0.5197714156 
-82.1617375100 0.0420137269 0.8688639589 0.5197059298 
-82.1617229036 0.0420137613 0.8688636682 0.5196460591 
-82.1617091105 0.0420137939 0.8688633987 0.5195946625 
-82.1616975011 0.0420138213 0.8688631743 0.5195542350 
-82.1616891495 0.0420138410 0.8688630140 0.5195265321 
-82.1616847889 0.0420138513 0.8688629306 0.5195125016 
