-81.9369932563 0.0425460942 0.8649566099 0.5094188177 
-81.9369903797 0.0425461011 0.8649565547 0.5094065274 
-81.9369847359 0.0425461145 0.8649564465 0.5093819313 
-81.9369765445 0.0425461341 0.8649562890 0.5093450257 
-81.9369661353 0.0425461589 0.8649560883 0.5092958716 
-81.9369539489 0.0425461880 0.8649558523 0.5092346612 
-81.9369403617 0.0425462204 0.8649555878 0.5091435578 
-81.9369267042 0.0425462530 0.8649553187 0.5090766788 
-81.9369133867 0.0425462848 0.8649550525 0.5090144888 
-81.9369009579 0.0425463145 0.8649547991 0.5089563899 
-81.9368899316 0.0425463408 0.8649545677 0.5089019016 
-81.9368807904 0.0425463626 0.8649543670 0.5088506415 
-81.9368739898 0.0425463789 0.8649542052 0.5088023080 
-81.9368699605 0.0425463886 0.8649540901 0.5087566632 
-81.9368691110 0.0425463907 0.8649540290 0.5087135189 
-81.9368718287 0.0425463843 0.8649540289 0.5086727245 
-81.9368784821 0.0425463686 0.8649540964 0.5086341579 
-81.9368894216 0.0425463426 0.8649542379 0.5085977178 
-81.9369049803 0.0425463056 0.8649544592 0.5085633188 
-81.9369254754 0.0425462569 0.8649547662 0.5085308870 
-81.9369512084 0.0425461957 0.8649551643 0.5085003571 
-81.9369824663 0.0425461213 0.8649556585 0.5084716703 
-81.9370195218 0.0425460331 0.8649562539 0.5084447731 
-81.9370626342 0.0425459305 0.8649569550 0.5084196156 
-81.9371120499 0.0425458129 0.8649577663 0.5083961510 
-81.9371680027 0.0425456796 0.8649586919 0.5083743350 
-81.9372307146 0.0425455303 0.8649597359 0.5083541253 
-81.9373003960 0.0425453644 0.8649609021 0.5083354811 
-81.9373772463 0.0425451814 0.8649621940 0.5083183632 
-81.9374614542 0.0425449809 0.8649636149 0.5083027339 
-81.9375531985 0.0425447624 0.8649651682 0.5082885566 
-81.9376526480 0.0425445256 0.8649668567 0.5082757960 
-81.9377599620 0.0425442701 0.8649686834 0.5082644180 
-81.9378752911 0.0425439954 0.8649706510 0.5082543895 
-81.9379987769 0.0425437013 0.8649727620 0.5082456786 
-81.9381305529 0.0425433875 0.8649750187 0.5082382542 
-81.9382707445 0.0425430536 0.8649774234 0.5082320863 
-81.9384194695 0.0425426994 0.8649799783 0.5082271461 
-81.9385768383 0.0425423246 0.8649826852 0.5082234053 
-81.9387429542 0.0425419289 0.8649855460 0.5082208368 
-81.9389179139 0.0425415122 0.8649885625 0.5082194141 
-81.9391018072 0.0425410743 0.8649917361 0.5082191118 
-81.9392947182 0.0425406148 0.8649950685 0.5082199051 
-81.9394967245 0.0425401337 0.8649985610 0.5082217701 
-81.9397078983 0.0425396307 0.8650022148 0.5082246834 
-81.9399283062 0.0425391058 0.8650060312 0.5082286227 
-81.9401580094 0.0425385587 0.8650100112 0.5082335661 
-81.9403970644 0.0425379893 0.8650141558 0.5082394924 
-81.9406455224 0.0425373976 0.8650184658 0.5082463812 
-81.9409034303 0.0425367833 0.8650229423 0.5082542125 
-81.9411708304 0.0425361464 0.8650275857 0.5082629672 
-81.9414477609 0.0425354869 0.8650323969 0.5082726265 
-81.9417342556 0.0425348046 0.8650373764 0.5082831724 
-81.9420303449 0.0425340994 0.8650425246 0.5082945872 
-81.9423360551 0.0425333713 0.8650478422 0.5083068539 
-81.9426514090 0.0425326203 0.8650533294 0.5083199560 
-81.9429764261 0.0425318463 0.8650589866 0.5083338775 
-81.9433111225 0.0425310492 0.8650648140 0.5083486027 
-81.9436555114 0.0425302290 0.8650708118 0.5083641166 
-81.9440096029 0.0425293858 0.8650769802 0.5083804045 
-81.9443734042 0.0425285194 0.8650833194 0.5083974521 
-81.9447469199 0.0425276300 0.8650898292 0.5084152457 
-81.9451301520 0.0425267174 0.8650965099 0.5084337719 
-81.9455231001 0.0425257816 0.8651033612 0.5084530176 
-81.9459257613 0.0425248228 0.8651103832 0.5084729701 
-81.9463381306 0.0425238409 0.8651175757 0.5084936172 
-81.9467602009 0.0425228359 0.8651249386 0.5085149470 
-81.9471919629 0.0425218078 0.8651324716 0.5085369478 
-81.9476334056 0.0425207567 0.8651401745 0.5085596083 
-81.9480845160 0.0425196826 0.8651480472 0.5085829178 
-81.9485452795 0.0425185855 0.8651560892 0.5086068654 
-81.9490156798 0.0425174655 0.8651643002 0.5086314409 
-81.9494956991 0.0425163227 0.8651726800 0.5086566341 
-81.9499853179 0.0425151570 0.8651812281 0.5086824355 
-81.9504845157 0.0425139686 0.8651899441 0.5087088353 
-81.9509932703 0.0425127574 0.8651988276 0.5087358244 
-81.9515115584 0.0425115235 0.8652078781 0.5087633938 
-81.9520393557 0.0425102671 0.8652170952 0.5087915348 
-81.9525766364 0.0425089881 0.8652264784 0.5088202389 
-81.9531233741 0.0425076866 0.8652360271 0.5088494977 
-81.9536795410 0.0425063627 0.8652457409 0.5088793032 
-81.9542451088 0.0425050165 0.8652556192 0.5089096476 
-81.9548200480 0.0425036480 0.8652656614 0.5089405233 
-81.9554043284 0.0425022573 0.8652758670 0.5089719229 
-81.9559979192 0.0425008445 0.8652862353 0.5090038391 
-81.9566007888 0.0424994097 0.8652967658 0.5090362648 
-81.9572129047 0.0424979529 0.8653074579 0.5090691933 
-81.9578342343 0.0424964742 0.8653183109 0.5091026179 
-81.9584647440 0.0424949737 0.8653293242 0.5091365321 
-81.9591044000 0.0424934515 0.8653404972 0.5091709295 
-81.9597531678 0.0424919076 0.8653518292 0.5092058040 
-81.9604110126 0.0424903422 0.8653633195 0.5092411496 
-81.9610778992 0.0424887554 0.8653749676 0.5092769604 
-81.9617537921 0.0424871472 0.8653867726 0.5093132308 
-81.9624386553 0.0424855176 0.8653987340 0.5093499552 
-81.9631324528 0.0424838669 0.8654108510 0.5093871282 
-81.9638351482 0.0424821951 0.8654231230 0.5094247444 
-81.9645467048 0.0424805023 0.8654355493 0.5094627989 
-81.9652670858 0.0424787885 0.8654481291 0.5095012865 
-81.9659962545 0.0424770539 0.8654608619 0.5095402024 
-81.9667341736 0.0424752985 0.8654737468 0.5095795418 
-81.9674808060 0.0424735225 0.8654867832 0.5096193000 
-81.9682361147 0.0424717259 0.8654999704 0.5096594727 
-81.9690000622 0.0424699088 0.8655133077 0.5097000553 
-81.9697726113 0.0424680713 0.8655267944 0.5097410435 
-81.9705537248 0.0424662136 0.8655404297 0.5097824332 
-81.9713433654 0.0424643356 0.8655542131 0.5098242203 
-81.9721414959 0.0424624375 0.8655681436 0.5098664007 
-81.9729480793 0.0424605194 0.8655822208 0.5099089706 
-81.9737630784 0.0424585814 0.8655964439 0.5099519262 
-81.9745864564 0.0424566235 0.8656108121 0.5099952638 
-81.9754181764 0.0424546459 0.8656253248 0.5100389799 
-81.9762582018 0.0424526486 0.8656399813 0.5100830708 
-81.9771064962 0.0424506317 0.8656547809 0.5101275331 
-81.9779630231 0.0424485954 0.8656697229 0.5101723636 
-81.9788277465 0.0424465396 0.8656848066 0.5102175589 
-81.9797006305 0.0424444646 0.8657000315 0.5102631159 
-81.9805816393 0.0424423703 0.8657153966 0.5103090315 
-81.9814707374 0.0424402569 0.8657309015 0.5103553026 
-81.9823678898 0.0424381244 0.8657465455 0.5104019263 
-81.9832730613 0.0424359730 0.8657623278 0.5104488998 
-81.9841862172 0.0424338027 0.8657782479 0.5104962203 
-81.9851073233 0.0424316136 0.8657943050 0.5105438849 
-81.9860363452 0.0424294059 0.8658104986 0.5105918912 
-81.9869732493 0.0424271794 0.8658268279 0.5106402364 
-81.9879180019 0.0424249345 0.8658432924 0.5106889181 
-81.9888705699 0.0424226711 0.8658598914 0.5107379338 
-81.9898309203 0.0424203893 0.8658766243 0.5107872811 
-81.9907990207 0.0424180892 0.8658934905 0.5108369577 
-81.9917748388 0.0424157709 0.8659104893 0.5108869613 
-81.9927583427 0.0424134344 0.8659276202 0.5109372898 
-81.9937495010 0.0424110799 0.8659448826 0.5109879409 
-81.9947482826 0.0424087074 0.8659622758 0.5110389127 
-81.9957546566 0.0424063170 0.8659797993 0.5110902030 
-81.9967685926 0.0424039087 0.8659974525 0.5111418099 
-81.9977900606 0.0424014827 0.8660152349 0.5111937315 
-81.9988190311 0.0423990390 0.8660331458 0.5112459659 
-81.9998554746 0.0423965777 0.8660511847 0.5112985114 
-82.0008993625 0.0423940988 0.8660693510 0.5113513661 
-82.0019506661 0.0423916025 0.8660876442 0.5114045284 
-82.0030093575 0.0423890887 0.8661060638 0.5114579966 
-82.0040754090 0.0423865577 0.8661246092 0.5115117692 
-82.0051487933 0.0423840093 0.8661432800 0.5115658445 
-82.0062294835 0.0423814438 0.8661620755 0.5116202211 
-82.0073174533 0.0423788611 0.8661809953 0.5116748976 
-82.0084126766 0.0423762613 0.8662000388 0.5117298725 
-82.0095151279 0.0423736445 0.8662192057 0.5117851444 
-82.0106247818 0.0423710108 0.8662384953 0.5118407122 
-82.0117416136 0.0423683602 0.8662579073 0.5118965745 
-82.0128655990 0.0423656928 0.8662774411 0.5119527302 
-82.0139967141 0.0423630086 0.8662970963 0.5120091779 
-82.0151349352 0.0423603077 0.8663168724 0.5120659168 
-82.0162802393 0.0423575902 0.8663367689 0.5121229456 
-82.0174326038 0.0423548561 0.8663567855 0.5121802633 
-82.0185920064 0.0423521054 0.8663769217 0.5122378691 
-82.0197584252 0.0423493383 0.8663971770 0.5122957618 
-82.0209318387 0.0423465547 0.8664175511 0.5123539407 
-82.0221122261 0.0423437548 0.8664380435 0.5124124048 
-82.0232995667 0.0423409385 0.8664586538 0.5124711534 
-82.0244938404 0.0423381060 0.8664793816 0.5125301858 
-82.0256950274 0.0423352572 0.8665002266 0.5125895011 
-82.0269031083 0.0423323923 0.8665211883 0.5126490987 
-82.0281180642 0.0423295112 0.8665422664 0.5127089780 
-82.0293398767 0.0423266141 0.8665634605 0.5127691384 
-82.0305685275 0.0423237010 0.8665847702 0.5128295794 
-82.0318039990 0.0423207718 0.8666061952 0.5128903003 
-82.0330462738 0.0423178268 0.8666277351 0.5129513009 
-82.0342953351 0.0423148658 0.8666493896 0.5130125805 
-82.0355511662 0.0423118890 0.8666711584 0.5130741390 
-82.0368137512 0.0423088963 0.8666930411 0.5131359758 
-82.0380830742 0.0423058879 0.8667150374 0.5131980908 
-82.0393591199 0.0423028637 0.8667371470 0.5132604836 
-82.0406418733 0.0422998239 0.8667593696 0.5133231541 
-82.0419313197 0.0422967684 0.8667817049 0.5133861022 
-82.0432274450 0.0422936973 0.8668041525 0.5134493275 
-82.0445302353 0.0422906105 0.8668267123 0.5135128302 
-82.0458396770 0.0422875083 0.8668493839 0.5135766101 
-82.0471557570 0.0422843905 0.8668721670 0.5136406673 
-82.0484784625 0.0422812572 0.8668950614 0.5137050018 
-82.0498077809 0.0422781085 0.8669180668 0.5137696137 
-82.0511437003 0.0422749444 0.8669411829 0.5138345031 
-82.0524862087 0.0422717649 0.8669644096 0.5138996703 
-82.0538352947 0.0422685700 0.8669877465 0.5139651153 
-82.0551909471 0.0422653598 0.8670111934 0.5140308386 
-82.0565531550 0.0422621343 0.8670347501 0.5140968405 
-82.0579219079 0.0422588936 0.8670584163 0.5141631212 
-82.0592971955 0.0422556376 0.8670821919 0.5142296812 
-82.0606790079 0.0422523664 0.8671060766 0.5142965210 
-82.0620673353 0.0422490800 0.8671300701 0.5143636411 
-82.0634621683 0.0422457784 0.8671541723 0.5144310420 
-82.0648634976 0.0422424617 0.8671783830 0.5144987243 
-82.0662713145 0.0422391299 0.8672027019 0.5145666887 
-82.0676856101 0.0422357830 0.8672271289 0.5146349359 
-82.0691063760 0.0422324210 0.8672516638 0.5147034666 
-82.0705336039 0.0422290440 0.8672763064 0.5147722816 
-82.0719672858 0.0422256520 0.8673010564 0.5148413819 
-82.0734074139 0.0422222450 0.8673259137 0.5149107682 
-82.0748539804 0.0422188230 0.8673508782 0.5149804417 
-82.0763069779 0.0422153860 0.8673759496 0.5150504032 
-82.0777663990 0.0422119341 0.8674011278 0.5151206539 
-82.0792322365 0.0422084673 0.8674264126 0.5151911950 
-82.0807044833 0.0422049856 0.8674518038 0.5152620275 
-82.0821831325 0.0422014890 0.8674773012 0.5153331529 
-82.0836681773 0.0421979776 0.8675029048 0.5154045723 
-82.0851596107 0.0421944513 0.8675286143 0.5154762871 
-82.0866574262 0.0421909103 0.8675544295 0.5155482989 
-82.0881616171 0.0421873544 0.8675803503 0.5156206091 
-82.0896721767 0.0421837837 0.8676063765 0.5156932192 
-82.0911890984 0.0421801983 0.8676325081 0.5157661310 
-82.0927123757 0.0421765982 0.8676587447 0.5158393461 
-82.0942420020 0.0421729833 0.8676850862 0.5159128664 
-82.0957779705 0.0421693537 0.8677115325 0.5159866936 
-82.0973202745 0.0421657095 0.8677380834 0.5160608297 
-82.0988689073 0.0421620505 0.8677647388 0.5161352768 
-82.1004238618 0.0421583770 0.8677914984 0.5162100368 
-82.1019851312 0.0421546888 0.8678183620 0.5162851120 
-82.1035527081 0.0421509860 0.8678453297 0.5163605047 
-82.1051265853 0.0421472687 0.8678724010 0.5164362170 
-82.1067067551 0.0421435368 0.8678995759 0.5165122516 
-82.1082932098 0.0421397903 0.8679268541 0.5165886108 
-82.1098859414 0.0421360293 0.8679542356 0.5166652973 
-82.1114849414 0.0421322539 0.8679817200 0.5167423138 
-82.1130902013 0.0421284639 0.8680093071 0.5168196631 
-82.1147017121 0.0421246596 0.8680369969 0.5168973480 
-82.1163194645 0.0421208408 0.8680647890 0.5169753716 
-82.1179434486 0.0421170076 0.8680926832 0.5170537370 
-82.1195736543 0.0421131601 0.8681206793 0.5171324474 
-82.1212100709 0.0421092982 0.8681487771 0.5172115061 
-82.1228526872 0.0421054221 0.8681769763 0.5172909165 
-82.1245014916 0.0421015316 0.8682052766 0.5173706822 
-82.1261564716 0.0420976270 0.8682336779 0.5174508069 
-82.1278176143 0.0420937081 0.8682621797 0.5175312944 
-82.1294849062 0.0420897750 0.8682907818 0.5176121487 
-82.1311583328 0.0420858278 0.8683194840 0.5176933737 
-82.1328378791 0.0420818666 0.8683482858 0.5177749737 
-82.1345235292 0.0420778913 0.8683771870 0.5178569531 
-82.1362152663 0.0420739019 0.8684061873 0.5179393163 
-82.1379130728 0.0420698986 0.8684352861 0.5180220680 
-82.1396169301 0.0420658814 0.8684644833 0.5181052130 
-82.1413268185 0.0420618504 0.8684937783 0.5181887562 
-82.1430427173 0.0420578055 0.8685231707 0.5182727028 
-82.1447646048 0.0420537469 0.8685526602 0.5183570580 
-82.1464924579 0.0420496745 0.8685822463 0.5184418273 
-82.1482262524 0.0420455886 0.8686119284 0.5185270163 
-82.1499659626 0.0420414890 0.8686417061 0.5186126309 
-82.1517115618 0.0420373760 0.8686715789 0.5186986771 
-82.1534630214 0.0420332495 0.8687015462 0.5187851610 
-82.1552203115 0.0420291096 0.8687316073 0.5188720891 
-82.1569834007 0.0420249565 0.8687617618 0.5189594680 
-82.1587522558 0.0420207902 0.8687920090 0.5190473044 
-82.1605268417 0.0420166107 0.8688223482 0.5191356055 
-82.1623071218 0.0420124183 0.8688527788 0.5192243785 
-82.1640930574 0.0420082129 0.8688832998 0.5193136308 
-82.1658846077 0.0420039946 0.8689139108 0.5194033702 
-82.1676817298 0.0419997637 0.8689446107 0.5194936046 
-82.1694843789 0.0419955201 0.8689753988 0.5195843421 
-82.1712925076 0.0419912640 0.8690062741 0.5196755913 
-82.1731060661 0.0419869956 0.8690372359 0.5197673607 
-82.1749250022 0.0419827149 0.8690682830 0.5198596593 
-82.1767492612 0.0419784221 0.8690994145 0.5199524962 
-82.1785787854 0.0419741172 0.8691306293 0.5200458809 
-82.1804135143 0.0419698006 0.8691619263 0.5201398230 
-82.1822533848 0.0419654723 0.8691933044 0.5202343323 
-82.1840983301 0.0419611324 0.8692247623 0.5203294192 
-82.1859482808 0.0419567812 0.8692562987 0.5204250937 
-82.1878031636 0.0419524188 0.8692879124 0.5205213667 
-82.1896629022 0.0419480454 0.8693196019 0.5206182487 
-82.1915274163 0.0419436612 0.8693513657 0.5207157507 
-82.1933966221 0.0419392664 0.8693832024 0.5208138837 
-82.1952704316 0.0419348612 0.8694151104 0.5209126589 
-82.1971487531 0.0419304458 0.8694470880 0.5210120871 
-82.1990314904 0.0419260205 0.8694791335 0.5211121796 
-82.2009185430 0.0419215854 0.8695112450 0.5212129471 
-82.2028098060 0.0419171409 0.8695434207 0.5213144000 
-82.2047051698 0.0419126872 0.8695756587 0.5214165484 
-82.2066045199 0.0419082246 0.8696079568 0.5215194015 
-82.2085077368 0.0419037533 0.8696403129 0.5216229675 
-82.2104146961 0.0418992737 0.8696727249 0.5217272531 
-82.2123252681 0.0418947861 0.8697051903 0.5218322633 
-82.2142393176 0.0418902907 0.8697377069 0.5219380006 
-82.2161567041 0.0418857879 0.8697702720 0.5220444641 
-82.2180772816 0.0418812781 0.8698028832 0.5221516488 
-82.2200008985 0.0418767616 0.8698355377 0.5222595442 
-82.2219273978 0.0418722388 0.8698682326 0.5223681327 
-82.2238566168 0.0418677101 0.8699009653 0.5224773879 
-82.2257883878 0.0418631758 0.8699337326 0.5225872717 
-82.2277225377 0.0418586364 0.8699665315 0.5226977314 
-82.2296588891 0.0418540923 0.8699993589 0.5228086956 
-82.2315972603 0.0418495439 0.8700322116 0.5229200697 
-82.2335374661 0.0418449917 0.8700650863 0.5230317292 
-82.2354793193 0.0418404360 0.8700979797 0.5231435128 
-82.2374226315 0.0418358774 0.8701308885 0.5232552132 
-82.2393672153 0.0418313163 0.8701638094 0.5233665667 
-82.2413128865 0.0418267531 0.8701967391 0.5234772404 
-82.2432594668 0.0418221883 0.8702296745 0.5235868188 
-82.2452067882 0.0418176221 0.8702626127 0.5236947898 
-82.2471546971 0.0418130551 0.8702955509 0.5238005317 
-82.2491030606 0.0418084874 0.8703284868 0.5239033060 
-82.2510517734 0.0418039194 0.8703614185 0.5240022634 
-82.2530007664 0.0417993512 0.8703943448 0.5240964757 
-82.2549500165 0.0417947829 0.8704272654 0.5241850230 
-82.2568995575 0.0417902143 0.8704601806 0.5242671850 
-82.2588494911 0.0417856454 0.8704930923 0.5243428363 
-82.2607999960 0.0417810755 0.8705260035 0.5244131812 
-82.2627513258 0.0417765042 0.8705589186 0.5244817042 
-82.2637275358 0.0417742174 0.8705753813 0.5245164630 
-82.2647049176 0.0417719280 0.8705918593 0.5245490749 
-82.2656836156 0.0417696356 0.8706083549 0.5245804338 
-82.2666637845 0.0417673400 0.8706248709 0.5246111751 
-82.2676455840 0.0417650406 0.8706414099 0.5246417412 
-82.2686291749 0.0417627372 0.8706579749 0.5246724338 
-82.2696147168 0.0417604293 0.8706745684 0.5247034539 
-82.2706023667 0.0417581166 0.8706911933 0.5247349319 
-82.2715922778 0.0417557987 0.8707078521 0.5247669502 
-82.2725845990 0.0417534753 0.8707245473 0.5247995586 
-82.2735794747 0.0417511460 0.8707412815 0.5248327854 
-82.2745770445 0.0417488106 0.8707580570 0.5248666447 
-82.2755774432 0.0417464687 0.8707748761 0.5249011411 
-82.2765808012 0.0417441200 0.8707917409 0.5249362734 
-82.2775872439 0.0417417641 0.8708086538 0.5249720361 
-82.2785968925 0.0417394009 0.8708256166 0.5250084211 
-82.2796098637 0.0417370301 0.8708426313 0.5250454185 
-82.2806262701 0.0417346513 0.8708596999 0.5250830171 
-82.2816462202 0.0417322644 0.8708768242 0.5251212053 
-82.2826698186 0.0417298691 0.8708940059 0.5251599706 
-82.2836971664 0.0417274651 0.8709112466 0.5251993004 
-82.2847283610 0.0417250522 0.8709285481 0.5252391822 
-82.2857634964 0.0417226303 0.8709459119 0.5252796033 
-82.2868026635 0.0417201991 0.8709633395 0.5253205510 
-82.2878459502 0.0417177583 0.8709808323 0.5253620128 
-82.2888934414 0.0417153079 0.8709983917 0.5254039765 
-82.2899452193 0.0417128476 0.8710160190 0.5254464300 
-82.2910013638 0.0417103772 0.8710337157 0.5254893614 
-82.2920619519 0.0417078966 0.8710514829 0.5255327591 
-82.2931270588 0.0417054055 0.8710693218 0.5255766117 
-82.2941967574 0.0417029038 0.8710872336 0.5256209082 
-82.2952711186 0.0417003914 0.8711052195 0.5256656376 
-82.2963502115 0.0416978680 0.8711232805 0.5257107895 
-82.2974341036 0.0416953336 0.8711414178 0.5257563534 
-82.2985228607 0.0416927879 0.8711596323 0.5258023193 
-82.2996165472 0.0416902309 0.8711779252 0.5258486775 
-82.3007152263 0.0416876623 0.8711962973 0.5258954183 
-82.3018189598 0.0416850821 0.8712147496 0.5259425325 
-82.3029278088 0.0416824901 0.8712332832 0.5259900110 
-82.3040418330 0.0416798861 0.8712518988 0.5260378449 
-82.3051610917 0.0416772701 0.8712705975 0.5260860258 
-82.3062856432 0.0416746418 0.8712893801 0.5261345451 
-82.3074155453 0.0416720012 0.8713082476 0.5261833948 
-82.3085508554 0.0416693481 0.8713272007 0.5262325670 
-82.3096916305 0.0416666824 0.8713462404 0.5262820537 
-82.3108379272 0.0416640040 0.8713653674 0.5263318477 
-82.3119898020 0.0416613127 0.8713845828 0.5263819414 
-82.3131473114 0.0416586084 0.8714038872 0.5264323277 
-82.3143105118 0.0416558910 0.8714232816 0.5264829997 
-82.3154794599 0.0416531603 0.8714427668 0.5265339505 
-82.3166542125 0.0416504162 0.8714623436 0.5265851735 
-82.3178348268 0.0416476586 0.8714820129 0.5266366622 
-82.3190213604 0.0416448874 0.8715017755 0.5266884104 
-82.3202138714 0.0416421024 0.8715216323 0.5267404117 
-82.3214124186 0.0416393034 0.8715415842 0.5267926603 
-82.3226170615 0.0416364904 0.8715616320 0.5268451502 
-82.3238278601 0.0416336632 0.8715817766 0.5268978756 
-82.3250448758 0.0416308217 0.8716020189 0.5269508311 
-82.3262681705 0.0416279658 0.8716223599 0.5270040110 
-82.3274978076 0.0416250951 0.8716428004 0.5270574100 
-82.3287338513 0.0416222098 0.8716633414 0.5271110228 
-82.3299763672 0.0416193095 0.8716839838 0.5271648444 
-82.3312254223 0.0416163941 0.8717047287 0.5272188696 
-82.3324810849 0.0416134636 0.8717255770 0.5272730936 
-82.3337434249 0.0416105176 0.8717465297 0.5273275115 
-82.3350125138 0.0416075561 0.8717675879 0.5273821185 
-82.3362884248 0.0416045789 0.8717887527 0.5274369101 
-82.3375712328 0.0416015858 0.8718100252 0.5274918817 
-82.3388610147 0.0415985766 0.8718314064 0.5275470288 
-82.3401578492 0.0415955512 0.8718528976 0.5276023470 
-82.3414618172 0.0415925093 0.8718744999 0.5276578320 
-82.3427730018 0.0415894509 0.8718962146 0.5277134796 
-82.3440914881 0.0415863756 0.8719180428 0.5277692856 
-82.3454173637 0.0415832833 0.8719399859 0.5278252459 
-82.3467507185 0.0415801738 0.8719620452 0.5278813565 
-82.3480916451 0.0415770469 0.8719842221 0.5279376134 
-82.3494402386 0.0415739023 0.8720065180 0.5279940126 
-82.3507965966 0.0415707398 0.8720289342 0.5280505504 
-82.3521608199 0.0415675592 0.8720514724 0.5281072229 
-82.3535330120 0.0415643603 0.8720741340 0.5281640264 
-82.3549132792 0.0415611428 0.8720969206 0.5282209572 
-82.3563017312 0.0415579065 0.8721198338 0.5282780116 
-82.3576984807 0.0415546511 0.8721428753 0.5283351859 
-82.3591036438 0.0415513763 0.8721660468 0.5283924767 
-82.3605173400 0.0415480819 0.8721893501 0.5284498805 
-82.3619396922 0.0415447675 0.8722127871 0.5285073936 
-82.3633708271 0.0415414330 0.8722363595 0.5285650126 
-82.3648108748 0.0415380780 0.8722600694 0.5286227342 
-82.3662599697 0.0415347021 0.8722839187 0.5286805548 
-82.3677182497 0.0415313051 0.8723079096 0.5287384712 
-82.3691858569 0.0415278867 0.8723320441 0.5287964800 
-82.3706629378 0.0415244464 0.8723563244 0.5288545779 
-82.3721496429 0.0415209841 0.8723807528 0.5289127615 
-82.3736461272 0.0415174992 0.8724053316 0.5289710276 
-82.3751525504 0.0415139915 0.8724300631 0.5290293730 
-82.3766690766 0.0415104605 0.8724549500 0.5290877943 
-82.3781958749 0.0415069059 0.8724799946 0.5291462884 
-82.3797331191 0.0415033273 0.8725051997 0.5292048521 
-82.3812809884 0.0414997243 0.8725305678 0.5292634821 
-82.3828396669 0.0414960964 0.8725561018 0.5293221752 
-82.3844093441 0.0414924433 0.8725818046 0.5293809284 
-82.3859902151 0.0414887644 0.8726076790 0.5294397383 
-82.3875824803 0.0414850593 0.8726337281 0.5294986018 
-82.3891863463 0.0414813275 0.8726599551 0.5295575158 
-82.3908020252 0.0414775686 0.8726863630 0.5296164771 
-82.3924297355 0.0414737820 0.8727129553 0.5296754825 
-82.3940697017 0.0414699672 0.8727397353 0.5297345289 
-82.3957221547 0.0414661238 0.8727667065 0.5297936130 
-82.3973873322 0.0414622511 0.8727938725 0.5298527318 
-82.3990654782 0.0414583486 0.8728212370 0.5299118820 
-82.4007568440 0.0414544157 0.8728488038 0.5299710604 
-82.4024616878 0.0414504518 0.8728765768 0.5300302640 
-82.4041802749 0.0414464564 0.8729045601 0.5300894893 
-82.4059128782 0.0414424287 0.8729327577 0.5301487334 
-82.4076597783 0.0414383682 0.8729611741 0.5302079928 
-82.4094212633 0.0414342742 0.8729898134 0.5302672644 
-82.4111976297 0.0414301460 0.8730186803 0.5303265449 
-82.4129891820 0.0414259829 0.8730477793 0.5303858311 
-82.4147962330 0.0414217842 0.8730771152 0.5304451197 
-82.4166191043 0.0414175492 0.8731066929 0.5305044073 
-82.4184581263 0.0414132771 0.8731365175 0.5305636906 
-82.4203136385 0.0414089671 0.8731665941 0.5306229662 
-82.4221859896 0.0414046184 0.8731969279 0.5306822309 
-82.4240755379 0.0414002302 0.8732275245 0.5307414811 
-82.4259826515 0.0413958017 0.8732583895 0.5308007135 
-82.4279077083 0.0413913320 0.8732895286 0.5308599246 
-82.4298510967 0.0413868202 0.8733209477 0.5309191108 
-82.4318132155 0.0413822654 0.8733526529 0.5309782688 
-82.4337944742 0.0413776667 0.8733846505 0.5310373948 
-82.4357952934 0.0413730231 0.8734169469 0.5310964855 
-82.4378161051 0.0413683335 0.8734495486 0.5311555370 
-82.4398573527 0.0413635971 0.8734824624 0.5312145458 
-82.4419194917 0.0413588127 0.8735156952 0.5312735081 
-82.4440029895 0.0413539794 0.8735492542 0.5313324203 
-82.4461083262 0.0413490959 0.8735831467 0.5313912785 
-82.4482359946 0.0413441611 0.8736173803 0.5314500789 
-82.4503865006 0.0413391740 0.8736519625 0.5315088177 
-82.4525603635 0.0413341333 0.8736869014 0.5315674908 
-82.4547581164 0.0413290378 0.8737222051 0.5316260944 
-82.4569803064 0.0413238863 0.8737578819 0.5316846245 
-82.4592274952 0.0413186774 0.8737939404 0.5317430769 
-82.4615002592 0.0413134099 0.8738303894 0.5318014475 
-82.4637991900 0.0413080824 0.8738672378 0.5318597322 
-82.4661248946 0.0413026935 0.8739044950 0.5319179266 
-82.4684779961 0.0412972418 0.8739421705 0.5319760266 
-82.4708591339 0.0412917259 0.8739802739 0.5320340278 
-82.4732689641 0.0412861442 0.8740188153 0.5320919256 
-82.4757081597 0.0412804953 0.8740578050 0.5321497157 
-82.4781774117 0.0412747775 0.8740972535 0.5322073935 
-82.4806774287 0.0412689892 0.8741371715 0.5322649543 
-82.4832089380 0.0412631288 0.8741775702 0.5323223934 
-82.4857726857 0.0412571945 0.8742184609 0.5323797061 
-82.4883694371 0.0412511847 0.8742598552 0.5324368874 
-82.4909999775 0.0412450976 0.8743017651 0.5324939325 
-82.4936651126 0.0412389312 0.8743442029 0.5325508364 
-82.4963656688 0.0412326838 0.8743871812 0.5326075939 
-82.4991024938 0.0412263535 0.8744307127 0.5326641998 
-82.5018764573 0.0412199381 0.8744748108 0.5327206490 
-82.5046884513 0.0412134358 0.8745194890 0.5327769359 
-82.5075393909 0.0412068444 0.8745647612 0.5328330551 
-82.5104302147 0.0412001618 0.8746106417 0.5328890011 
-82.5133618853 0.0411933858 0.8746571450 0.5329447682 
-82.5163353901 0.0411865142 0.8747042861 0.5330003506 
-82.5193517418 0.0411795447 0.8747520804 0.5330557425 
-82.5224119792 0.0411724749 0.8748005436 0.5331109378 
-82.5255171676 0.0411653025 0.8748496920 0.5331659305 
-82.5286683994 0.0411580249 0.8748995419 0.5332207143 
-82.5318667951 0.0411506396 0.8749501104 0.5332752829 
-82.5351135040 0.0411431440 0.8750014148 0.5333296299 
-82.5384097043 0.0411355355 0.8750534730 0.5333837486 
-82.5417566047 0.0411278113 0.8751063031 0.5334376324 
-82.5451554445 0.0411199686 0.8751599240 0.5334912743 
-82.5486074947 0.0411120046 0.8752143548 0.5335446674 
-82.5521140584 0.0411039163 0.8752696151 0.5335978046 
-82.5556764723 0.0410957007 0.8753257251 0.5336506785 
-82.5592961067 0.0410873547 0.8753827054 0.5337032817 
-82.5629743671 0.0410788751 0.8754405771 0.5337556067 
-82.5667126943 0.0410702588 0.8754993619 0.5338076457 
-82.5705125661 0.0410615023 0.8755590820 0.5338593908 
-82.5743754977 0.0410526023 0.8756197601 0.5339108339 
-82.5783030427 0.0410435553 0.8756814195 0.5339619668 
-82.5822967940 0.0410343576 0.8757440841 0.5340127810 
-82.5863583853 0.0410250057 0.8758077782 0.5340632680 
-82.5904894912 0.0410154958 0.8758725270 0.5341134188 
-82.5946918293 0.0410058240 0.8759383561 0.5341632246 
-82.5989671602 0.0409959864 0.8760052917 0.5342126761 
-82.6033172894 0.0409859789 0.8760733607 0.5342617640 
-82.6077440681 0.0409757974 0.8761425908 0.5343104786 
-82.6122493943 0.0409654377 0.8762130100 0.5343588102 
-82.6168352142 0.0409548954 0.8762846474 0.5344067486 
-82.6215035230 0.0409441660 0.8763575324 0.5344542837 
-82.6262563666 0.0409332450 0.8764316955 0.5345014050 
-82.6310958426 0.0409221277 0.8765071676 0.5345481016 
-82.6360241017 0.0409108094 0.8765839805 0.5345943627 
-82.6410433490 0.0408992850 0.8766621667 0.5346401770 
-82.6461558454 0.0408875497 0.8767417595 0.5346855331 
-82.6513639089 0.0408755981 0.8768227930 0.5347304191 
-82.6566699164 0.0408634252 0.8769053022 0.5347748232 
-82.6620763045 0.0408510254 0.8769893227 0.5348187329 
-82.6675855719 0.0408383932 0.8770748912 0.5348621358 
-82.6732002802 0.0408255229 0.8771620450 0.5349050190 
-82.6789230560 0.0408124088 0.8772508225 0.5349473693 
-82.6847565923 0.0407990449 0.8773412629 0.5349891733 
-82.6907036501 0.0407854251 0.8774334064 0.5350304172 
-82.6967670605 0.0407715431 0.8775272939 0.5350710870 
-82.7029497263 0.0407573926 0.8776229676 0.5351111681 
-82.7092546236 0.0407429670 0.8777204705 0.5351506460 
-82.7156848040 0.0407282596 0.8778198465 0.5351895055 
-82.7222433963 0.0407132635 0.8779211407 0.5352277312 
-82.7289336088 0.0406979718 0.8780243992 0.5352653074 
-82.7357587309 0.0406823771 0.8781296691 0.5353022178 
-82.7427221355 0.0406664721 0.8782369986 0.5353384461 
-82.7498272810 0.0406502493 0.8783464370 0.5353739754 
-82.7570777136 0.0406337010 0.8784580349 0.5354087883 
-82.7644770693 0.0406168191 0.8785718437 0.5354428674 
-82.7720290768 0.0405995956 0.8786879162 0.5354761944 
-82.7797375592 0.0405820221 0.8788063064 0.5355087511 
-82.7876064368 0.0405640903 0.8789270696 0.5355405185 
-82.7956397297 0.0405457913 0.8790502621 0.5355714774 
-82.8038415601 0.0405271162 0.8791759416 0.5356016081 
-82.8122161553 0.0405080559 0.8793041671 0.5356308905 
-82.8207678500 0.0404886011 0.8794349989 0.5356593040 
-82.8295010895 0.0404687421 0.8795684987 0.5356868275 
-82.8384204323 0.0404484693 0.8797047294 0.5357134397 
-82.8475305535 0.0404277724 0.8798437556 0.5357391186 
-82.8568362470 0.0404066413 0.8799856428 0.5357638418 
-82.8663424295 0.0403850654 0.8801304585 0.5357875864 
-82.8760541434 0.0403630340 0.8802782714 0.5358103291 
-82.8859765598 0.0403405361 0.8804291516 0.5358320461 
-82.8961149824 0.0403175603 0.8805831710 0.5358527129 
-82.9064748506 0.0402940951 0.8807404027 0.5358723048 
-82.9170617432 0.0402701286 0.8809009216 0.5358907963 
-82.9278813824 0.0402456489 0.8810648042 0.5359081616 
-82.9389396369 0.0402206434 0.8812321285 0.5359243743 
-82.9502425267 0.0401950996 0.8814029743 0.5359394075 
-82.9617962261 0.0401690043 0.8815774228 0.5359532335 
-82.9736070689 0.0401423444 0.8817555573 0.5359658245 
-82.9856815518 0.0401151063 0.8819374626 0.5359771517 
-82.9980263392 0.0400872760 0.8821232251 0.5359871859 
-83.0106482674 0.0400588393 0.8823129332 0.5359958974 
-83.0235543497 0.0400297816 0.8825066771 0.5360032558 
-83.0367517806 0.0400000880 0.8827045488 0.5360092301 
-83.0502479413 0.0399697433 0.8829066420 0.5360137887 
-83.0640504040 0.0399387318 0.8831130525 0.5360168992 
-83.0781669378 0.0399070376 0.8833238778 0.5360185287 
-83.0926055138 0.0398746444 0.8835392175 0.5360186437 
-83.1073743104 0.0398415353 0.8837591730 0.5360172097 
-83.1224817193 0.0398076934 0.8839838477 0.5360141917 
-83.1379363510 0.0397731010 0.8842133471 0.5360095538 
-83.1537470412 0.0397377404 0.8844477786 0.5360032592 
-83.1699228568 0.0397015931 0.8846872515 0.5359952705 
-83.1864731021 0.0396646405 0.8849318774 0.5359855492 
-83.2034073259 0.0396268634 0.8851817698 0.5359740558 
-83.2207353278 0.0395882422 0.8854370444 0.5359607498 
-83.2384671655 0.0395487569 0.8856978187 0.5359455897 
-83.2566131619 0.0395083869 0.8859642128 0.5359285325 
-83.2751839125 0.0394671113 0.8862363484 0.5359095341 
-83.2941902933 0.0394249086 0.8865143496 0.5358885487 
-83.3136434685 0.0393817570 0.8867983426 0.5358655292 
-83.3335548990 0.0393376340 0.8870884557 0.5358404262 
-83.3539363505 0.0392925167 0.8873848194 0.5358131887 
-83.3747999023 0.0392463817 0.8876875663 0.5357837631 
-83.3961579568 0.0391992049 0.8879968312 0.5357520933 
-83.4180232482 0.0391509620 0.8883127508 0.5357181202 
-83.4404088525 0.0391016278 0.8886354644 0.5356817813 
-83.4633281975 0.0390511769 0.8889651129 0.5356430101 
-83.4867950728 0.0389995830 0.8893018398 0.5356017357 
-83.5108236412 0.0389468194 0.8896457904 0.5355578816 
-83.5354284490 0.0388928587 0.8899971121 0.5355113656 
-83.5606244379 0.0388376731 0.8903559546 0.5354620979 
-83.5864269569 0.0387812341 0.8907224693 0.5354099805 
-83.6128517747 0.0387235124 0.8910968098 0.5353549054 
-83.6399150925 0.0386644782 0.8914791319 0.5352967528 
-83.6676335573 0.0386041012 0.8918695929 0.5352353890 
-83.6960242759 0.0385423502 0.8922683523 0.5351706635 
-83.7251048295 0.0384791935 0.8926755715 0.5351024065 
-83.7548932888 0.0384145985 0.8930914134 0.5350304240 
-83.7854082296 0.0383485322 0.8935160432 0.5349544939 
-83.8166687498 0.0382809606 0.8939496272 0.5348743599 
-83.8486944866 0.0382118491 0.8943923339 0.5347897244 
-83.8815056345 0.0381411624 0.8948443330 0.5347002399 
-83.9151229651 0.0380688644 0.8953057959 0.5346054986 
-83.9495678473 0.0379949182 0.8957768956 0.5345050191 
-83.9848622686 0.0379192860 0.8962578062 0.5343982305 
-84.0210288586 0.0378419295 0.8967487032 0.5342844529 
-84.0580909132 0.0377628091 0.8972497636 0.5341628729 
-84.0960724213 0.0376818848 0.8977611654 0.5340325141 
-84.1349980930 0.0375991155 0.8982830876 0.5338922004 
-84.1748933906 0.0375144591 0.8988157106 0.5337405114 
-84.2157845625 0.0374278727 0.8993592156 0.5335757282 
-84.2576986795 0.0373393123 0.8999137848 0.5333957670 
-84.3006636763 0.0372487331 0.9004796016 0.5331981013 
-84.3447083962 0.0371560889 0.9010568503 0.5329796705 
-84.3898626418 0.0370613325 0.9016457161 0.5327367780 
-84.4361572320 0.0369644157 0.9022463858 0.5324649886 
-84.4836240657 0.0368652888 0.9028590471 0.5321590455 
-84.5322961938 0.0367639007 0.9034838895 0.5318128517 
-84.5822079005 0.0366601990 0.9041211041 0.5314195735 
-84.6333947911 0.0365541296 0.9047708841 0.5309718395 
-84.6858938964 0.0364456368 0.9054334254 0.5304632289 
-84.7397440692 0.0363346623 0.9061089303 0.5299229537 
-84.7949861832 0.0362211450 0.9067976094 0.5294638354 
-84.8516608938 0.0361050259 0.9074996509 0.5291385203 
-84.9098081407 0.0359862489 0.9082152137 0.5289256532 
-82.2637275358 0.0417742174 0.8705753813 0.5245164630 
-82.2647049176 0.0417719280 0.8705918593 0.5245490749 
-82.2656836156 0.0417696356 0.8706083549 0.5245804338 
-82.2666637845 0.0417673400 0.8706248709 0.5246111751 
-82.2676455840 0.0417650406 0.8706414099 0.5246417412 
-82.2686291749 0.0417627372 0.8706579749 0.5246724338 
-82.2696147168 0.0417604293 0.8706745684 0.5247034539 
-82.2706023667 0.0417581166 0.8706911933 0.5247349319 
-82.2715922778 0.0417557987 0.8707078521 0.5247669502 
-82.2725845990 0.0417534753 0.8707245473 0.5247995586 
-82.2735794747 0.0417511460 0.8707412815 0.5248327854 
-82.2745770445 0.0417488106 0.8707580570 0.5248666447 
-82.2755774432 0.0417464687 0.8707748761 0.5249011411 
-82.2765808012 0.0417441200 0.8707917409 0.5249362734 
-82.2775872439 0.0417417641 0.8708086538 0.5249720361 
-82.2785968925 0.0417394009 0.8708256166 0.5250084211 
-82.2796098637 0.0417370301 0.8708426313 0.5250454185 
-82.2806262701 0.0417346513 0.8708596999 0.5250830171 
-82.2816462202 0.0417322644 0.8708768242 0.5251212053 
-82.2826698186 0.0417298691 0.8708940059 0.5251599706 
-82.2836971664 0.0417274651 0.8709112466 0.5251993004 
-82.2847283610 0.0417250522 0.8709285481 0.5252391822 
-82.2857634964 0.0417226303 0.8709459119 0.5252796033 
-82.2868026635 0.0417201991 0.8709633395 0.5253205510 
-82.2878459502 0.0417177583 0.8709808323 0.5253620128 
-82.2888934414 0.0417153079 0.8709983917 0.5254039765 
-82.2899452193 0.0417128476 0.8710160190 0.5254464300 
-82.2910013638 0.0417103772 0.8710337157 0.5254893614 
-82.2920619519 0.0417078966 0.8710514829 0.5255327591 
-82.2931270588 0.0417054055 0.8710693218 0.5255766117 
-82.2941967574 0.0417029038 0.8710872336 0.5256209082 
-82.2952711186 0.0417003914 0.8711052195 0.5256656376 
-82.2963502115 0.0416978680 0.8711232805 0.5257107895 
-82.2974341036 0.0416953336 0.8711414178 0.5257563534 
-82.2985228607 0.0416927879 0.8711596323 0.5258023193 
-82.2996165472 0.0416902309 0.8711779252 0.5258486775 
-82.3007152263 0.0416876623 0.8711962973 0.5258954183 
-82.3018189598 0.0416850821 0.8712147496 0.5259425325 
-82.3029278088 0.0416824901 0.8712332832 0.5259900110 
-82.3040418330 0.0416798861 0.8712518988 0.5260378449 
-82.3051610917 0.0416772701 0.8712705975 0.5260860258 
-82.3062856432 0.0416746418 0.8712893801 0.5261345451 
-82.3074155453 0.0416720012 0.8713082476 0.5261833948 
-82.3085508554 0.0416693481 0.8713272007 0.5262325670 
-82.3096916305 0.0416666824 0.8713462404 0.5262820537 
-82.3108379272 0.0416640040 0.8713653674 0.5263318477 
-82.3119898020 0.0416613127 0.8713845828 0.5263819414 
-82.3131473114 0.0416586084 0.8714038872 0.5264323277 
-82.3143105118 0.0416558910 0.8714232816 0.5264829997 
-82.3154794599 0.0416531603 0.8714427668 0.5265339505 
-82.3166542125 0.0416504162 0.8714623436 0.5265851735 
-82.3178348268 0.0416476586 0.8714820129 0.5266366622 
-82.3190213604 0.0416448874 0.8715017755 0.5266884104 
-82.3202138714 0.0416421024 0.8715216323 0.5267404117 
-82.3214124186 0.0416393034 0.8715415842 0.5267926603 
-82.3226170615 0.0416364904 0.8715616320 0.5268451502 
-82.3238278601 0.0416336632 0.8715817766 0.5268978756 
-82.3250448758 0.0416308217 0.8716020189 0.5269508311 
-82.3262681705 0.0416279658 0.8716223599 0.5270040110 
-82.3274978076 0.0416250951 0.8716428004 0.5270574100 
-82.3287338513 0.0416222098 0.8716633414 0.5271110228 
-82.3299763672 0.0416193095 0.8716839838 0.5271648444 
-82.3312254223 0.0416163941 0.8717047287 0.5272188696 
-82.3324810849 0.0416134636 0.8717255770 0.5272730936 
-82.3337434249 0.0416105176 0.8717465297 0.5273275115 
-82.3350125138 0.0416075561 0.8717675879 0.5273821185 
-82.3362884248 0.0416045789 0.8717887527 0.5274369101 
-82.3375712328 0.0416015858 0.8718100252 0.5274918817 
-82.3388610147 0.0415985766 0.8718314064 0.5275470288 
-82.3401578492 0.0415955512 0.8718528976 0.5276023470 
-82.3414618172 0.0415925093 0.8718744999 0.5276578320 
-82.3427730018 0.0415894509 0.8718962146 0.5277134796 
-82.3440914881 0.0415863756 0.8719180428 0.5277692856 
-82.3454173637 0.0415832833 0.8719399859 0.5278252459 
-82.3467507185 0.0415801738 0.8719620452 0.5278813565 
-82.3480916451 0.0415770469 0.8719842221 0.5279376134 
-82.3494402386 0.0415739023 0.8720065180 0.5279940126 
-82.3507965966 0.0415707398 0.8720289342 0.5280505504 
-82.3521608199 0.0415675592 0.8720514724 0.5281072229 
-82.3535330120 0.0415643603 0.8720741340 0.5281640264 
-82.3549132792 0.0415611428 0.8720969206 0.5282209572 
-82.3563017312 0.0415579065 0.8721198338 0.5282780116 
-82.3576984807 0.0415546511 0.8721428753 0.5283351859 
-82.3591036438 0.0415513763 0.8721660468 0.5283924767 
-82.3605173400 0.0415480819 0.8721893501 0.5284498805 
-82.3619396922 0.0415447675 0.8722127871 0.5285073936 
-82.3633708271 0.0415414330 0.8722363595 0.5285650126 
-82.3648108748 0.0415380780 0.8722600694 0.5286227342 
-82.3662599697 0.0415347021 0.8722839187 0.5286805548 
-82.3677182497 0.0415313051 0.8723079096 0.5287384712 
-82.3691858569 0.0415278867 0.8723320441 0.5287964800 
-82.3706629378 0.0415244464 0.8723563244 0.5288545779 
-82.3721496429 0.0415209841 0.8723807528 0.5289127615 
-82.3736461272 0.0415174992 0.8724053316 0.5289710276 
-82.3751525504 0.0415139915 0.8724300631 0.5290293730 
-82.3766690766 0.0415104605 0.8724549500 0.5290877943 
-82.3781958749 0.0415069059 0.8724799946 0.5291462884 
-82.3797331191 0.0415033273 0.8725051997 0.5292048521 
-82.3812809884 0.0414997243 0.8725305678 0.5292634821 
-82.3828396669 0.0414960964 0.8725561018 0.5293221752 
-82.3844093441 0.0414924433 0.8725818046 0.5293809284 
-82.3859902151 0.0414887644 0.8726076790 0.5294397383 
-82.3875824803 0.0414850593 0.8726337281 0.5294986018 
-82.3891863463 0.0414813275 0.8726599551 0.5295575158 
-82.3908020252 0.0414775686 0.8726863630 0.5296164771 
-82.3924297355 0.0414737820 0.8727129553 0.5296754825 
-82.3940697017 0.0414699672 0.8727397353 0.5297345289 
-82.3957221547 0.0414661238 0.8727667065 0.5297936130 
-82.3973873322 0.0414622511 0.8727938725 0.5298527318 
-82.3990654782 0.0414583486 0.8728212370 0.5299118820 
-82.4007568440 0.0414544157 0.8728488038 0.5299710604 
-82.4024616878 0.0414504518 0.8728765768 0.5300302640 
-82.4041802749 0.0414464564 0.8729045601 0.5300894893 
-82.4059128782 0.0414424287 0.8729327577 0.5301487334 
-82.4076597783 0.0414383682 0.8729611741 0.5302079928 
-82.4094212633 0.0414342742 0.8729898134 0.5302672644 
-82.4111976297 0.0414301460 0.8730186803 0.5303265449 
-82.4129891820 0.0414259829 0.8730477793 0.5303858311 
-82.4147962330 0.0414217842 0.8730771152 0.5304451197 
-82.4166191043 0.0414175492 0.8731066929 0.5305044073 
-82.4184581263 0.0414132771 0.8731365175 0.5305636906 
-82.4203136385 0.0414089671 0.8731665941 0.5306229662 
-82.4221859896 0.0414046184 0.8731969279 0.5306822309 
-82.4240755379 0.0414002302 0.8732275245 0.5307414811 
-82.4259826515 0.0413958017 0.8732583895 0.5308007135 
-82.4279077083 0.0413913320 0.8732895286 0.5308599246 
-82.4298510967 0.0413868202 0.8733209477 0.5309191108 
-82.4318132155 0.0413822654 0.8733526529 0.5309782688 
-82.4337944742 0.0413776667 0.8733846505 0.5310373948 
-82.4357952934 0.0413730231 0.8734169469 0.5310964855 
-82.4378161051 0.0413683335 0.8734495486 0.5311555370 
-82.4398573527 0.0413635971 0.8734824624 0.5312145458 
-82.4419194917 0.0413588127 0.8735156952 0.5312735081 
-82.4440029895 0.0413539794 0.8735492542 0.5313324203 
-82.4461083262 0.0413490959 0.8735831467 0.5313912785 
-82.4482359946 0.0413441611 0.8736173803 0.5314500789 
-82.4503865006 0.0413391740 0.8736519625 0.5315088177 
-82.4525603635 0.0413341333 0.8736869014 0.5315674908 
-82.4547581164 0.0413290378 0.8737222051 0.5316260944 
-82.4569803064 0.0413238863 0.8737578819 0.5316846245 
-82.4592274952 0.0413186774 0.8737939404 0.5317430769 
-82.4615002592 0.0413134099 0.8738303894 0.5318014475 
-82.4637991900 0.0413080824 0.8738672378 0.5318597322 
-82.4661248946 0.0413026935 0.8739044950 0.5319179266 
-82.4684779961 0.0412972418 0.8739421705 0.5319760266 
-82.4708591339 0.0412917259 0.8739802739 0.5320340278 
-82.4732689641 0.0412861442 0.8740188153 0.5320919256 
-82.4757081597 0.0412804953 0.8740578050 0.5321497157 
-82.4781774117 0.0412747775 0.8740972535 0.5322073935 
-82.4806774287 0.0412689892 0.8741371715 0.5322649543 
-82.4832089380 0.0412631288 0.8741775702 0.5323223934 
-82.4857726857 0.0412571945 0.8742184609 0.5323797061 
-82.4883694371 0.0412511847 0.8742598552 0.5324368874 
-82.4909999775 0.0412450976 0.8743017651 0.5324939325 
-82.4936651126 0.0412389312 0.8743442029 0.5325508364 
-82.4963656688 0.0412326838 0.8743871812 0.5326075939 
-82.4991024938 0.0412263535 0.8744307127 0.5326641998 
-82.5018764573 0.0412199381 0.8744748108 0.5327206490 
-82.5046884513 0.0412134358 0.8745194890 0.5327769359 
-82.5075393909 0.0412068444 0.8745647612 0.5328330551 
-82.5104302147 0.0412001618 0.8746106417 0.5328890011 
-82.5133618853 0.0411933858 0.8746571450 0.5329447682 
-82.5163353901 0.0411865142 0.8747042861 0.5330003506 
-82.5193517418 0.0411795447 0.8747520804 0.5330557425 
-82.5224119792 0.0411724749 0.8748005436 0.5331109378 
-82.5255171676 0.0411653025 0.8748496920 0.5331659305 
-82.5286683994 0.0411580249 0.8748995419 0.5332207143 
-82.5318667951 0.0411506396 0.8749501104 0.5332752829 
-82.5351135040 0.0411431440 0.8750014148 0.5333296299 
-82.5384097043 0.0411355355 0.8750534730 0.5333837486 
-82.5417566047 0.0411278113 0.8751063031 0.5334376324 
-82.5451554445 0.0411199686 0.8751599240 0.5334912743 
-82.5486074947 0.0411120046 0.8752143548 0.5335446674 
-82.5521140584 0.0411039163 0.8752696151 0.5335978046 
-82.5556764723 0.0410957007 0.8753257251 0.5336506785 
-82.5592961067 0.0410873547 0.8753827054 0.5337032817 
-82.5629743671 0.0410788751 0.8754405771 0.5337556067 
-82.5667126943 0.0410702588 0.8754993619 0.5338076457 
-82.5705125661 0.0410615023 0.8755590820 0.5338593908 
-82.5743754977 0.0410526023 0.8756197601 0.5339108339 
-82.5783030427 0.0410435553 0.8756814195 0.5339619668 
-82.5822967940 0.0410343576 0.8757440841 0.5340127810 
-82.5863583853 0.0410250057 0.8758077782 0.5340632680 
-82.5904894912 0.0410154958 0.8758725270 0.5341134188 
-82.5946918293 0.0410058240 0.8759383561 0.5341632246 
-82.5989671602 0.0409959864 0.8760052917 0.5342126761 
-82.6033172894 0.0409859789 0.8760733607 0.5342617640 
-82.6077440681 0.0409757974 0.8761425908 0.5343104786 
-82.6122493943 0.0409654377 0.8762130100 0.5343588102 
-82.6168352142 0.0409548954 0.8762846474 0.5344067486 
-82.6215035230 0.0409441660 0.8763575324 0.5344542837 
-82.6262563666 0.0409332450 0.8764316955 0.5345014050 
-82.6310958426 0.0409221277 0.8765071676 0.5345481016 
-82.6360241017 0.0409108094 0.8765839805 0.5345943627 
-82.6410433490 0.0408992850 0.8766621667 0.5346401770 
-82.6461558454 0.0408875497 0.8767417595 0.5346855331 
-82.6513639089 0.0408755981 0.8768227930 0.5347304191 
-82.6566699164 0.0408634252 0.8769053022 0.5347748232 
-82.6620763045 0.0408510254 0.8769893227 0.5348187329 
-82.6675855719 0.0408383932 0.8770748912 0.5348621358 
-82.6732002802 0.0408255229 0.8771620450 0.5349050190 
-82.6789230560 0.0408124088 0.8772508225 0.5349473693 
-82.6847565923 0.0407990449 0.8773412629 0.5349891733 
-82.6907036501 0.0407854251 0.8774334064 0.5350304172 
-82.6967670605 0.0407715431 0.8775272939 0.5350710870 
-82.7029497263 0.0407573926 0.8776229676 0.5351111681 
-82.7092546236 0.0407429670 0.8777204705 0.5351506460 
-82.7156848040 0.0407282596 0.8778198465 0.5351895055 
-82.7222433963 0.0407132635 0.8779211407 0.5352277312 
-82.7289336088 0.0406979718 0.8780243992 0.5352653074 
-82.7357587310 0.0406823771 0.8781296691 0.5353022178 
-82.7427221355 0.0406664721 0.8782369986 0.5353384461 
-82.7498272810 0.0406502493 0.8783464370 0.5353739754 
-82.7570777136 0.0406337010 0.8784580349 0.5354087883 
-82.7644770694 0.0406168191 0.8785718437 0.5354428674 
-82.7720290768 0.0405995956 0.8786879162 0.5354761944 
-82.7797375592 0.0405820221 0.8788063064 0.5355087511 
-82.7876064368 0.0405640903 0.8789270696 0.5355405185 
-82.7956397297 0.0405457913 0.8790502621 0.5355714774 
-82.8038415601 0.0405271162 0.8791759416 0.5356016081 
-82.8122161553 0.0405080559 0.8793041671 0.5356308905 
-82.8207678500 0.0404886011 0.8794349989 0.5356593040 
-82.8295010895 0.0404687421 0.8795684987 0.5356868275 
-82.8384204323 0.0404484693 0.8797047294 0.5357134397 
-82.8475305535 0.0404277724 0.8798437556 0.5357391186 
-82.8568362470 0.0404066413 0.8799856428 0.5357638418 
-82.8663424295 0.0403850654 0.8801304585 0.5357875864 
-82.8760541434 0.0403630340 0.8802782714 0.5358103291 
-82.8859765598 0.0403405361 0.8804291516 0.5358320461 
-82.8961149824 0.0403175603 0.8805831710 0.5358527129 
-82.9064748506 0.0402940951 0.8807404027 0.5358723048 
-82.9170617432 0.0402701286 0.8809009216 0.5358907963 
-82.9278813824 0.0402456489 0.8810648042 0.5359081616 
-82.9389396369 0.0402206434 0.8812321285 0.5359243743 
-82.9502425267 0.0401950996 0.8814029743 0.5359394075 
-82.9617962261 0.0401690043 0.8815774228 0.5359532335 
-82.9736070689 0.0401423444 0.8817555573 0.5359658245 
-82.9856815518 0.0401151063 0.8819374626 0.5359771517 
-82.9980263392 0.0400872760 0.8821232251 0.5359871859 
-83.0106482674 0.0400588393 0.8823129332 0.5359958974 
-83.0235543497 0.0400297816 0.8825066771 0.5360032558 
-83.0367517806 0.0400000880 0.8827045488 0.5360092301 
-83.0502479413 0.0399697433 0.8829066420 0.5360137887 
-83.0640504040 0.0399387318 0.8831130525 0.5360168992 
-83.0781669378 0.0399070376 0.8833238778 0.5360185287 
-83.0926055138 0.0398746444 0.8835392175 0.5360186437 
-83.1073743104 0.0398415353 0.8837591730 0.5360172097 
-83.1224817193 0.0398076934 0.8839838477 0.5360141917 
-83.1379363510 0.0397731010 0.8842133471 0.5360095538 
-83.1537470412 0.0397377404 0.8844477786 0.5360032592 
-83.1699228568 0.0397015931 0.8846872515 0.5359952705 
-83.1864731021 0.0396646405 0.8849318774 0.5359855492 
-83.2034073259 0.0396268634 0.8851817698 0.5359740558 
-83.2207353278 0.0395882422 0.8854370444 0.5359607498 
-83.2384671655 0.0395487569 0.8856978187 0.5359455897 
-83.2566131619 0.0395083869 0.8859642128 0.5359285325 
-83.2751839125 0.0394671113 0.8862363484 0.5359095341 
-83.2941902933 0.0394249086 0.8865143496 0.5358885487 
-83.3136434686 0.0393817570 0.8867983426 0.5358655292 
-83.3335548990 0.0393376340 0.8870884557 0.5358404262 
-83.3539363505 0.0392925167 0.8873848194 0.5358131887 
-83.3747999024 0.0392463817 0.8876875663 0.5357837631 
-83.3961579568 0.0391992049 0.8879968312 0.5357520933 
-83.4180232482 0.0391509620 0.8883127508 0.5357181202 
-83.4404088525 0.0391016278 0.8886354644 0.5356817813 
-83.4633281975 0.0390511769 0.8889651129 0.5356430101 
-83.4867950728 0.0389995830 0.8893018398 0.5356017357 
-83.5108236412 0.0389468194 0.8896457904 0.5355578816 
-83.5354284490 0.0388928587 0.8899971121 0.5355113656 
-83.5606244379 0.0388376731 0.8903559546 0.5354620979 
-83.5864269569 0.0387812341 0.8907224693 0.5354099805 
-83.6128517747 0.0387235124 0.8910968098 0.5353549054 
-83.6399150925 0.0386644782 0.8914791319 0.5352967528 
-83.6676335573 0.0386041012 0.8918695929 0.5352353890 
-83.6960242759 0.0385423502 0.8922683523 0.5351706635 
-83.7251048295 0.0384791935 0.8926755715 0.5351024065 
-83.7548932888 0.0384145985 0.8930914134 0.5350304240 
-83.7854082296 0.0383485322 0.8935160432 0.5349544939 
-83.8166687498 0.0382809606 0.8939496272 0.5348743599 
-83.8486944866 0.0382118491 0.8943923339 0.5347897244 
-83.8815056345 0.0381411624 0.8948443330 0.5347002399 
-83.9151229651 0.0380688644 0.8953057959 0.5346054986 
-83.9495678473 0.0379949182 0.8957768956 0.5345050191 
-83.9848622686 0.0379192860 0.8962578062 0.5343982305 
-84.0210288586 0.0378419295 0.8967487032 0.5342844529 
-84.0580909132 0.0377628091 0.8972497636 0.5341628729 
-84.0960724213 0.0376818848 0.8977611654 0.5340325141 
-84.1349980930 0.0375991155 0.8982830876 0.5338922004 
-84.1748933906 0.0375144591 0.8988157106 0.5337405114 
-84.2157845625 0.0374278727 0.8993592156 0.5335757282 
-84.2576986796 0.0373393123 0.8999137848 0.5333957670 
-84.3006636763 0.0372487331 0.9004796016 0.5331981013 
-84.3447083962 0.0371560889 0.9010568503 0.5329796705 
-84.3898626418 0.0370613325 0.9016457161 0.5327367780 
-84.4361572320 0.0369644157 0.9022463858 0.5324649886 
-84.4836240657 0.0368652888 0.9028590471 0.5321590455 
-84.5322961938 0.0367639007 0.9034838895 0.5318128517 
-84.5822079005 0.0366601990 0.9041211041 0.5314195735 
-84.6333947912 0.0365541296 0.9047708841 0.5309718395 
-84.6858938965 0.0364456368 0.9054334254 0.5304632289 
-84.7397440692 0.0363346623 0.9061089303 0.5299229537 
-84.7949861832 0.0362211450 0.9067976094 0.5294638354 
-84.8516608938 0.0361050259 0.9074996509 0.5291385203 
-84.9098081407 0.0359862489 0.9082152137 0.5289256532 
-84.9123225181 0.0359811205 0.9082462250 0.5289158346 
-84.9123225181 0.0359811205 0.9082462250 0.5289158346 
