-81.9369826102 0.0425461194 0.8649565140 0.5094185061 
-81.9369797266 0.0425461263 0.8649564588 0.5094062158 
-81.9369740690 0.0425461398 0.8649563503 0.5093816193 
-81.9369658568 0.0425461594 0.8649561926 0.5093447134 
-81.9369554197 0.0425461843 0.8649559915 0.5092955587 
-81.9369431986 0.0425462134 0.8649557549 0.5092343476 
-81.9369295695 0.0425462460 0.8649554898 0.5091432434 
-81.9369158632 0.0425462787 0.8649552201 0.5090763634 
-81.9369024899 0.0425463106 0.8649549531 0.5090141722 
-81.9368899982 0.0425463404 0.8649546988 0.5089560721 
-81.9368789019 0.0425463669 0.8649544664 0.5089015824 
-81.9368696836 0.0425463890 0.8649542646 0.5088503207 
-81.9368627988 0.0425464054 0.8649541016 0.5088019855 
-81.9368586781 0.0425464153 0.8649539852 0.5087563389 
-81.9368577299 0.0425464177 0.8649539227 0.5087131926 
-81.9368603417 0.0425464115 0.8649539211 0.5086723961 
-81.9368668819 0.0425463960 0.8649539870 0.5086338271 
-81.9368777008 0.0425463704 0.8649541268 0.5085973847 
-81.9368931316 0.0425463337 0.8649543463 0.5085629831 
-81.9369134912 0.0425462853 0.8649546514 0.5085305485 
-81.9369390812 0.0425462244 0.8649550474 0.5085000157 
-81.9369701886 0.0425461504 0.8649555395 0.5084713259 
-81.9370070859 0.0425460626 0.8649561326 0.5084444255 
-81.9370500324 0.0425459603 0.8649568313 0.5084192646 
-81.9370992745 0.0425458431 0.8649576401 0.5083957965 
-81.9371550458 0.0425457104 0.8649585632 0.5083739769 
-81.9372175683 0.0425455615 0.8649596045 0.5083537633 
-81.9372870522 0.0425453961 0.8649607679 0.5083351151 
-81.9373636970 0.0425452136 0.8649620568 0.5083179931 
-81.9374476913 0.0425450135 0.8649634747 0.5083023594 
-81.9375392136 0.0425447956 0.8649650248 0.5082881777 
-81.9376384328 0.0425445593 0.8649667100 0.5082754124 
-81.9377455081 0.0425443043 0.8649685333 0.5082640296 
-81.9378605899 0.0425440303 0.8649704974 0.5082539961 
-81.9379838198 0.0425437368 0.8649726047 0.5082452799 
-81.9381153311 0.0425434236 0.8649748576 0.5082378501 
-81.9382552492 0.0425430903 0.8649772584 0.5082316768 
-81.9384036917 0.0425427368 0.8649798092 0.5082267308 
-81.9385607689 0.0425423627 0.8649825119 0.5082229841 
-81.9387265841 0.0425419678 0.8649853684 0.5082204095 
-81.9389012336 0.0425415518 0.8649883804 0.5082189805 
-81.9390848074 0.0425411146 0.8649915495 0.5082186717 
-81.9392773892 0.0425406559 0.8649948771 0.5082194584 
-81.9394790566 0.0425401756 0.8649983647 0.5082213164 
-81.9396898817 0.0425396734 0.8650020135 0.5082242227 
-81.9399099309 0.0425391493 0.8650058247 0.5082281546 
-81.9401392654 0.0425386031 0.8650097993 0.5082330905 
-81.9403779412 0.0425380347 0.8650139384 0.5082390091 
-81.9406260096 0.0425374438 0.8650182429 0.5082458899 
-81.9408835174 0.0425368305 0.8650227135 0.5082537131 
-81.9411505066 0.0425361947 0.8650273510 0.5082624594 
-81.9414270152 0.0425355361 0.8650321560 0.5082721102 
-81.9417130771 0.0425348548 0.8650371292 0.5082826472 
-81.9420087222 0.0425341507 0.8650422711 0.5082940529 
-81.9423139767 0.0425334237 0.8650475820 0.5083063104 
-81.9426288634 0.0425326738 0.8650530624 0.5083194029 
-81.9429534015 0.0425319009 0.8650587126 0.5083333146 
-81.9432876069 0.0425311050 0.8650645328 0.5083480297 
-81.9436314926 0.0425302860 0.8650705233 0.5083635333 
-81.9439850685 0.0425294440 0.8650766842 0.5083798107 
-81.9443483417 0.0425285789 0.8650830156 0.5083968475 
-81.9447213164 0.0425276907 0.8650895175 0.5084146300 
-81.9451039946 0.0425267794 0.8650961901 0.5084331448 
-81.9454963755 0.0425258451 0.8651030331 0.5084523788 
-81.9458984561 0.0425248876 0.8651100466 0.5084723194 
-81.9463102312 0.0425239071 0.8651172303 0.5084929543 
-81.9467316933 0.0425229035 0.8651245842 0.5085142716 
-81.9471628330 0.0425218769 0.8651321081 0.5085362596 
-81.9476036391 0.0425208273 0.8651398017 0.5085589070 
-81.9480540982 0.0425197548 0.8651476647 0.5085822030 
-81.9485141957 0.0425186593 0.8651556969 0.5086061369 
-81.9489839148 0.0425175409 0.8651638979 0.5086306983 
-81.9494632374 0.0425163997 0.8651722673 0.5086558772 
-81.9499521440 0.0425152357 0.8651808049 0.5086816638 
-81.9504506136 0.0425140490 0.8651895101 0.5087080486 
-81.9509586239 0.0425128396 0.8651983826 0.5087350223 
-81.9514761512 0.0425116076 0.8652074218 0.5087625759 
-81.9520031709 0.0425103530 0.8652166274 0.5087907008 
-81.9525396570 0.0425090758 0.8652259987 0.5088193883 
-81.9530855828 0.0425077763 0.8652355354 0.5088486303 
-81.9536409201 0.0425064544 0.8652452368 0.5088784185 
-81.9542056403 0.0425051102 0.8652551025 0.5089087453 
-81.9547797137 0.0425037437 0.8652651318 0.5089396030 
-81.9553631097 0.0425023551 0.8652753241 0.5089709841 
-81.9559557972 0.0425009445 0.8652856790 0.5090028814 
-81.9565577441 0.0424995118 0.8652961957 0.5090352879 
-81.9571689179 0.0424980573 0.8653068737 0.5090681967 
-81.9577892853 0.0424965809 0.8653177123 0.5091016012 
-81.9584188126 0.0424950827 0.8653287108 0.5091354948 
-81.9590574654 0.0424935629 0.8653398688 0.5091698711 
-81.9597052091 0.0424920215 0.8653511854 0.5092047241 
-81.9603620084 0.0424904585 0.8653626600 0.5092400478 
-81.9610278277 0.0424888742 0.8653742919 0.5092758361 
-81.9617026311 0.0424872686 0.8653860806 0.5093120836 
-81.9623863824 0.0424856417 0.8653980252 0.5093487845 
-81.9630790449 0.0424839937 0.8654101251 0.5093859335 
-81.9637805819 0.0424823246 0.8654223796 0.5094235253 
-81.9644909564 0.0424806346 0.8654347880 0.5094615547 
-81.9652101312 0.0424789236 0.8654473496 0.5095000168 
-81.9659380689 0.0424771919 0.8654600637 0.5095389066 
-81.9666747321 0.0424754395 0.8654729296 0.5095782193 
-81.9674200830 0.0424736666 0.8654859466 0.5096179504 
-81.9681740842 0.0424718731 0.8654991139 0.5096580952 
-81.9689366978 0.0424700591 0.8655124309 0.5096986494 
-81.9697078862 0.0424682249 0.8655258969 0.5097396086 
-81.9704876115 0.0424663704 0.8655395111 0.5097809686 
-81.9712758361 0.0424644958 0.8655532729 0.5098227254 
-81.9720725223 0.0424626012 0.8655671814 0.5098648749 
-81.9728776324 0.0424606866 0.8655812361 0.5099074132 
-81.9736911290 0.0424587521 0.8655954362 0.5099503366 
-81.9745129745 0.0424567978 0.8656097810 0.5099936413 
-81.9753431317 0.0424548239 0.8656242698 0.5100373237 
-81.9761815633 0.0424528304 0.8656389019 0.5100813802 
-81.9770282323 0.0424508174 0.8656536766 0.5101258075 
-81.9778831019 0.0424487850 0.8656685933 0.5101706021 
-81.9787461354 0.0424467332 0.8656836511 0.5102157609 
-81.9796172962 0.0424446622 0.8656988494 0.5102612805 
-81.9804965481 0.0424425721 0.8657141876 0.5103071580 
-81.9813838550 0.0424404630 0.8657296650 0.5103533902 
-81.9822791811 0.0424383348 0.8657452808 0.5103999742 
-81.9831824908 0.0424361878 0.8657610345 0.5104469071 
-81.9840937487 0.0424340220 0.8657769253 0.5104941861 
-81.9850129199 0.0424318376 0.8657929526 0.5105418085 
-81.9859399695 0.0424296344 0.8658091157 0.5105897716 
-81.9868748630 0.0424274128 0.8658254140 0.5106380727 
-81.9878175664 0.0424251727 0.8658418468 0.5106867094 
-81.9887680456 0.0424229142 0.8658584135 0.5107356792 
-81.9897262671 0.0424206375 0.8658751134 0.5107849796 
-81.9906921976 0.0424183425 0.8658919460 0.5108346084 
-81.9916658043 0.0424160294 0.8659089106 0.5108845632 
-81.9926470546 0.0424136983 0.8659260065 0.5109348418 
-81.9936359162 0.0424113492 0.8659432332 0.5109854420 
-81.9946323572 0.0424089823 0.8659605901 0.5110363618 
-81.9956363461 0.0424065975 0.8659780765 0.5110875991 
-81.9966478518 0.0424041950 0.8659956919 0.5111391519 
-81.9976668434 0.0424017748 0.8660134357 0.5111910183 
-81.9986932905 0.0423993371 0.8660313073 0.5112431964 
-81.9997271630 0.0423968819 0.8660493061 0.5112956843 
-82.0007684313 0.0423944092 0.8660674316 0.5113484803 
-82.0018170661 0.0423919192 0.8660856832 0.5114015827 
-82.0028730384 0.0423894119 0.8661040603 0.5114549898 
-82.0039363197 0.0423868873 0.8661225624 0.5115086999 
-82.0050068820 0.0423843457 0.8661411890 0.5115627116 
-82.0060846974 0.0423817869 0.8661599396 0.5116170232 
-82.0071697386 0.0423792111 0.8661788135 0.5116716333 
-82.0082619787 0.0423766184 0.8661978104 0.5117265406 
-82.0093613911 0.0423740088 0.8662169296 0.5117817435 
-82.0104679498 0.0423713824 0.8662361707 0.5118372409 
-82.0115816289 0.0423687393 0.8662555332 0.5118930313 
-82.0127024031 0.0423660795 0.8662750166 0.5119491136 
-82.0138302476 0.0423634030 0.8662946203 0.5120054865 
-82.0149651377 0.0423607100 0.8663143441 0.5120621490 
-82.0161070494 0.0423580005 0.8663341873 0.5121190999 
-82.0172559590 0.0423552745 0.8663541495 0.5121763382 
-82.0184118431 0.0423525322 0.8663742303 0.5122338628 
-82.0195746788 0.0423497735 0.8663944291 0.5122916729 
-82.0207444436 0.0423469985 0.8664147457 0.5123497673 
-82.0219211155 0.0423442074 0.8664351795 0.5124081454 
-82.0231046727 0.0423414001 0.8664557301 0.5124668062 
-82.0242950939 0.0423385766 0.8664763971 0.5125257489 
-82.0254923582 0.0423357371 0.8664971801 0.5125849728 
-82.0266964451 0.0423328817 0.8665180787 0.5126444772 
-82.0279073346 0.0423300102 0.8665390925 0.5127042614 
-82.0291250067 0.0423271229 0.8665602210 0.5127643248 
-82.0303494423 0.0423242197 0.8665814640 0.5128246668 
-82.0315806223 0.0423213007 0.8666028211 0.5128852868 
-82.0328185283 0.0423183659 0.8666242918 0.5129461843 
-82.0340631419 0.0423154154 0.8666458758 0.5130073590 
-82.0353144454 0.0423124493 0.8666675727 0.5130688103 
-82.0365724213 0.0423094675 0.8666893823 0.5131305379 
-82.0378370525 0.0423064702 0.8667113041 0.5131925414 
-82.0391083224 0.0423034573 0.8667333379 0.5132548206 
-82.0403862146 0.0423004289 0.8667554832 0.5133173752 
-82.0416707130 0.0422973851 0.8667777398 0.5133802050 
-82.0429618020 0.0422943258 0.8668001074 0.5134433098 
-82.0442594664 0.0422912512 0.8668225856 0.5135066896 
-82.0455636910 0.0422881613 0.8668451741 0.5135703441 
-82.0468744613 0.0422850560 0.8668678727 0.5136342734 
-82.0481917630 0.0422819355 0.8668906810 0.5136984775 
-82.0495155820 0.0422787998 0.8669135987 0.5137629565 
-82.0508459047 0.0422756488 0.8669366256 0.5138277103 
-82.0521827177 0.0422724828 0.8669597614 0.5138927392 
-82.0535260080 0.0422693015 0.8669830059 0.5139580433 
-82.0548757627 0.0422661053 0.8670063586 0.5140236229 
-82.0562319693 0.0422628939 0.8670298195 0.5140894781 
-82.0575946156 0.0422596676 0.8670533882 0.5141556094 
-82.0589636898 0.0422564262 0.8670770644 0.5142220171 
-82.0603391800 0.0422531699 0.8671008480 0.5142887015 
-82.0617210748 0.0422498986 0.8671247387 0.5143556632 
-82.0631093631 0.0422466125 0.8671487362 0.5144229027 
-82.0645040339 0.0422433115 0.8671728403 0.5144904203 
-82.0659050764 0.0422399956 0.8671970507 0.5145582169 
-82.0673124800 0.0422366650 0.8672213673 0.5146262930 
-82.0687262346 0.0422333195 0.8672457899 0.5146946493 
-82.0701463298 0.0422299593 0.8672703181 0.5147632866 
-82.0715727558 0.0422265844 0.8672949518 0.5148322056 
-82.0730055028 0.0422231947 0.8673196907 0.5149014072 
-82.0744445611 0.0422197904 0.8673445347 0.5149708923 
-82.0758899212 0.0422163714 0.8673694836 0.5150406619 
-82.0773415737 0.0422129378 0.8673945371 0.5151107169 
-82.0787995095 0.0422094896 0.8674196949 0.5151810585 
-82.0802637192 0.0422060268 0.8674449570 0.5152516878 
-82.0817341940 0.0422025495 0.8674703231 0.5153226059 
-82.0832109247 0.0421990576 0.8674957930 0.5153938142 
-82.0846939024 0.0421955512 0.8675213666 0.5154653138 
-82.0861831182 0.0421920304 0.8675470435 0.5155371063 
-82.0876785633 0.0421884951 0.8675728236 0.5156091929 
-82.0891802287 0.0421849454 0.8675987067 0.5156815753 
-82.0906881056 0.0421813812 0.8676246926 0.5157542549 
-82.0922021850 0.0421778027 0.8676507811 0.5158272335 
-82.0937224580 0.0421742098 0.8676769721 0.5159005126 
-82.0952489155 0.0421706026 0.8677032651 0.5159740942 
-82.0967815483 0.0421669811 0.8677296602 0.5160479800 
-82.0983203473 0.0421633453 0.8677561571 0.5161221720 
-82.0998653029 0.0421596953 0.8677827555 0.5161966721 
-82.1014164057 0.0421560310 0.8678094552 0.5162714825 
-82.1029736459 0.0421523525 0.8678362561 0.5163466053 
-82.1045370136 0.0421486598 0.8678631579 0.5164220427 
-82.1061064985 0.0421449530 0.8678901604 0.5164977972 
-82.1076820903 0.0421412321 0.8679172633 0.5165738711 
-82.1092637781 0.0421374971 0.8679444665 0.5166502669 
-82.1108515510 0.0421337480 0.8679717696 0.5167269872 
-82.1124453976 0.0421299849 0.8679991725 0.5168040347 
-82.1140453060 0.0421262077 0.8680266748 0.5168814123 
-82.1156512640 0.0421224167 0.8680542763 0.5169591228 
-82.1172632591 0.0421186116 0.8680819768 0.5170371692 
-82.1188812781 0.0421147927 0.8681097760 0.5171155547 
-82.1205053074 0.0421109599 0.8681376735 0.5171942824 
-82.1221353329 0.0421071133 0.8681656691 0.5172733557 
-82.1237713397 0.0421032529 0.8681937625 0.5173527781 
-82.1254133124 0.0420993788 0.8682219533 0.5174325531 
-82.1270612351 0.0420954909 0.8682502413 0.5175126845 
-82.1287150909 0.0420915894 0.8682786260 0.5175931759 
-82.1303748623 0.0420876742 0.8683071072 0.5176740315 
-82.1320405310 0.0420837455 0.8683356845 0.5177552553 
-82.1337120778 0.0420798033 0.8683643574 0.5178368515 
-82.1353894827 0.0420758476 0.8683931256 0.5179188244 
-82.1370727245 0.0420718784 0.8684219886 0.5180011788 
-82.1387617814 0.0420678959 0.8684509460 0.5180839191 
-82.1404566302 0.0420639001 0.8684799975 0.5181670502 
-82.1421572468 0.0420598911 0.8685091424 0.5182505772 
-82.1438636057 0.0420558689 0.8685383803 0.5183345052 
-82.1455756804 0.0420518335 0.8685677107 0.5184188394 
-82.1472934431 0.0420477851 0.8685971330 0.5185035855 
-82.1490168644 0.0420437237 0.8686266467 0.5185887492 
-82.1507459138 0.0420396495 0.8686562512 0.5186743362 
-82.1524805590 0.0420355624 0.8686859459 0.5187603526 
-82.1542207664 0.0420314625 0.8687157302 0.5188468048 
-82.1559665005 0.0420273501 0.8687456033 0.5189336992 
-82.1577177242 0.0420232250 0.8687755646 0.5190210425 
-82.1594743987 0.0420190875 0.8688056133 0.5191088415 
-82.1612364832 0.0420149377 0.8688357487 0.5191971034 
-82.1630039349 0.0420107755 0.8688659700 0.5192858355 
-82.1647767090 0.0420066013 0.8688962764 0.5193750453 
-82.1665547584 0.0420024149 0.8689266669 0.5194647407 
-82.1683380341 0.0419982167 0.8689571406 0.5195549296 
-82.1701264843 0.0419940067 0.8689876967 0.5196456203 
-82.1719200551 0.0419897850 0.8690183342 0.5197368214 
-82.1737186899 0.0419855518 0.8690490518 0.5198285416 
-82.1755223293 0.0419813072 0.8690798487 0.5199207898 
-82.1773309114 0.0419770514 0.8691107237 0.5200135754 
-82.1791443712 0.0419727845 0.8691416755 0.5201069078 
-82.1809626407 0.0419685066 0.8691727029 0.5202007967 
-82.1827856489 0.0419642181 0.8692038047 0.5202952522 
-82.1846133212 0.0419599189 0.8692349795 0.5203902843 
-82.1864455800 0.0419556094 0.8692662259 0.5204859035 
-82.1882823438 0.0419512897 0.8692975424 0.5205821204 
-82.1901235277 0.0419469601 0.8693289275 0.5206789456 
-82.1919690429 0.0419426206 0.8693603796 0.5207763900 
-82.1938187964 0.0419382716 0.8693918970 0.5208744645 
-82.1956726913 0.0419339133 0.8694234780 0.5209731800 
-82.1975306265 0.0419295459 0.8694551208 0.5210725473 
-82.1993924963 0.0419251697 0.8694868234 0.5211725770 
-82.2012581905 0.0419207849 0.8695185840 0.5212732794 
-82.2031275942 0.0419163918 0.8695504004 0.5213746643 
-82.2050005876 0.0419119908 0.8695822705 0.5214767407 
-82.2068770458 0.0419075820 0.8696141921 0.5215795167 
-82.2087568388 0.0419031658 0.8696461629 0.5216829987 
-82.2106398314 0.0418987425 0.8696781806 0.5217871915 
-82.2125258828 0.0418943124 0.8697102425 0.5218920974 
-82.2144148469 0.0418898760 0.8697423461 0.5219977153 
-82.2163065720 0.0418854335 0.8697744887 0.5221040400 
-82.2182009005 0.0418809854 0.8698066675 0.5222110607 
-82.2200976696 0.0418765319 0.8698388797 0.5223187598 
-82.2219967107 0.0418720736 0.8698711223 0.5224271104 
-82.2238978500 0.0418676107 0.8699033922 0.5225360742 
-82.2258009085 0.0418631438 0.8699356863 0.5226455984 
-82.2277057025 0.0418586733 0.8699680012 0.5227556113 
-82.2296120441 0.0418541996 0.8700003338 0.5228660181 
-82.2315197419 0.0418497232 0.8700326806 0.5229766940 
-82.2334286022 0.0418452444 0.8700650383 0.5230874775 
-82.2353384304 0.0418407639 0.8700974034 0.5231981611 
-82.2372490323 0.0418362820 0.8701297725 0.5233084807 
-82.2391602173 0.0418317991 0.8701621422 0.5234181032 
-82.2410718004 0.0418273158 0.8701945094 0.5235266129 
-82.2429836069 0.0418228324 0.8702268709 0.5236334974 
-82.2448954763 0.0418183493 0.8702592240 0.5237381347 
-82.2468072689 0.0418138668 0.8702915662 0.5238397861 
-82.2487188723 0.0418093853 0.8703238954 0.5239376018 
-82.2506302105 0.0418049047 0.8703562104 0.5240306535 
-82.2525412532 0.0418004254 0.8703885107 0.5241180210 
-82.2544520268 0.0417959471 0.8704207966 0.5241989836 
-82.2563626259 0.0417914697 0.8704530697 0.5242734157 
-82.2582732216 0.0417869927 0.8704853331 0.5243425212 
-82.2601840599 0.0417825156 0.8705175910 0.5244097844 
-82.2611397292 0.0417802767 0.8705337203 0.5244439034 
-82.2620959766 0.0417780365 0.8705498550 0.5244758559 
-82.2630529425 0.0417757947 0.8705659974 0.5245065359 
-82.2640107776 0.0417735510 0.8705821504 0.5245365785 
-82.2649696373 0.0417713050 0.8705983164 0.5245664261 
-82.2659296782 0.0417690564 0.8706144982 0.5245963802 
-82.2668910556 0.0417668048 0.8706306984 0.5246266416 
-82.2678539221 0.0417645498 0.8706469198 0.5246573407 
-82.2688184261 0.0417622911 0.8706631647 0.5246885595 
-82.2697847121 0.0417600283 0.8706794358 0.5247203478 
-82.2707529196 0.0417577611 0.8706957354 0.5247527335 
-82.2717231833 0.0417554893 0.8707120658 0.5247857307 
-82.2726956333 0.0417532124 0.8707284292 0.5248193440 
-82.2736703946 0.0417509303 0.8707448277 0.5248535717 
-82.2746475877 0.0417486426 0.8707612634 0.5248884081 
-82.2756273284 0.0417463490 0.8707777382 0.5249238451 
-82.2766097281 0.0417440493 0.8707942541 0.5249598725 
-82.2775948939 0.0417417433 0.8708108129 0.5249964790 
-82.2785829287 0.0417394307 0.8708274161 0.5250336525 
-82.2795739315 0.0417371112 0.8708440657 0.5250713806 
-82.2805679976 0.0417347848 0.8708607630 0.5251096504 
-82.2815652184 0.0417324510 0.8708775097 0.5251484491 
-82.2825656820 0.0417301098 0.8708943072 0.5251877637 
-82.2835694731 0.0417277609 0.8709111570 0.5252275815 
-82.2845766735 0.0417254042 0.8709280603 0.5252678896 
-82.2855873616 0.0417230395 0.8709450184 0.5253086757 
-82.2866016134 0.0417206665 0.8709620327 0.5253499272 
-82.2876195020 0.0417182852 0.8709791043 0.5253916323 
-82.2886410979 0.0417158953 0.8709962343 0.5254337788 
-82.2896664694 0.0417134967 0.8710134239 0.5254763554 
-82.2906956826 0.0417110893 0.8710306741 0.5255193505 
-82.2917288013 0.0417086728 0.8710479860 0.5255627530 
-82.2927658876 0.0417062472 0.8710653605 0.5256065522 
-82.2938070017 0.0417038124 0.8710827987 0.5256507375 
-82.2948522019 0.0417013681 0.8711003013 0.5256952984 
-82.2959015453 0.0416989142 0.8711178694 0.5257402249 
-82.2969550873 0.0416964507 0.8711355038 0.5257855072 
-82.2980128822 0.0416939774 0.8711532053 0.5258311356 
-82.2990749831 0.0416914941 0.8711709748 0.5258771009 
-82.3001414418 0.0416890008 0.8711888131 0.5259233939 
-82.3012123094 0.0416864973 0.8712067209 0.5259700057 
-82.3022876360 0.0416839836 0.8712246990 0.5260169277 
-82.3033674712 0.0416814594 0.8712427482 0.5260641513 
-82.3044518638 0.0416789248 0.8712608692 0.5261116683 
-82.3055408622 0.0416763795 0.8712790628 0.5261594706 
-82.3066345142 0.0416738235 0.8712973296 0.5262075504 
-82.3077328675 0.0416712567 0.8713156703 0.5262559001 
-82.3088359696 0.0416686789 0.8713340858 0.5263045120 
-82.3099438677 0.0416660901 0.8713525766 0.5263533790 
-82.3110566093 0.0416634901 0.8713711435 0.5264024938 
-82.3121742417 0.0416608789 0.8713897872 0.5264518494 
-82.3132968126 0.0416582562 0.8714085083 0.5265014391 
-82.3144243699 0.0416556221 0.8714273076 0.5265512562 
-82.3155569619 0.0416529764 0.8714461857 0.5266012941 
-82.3166946373 0.0416503189 0.8714651435 0.5266515465 
-82.3178374455 0.0416476496 0.8714841815 0.5267020070 
-82.3189854364 0.0416449684 0.8715033005 0.5267526697 
-82.3201386608 0.0416422752 0.8715225013 0.5268035284 
-82.3212971702 0.0416395697 0.8715417846 0.5268545774 
-82.3224610170 0.0416368520 0.8715611511 0.5269058108 
-82.3236302548 0.0416341218 0.8715806017 0.5269572231 
-82.3248049380 0.0416313792 0.8716001371 0.5270088086 
-82.3259851225 0.0416286238 0.8716197580 0.5270605620 
-82.3271708653 0.0416258556 0.8716394654 0.5271124779 
-82.3283622247 0.0416230745 0.8716592601 0.5271645511 
-82.3295592605 0.0416202804 0.8716791430 0.5272167765 
-82.3307620341 0.0416174730 0.8716991148 0.5272691489 
-82.3319706085 0.0416146523 0.8717191766 0.5273216635 
-82.3331850484 0.0416118180 0.8717393293 0.5273743152 
-82.3344054201 0.0416089702 0.8717595738 0.5274270994 
-82.3356317920 0.0416061085 0.8717799111 0.5274800112 
-82.3368642344 0.0416032328 0.8718003423 0.5275330460 
-82.3381028198 0.0416003430 0.8718208684 0.5275861992 
-82.3393476225 0.0415974389 0.8718414905 0.5276394661 
-82.3405987194 0.0415945202 0.8718622096 0.5276928424 
-82.3418561895 0.0415915870 0.8718830271 0.5277463237 
-82.3431201143 0.0415886388 0.8719039439 0.5277999054 
-82.3443905779 0.0415856757 0.8719249615 0.5278535834 
-82.3456676667 0.0415826972 0.8719460810 0.5279073534 
-82.3469514702 0.0415797034 0.8719673038 0.5279612110 
-82.3482420804 0.0415766938 0.8719886312 0.5280151522 
-82.3495395923 0.0415736684 0.8720100646 0.5280691728 
-82.3508441039 0.0415706269 0.8720316054 0.5281232687 
-82.3521557162 0.0415675690 0.8720532553 0.5281774359 
-82.3534745336 0.0415644946 0.8720750156 0.5282316703 
-82.3548006636 0.0415614034 0.8720968880 0.5282859678 
-82.3561342171 0.0415582950 0.8721188741 0.5283403247 
-82.3574753085 0.0415551693 0.8721409757 0.5283947369 
-82.3588240560 0.0415520261 0.8721631944 0.5284492005 
-82.3601805813 0.0415488649 0.8721855322 0.5285037116 
-82.3615450100 0.0415456855 0.8722079908 0.5285582663 
-82.3629174716 0.0415424877 0.8722305722 0.5286128609 
-82.3642980997 0.0415392710 0.8722532784 0.5286674915 
-82.3656870322 0.0415360353 0.8722761115 0.5287221543 
-82.3670844110 0.0415327802 0.8722990736 0.5287768454 
-82.3684903826 0.0415295052 0.8723221669 0.5288315612 
-82.3699050980 0.0415262102 0.8723453936 0.5288862978 
-82.3713287130 0.0415228947 0.8723687561 0.5289410515 
-82.3727613878 0.0415195584 0.8723922568 0.5289958185 
-82.3742032880 0.0415162008 0.8724158982 0.5290505951 
-82.3756545840 0.0415128216 0.8724396828 0.5291053776 
-82.3771154512 0.0415094205 0.8724636134 0.5291601621 
-82.3785860708 0.0415059969 0.8724876926 0.5292149450 
-82.3800666292 0.0415025504 0.8725119233 0.5292697226 
-82.3815573183 0.0414990806 0.8725363083 0.5293244910 
-82.3830583359 0.0414955871 0.8725608507 0.5293792467 
-82.3845698859 0.0414920694 0.8725855535 0.5294339857 
-82.3860921779 0.0414885269 0.8726104199 0.5294887044 
-82.3876254281 0.0414849593 0.8726354533 0.5295433991 
-82.3891698587 0.0414813659 0.8726606569 0.5295980659 
-82.3907256989 0.0414777463 0.8726860342 0.5296527010 
-82.3922931842 0.0414740999 0.8727115889 0.5297073008 
-82.3938725573 0.0414704262 0.8727373245 0.5297618614 
-82.3954640679 0.0414667246 0.8727632450 0.5298163790 
-82.3970679728 0.0414629945 0.8727893542 0.5298708497 
-82.3986845365 0.0414592352 0.8728156562 0.5299252698 
-82.4003140310 0.0414554463 0.8728421550 0.5299796354 
-82.4019567360 0.0414516269 0.8728688550 0.5300339426 
-82.4036129395 0.0414477766 0.8728957606 0.5300881874 
-82.4052829375 0.0414438945 0.8729228762 0.5301423661 
-82.4069670344 0.0414399800 0.8729502066 0.5301964747 
-82.4086655436 0.0414360323 0.8729777564 0.5302505091 
-82.4103787869 0.0414320508 0.8730055307 0.5303044654 
-82.4121070955 0.0414280347 0.8730335344 0.5303583396 
-82.4138508097 0.0414239831 0.8730617728 0.5304121277 
-82.4156102796 0.0414198953 0.8730902512 0.5304658255 
-82.4173858649 0.0414157705 0.8731189752 0.5305194291 
-82.4191779353 0.0414116078 0.8731479504 0.5305729342 
-82.4209868708 0.0414074064 0.8731771826 0.5306263366 
-82.4228130621 0.0414031652 0.8732066777 0.5306796323 
-82.4246569105 0.0413988835 0.8732364421 0.5307328170 
-82.4265188285 0.0413945603 0.8732664818 0.5307858863 
-82.4283992397 0.0413901946 0.8732968035 0.5308388360 
-82.4302985796 0.0413857854 0.8733274139 0.5308916618 
-82.4322172955 0.0413813316 0.8733583197 0.5309443593 
-82.4341558469 0.0413768323 0.8733895280 0.5309969240 
-82.4361147057 0.0413722864 0.8734210460 0.5310493514 
-82.4380943568 0.0413676927 0.8734528813 0.5311016372 
-82.4400952981 0.0413630500 0.8734850414 0.5311537766 
-82.4421180410 0.0413583574 0.8735175341 0.5312057652 
-82.4441631107 0.0413536134 0.8735503675 0.5312575983 
-82.4462310465 0.0413488169 0.8735835500 0.5313092711 
-82.4483224021 0.0413439667 0.8736170899 0.5313607789 
-82.4504377462 0.0413390613 0.8736509960 0.5314121169 
-82.4525776626 0.0413340996 0.8736852772 0.5314632803 
-82.4547427506 0.0413290801 0.8737199428 0.5315142641 
-82.4569336256 0.0413240014 0.8737550022 0.5315650634 
-82.4591509193 0.0413188621 0.8737904650 0.5316156732 
-82.4613952800 0.0413136606 0.8738263412 0.5316660883 
-82.4636673734 0.0413083955 0.8738626411 0.5317163037 
-82.4659678826 0.0413030653 0.8738993750 0.5317663141 
-82.4682975089 0.0412976682 0.8739365537 0.5318161142 
-82.4706569719 0.0412922027 0.8739741883 0.5318656987 
-82.4730470101 0.0412866671 0.8740122901 0.5319150623 
-82.4754683815 0.0412810596 0.8740508706 0.5319641994 
-82.4779218639 0.0412753785 0.8740899419 0.5320131045 
-82.4804082554 0.0412696219 0.8741295161 0.5320617720 
-82.4829283750 0.0412637881 0.8741696057 0.5321101961 
-82.4854830631 0.0412578750 0.8742102236 0.5321583712 
-82.4880731819 0.0412518807 0.8742513831 0.5322062914 
-82.4906996160 0.0412458033 0.8742930976 0.5322539507 
-82.4933632730 0.0412396406 0.8743353810 0.5323013432 
-82.4960650841 0.0412333904 0.8743782475 0.5323484628 
-82.4988060045 0.0412270508 0.8744217119 0.5323953032 
-82.5015870141 0.0412206193 0.8744657889 0.5324418583 
-82.5044091183 0.0412140938 0.8745104940 0.5324881217 
-82.5072733482 0.0412074719 0.8745558429 0.5325340870 
-82.5101807617 0.0412007511 0.8746018517 0.5325797475 
-82.5131324436 0.0411939291 0.8746485370 0.5326250968 
-82.5161295070 0.0411870033 0.8746959157 0.5326701280 
-82.5191730932 0.0411799711 0.8747440053 0.5327148343 
-82.5222643730 0.0411728298 0.8747928236 0.5327592089 
-82.5254045471 0.0411655768 0.8748423887 0.5328032446 
-82.5285948471 0.0411582092 0.8748927195 0.5328469344 
-82.5318365359 0.0411507243 0.8749438352 0.5328902710 
-82.5351309089 0.0411431189 0.8749957553 0.5329332470 
-82.5384792942 0.0411353903 0.8750485001 0.5329758550 
-82.5418830542 0.0411275352 0.8751020903 0.5330180874 
-82.5453435857 0.0411195505 0.8751565470 0.5330599364 
-82.5488623213 0.0411114330 0.8752118918 0.5331013943 
-82.5524407298 0.0411031794 0.8752681471 0.5331424530 
-82.5560803176 0.0410947863 0.8753253356 0.5331831045 
-82.5597826292 0.0410862501 0.8753834806 0.5332233407 
-82.5635492484 0.0410775674 0.8754426060 0.5332631530 
-82.5673817991 0.0410687344 0.8755027364 0.5333025332 
-82.5712819464 0.0410597475 0.8755638967 0.5333414724 
-82.5752513976 0.0410506027 0.8756261128 0.5333799621 
-82.5792919033 0.0410412962 0.8756894110 0.5334179932 
-82.5834052582 0.0410318239 0.8757538181 0.5334555568 
-82.5875933027 0.0410221817 0.8758193618 0.5334926436 
-82.5918579233 0.0410123654 0.8758860704 0.5335292443 
-82.5962010546 0.0410023705 0.8759539728 0.5335653494 
-82.6006246798 0.0409921928 0.8760230988 0.5336009491 
-82.6051308322 0.0409818275 0.8760934786 0.5336360337 
-82.6097215965 0.0409712702 0.8761651433 0.5336705932 
-82.6143991098 0.0409605159 0.8762381249 0.5337046174 
-82.6191655633 0.0409495598 0.8763124559 0.5337380959 
-82.6240232032 0.0409383969 0.8763881696 0.5337710182 
-82.6289743325 0.0409270221 0.8764653002 0.5338033737 
-82.6340213121 0.0409154300 0.8765438828 0.5338351514 
-82.6391665622 0.0409036154 0.8766239530 0.5338663403 
-82.6444125643 0.0408915726 0.8767055475 0.5338969291 
-82.6497618621 0.0408792961 0.8767887039 0.5339269064 
-82.6552170632 0.0408667800 0.8768734605 0.5339562605 
-82.6607808411 0.0408540185 0.8769598566 0.5339849796 
-82.6664559364 0.0408410054 0.8770479324 0.5340130515 
-82.6722451586 0.0408277346 0.8771377290 0.5340404641 
-82.6781513879 0.0408141996 0.8772292885 0.5340672048 
-82.6841775769 0.0408003940 0.8773226540 0.5340932610 
-82.6903267525 0.0407863111 0.8774178694 0.5341186197 
-82.6966020178 0.0407719440 0.8775149799 0.5341432679 
-82.7030065537 0.0407572858 0.8776140316 0.5341671920 
-82.7095436212 0.0407423292 0.8777150717 0.5341903786 
-82.7162165634 0.0407270670 0.8778181483 0.5342128138 
-82.7230288074 0.0407114915 0.8779233108 0.5342344835 
-82.7299838666 0.0406955952 0.8780306096 0.5342553734 
-82.7370853425 0.0406793702 0.8781400964 0.5342754690 
-82.7443369275 0.0406628083 0.8782518239 0.5342947554 
-82.7517424069 0.0406459014 0.8783658460 0.5343132176 
-82.7593056612 0.0406286409 0.8784822178 0.5343308401 
-82.7670306685 0.0406110182 0.8786009959 0.5343476076 
-82.7749215074 0.0405930245 0.8787222377 0.5343635039 
-82.7829823589 0.0405746507 0.8788460023 0.5343785132 
-82.7912175096 0.0405558874 0.8789723497 0.5343926188 
-82.7996313541 0.0405367253 0.8791013417 0.5344058043 
-82.8082283977 0.0405171546 0.8792330410 0.5344180524 
-82.8170132596 0.0404971652 0.8793675119 0.5344293461 
-82.8259906754 0.0404767471 0.8795048200 0.5344396678 
-82.8351655004 0.0404558898 0.8796450326 0.5344489995 
-82.8445427125 0.0404345826 0.8797882180 0.5344573232 
-82.8541274154 0.0404128146 0.8799344463 0.5344646204 
-82.8639248421 0.0403905747 0.8800837890 0.5344708722 
-82.8739403579 0.0403678513 0.8802363191 0.5344760597 
-82.8841794639 0.0403446327 0.8803921111 0.5344801633 
-82.8946478008 0.0403209071 0.8805512412 0.5344831633 
-82.9053511522 0.0402966621 0.8807137872 0.5344850397 
-82.9162954484 0.0402718852 0.8808798283 0.5344857719 
-82.9274867707 0.0402465635 0.8810494456 0.5344853391 
-82.9389313545 0.0402206840 0.8812227218 0.5344837203 
-82.9506355942 0.0401942331 0.8813997411 0.5344808939 
-82.9626060468 0.0401671972 0.8815805897 0.5344768379 
-82.9748494365 0.0401395621 0.8817653554 0.5344715301 
-82.9873726591 0.0401113135 0.8819541278 0.5344649478 
-83.0001827863 0.0400824367 0.8821469982 0.5344570678 
-83.0132870708 0.0400529166 0.8823440599 0.5344478665 
-83.0266929507 0.0400227378 0.8825454079 0.5344373200 
-83.0404080547 0.0399918845 0.8827511391 0.5344254037 
-83.0544402073 0.0399603407 0.8829613522 0.5344120926 
-83.0687974338 0.0399280899 0.8831761479 0.5343973613 
-83.0834879658 0.0398951151 0.8833956287 0.5343811836 
-83.0985202468 0.0398613992 0.8836198993 0.5343635330 
-83.1139029382 0.0398269246 0.8838490662 0.5343443821 
-83.1296449248 0.0397916732 0.8840832377 0.5343237030 
-83.1457553210 0.0397556265 0.8843225243 0.5343014670 
-83.1622434774 0.0397187658 0.8845670386 0.5342776447 
-83.1791189870 0.0396810717 0.8848168950 0.5342522057 
-83.1963916917 0.0396425246 0.8850722101 0.5342251188 
-83.2140716899 0.0396031043 0.8853331024 0.5341963517 
-83.2321693427 0.0395627902 0.8855996927 0.5341658709 
-83.2506952821 0.0395215613 0.8858721036 0.5341336418 
-83.2696604178 0.0394793959 0.8861504600 0.5340996282 
-83.2890759457 0.0394362722 0.8864348888 0.5340637922 
-83.3089533555 0.0393921676 0.8867255189 0.5340260943 
-83.3293044393 0.0393470592 0.8870224815 0.5339864928 
-83.3501412999 0.0393009234 0.8873259096 0.5339449434 
-83.3714763603 0.0392537362 0.8876359387 0.5339013993 
-83.3933223722 0.0392054732 0.8879527059 0.5338558103 
-83.4156924261 0.0391561091 0.8882763508 0.5338081224 
-83.4385999608 0.0391056185 0.8886070148 0.5337582775 
-83.4620587739 0.0390539751 0.8889448415 0.5337062120 
-83.4860830321 0.0390011521 0.8892899765 0.5336518563 
-83.5106872824 0.0389471223 0.8896425672 0.5335951338 
-83.5358864634 0.0388918577 0.8900027635 0.5335359591 
-83.5616959171 0.0388353298 0.8903707167 0.5334742365 
-83.5881314014 0.0387775094 0.8907465805 0.5334098581 
-83.6152091024 0.0387183668 0.8911305101 0.5333427012 
-83.6429456484 0.0386578716 0.8915226630 0.5332726249 
-83.6713581233 0.0385959928 0.8919231983 0.5331994669 
-83.7004640814 0.0385326985 0.8923322768 0.5331230378 
-83.7302815624 0.0384679565 0.8927500613 0.5330431162 
-83.7608291078 0.0384017335 0.8931767161 0.5329594404 
-83.7921257773 0.0383339959 0.8936124072 0.5328716996 
-83.8241911668 0.0382647091 0.8940573022 0.5327795221 
-83.8570454271 0.0381938379 0.8945115702 0.5326824605 
-83.8907092840 0.0381213462 0.8949753820 0.5325799734 
-83.9252040597 0.0380471972 0.8954489094 0.5324714015 
-83.9605516956 0.0379713534 0.8959323261 0.5323559383 
-83.9967747772 0.0378937763 0.8964258067 0.5322325918 
-84.0338965613 0.0378144268 0.8969295274 0.5321001365 
-84.0719410052 0.0377332646 0.8974436656 0.5319570520 
-84.1109327999 0.0376502487 0.8979683998 0.5318014451 
-84.1508974060 0.0375653371 0.8985039100 0.5316309512 
-84.1918610954 0.0374784869 0.8990503775 0.5314426098 
-84.2338509973 0.0373896540 0.8996079851 0.5312327108 
-84.2768951525 0.0372987931 0.9001769172 0.5309966073 
-84.3210225745 0.0372058580 0.9007573599 0.5307284995 
-84.3662633227 0.0371108009 0.9013495016 0.5304212044 
-84.4126485870 0.0370135727 0.9019535333 0.5300659449 
-84.4602107864 0.0369141228 0.9025696491 0.5296521717 
-84.5089836888 0.0368123985 0.9031980473 0.5291679646 
-84.5590027211 0.0367083452 0.9038389330 0.5286202344 
-84.6103055398 0.0366019046 0.9044925256 0.5281024197 
-84.6629302848 0.0364930188 0.9051590332 0.5276893924 
-84.7169144808 0.0363816323 0.9058386383 0.5273805485 
-82.2611397292 0.0417802767 0.8705337203 0.5244439034 
-82.2620959766 0.0417780365 0.8705498550 0.5244758559 
-82.2630529425 0.0417757947 0.8705659974 0.5245065359 
-82.2640107776 0.0417735510 0.8705821504 0.5245365785 
-82.2649696373 0.0417713050 0.8705983164 0.5245664261 
-82.2659296782 0.0417690564 0.8706144982 0.5245963802 
-82.2668910556 0.0417668048 0.8706306984 0.5246266416 
-82.2678539221 0.0417645498 0.8706469198 0.5246573407 
-82.2688184261 0.0417622911 0.8706631647 0.5246885595 
-82.2697847121 0.0417600283 0.8706794358 0.5247203478 
-82.2707529196 0.0417577611 0.8706957354 0.5247527335 
-82.2717231833 0.0417554893 0.8707120658 0.5247857307 
-82.2726956333 0.0417532124 0.8707284292 0.5248193440 
-82.2736703946 0.0417509303 0.8707448277 0.5248535717 
-82.2746475877 0.0417486426 0.8707612634 0.5248884081 
-82.2756273284 0.0417463490 0.8707777382 0.5249238451 
-82.2766097281 0.0417440493 0.8707942541 0.5249598725 
-82.2775948938 0.0417417433 0.8708108129 0.5249964790 
-82.2785829287 0.0417394307 0.8708274161 0.5250336525 
-82.2795739315 0.0417371112 0.8708440657 0.5250713806 
-82.2805679976 0.0417347848 0.8708607630 0.5251096504 
-82.2815652184 0.0417324510 0.8708775097 0.5251484491 
-82.2825656820 0.0417301098 0.8708943072 0.5251877637 
-82.2835694731 0.0417277609 0.8709111570 0.5252275815 
-82.2845766735 0.0417254042 0.8709280603 0.5252678896 
-82.2855873616 0.0417230395 0.8709450184 0.5253086757 
-82.2866016134 0.0417206665 0.8709620327 0.5253499272 
-82.2876195020 0.0417182852 0.8709791043 0.5253916323 
-82.2886410979 0.0417158953 0.8709962343 0.5254337788 
-82.2896664694 0.0417134967 0.8710134239 0.5254763554 
-82.2906956826 0.0417110893 0.8710306741 0.5255193505 
-82.2917288013 0.0417086728 0.8710479860 0.5255627530 
-82.2927658876 0.0417062472 0.8710653605 0.5256065522 
-82.2938070017 0.0417038124 0.8710827987 0.5256507375 
-82.2948522019 0.0417013681 0.8711003013 0.5256952984 
-82.2959015453 0.0416989142 0.8711178694 0.5257402249 
-82.2969550873 0.0416964507 0.8711355038 0.5257855072 
-82.2980128822 0.0416939774 0.8711532053 0.5258311356 
-82.2990749831 0.0416914941 0.8711709748 0.5258771009 
-82.3001414418 0.0416890008 0.8711888131 0.5259233939 
-82.3012123093 0.0416864973 0.8712067209 0.5259700057 
-82.3022876360 0.0416839836 0.8712246990 0.5260169277 
-82.3033674712 0.0416814594 0.8712427482 0.5260641513 
-82.3044518638 0.0416789248 0.8712608692 0.5261116683 
-82.3055408622 0.0416763795 0.8712790628 0.5261594706 
-82.3066345142 0.0416738235 0.8712973296 0.5262075504 
-82.3077328675 0.0416712567 0.8713156703 0.5262559001 
-82.3088359696 0.0416686789 0.8713340858 0.5263045120 
-82.3099438677 0.0416660901 0.8713525766 0.5263533790 
-82.3110566093 0.0416634901 0.8713711435 0.5264024938 
-82.3121742417 0.0416608789 0.8713897872 0.5264518494 
-82.3132968126 0.0416582562 0.8714085083 0.5265014391 
-82.3144243699 0.0416556221 0.8714273076 0.5265512562 
-82.3155569619 0.0416529764 0.8714461857 0.5266012941 
-82.3166946373 0.0416503189 0.8714651435 0.5266515465 
-82.3178374455 0.0416476496 0.8714841815 0.5267020070 
-82.3189854364 0.0416449684 0.8715033005 0.5267526697 
-82.3201386608 0.0416422752 0.8715225013 0.5268035284 
-82.3212971702 0.0416395697 0.8715417846 0.5268545774 
-82.3224610170 0.0416368520 0.8715611511 0.5269058108 
-82.3236302548 0.0416341218 0.8715806017 0.5269572231 
-82.3248049380 0.0416313792 0.8716001371 0.5270088086 
-82.3259851225 0.0416286238 0.8716197580 0.5270605620 
-82.3271708653 0.0416258556 0.8716394654 0.5271124779 
-82.3283622247 0.0416230745 0.8716592601 0.5271645511 
-82.3295592605 0.0416202804 0.8716791430 0.5272167765 
-82.3307620341 0.0416174730 0.8716991148 0.5272691489 
-82.3319706085 0.0416146523 0.8717191766 0.5273216635 
-82.3331850484 0.0416118180 0.8717393293 0.5273743152 
-82.3344054201 0.0416089702 0.8717595738 0.5274270994 
-82.3356317920 0.0416061085 0.8717799111 0.5274800112 
-82.3368642344 0.0416032328 0.8718003423 0.5275330460 
-82.3381028198 0.0416003430 0.8718208684 0.5275861992 
-82.3393476225 0.0415974389 0.8718414905 0.5276394661 
-82.3405987194 0.0415945202 0.8718622096 0.5276928424 
-82.3418561895 0.0415915870 0.8718830271 0.5277463237 
-82.3431201143 0.0415886388 0.8719039439 0.5277999054 
-82.3443905779 0.0415856757 0.8719249615 0.5278535834 
-82.3456676667 0.0415826972 0.8719460810 0.5279073534 
-82.3469514702 0.0415797034 0.8719673038 0.5279612110 
-82.3482420804 0.0415766938 0.8719886312 0.5280151522 
-82.3495395923 0.0415736684 0.8720100646 0.5280691728 
-82.3508441039 0.0415706269 0.8720316054 0.5281232687 
-82.3521557162 0.0415675690 0.8720532553 0.5281774359 
-82.3534745336 0.0415644946 0.8720750156 0.5282316703 
-82.3548006636 0.0415614034 0.8720968880 0.5282859678 
-82.3561342171 0.0415582950 0.8721188741 0.5283403247 
-82.3574753085 0.0415551693 0.8721409757 0.5283947369 
-82.3588240560 0.0415520261 0.8721631944 0.5284492005 
-82.3601805813 0.0415488649 0.8721855322 0.5285037116 
-82.3615450100 0.0415456855 0.8722079908 0.5285582663 
-82.3629174716 0.0415424877 0.8722305722 0.5286128609 
-82.3642980997 0.0415392710 0.8722532784 0.5286674915 
-82.3656870322 0.0415360353 0.8722761115 0.5287221543 
-82.3670844110 0.0415327802 0.8722990736 0.5287768454 
-82.3684903826 0.0415295052 0.8723221669 0.5288315612 
-82.3699050980 0.0415262102 0.8723453936 0.5288862978 
-82.3713287130 0.0415228947 0.8723687561 0.5289410515 
-82.3727613878 0.0415195584 0.8723922568 0.5289958185 
-82.3742032880 0.0415162008 0.8724158982 0.5290505951 
-82.3756545840 0.0415128216 0.8724396828 0.5291053776 
-82.3771154512 0.0415094205 0.8724636134 0.5291601621 
-82.3785860708 0.0415059969 0.8724876926 0.5292149450 
-82.3800666292 0.0415025504 0.8725119233 0.5292697226 
-82.3815573183 0.0414990806 0.8725363083 0.5293244910 
-82.3830583359 0.0414955871 0.8725608507 0.5293792467 
-82.3845698859 0.0414920694 0.8725855535 0.5294339857 
-82.3860921779 0.0414885269 0.8726104199 0.5294887044 
-82.3876254281 0.0414849593 0.8726354533 0.5295433991 
-82.3891698587 0.0414813659 0.8726606569 0.5295980659 
-82.3907256989 0.0414777463 0.8726860342 0.5296527010 
-82.3922931842 0.0414740999 0.8727115889 0.5297073008 
-82.3938725573 0.0414704262 0.8727373245 0.5297618614 
-82.3954640679 0.0414667246 0.8727632450 0.5298163790 
-82.3970679728 0.0414629945 0.8727893542 0.5298708497 
-82.3986845365 0.0414592352 0.8728156562 0.5299252698 
-82.4003140310 0.0414554463 0.8728421550 0.5299796354 
-82.4019567360 0.0414516269 0.8728688550 0.5300339426 
-82.4036129395 0.0414477766 0.8728957606 0.5300881874 
-82.4052829375 0.0414438945 0.8729228762 0.5301423661 
-82.4069670344 0.0414399800 0.8729502066 0.5301964747 
-82.4086655436 0.0414360323 0.8729777564 0.5302505091 
-82.4103787869 0.0414320508 0.8730055307 0.5303044654 
-82.4121070955 0.0414280347 0.8730335344 0.5303583396 
-82.4138508097 0.0414239831 0.8730617728 0.5304121277 
-82.4156102796 0.0414198953 0.8730902512 0.5304658255 
-82.4173858649 0.0414157705 0.8731189752 0.5305194291 
-82.4191779353 0.0414116078 0.8731479504 0.5305729342 
-82.4209868708 0.0414074064 0.8731771826 0.5306263366 
-82.4228130621 0.0414031652 0.8732066777 0.5306796323 
-82.4246569105 0.0413988835 0.8732364421 0.5307328170 
-82.4265188285 0.0413945603 0.8732664818 0.5307858863 
-82.4283992397 0.0413901946 0.8732968035 0.5308388360 
-82.4302985796 0.0413857854 0.8733274139 0.5308916618 
-82.4322172955 0.0413813316 0.8733583197 0.5309443593 
-82.4341558469 0.0413768323 0.8733895280 0.5309969240 
-82.4361147057 0.0413722864 0.8734210460 0.5310493514 
-82.4380943568 0.0413676927 0.8734528813 0.5311016372 
-82.4400952981 0.0413630500 0.8734850414 0.5311537766 
-82.4421180410 0.0413583574 0.8735175341 0.5312057652 
-82.4441631107 0.0413536134 0.8735503675 0.5312575983 
-82.4462310465 0.0413488169 0.8735835500 0.5313092711 
-82.4483224021 0.0413439667 0.8736170899 0.5313607789 
-82.4504377462 0.0413390613 0.8736509960 0.5314121169 
-82.4525776626 0.0413340996 0.8736852772 0.5314632803 
-82.4547427506 0.0413290801 0.8737199428 0.5315142641 
-82.4569336256 0.0413240014 0.8737550022 0.5315650634 
-82.4591509193 0.0413188621 0.8737904650 0.5316156732 
-82.4613952800 0.0413136606 0.8738263412 0.5316660883 
-82.4636673734 0.0413083955 0.8738626411 0.5317163037 
-82.4659678826 0.0413030653 0.8738993750 0.5317663141 
-82.4682975089 0.0412976682 0.8739365537 0.5318161142 
-82.4706569719 0.0412922027 0.8739741883 0.5318656987 
-82.4730470101 0.0412866671 0.8740122901 0.5319150623 
-82.4754683815 0.0412810596 0.8740508706 0.5319641994 
-82.4779218639 0.0412753785 0.8740899419 0.5320131045 
-82.4804082554 0.0412696219 0.8741295161 0.5320617720 
-82.4829283750 0.0412637881 0.8741696057 0.5321101961 
-82.4854830631 0.0412578750 0.8742102236 0.5321583712 
-82.4880731819 0.0412518807 0.8742513831 0.5322062914 
-82.4906996160 0.0412458033 0.8742930976 0.5322539507 
-82.4933632730 0.0412396406 0.8743353810 0.5323013432 
-82.4960650841 0.0412333904 0.8743782475 0.5323484628 
-82.4988060045 0.0412270508 0.8744217119 0.5323953032 
-82.5015870141 0.0412206193 0.8744657889 0.5324418583 
-82.5044091183 0.0412140938 0.8745104940 0.5324881217 
-82.5072733482 0.0412074719 0.8745558429 0.5325340870 
-82.5101807617 0.0412007511 0.8746018517 0.5325797475 
-82.5131324436 0.0411939291 0.8746485370 0.5326250968 
-82.5161295070 0.0411870033 0.8746959157 0.5326701280 
-82.5191730932 0.0411799711 0.8747440053 0.5327148343 
-82.5222643730 0.0411728298 0.8747928236 0.5327592089 
-82.5254045471 0.0411655768 0.8748423887 0.5328032446 
-82.5285948471 0.0411582092 0.8748927195 0.5328469344 
-82.5318365360 0.0411507243 0.8749438352 0.5328902710 
-82.5351309089 0.0411431189 0.8749957553 0.5329332470 
-82.5384792942 0.0411353903 0.8750485001 0.5329758550 
-82.5418830542 0.0411275352 0.8751020903 0.5330180874 
-82.5453435857 0.0411195505 0.8751565470 0.5330599364 
-82.5488623213 0.0411114330 0.8752118918 0.5331013943 
-82.5524407298 0.0411031794 0.8752681471 0.5331424530 
-82.5560803176 0.0410947863 0.8753253356 0.5331831045 
-82.5597826292 0.0410862501 0.8753834806 0.5332233407 
-82.5635492484 0.0410775674 0.8754426060 0.5332631530 
-82.5673817991 0.0410687344 0.8755027364 0.5333025332 
-82.5712819464 0.0410597475 0.8755638967 0.5333414724 
-82.5752513976 0.0410506027 0.8756261128 0.5333799621 
-82.5792919033 0.0410412962 0.8756894110 0.5334179932 
-82.5834052582 0.0410318239 0.8757538181 0.5334555568 
-82.5875933027 0.0410221817 0.8758193618 0.5334926436 
-82.5918579233 0.0410123654 0.8758860704 0.5335292443 
-82.5962010546 0.0410023705 0.8759539728 0.5335653494 
-82.6006246798 0.0409921928 0.8760230988 0.5336009491 
-82.6051308322 0.0409818275 0.8760934786 0.5336360337 
-82.6097215965 0.0409712702 0.8761651433 0.5336705932 
-82.6143991098 0.0409605159 0.8762381249 0.5337046174 
-82.6191655633 0.0409495598 0.8763124559 0.5337380959 
-82.6240232032 0.0409383969 0.8763881696 0.5337710182 
-82.6289743325 0.0409270221 0.8764653002 0.5338033737 
-82.6340213121 0.0409154300 0.8765438828 0.5338351514 
-82.6391665622 0.0409036154 0.8766239530 0.5338663403 
-82.6444125643 0.0408915726 0.8767055475 0.5338969291 
-82.6497618621 0.0408792961 0.8767887039 0.5339269064 
-82.6552170632 0.0408667800 0.8768734605 0.5339562605 
-82.6607808411 0.0408540185 0.8769598566 0.5339849796 
-82.6664559364 0.0408410054 0.8770479324 0.5340130515 
-82.6722451586 0.0408277346 0.8771377290 0.5340404641 
-82.6781513879 0.0408141996 0.8772292885 0.5340672048 
-82.6841775769 0.0408003940 0.8773226540 0.5340932610 
-82.6903267525 0.0407863111 0.8774178694 0.5341186197 
-82.6966020178 0.0407719440 0.8775149799 0.5341432679 
-82.7030065537 0.0407572858 0.8776140316 0.5341671920 
-82.7095436212 0.0407423292 0.8777150717 0.5341903786 
-82.7162165634 0.0407270670 0.8778181483 0.5342128138 
-82.7230288075 0.0407114915 0.8779233108 0.5342344835 
-82.7299838666 0.0406955952 0.8780306096 0.5342553734 
-82.7370853425 0.0406793702 0.8781400964 0.5342754690 
-82.7443369275 0.0406628083 0.8782518239 0.5342947554 
-82.7517424069 0.0406459014 0.8783658460 0.5343132176 
-82.7593056612 0.0406286409 0.8784822178 0.5343308401 
-82.7670306685 0.0406110182 0.8786009959 0.5343476076 
-82.7749215074 0.0405930245 0.8787222377 0.5343635039 
-82.7829823589 0.0405746507 0.8788460023 0.5343785132 
-82.7912175096 0.0405558874 0.8789723497 0.5343926188 
-82.7996313541 0.0405367253 0.8791013417 0.5344058043 
-82.8082283977 0.0405171546 0.8792330410 0.5344180524 
-82.8170132596 0.0404971652 0.8793675119 0.5344293461 
-82.8259906754 0.0404767471 0.8795048200 0.5344396678 
-82.8351655004 0.0404558898 0.8796450326 0.5344489995 
-82.8445427125 0.0404345826 0.8797882180 0.5344573232 
-82.8541274154 0.0404128146 0.8799344463 0.5344646204 
-82.8639248421 0.0403905747 0.8800837890 0.5344708722 
-82.8739403579 0.0403678513 0.8802363191 0.5344760597 
-82.8841794639 0.0403446327 0.8803921111 0.5344801633 
-82.8946478008 0.0403209071 0.8805512412 0.5344831633 
-82.9053511522 0.0402966621 0.8807137872 0.5344850397 
-82.9162954484 0.0402718852 0.8808798283 0.5344857719 
-82.9274867707 0.0402465635 0.8810494456 0.5344853391 
-82.9389313545 0.0402206840 0.8812227218 0.5344837203 
-82.9506355942 0.0401942331 0.8813997411 0.5344808939 
-82.9626060468 0.0401671972 0.8815805897 0.5344768379 
-82.9748494365 0.0401395621 0.8817653554 0.5344715301 
-82.9873726591 0.0401113135 0.8819541278 0.5344649478 
-83.0001827863 0.0400824367 0.8821469982 0.5344570678 
-83.0132870708 0.0400529166 0.8823440599 0.5344478665 
-83.0266929507 0.0400227378 0.8825454079 0.5344373200 
-83.0404080547 0.0399918845 0.8827511391 0.5344254037 
-83.0544402073 0.0399603407 0.8829613522 0.5344120926 
-83.0687974338 0.0399280899 0.8831761479 0.5343973613 
-83.0834879658 0.0398951151 0.8833956287 0.5343811836 
-83.0985202468 0.0398613992 0.8836198993 0.5343635330 
-83.1139029382 0.0398269246 0.8838490662 0.5343443821 
-83.1296449248 0.0397916732 0.8840832377 0.5343237030 
-83.1457553210 0.0397556265 0.8843225243 0.5343014670 
-83.1622434774 0.0397187658 0.8845670386 0.5342776447 
-83.1791189870 0.0396810717 0.8848168950 0.5342522057 
-83.1963916917 0.0396425246 0.8850722101 0.5342251188 
-83.2140716899 0.0396031043 0.8853331024 0.5341963517 
-83.2321693427 0.0395627902 0.8855996927 0.5341658709 
-83.2506952821 0.0395215613 0.8858721036 0.5341336418 
-83.2696604178 0.0394793959 0.8861504600 0.5340996282 
-83.2890759457 0.0394362722 0.8864348888 0.5340637922 
-83.3089533555 0.0393921676 0.8867255189 0.5340260943 
-83.3293044393 0.0393470592 0.8870224815 0.5339864928 
-83.3501412999 0.0393009234 0.8873259096 0.5339449434 
-83.3714763603 0.0392537362 0.8876359387 0.5339013993 
-83.3933223722 0.0392054732 0.8879527059 0.5338558103 
-83.4156924261 0.0391561091 0.8882763508 0.5338081224 
-83.4385999608 0.0391056185 0.8886070148 0.5337582775 
-83.4620587739 0.0390539751 0.8889448415 0.5337062120 
-83.4860830321 0.0390011521 0.8892899765 0.5336518563 
-83.5106872824 0.0389471223 0.8896425672 0.5335951338 
-83.5358864634 0.0388918577 0.8900027635 0.5335359591 
-83.5616959172 0.0388353298 0.8903707167 0.5334742365 
-83.5881314014 0.0387775094 0.8907465805 0.5334098581 
-83.6152091024 0.0387183668 0.8911305101 0.5333427012 
-83.6429456484 0.0386578716 0.8915226630 0.5332726249 
-83.6713581233 0.0385959928 0.8919231983 0.5331994669 
-83.7004640814 0.0385326985 0.8923322768 0.5331230378 
-83.7302815624 0.0384679565 0.8927500613 0.5330431162 
-83.7608291078 0.0384017335 0.8931767161 0.5329594404 
-83.7921257773 0.0383339959 0.8936124072 0.5328716996 
-83.8241911668 0.0382647091 0.8940573022 0.5327795221 
-83.8570454271 0.0381938379 0.8945115702 0.5326824605 
-83.8907092841 0.0381213462 0.8949753820 0.5325799734 
-83.9252040597 0.0380471972 0.8954489094 0.5324714015 
-83.9605516956 0.0379713534 0.8959323261 0.5323559383 
-83.9967747772 0.0378937763 0.8964258067 0.5322325918 
-84.0338965613 0.0378144268 0.8969295274 0.5321001365 
-84.0719410052 0.0377332646 0.8974436656 0.5319570520 
-84.1109327999 0.0376502487 0.8979683998 0.5318014451 
-84.1508974060 0.0375653371 0.8985039100 0.5316309512 
-84.1918610954 0.0374784869 0.8990503775 0.5314426098 
-84.2338509974 0.0373896540 0.8996079851 0.5312327108 
-84.2768951525 0.0372987931 0.9001769172 0.5309966073 
-84.3210225745 0.0372058580 0.9007573599 0.5307284995 
-84.3662633227 0.0371108009 0.9013495016 0.5304212044 
-84.4126485870 0.0370135727 0.9019535333 0.5300659449 
-84.4602107864 0.0369141228 0.9025696491 0.5296521717 
-84.5089836888 0.0368123985 0.9031980473 0.5291679646 
-84.5590027211 0.0367083452 0.9038389330 0.5286202344 
-84.6103055398 0.0366019046 0.9044925256 0.5281024197 
-84.6629302848 0.0364930188 0.9051590332 0.5276893924 
-84.7169144808 0.0363816323 0.9058386383 0.5273805485 
-84.7197143726 0.0363758635 0.9058739466 0.5273680977 
-84.7197143726 0.0363758635 0.9058739466 0.5273680977 
