-76.1170913301 0.0586649069 0.7394122914 0.4707022256 
-76.1172030876 0.0586645506 0.7394149916 0.4706923159 
-76.1174266619 0.0586638379 0.7394203936 0.4706719941 
-76.1177621841 0.0586627684 0.7394285012 0.4706403313 
-76.1182098816 0.0586613414 0.7394393206 0.4705961301 
-76.1187701060 0.0586595557 0.7394528620 0.4705380885 
-76.1194197888 0.0586574851 0.7394684530 0.4702295747 
-76.1202119176 0.0586549603 0.7394876367 0.4701695559 
-76.1211225194 0.0586520580 0.7395097143 0.4701120167 
-76.1221522278 0.0586487762 0.7395347037 0.4700566137 
-76.1233016941 0.0586451128 0.7395626232 0.4700032330 
-76.1245715825 0.0586410658 0.7395934914 0.4699519224 
-76.1259625573 0.0586366332 0.7396273270 0.4699027756 
-76.1274752750 0.0586318129 0.7396641481 0.4698558556 
-76.1291103832 0.0586266030 0.7397039727 0.4698111937 
-76.1308685210 0.0586210015 0.7397468185 0.4697687957 
-76.1327503190 0.0586150064 0.7397927026 0.4697286409 
-76.1347563997 0.0586086160 0.7398416421 0.4696906821 
-76.1368873794 0.0586018284 0.7398936537 0.4696548636 
-76.1391438703 0.0585946416 0.7399487539 0.4696211366 
-76.1415264805 0.0585870540 0.7400069589 0.4695894495 
-76.1440358142 0.0585790638 0.7400682849 0.4695597488 
-76.1466724719 0.0585706691 0.7401327477 0.4695319768 
-76.1494370517 0.0585618682 0.7402003633 0.4695060730 
-76.1523301496 0.0585526594 0.7402711471 0.4694819771 
-76.1553523608 0.0585430410 0.7403451146 0.4694596321 
-76.1585042800 0.0585330112 0.7404222814 0.4694389820 
-76.1617865018 0.0585225684 0.7405026626 0.4694199720 
-76.1651996220 0.0585117108 0.7405862735 0.4694025513 
-76.1687442373 0.0585004367 0.7406731294 0.4693866710 
-76.1724209463 0.0584887445 0.7407632454 0.4693722828 
-76.1762303500 0.0584766325 0.7408566365 0.4693593409 
-76.1801730521 0.0584640989 0.7409533180 0.4693478024 
-76.1842496597 0.0584511421 0.7410533048 0.4693376250 
-76.1884607834 0.0584377605 0.7411566122 0.4693287674 
-76.1928070384 0.0584239522 0.7412632553 0.4693211913 
-76.1972890444 0.0584097157 0.7413732493 0.4693148598 
-76.2019074262 0.0583950491 0.7414866093 0.4693097360 
-76.2066628141 0.0583799509 0.7416033506 0.4693057854 
-76.2115558447 0.0583644192 0.7417234887 0.4693029757 
-76.2165871606 0.0583484524 0.7418470389 0.4693012743 
-76.2217574115 0.0583320487 0.7419740167 0.4693006501 
-76.2270672543 0.0583152063 0.7421044378 0.4693010744 
-76.2325173535 0.0582979236 0.7422383178 0.4693025189 
-76.2381083814 0.0582801986 0.7423756726 0.4693049555 
-76.2438410190 0.0582620296 0.7425165181 0.4693083585 
-76.2497159561 0.0582434149 0.7426608705 0.4693127034 
-76.2557338913 0.0582243525 0.7428087459 0.4693179654 
-76.2618955331 0.0582048406 0.7429601607 0.4693241210 
-76.2682015998 0.0581848774 0.7431151315 0.4693311491 
-76.2746528199 0.0581644609 0.7432736750 0.4693390280 
-76.2812499325 0.0581435893 0.7434358080 0.4693477366 
-76.2879936879 0.0581222607 0.7436015477 0.4693572560 
-76.2948848476 0.0581004730 0.7437709112 0.4693675680 
-76.3019241848 0.0580782243 0.7439439160 0.4693786538 
-76.3091124847 0.0580555126 0.7441205797 0.4693904962 
-76.3164505452 0.0580323359 0.7443009203 0.4694030801 
-76.3239391766 0.0580086921 0.7444849558 0.4694163890 
-76.3315792024 0.0579845792 0.7446727045 0.4694304076 
-76.3393714598 0.0579599949 0.7448641848 0.4694451228 
-76.3473167997 0.0579349373 0.7450594157 0.4694605211 
-76.3554160869 0.0579094041 0.7452584161 0.4694765889 
-76.3636702011 0.0578833931 0.7454612053 0.4694933145 
-76.3720800366 0.0578569020 0.7456678027 0.4695106872 
-76.3806465031 0.0578299288 0.7458782282 0.4695286954 
-76.3893705256 0.0578024709 0.7460925018 0.4695473287 
-76.3982530455 0.0577745261 0.7463106439 0.4695665787 
-76.4072950200 0.0577460921 0.7465326749 0.4695864359 
-76.4164974230 0.0577171664 0.7467586159 0.4696068915 
-76.4258612457 0.0576877465 0.7469884879 0.4696279385 
-76.4353874965 0.0576578301 0.7472223125 0.4696495701 
-76.4450772014 0.0576274146 0.7474601114 0.4696717788 
-76.4549314046 0.0575964975 0.7477019067 0.4696945588 
-76.4649511688 0.0575650761 0.7479477208 0.4697179058 
-76.4751375755 0.0575331478 0.7481975763 0.4697418141 
-76.4854917254 0.0575007099 0.7484514964 0.4697662790 
-76.4960147388 0.0574677598 0.7487095043 0.4697912978 
-76.5067077561 0.0574342947 0.7489716237 0.4698168672 
-76.5175719379 0.0574003117 0.7492378786 0.4698429837 
-76.5286084657 0.0573658081 0.7495082935 0.4698696457 
-76.5398185421 0.0573307809 0.7497828930 0.4698968522 
-76.5512033914 0.0572952272 0.7500617021 0.4699246013 
-76.5627642597 0.0572591440 0.7503447463 0.4699528920 
-76.5745024158 0.0572225282 0.7506320514 0.4699817253 
-76.5864191511 0.0571853769 0.7509236434 0.4700111010 
-76.5985157802 0.0571476868 0.7512195488 0.4700410188 
-76.6107936417 0.0571094548 0.7515197947 0.4700714808 
-76.6232540984 0.0570706776 0.7518244081 0.4701024884 
-76.6358985372 0.0570313521 0.7521334167 0.4701340421 
-76.6487283705 0.0569914747 0.7524468486 0.4701661440 
-76.6617450363 0.0569510422 0.7527647321 0.4701987967 
-76.6749499985 0.0569100510 0.7530870961 0.4702320010 
-76.6883447474 0.0568684978 0.7534139698 0.4702657579 
-76.7019308007 0.0568263789 0.7537453827 0.4703000696 
-76.7157097034 0.0567836907 0.7540813649 0.4703349362 
-76.7296830285 0.0567404296 0.7544219469 0.4703703563 
-76.7438523780 0.0566965918 0.7547671594 0.4704063285 
-76.7582193831 0.0566521735 0.7551170337 0.4704428498 
-76.7727857045 0.0566071708 0.7554716016 0.4704799130 
-76.7875530336 0.0565615800 0.7558308952 0.4705175087 
-76.8025230930 0.0565153969 0.7561949471 0.4705556246 
-76.8176976368 0.0564686175 0.7565637902 0.4705942419 
-76.8330784518 0.0564212377 0.7569374581 0.4706333343 
-76.8486673581 0.0563732534 0.7573159847 0.4706728689 
-76.8644662096 0.0563246602 0.7576994044 0.4707128013 
-76.8804768954 0.0562754540 0.7580877522 0.4707530721 
-76.8967013402 0.0562256301 0.7584810633 0.4707936045 
-76.9131415058 0.0561751843 0.7588793738 0.4708343001 
-76.9297993918 0.0561241119 0.7592827199 0.4708750295 
-76.9466770367 0.0560724084 0.7596911387 0.4709156245 
-76.9637765194 0.0560200689 0.7601046677 0.4709558672 
-76.9810999605 0.0559670888 0.7605233449 0.4709954728 
-76.9986495231 0.0559134631 0.7609472090 0.4710340648 
-77.0164274142 0.0558591868 0.7613762992 0.4710711416 
-77.0344358852 0.0558042550 0.7618106553 0.4711060274 
-77.0526772321 0.0557486624 0.7622503179 0.4711377953 
-77.0711537934 0.0556924037 0.7626953279 0.4711651525 
-77.0898679462 0.0556354738 0.7631457264 0.4711862650 
-77.1088221007 0.0555778672 0.7636015551 0.4711985125 
-77.1280187005 0.0555195785 0.7640628557 0.4711982351 
-77.1474602770 0.0554606021 0.7645296715 0.4711809321 
-77.1671497378 0.0554009313 0.7650020554 0.4711438233 
-77.1771206116 0.0553707356 0.7652411586 0.4711201157 
-77.1873468339 0.0553397816 0.7654864725 0.4710978689 
-77.1978302208 0.0553080650 0.7657380322 0.4710773087 
-77.2085725814 0.0552755816 0.7659958721 0.4710583799 
-77.2195757317 0.0552423270 0.7662600264 0.4710408794 
-77.2308415055 0.0552082970 0.7665305292 0.4710245417 
-77.2423717629 0.0551734873 0.7668074150 0.4710090951 
-77.2541683966 0.0551378937 0.7670907185 0.4709942970 
-77.2662333369 0.0551015115 0.7673804749 0.4709799497 
-77.2785685538 0.0550643364 0.7676767201 0.4709659050 
-77.2911760597 0.0550263637 0.7679794905 0.4709520593 
-77.3040579088 0.0549875889 0.7682888230 0.4709383403 
-77.3172161983 0.0549480071 0.7686047552 0.4709246938 
-77.3306530683 0.0549076135 0.7689273252 0.4709110778 
-77.3443707028 0.0548664033 0.7692565717 0.4708974563 
-77.3583713306 0.0548243714 0.7695925338 0.4708837941 
-77.3726572265 0.0547815128 0.7699352515 0.4708700572 
-77.3872307121 0.0547378223 0.7702847652 0.4708562137 
-77.4020941576 0.0546932947 0.7706411157 0.4708422307 
-77.4172499825 0.0546479246 0.7710043449 0.4708280744 
-77.4327006575 0.0546017066 0.7713744948 0.4708137132 
-77.4484487054 0.0545546351 0.7717516085 0.4707991155 
-77.4644967024 0.0545067046 0.7721357294 0.4707842481 
-77.4808472801 0.0544579092 0.7725269016 0.4707690788 
-77.4975031263 0.0544082431 0.7729251702 0.4707535770 
-77.5144669868 0.0543577004 0.7733305806 0.4707377101 
-77.5317416666 0.0543062751 0.7737431790 0.4707214455 
-77.5493300317 0.0542539609 0.7741630124 0.4707047525 
-77.5672350108 0.0542007516 0.7745901284 0.4706875995 
-77.5854595963 0.0541466407 0.7750245755 0.4706699536 
-77.6040068464 0.0540916217 0.7754664026 0.4706517833 
-77.6228798869 0.0540356880 0.7759156598 0.4706330579 
-77.6420819123 0.0539788328 0.7763723975 0.4706137444 
-77.6616161883 0.0539210492 0.7768366673 0.4705938106 
-77.6814860530 0.0538623301 0.7773085211 0.4705732253 
-77.7016949190 0.0538026683 0.7777880120 0.4705519565 
-77.7222462754 0.0537420566 0.7782751937 0.4705299708 
-77.7431436895 0.0536804874 0.7787701207 0.4705072361 
-77.7643908090 0.0536179532 0.7792728484 0.4704837208 
-77.7859913637 0.0535544463 0.7797834330 0.4704593911 
-77.8079491679 0.0534899586 0.7803019314 0.4704342136 
-77.8302681227 0.0534244822 0.7808284015 0.4704081561 
-77.8529522177 0.0533580087 0.7813629020 0.4703811851 
-77.8760055336 0.0532905299 0.7819054923 0.4703532656 
-77.8994322444 0.0532220372 0.7824562330 0.4703243644 
-77.9232366200 0.0531525219 0.7830151851 0.4702944477 
-77.9474230284 0.0530819751 0.7835824109 0.4702634800 
-77.9719959382 0.0530103876 0.7841579734 0.4702314257 
-77.9969599215 0.0529377503 0.7847419363 0.4701982510 
-78.0223196561 0.0528640538 0.7853343646 0.4701639195 
-78.0480799287 0.0527892884 0.7859353239 0.4701283940 
-78.0742456374 0.0527134443 0.7865448806 0.4700916389 
-78.1008217948 0.0526365115 0.7871631023 0.4700536178 
-78.1278135306 0.0525584798 0.7877900573 0.4700142920 
-78.1552260953 0.0524793388 0.7884258149 0.4699736234 
-78.1830648627 0.0523990778 0.7890704452 0.4699315748 
-78.2113353335 0.0523176861 0.7897240193 0.4698881069 
-78.2400431385 0.0522351527 0.7903866090 0.4698431790 
-78.2691940422 0.0521514661 0.7910582874 0.4697967521 
-78.2987939462 0.0520666151 0.7917391281 0.4697487861 
-78.3288488927 0.0519805877 0.7924292058 0.4696992387 
-78.3593650686 0.0518933722 0.7931285961 0.4696480678 
-78.3903488090 0.0518049562 0.7938373754 0.4695952322 
-78.4218066015 0.0517153273 0.7945556209 0.4695406885 
-78.4537450899 0.0516244730 0.7952834110 0.4694843916 
-78.4861710790 0.0515323801 0.7960208245 0.4694262979 
-78.5190915385 0.0514390356 0.7967679416 0.4693663628 
-78.5525136073 0.0513444259 0.7975248428 0.4693045389 
-78.5864445986 0.0512485373 0.7982916098 0.4692407792 
-78.6208920049 0.0511513559 0.7990683250 0.4691750372 
-78.6558635019 0.0510528673 0.7998550716 0.4691072639 
-78.6913669544 0.0509530570 0.8006519336 0.4690374084 
-78.7274104214 0.0508519100 0.8014589956 0.4689654209 
-78.7640021615 0.0507494114 0.8022763433 0.4688912506 
-78.8011506381 0.0506455454 0.8031040627 0.4688148434 
-78.8388645255 0.0505402966 0.8039422409 0.4687361447 
-78.8771527150 0.0504336486 0.8047909653 0.4686551006 
-78.9160243206 0.0503255852 0.8056503242 0.4685716540 
-78.9554886855 0.0502160896 0.8065204064 0.4684857451 
-78.9955553887 0.0501051447 0.8074013012 0.4683973145 
-79.0362342518 0.0499927332 0.8082930986 0.4683063011 
-79.0775353459 0.0498788373 0.8091958889 0.4682126398 
-79.1194689985 0.0497634390 0.8101097630 0.4681162633 
-79.1620458018 0.0496465197 0.8110348121 0.4680171040 
-79.2052766195 0.0495280606 0.8119711278 0.4679150898 
-79.2491725953 0.0494080427 0.8129188019 0.4678101441 
-79.2937451608 0.0492864463 0.8138779267 0.4677021876 
-79.3390060447 0.0491632514 0.8148485944 0.4675911381 
-79.3849672808 0.0490384378 0.8158308974 0.4674769061 
-79.4316412177 0.0489119848 0.8168249282 0.4673593956 
-79.4790405283 0.0487838711 0.8178307793 0.4672385063 
-79.5271782193 0.0486540752 0.8188485429 0.4671141293 
-79.5760676417 0.0485225752 0.8198783112 0.4669861440 
-79.6257225013 0.0483893487 0.8209201760 0.4668544201 
-79.6761568698 0.0482543728 0.8219742290 0.4667188155 
-79.7273851961 0.0481176243 0.8230405612 0.4665791712 
-79.7794223180 0.0479790795 0.8241192630 0.4664353082 
-79.8322834752 0.0478387141 0.8252104244 0.4662870273 
-79.8859843215 0.0476965035 0.8263141344 0.4661341037 
-79.9405409385 0.0475524226 0.8274304812 0.4659762786 
-79.9959698497 0.0474064458 0.8285595519 0.4658132550 
-80.0522880351 0.0472585470 0.8297014328 0.4656446922 
-80.1095129465 0.0471086995 0.8308562084 0.4654701941 
-80.1676625236 0.0469568763 0.8320239623 0.4652892960 
-80.2267552107 0.0468030497 0.8332047764 0.4651014521 
-80.2868099749 0.0466471915 0.8343987307 0.4649060195 
-80.3478463242 0.0464892731 0.8356059038 0.4647022334 
-80.4098843276 0.0463292650 0.8368263720 0.4644891777 
-80.4729446350 0.0461671375 0.8380602096 0.4642657462 
-80.5370484992 0.0460028602 0.8393074887 0.4640305906 
-80.6022177979 0.0458364019 0.8405682787 0.4637820419 
-80.6684750552 0.0456677310 0.8418426464 0.4635179916 
-80.7358434620 0.0454968153 0.8431306558 0.4632356955 
-80.8043468895 0.0453236218 0.8444323674 0.4629314232 
-80.8740098850 0.0451481173 0.8457478372 0.4625997600 
-80.9448576173 0.0449702680 0.8470771156 0.4622320432 
-81.0169156610 0.0447900403 0.8484202416 0.4618122952 
-81.0902091249 0.0446074033 0.8497772255 0.4613034719 
-81.1647552686 0.0444223466 0.8511479045 0.4605429175 
-81.2405639060 0.0442348795 0.8525319560 0.4592250674 
-81.3177772002 0.0440446862 0.8539315948 0.4587976327 
-77.1771206116 0.0553707356 0.7652411586 0.4711201157 
-77.1873468339 0.0553397816 0.7654864725 0.4710978689 
-77.1978302208 0.0553080650 0.7657380322 0.4710773087 
-77.2085725814 0.0552755816 0.7659958721 0.4710583799 
-77.2195757317 0.0552423270 0.7662600264 0.4710408794 
-77.2308415055 0.0552082970 0.7665305293 0.4710245417 
-77.2423717629 0.0551734873 0.7668074150 0.4710090951 
-77.2541683966 0.0551378937 0.7670907185 0.4709942970 
-77.2662333369 0.0551015115 0.7673804749 0.4709799497 
-77.2785685538 0.0550643364 0.7676767201 0.4709659050 
-77.2911760597 0.0550263637 0.7679794905 0.4709520593 
-77.3040579089 0.0549875889 0.7682888230 0.4709383403 
-77.3172161983 0.0549480071 0.7686047552 0.4709246938 
-77.3306530683 0.0549076135 0.7689273252 0.4709110778 
-77.3443707028 0.0548664033 0.7692565717 0.4708974563 
-77.3583713307 0.0548243714 0.7695925338 0.4708837941 
-77.3726572265 0.0547815128 0.7699352515 0.4708700572 
-77.3872307121 0.0547378223 0.7702847652 0.4708562137 
-77.4020941576 0.0546932947 0.7706411157 0.4708422307 
-77.4172499825 0.0546479246 0.7710043449 0.4708280744 
-77.4327006575 0.0546017066 0.7713744948 0.4708137132 
-77.4484487054 0.0545546351 0.7717516085 0.4707991155 
-77.4644967024 0.0545067046 0.7721357294 0.4707842481 
-77.4808472801 0.0544579092 0.7725269016 0.4707690788 
-77.4975031263 0.0544082431 0.7729251702 0.4707535770 
-77.5144669868 0.0543577004 0.7733305806 0.4707377101 
-77.5317416666 0.0543062751 0.7737431790 0.4707214455 
-77.5493300317 0.0542539609 0.7741630124 0.4707047525 
-77.5672350108 0.0542007516 0.7745901284 0.4706875995 
-77.5854595963 0.0541466407 0.7750245755 0.4706699536 
-77.6040068464 0.0540916217 0.7754664026 0.4706517833 
-77.6228798869 0.0540356880 0.7759156598 0.4706330579 
-77.6420819124 0.0539788328 0.7763723975 0.4706137444 
-77.6616161883 0.0539210492 0.7768366673 0.4705938106 
-77.6814860530 0.0538623301 0.7773085211 0.4705732253 
-77.7016949191 0.0538026683 0.7777880120 0.4705519565 
-77.7222462755 0.0537420566 0.7782751937 0.4705299708 
-77.7431436895 0.0536804874 0.7787701207 0.4705072361 
-77.7643908090 0.0536179532 0.7792728484 0.4704837208 
-77.7859913637 0.0535544463 0.7797834330 0.4704593911 
-77.8079491679 0.0534899586 0.7803019314 0.4704342136 
-77.8302681227 0.0534244822 0.7808284015 0.4704081561 
-77.8529522177 0.0533580087 0.7813629020 0.4703811851 
-77.8760055336 0.0532905299 0.7819054923 0.4703532656 
-77.8994322444 0.0532220372 0.7824562330 0.4703243644 
-77.9232366201 0.0531525219 0.7830151851 0.4702944477 
-77.9474230285 0.0530819751 0.7835824109 0.4702634800 
-77.9719959382 0.0530103876 0.7841579734 0.4702314257 
-77.9969599215 0.0529377503 0.7847419363 0.4701982510 
-78.0223196562 0.0528640538 0.7853343646 0.4701639195 
-78.0480799287 0.0527892884 0.7859353239 0.4701283940 
-78.0742456374 0.0527134443 0.7865448806 0.4700916389 
-78.1008217948 0.0526365115 0.7871631023 0.4700536178 
-78.1278135307 0.0525584798 0.7877900573 0.4700142920 
-78.1552260953 0.0524793388 0.7884258149 0.4699736234 
-78.1830648627 0.0523990778 0.7890704452 0.4699315748 
-78.2113353335 0.0523176861 0.7897240193 0.4698881069 
-78.2400431385 0.0522351527 0.7903866090 0.4698431790 
-78.2691940422 0.0521514661 0.7910582874 0.4697967521 
-78.2987939462 0.0520666151 0.7917391281 0.4697487861 
-78.3288488928 0.0519805877 0.7924292058 0.4696992387 
-78.3593650686 0.0518933722 0.7931285961 0.4696480678 
-78.3903488090 0.0518049562 0.7938373754 0.4695952322 
-78.4218066015 0.0517153273 0.7945556209 0.4695406885 
-78.4537450900 0.0516244730 0.7952834110 0.4694843916 
-78.4861710791 0.0515323801 0.7960208245 0.4694262979 
-78.5190915385 0.0514390356 0.7967679416 0.4693663628 
-78.5525136073 0.0513444259 0.7975248428 0.4693045389 
-78.5864445987 0.0512485373 0.7982916098 0.4692407792 
-78.6208920049 0.0511513559 0.7990683250 0.4691750372 
-78.6558635019 0.0510528673 0.7998550716 0.4691072639 
-78.6913669544 0.0509530570 0.8006519336 0.4690374084 
-78.7274104215 0.0508519100 0.8014589956 0.4689654209 
-78.7640021616 0.0507494114 0.8022763433 0.4688912506 
-78.8011506382 0.0506455454 0.8031040627 0.4688148434 
-78.8388645256 0.0505402966 0.8039422409 0.4687361447 
-78.8771527151 0.0504336486 0.8047909653 0.4686551006 
-78.9160243207 0.0503255852 0.8056503242 0.4685716540 
-78.9554886855 0.0502160896 0.8065204064 0.4684857451 
-78.9955553887 0.0501051447 0.8074013012 0.4683973145 
-79.0362342518 0.0499927332 0.8082930986 0.4683063011 
-79.0775353459 0.0498788373 0.8091958889 0.4682126398 
-79.1194689985 0.0497634390 0.8101097630 0.4681162633 
-79.1620458018 0.0496465197 0.8110348121 0.4680171040 
-79.2052766196 0.0495280606 0.8119711278 0.4679150898 
-79.2491725953 0.0494080427 0.8129188019 0.4678101441 
-79.2937451608 0.0492864463 0.8138779267 0.4677021876 
-79.3390060447 0.0491632514 0.8148485944 0.4675911381 
-79.3849672809 0.0490384378 0.8158308974 0.4674769061 
-79.4316412178 0.0489119848 0.8168249282 0.4673593956 
-79.4790405283 0.0487838711 0.8178307793 0.4672385063 
-79.5271782193 0.0486540752 0.8188485429 0.4671141293 
-79.5760676417 0.0485225752 0.8198783112 0.4669861440 
-79.6257225013 0.0483893487 0.8209201761 0.4668544201 
-79.6761568698 0.0482543728 0.8219742290 0.4667188155 
-79.7273851961 0.0481176243 0.8230405612 0.4665791712 
-79.7794223181 0.0479790795 0.8241192631 0.4664353082 
-79.8322834752 0.0478387141 0.8252104244 0.4662870273 
-79.8859843215 0.0476965035 0.8263141344 0.4661341037 
-79.9405409386 0.0475524226 0.8274304812 0.4659762786 
-79.9959698497 0.0474064458 0.8285595519 0.4658132550 
-80.0522880351 0.0472585470 0.8297014328 0.4656446922 
-80.1095129465 0.0471086995 0.8308562084 0.4654701941 
-80.1676625236 0.0469568763 0.8320239623 0.4652892960 
-80.2267552108 0.0468030497 0.8332047764 0.4651014521 
-80.2868099749 0.0466471915 0.8343987307 0.4649060195 
-80.3478463243 0.0464892731 0.8356059038 0.4647022334 
-80.4098843276 0.0463292650 0.8368263720 0.4644891777 
-80.4729446350 0.0461671375 0.8380602097 0.4642657462 
-80.5370484992 0.0460028602 0.8393074887 0.4640305906 
-80.6022177979 0.0458364019 0.8405682787 0.4637820419 
-80.6684750553 0.0456677310 0.8418426464 0.4635179916 
-80.7358434621 0.0454968153 0.8431306558 0.4632356955 
-80.8043468895 0.0453236218 0.8444323674 0.4629314232 
-80.8740098851 0.0451481173 0.8457478372 0.4625997600 
-80.9448576174 0.0449702680 0.8470771156 0.4622320432 
-81.0169156610 0.0447900403 0.8484202416 0.4618122951 
-81.0902091250 0.0446074033 0.8497772255 0.4613034719 
-81.1647552687 0.0444223466 0.8511479045 0.4605429175 
-81.2405639061 0.0442348795 0.8525319560 0.4592250674 
-81.3177772002 0.0440446862 0.8539315948 0.4587976327 
-81.3395059663 0.0439912860 0.8543301473 0.4586653250 
-81.3395059664 0.0439912860 0.8543301473 0.4586653250 
