-80.2343042093 0.0467804716 0.8348044529 0.5506340466 
-80.2343093947 0.0467804582 0.8348045515 0.5506315835 
-80.2343197713 0.0467804312 0.8348047488 0.5506266804 
-80.2343353510 0.0467803908 0.8348050451 0.5506193832 
-80.2343561513 0.0467803368 0.8348054407 0.5506097587 
-80.2343821954 0.0467802692 0.8348059362 0.5505978928 
-80.2344133564 0.0467801883 0.8348065288 0.5505721221 
-80.2344500310 0.0467800931 0.8348072270 0.5505581602 
-80.2344920934 0.0467799838 0.8348080280 0.5505440259 
-80.2345395768 0.0467798606 0.8348089325 0.5505297292 
-80.2345925151 0.0467797231 0.8348099414 0.5505152833 
-80.2346509430 0.0467795714 0.8348110552 0.5505007033 
-80.2347148958 0.0467794054 0.8348122747 0.5504860063 
-80.2347844096 0.0467792249 0.8348136008 0.5504712110 
-80.2348595209 0.0467790299 0.8348150341 0.5504563372 
-80.2349402667 0.0467788203 0.8348165754 0.5504414054 
-80.2350266849 0.0467785959 0.8348182255 0.5504264368 
-80.2351188134 0.0467783567 0.8348199852 0.5504114525 
-80.2352166908 0.0467781026 0.8348218553 0.5503964740 
-80.2353203559 0.0467778334 0.8348238366 0.5503815222 
-80.2354298479 0.0467775492 0.8348259300 0.5503666178 
-80.2355452063 0.0467772497 0.8348281362 0.5503517808 
-80.2356664707 0.0467769348 0.8348304560 0.5503370307 
-80.2357936811 0.0467766045 0.8348328904 0.5503223859 
-80.2359268774 0.0467762587 0.8348354400 0.5503078642 
-80.2360660999 0.0467758973 0.8348381058 0.5502934823 
-80.2362113887 0.0467755200 0.8348408886 0.5502792559 
-80.2363627842 0.0467751270 0.8348437892 0.5502651999 
-80.2365203266 0.0467747180 0.8348468084 0.5502513278 
-80.2366840562 0.0467742929 0.8348499472 0.5502376524 
-80.2368540134 0.0467738516 0.8348532062 0.5502241855 
-80.2370302382 0.0467733941 0.8348565863 0.5502109377 
-80.2372127709 0.0467729202 0.8348600884 0.5501979187 
-80.2374016515 0.0467724298 0.8348637132 0.5501851375 
-80.2375969199 0.0467719229 0.8348674617 0.5501726019 
-80.2377986159 0.0467713992 0.8348713345 0.5501603191 
-80.2380067792 0.0467708588 0.8348753326 0.5501482955 
-80.2382214494 0.0467703015 0.8348794567 0.5501365366 
-80.2384426658 0.0467697272 0.8348837076 0.5501250473 
-80.2386704676 0.0467691358 0.8348880861 0.5501138318 
-80.2389048938 0.0467685272 0.8348925931 0.5501028939 
-80.2391459834 0.0467679013 0.8348972292 0.5500922367 
-80.2393937750 0.0467672580 0.8349019953 0.5500818626 
-80.2396483071 0.0467665973 0.8349068922 0.5500717739 
-80.2399096181 0.0467659189 0.8349119207 0.5500619722 
-80.2401777460 0.0467652229 0.8349170815 0.5500524590 
-80.2404527289 0.0467645090 0.8349223753 0.5500432350 
-80.2407346045 0.0467637773 0.8349278030 0.5500343011 
-80.2410234104 0.0467630276 0.8349333653 0.5500256575 
-80.2413191841 0.0467622598 0.8349390629 0.5500173043 
-80.2416219627 0.0467614738 0.8349448966 0.5500092415 
-80.2419317833 0.0467606696 0.8349508672 0.5500014687 
-80.2422486828 0.0467598470 0.8349569753 0.5499939853 
-80.2425726980 0.0467590059 0.8349632218 0.5499867907 
-80.2429038653 0.0467581463 0.8349696073 0.5499798840 
-80.2432422211 0.0467572681 0.8349761325 0.5499732642 
-80.2435878018 0.0467563711 0.8349827982 0.5499669304 
-80.2439406433 0.0467554552 0.8349896051 0.5499608812 
-80.2443007816 0.0467545205 0.8349965540 0.5499551154 
-80.2446682526 0.0467535667 0.8350036454 0.5499496316 
-80.2450430918 0.0467525938 0.8350108802 0.5499444284 
-80.2454253348 0.0467516017 0.8350182590 0.5499395043 
-80.2458150170 0.0467505904 0.8350257824 0.5499348577 
-80.2462121736 0.0467495596 0.8350334514 0.5499304871 
-80.2466168399 0.0467485094 0.8350412664 0.5499263907 
-80.2470290508 0.0467474396 0.8350492281 0.5499225670 
-80.2474488414 0.0467463502 0.8350573374 0.5499190143 
-80.2478762465 0.0467452410 0.8350655948 0.5499157308 
-80.2483113008 0.0467441120 0.8350740010 0.5499127147 
-80.2487540391 0.0467429630 0.8350825568 0.5499099643 
-80.2492044958 0.0467417941 0.8350912627 0.5499074779 
-80.2496627057 0.0467406051 0.8351001194 0.5499052537 
-80.2501287030 0.0467393959 0.8351091277 0.5499032898 
-80.2506025222 0.0467381664 0.8351182881 0.5499015846 
-80.2510841977 0.0467369166 0.8351276014 0.5499001361 
-80.2515737636 0.0467356463 0.8351370681 0.5498989427 
-80.2520712544 0.0467343555 0.8351466890 0.5498980024 
-80.2525767041 0.0467330440 0.8351564647 0.5498973137 
-80.2530901469 0.0467317119 0.8351663959 0.5498968746 
-80.2536116170 0.0467303589 0.8351764832 0.5498966834 
-80.2541411486 0.0467289851 0.8351867273 0.5498967384 
-80.2546787756 0.0467275903 0.8351971287 0.5498970378 
-80.2552245323 0.0467261745 0.8352076883 0.5498975798 
-80.2557784527 0.0467247375 0.8352184066 0.5498983628 
-80.2563405709 0.0467232793 0.8352292842 0.5498993850 
-80.2569109211 0.0467217998 0.8352403218 0.5499006447 
-80.2574895374 0.0467202988 0.8352515201 0.5499021403 
-80.2580764539 0.0467187764 0.8352628797 0.5499038700 
-80.2586717048 0.0467172324 0.8352744012 0.5499058323 
-80.2592753243 0.0467156668 0.8352860853 0.5499080254 
-80.2598873467 0.0467140794 0.8352979326 0.5499104477 
-80.2605078063 0.0467124701 0.8353099438 0.5499130977 
-80.2611367374 0.0467108390 0.8353221195 0.5499159737 
-80.2617741744 0.0467091858 0.8353344604 0.5499190741 
-80.2624201518 0.0467075105 0.8353469670 0.5499223975 
-80.2630747041 0.0467058131 0.8353596401 0.5499259422 
-80.2637378659 0.0467040933 0.8353724803 0.5499297068 
-80.2644096719 0.0467023513 0.8353854882 0.5499336897 
-80.2650901569 0.0467005867 0.8353986645 0.5499378894 
-80.2657793557 0.0466987997 0.8354120098 0.5499423045 
-80.2664773032 0.0466969900 0.8354255248 0.5499469335 
-80.2671840345 0.0466951576 0.8354392101 0.5499517749 
-80.2678995848 0.0466933024 0.8354530663 0.5499568275 
-80.2686239894 0.0466914243 0.8354670942 0.5499620896 
-80.2693572835 0.0466895232 0.8354812943 0.5499675601 
-80.2700995028 0.0466875990 0.8354956674 0.5499732374 
-80.2708506829 0.0466856517 0.8355102140 0.5499791203 
-80.2716108595 0.0466836812 0.8355249348 0.5499852074 
-80.2723800685 0.0466816873 0.8355398305 0.5499914975 
-80.2731583460 0.0466796700 0.8355549017 0.5499979892 
-80.2739457282 0.0466776291 0.8355701492 0.5500046812 
-80.2747422514 0.0466755647 0.8355855735 0.5500115723 
-80.2755479522 0.0466734765 0.8356011753 0.5500186613 
-80.2763628672 0.0466713646 0.8356169553 0.5500259468 
-80.2771870332 0.0466692287 0.8356329141 0.5500334279 
-80.2780204874 0.0466670689 0.8356490525 0.5500411031 
-80.2788632669 0.0466648850 0.8356653711 0.5500489714 
-80.2797154091 0.0466626770 0.8356818706 0.5500570316 
-80.2805769515 0.0466604446 0.8356985516 0.5500652826 
-80.2814479320 0.0466581879 0.8357154149 0.5500737233 
-80.2823283886 0.0466559068 0.8357324611 0.5500823524 
-80.2832183593 0.0466536011 0.8357496909 0.5500911691 
-80.2841178826 0.0466512708 0.8357671049 0.5501001722 
-80.2850269972 0.0466489157 0.8357847040 0.5501093606 
-80.2859457418 0.0466465358 0.8358024888 0.5501187333 
-80.2868741555 0.0466441310 0.8358204600 0.5501282893 
-80.2878122776 0.0466417011 0.8358386183 0.5501380276 
-80.2887601476 0.0466392461 0.8358569643 0.5501479472 
-80.2897178053 0.0466367658 0.8358754989 0.5501580471 
-80.2906852907 0.0466342603 0.8358942227 0.5501683265 
-80.2916626441 0.0466317292 0.8359131365 0.5501787842 
-80.2926499059 0.0466291727 0.8359322409 0.5501894195 
-80.2936471170 0.0466265905 0.8359515367 0.5502002314 
-80.2946543185 0.0466239826 0.8359710246 0.5502112190 
-80.2956715516 0.0466213489 0.8359907054 0.5502223814 
-80.2966988579 0.0466186892 0.8360105798 0.5502337179 
-80.2977362793 0.0466160034 0.8360306485 0.5502452274 
-80.2987838580 0.0466132915 0.8360509123 0.5502569093 
-80.2998416365 0.0466105534 0.8360713720 0.5502687627 
-80.3009096574 0.0466077888 0.8360920282 0.5502807868 
-80.3019879638 0.0466049978 0.8361128818 0.5502929808 
-80.3030765992 0.0466021803 0.8361339335 0.5503053440 
-80.3041756071 0.0465993360 0.8361551841 0.5503178755 
-80.3052850315 0.0465964649 0.8361766344 0.5503305747 
-80.3064049168 0.0465935670 0.8361982851 0.5503434408 
-80.3075353076 0.0465906420 0.8362201371 0.5503564731 
-80.3086762487 0.0465876898 0.8362421911 0.5503696710 
-80.3098277856 0.0465847105 0.8362644479 0.5503830337 
-80.3109899639 0.0465817037 0.8362869083 0.5503965605 
-80.3121628295 0.0465786695 0.8363095732 0.5504102509 
-80.3133464287 0.0465756078 0.8363324433 0.5504241041 
-80.3145408083 0.0465725183 0.8363555195 0.5504381196 
-80.3157460153 0.0465694010 0.8363788026 0.5504522967 
-80.3169620971 0.0465662558 0.8364022934 0.5504666349 
-80.3181891015 0.0465630825 0.8364259927 0.5504811335 
-80.3194270765 0.0465598810 0.8364499015 0.5504957920 
-80.3206760709 0.0465566513 0.8364740205 0.5505106098 
-80.3219361333 0.0465533931 0.8364983506 0.5505255864 
-80.3232073133 0.0465501064 0.8365228927 0.5505407212 
-80.3244896604 0.0465467910 0.8365476476 0.5505560138 
-80.3257832247 0.0465434469 0.8365726162 0.5505714636 
-80.3270880568 0.0465400738 0.8365977994 0.5505870701 
-80.3284042076 0.0465366717 0.8366231980 0.5506028329 
-80.3297317283 0.0465332405 0.8366488131 0.5506187515 
-80.3310706707 0.0465297800 0.8366746453 0.5506348254 
-80.3324210870 0.0465262900 0.8367006958 0.5506510542 
-80.3337830298 0.0465227705 0.8367269654 0.5506674376 
-80.3351565521 0.0465192213 0.8367534549 0.5506839749 
-80.3365417073 0.0465156424 0.8367801654 0.5507006660 
-80.3379385494 0.0465120334 0.8368070978 0.5507175103 
-80.3393471327 0.0465083944 0.8368342530 0.5507345075 
-80.3407675120 0.0465047252 0.8368616320 0.5507516573 
-80.3421997426 0.0465010257 0.8368892357 0.5507689592 
-80.3436438801 0.0464972956 0.8369170650 0.5507864130 
-80.3450999810 0.0464935350 0.8369451211 0.5508040183 
-80.3465681016 0.0464897436 0.8369734048 0.5508217748 
-80.3480482994 0.0464859212 0.8370019171 0.5508396822 
-80.3495406317 0.0464820679 0.8370306590 0.5508577403 
-80.3510451569 0.0464781833 0.8370596316 0.5508759486 
-80.3525619335 0.0464742674 0.8370888358 0.5508943071 
-80.3540910205 0.0464703201 0.8371182727 0.5509128153 
-80.3556324778 0.0464663411 0.8371479433 0.5509314732 
-80.3571863652 0.0464623303 0.8371778486 0.5509502803 
-80.3587527437 0.0464582876 0.8372079897 0.5509692366 
-80.3603316741 0.0464542129 0.8372383676 0.5509883418 
-80.3619232184 0.0464501059 0.8372689834 0.5510075957 
-80.3635274386 0.0464459666 0.8372998382 0.5510269982 
-80.3651443976 0.0464417947 0.8373309330 0.5510465490 
-80.3667741586 0.0464375902 0.8373622690 0.5510662480 
-80.3684167855 0.0464333528 0.8373938472 0.5510860950 
-80.3700723427 0.0464290824 0.8374256687 0.5511060899 
-80.3717408951 0.0464247788 0.8374577346 0.5511262326 
-80.3734225083 0.0464204420 0.8374900462 0.5511465229 
-80.3751172483 0.0464160716 0.8375226044 0.5511669607 
-80.3768251818 0.0464116676 0.8375554105 0.5511875459 
-80.3785463760 0.0464072299 0.8375884656 0.5512082784 
-80.3802808988 0.0464027581 0.8376217709 0.5512291582 
-80.3820288185 0.0463982522 0.8376553275 0.5512501851 
-80.3837902042 0.0463937120 0.8376891366 0.5512713591 
-80.3855651255 0.0463891373 0.8377231995 0.5512926801 
-80.3873536525 0.0463845280 0.8377575172 0.5513141482 
-80.3891558562 0.0463798838 0.8377920911 0.5513357631 
-80.3909718080 0.0463752047 0.8378269223 0.5513575249 
-80.3928015798 0.0463704904 0.8378620120 0.5513794336 
-80.3946452445 0.0463657407 0.8378973616 0.5514014891 
-80.3965028754 0.0463609555 0.8379329723 0.5514236914 
-80.3983745464 0.0463561346 0.8379688453 0.5514460405 
-80.4002603322 0.0463512778 0.8380049818 0.5514685364 
-80.4021603081 0.0463463849 0.8380413833 0.5514911791 
-80.4040745499 0.0463414558 0.8380780509 0.5515139685 
-80.4060031344 0.0463364902 0.8381149860 0.5515369047 
-80.4079461387 0.0463314880 0.8381521898 0.5515599876 
-80.4099036408 0.0463264490 0.8381896638 0.5515832173 
-80.4118757194 0.0463213729 0.8382274093 0.5516065937 
-80.4138624538 0.0463162597 0.8382654275 0.5516301168 
-80.4158639240 0.0463111090 0.8383037199 0.5516537867 
-80.4178802108 0.0463059208 0.8383422878 0.5516776032 
-80.4199113956 0.0463006947 0.8383811326 0.5517015664 
-80.4219575605 0.0462954307 0.8384202558 0.5517256761 
-80.4240187884 0.0462901284 0.8384596586 0.5517499325 
-80.4260951630 0.0462847878 0.8384993425 0.5517743353 
-80.4281867685 0.0462794085 0.8385393090 0.5517988844 
-80.4302936901 0.0462739905 0.8385795595 0.5518235799 
-80.4324160137 0.0462685334 0.8386200954 0.5518484214 
-80.4345538257 0.0462630371 0.8386609182 0.5518734090 
-80.4367072136 0.0462575014 0.8387020294 0.5518985423 
-80.4388762656 0.0462519260 0.8387434304 0.5519238212 
-80.4410610704 0.0462463107 0.8387851228 0.5519492453 
-80.4432617179 0.0462406554 0.8388271081 0.5519748143 
-80.4454782986 0.0462349597 0.8388693878 0.5520005279 
-80.4477109036 0.0462292235 0.8389119634 0.5520263857 
-80.4499596253 0.0462234466 0.8389548365 0.5520523871 
-80.4522245564 0.0462176287 0.8389980086 0.5520785315 
-80.4545057909 0.0462117696 0.8390414814 0.5521048183 
-80.4568034232 0.0462058691 0.8390852564 0.5521312467 
-80.4591175488 0.0461999269 0.8391293352 0.5521578158 
-80.4614482641 0.0461939429 0.8391737195 0.5521845248 
-80.4637956662 0.0461879167 0.8392184108 0.5522113724 
-80.4661598531 0.0461818481 0.8392634108 0.5522383575 
-80.4685409239 0.0461757370 0.8393087212 0.5522654785 
-80.4709389784 0.0461695830 0.8393543437 0.5522927340 
-80.4733541172 0.0461633859 0.8394002798 0.5523201221 
-80.4757864422 0.0461571455 0.8394465314 0.5523476409 
-80.4782360558 0.0461508615 0.8394931002 0.5523752879 
-80.4807030617 0.0461445337 0.8395399878 0.5524030609 
-80.4831875643 0.0461381619 0.8395871960 0.5524309569 
-80.4856896692 0.0461317457 0.8396347267 0.5524589727 
-80.4882094828 0.0461252849 0.8396825815 0.5524871050 
-80.4907471125 0.0461187793 0.8397307622 0.5525153497 
-80.4933026670 0.0461122286 0.8397792707 0.5525437025 
-80.4958762558 0.0461056325 0.8398281088 0.5525721587 
-80.4984679893 0.0460989908 0.8398772783 0.5526007127 
-80.5010779794 0.0460923032 0.8399267812 0.5526293588 
-80.5037063388 0.0460855694 0.8399766192 0.5526580901 
-80.5063531814 0.0460787892 0.8400267942 0.5526868996 
-80.5090186222 0.0460719622 0.8400773082 0.5527157789 
-80.5117027774 0.0460650883 0.8401281631 0.5527447192 
-80.5144057645 0.0460581671 0.8401793609 0.5527737106 
-80.5171277022 0.0460511983 0.8402309035 0.5528027421 
-80.5198687102 0.0460441817 0.8402827930 0.5528318017 
-80.5226289099 0.0460371170 0.8403350312 0.5528608760 
-80.5254084237 0.0460300038 0.8403876204 0.5528899505 
-80.5282073755 0.0460228419 0.8404405624 0.5529190091 
-80.5310258907 0.0460156310 0.8404938595 0.5529480340 
-80.5338640960 0.0460083707 0.8405475136 0.5529770060 
-80.5367221198 0.0460010609 0.8406015270 0.5530059037 
-80.5396000918 0.0459937010 0.8406559018 0.5530347040 
-80.5424981436 0.0459862909 0.8407106401 0.5530633815 
-80.5454164083 0.0459788303 0.8407657442 0.5530919086 
-80.5483550209 0.0459713187 0.8408212164 0.5531202552 
-80.5513141180 0.0459637559 0.8408770588 0.5531483885 
-80.5542938383 0.0459561416 0.8409332738 0.5531762734 
-80.5572943225 0.0459484754 0.8409898637 0.5532038715 
-80.5603157134 0.0459407569 0.8410468310 0.5532311420 
-80.5633581557 0.0459329859 0.8411041780 0.5532580407 
-80.5664217968 0.0459251619 0.8411619071 0.5532845208 
-80.5695067862 0.0459172847 0.8412200209 0.5533105325 
-80.5726132760 0.0459093538 0.8412785218 0.5533360234 
-80.5757414210 0.0459013689 0.8413374126 0.5533609387 
-80.5788913789 0.0458933296 0.8413966958 0.5533852217 
-80.5820633100 0.0458852355 0.8414563740 0.5534088147 
-80.5852573779 0.0458770863 0.8415164502 0.5534316597 
-80.5884737495 0.0458688815 0.8415769269 0.5534537000 
-80.5917125950 0.0458606207 0.8416378072 0.5534748820 
-80.5949740880 0.0458523035 0.8416990939 0.5534951580 
-80.5982584062 0.0458439296 0.8417607900 0.5535144893 
-80.6015657307 0.0458354984 0.8418228986 0.5535328508 
-80.6048962470 0.0458270095 0.8418854228 0.5535502371 
-80.6082501446 0.0458184625 0.8419483658 0.5535666698 
-80.6116276171 0.0458098568 0.8420117310 0.5535822068 
-80.6150288626 0.0458011921 0.8420755217 0.5535969525 
-80.6184540833 0.0457924679 0.8421397413 0.5536110687 
-80.6219034852 0.0457836836 0.8422043934 0.5536247811 
-80.6253772779 0.0457748387 0.8422694814 0.5536383794 
-80.6288756738 0.0457659328 0.8423350092 0.5536522061 
-80.6306372780 0.0457614488 0.8423679974 0.5536592249 
-80.6324237922 0.0457569019 0.8424014467 0.5536658431 
-80.6342353251 0.0457522917 0.8424353590 0.5536721267 
-80.6360719877 0.0457476180 0.8424697362 0.5536781339 
-80.6379338934 0.0457428805 0.8425045801 0.5536839152 
-80.6398211575 0.0457380789 0.8425398928 0.5536895150 
-80.6417338974 0.0457332130 0.8425756763 0.5536949717 
-80.6436722326 0.0457282824 0.8426119325 0.5537003185 
-80.6456362846 0.0457232869 0.8426486636 0.5537055841 
-80.6476261765 0.0457182262 0.8426858716 0.5537107932 
-80.6496420335 0.0457131000 0.8427235587 0.5537159669 
-80.6516839828 0.0457079080 0.8427617270 0.5537211231 
-80.6537521529 0.0457026499 0.8428003787 0.5537262770 
-80.6558466747 0.0456973253 0.8428395161 0.5537314416 
-80.6579676804 0.0456919339 0.8428791414 0.5537366275 
-80.6601153041 0.0456864755 0.8429192568 0.5537418438 
-80.6622896819 0.0456809497 0.8429598646 0.5537470979 
-80.6644909513 0.0456753562 0.8430009673 0.5537523957 
-80.6667192519 0.0456696947 0.8430425671 0.5537577424 
-80.6689747248 0.0456639647 0.8430846664 0.5537631417 
-80.6712575130 0.0456581660 0.8431272677 0.5537685968 
-80.6735677613 0.0456522983 0.8431703734 0.5537741100 
-80.6759056162 0.0456463611 0.8432139859 0.5537796831 
-80.6782712260 0.0456403542 0.8432581078 0.5537853173 
-80.6806647409 0.0456342771 0.8433027416 0.5537910132 
-80.6830863128 0.0456281296 0.8433478899 0.5537967714 
-80.6855360956 0.0456219112 0.8433935552 0.5538025917 
-80.6880142447 0.0456156215 0.8434397402 0.5538084741 
-80.6905209178 0.0456092603 0.8434864475 0.5538144179 
-80.6930562741 0.0456028272 0.8435336797 0.5538204226 
-80.6956204748 0.0455963217 0.8435814396 0.5538264872 
-80.6982136831 0.0455897434 0.8436297299 0.5538326107 
-80.7008360639 0.0455830920 0.8436785534 0.5538387919 
-80.7034877843 0.0455763671 0.8437279128 0.5538450297 
-80.7061690131 0.0455695683 0.8437778110 0.5538513225 
-80.7088799212 0.0455626952 0.8438282508 0.5538576690 
-80.7116206814 0.0455557474 0.8438792351 0.5538640676 
-80.7143914685 0.0455487244 0.8439307668 0.5538705168 
-80.7171924593 0.0455416258 0.8439828489 0.5538770147 
-80.7200238328 0.0455344513 0.8440354843 0.5538835598 
-80.7228857698 0.0455272004 0.8440886760 0.5538901503 
-80.7257784532 0.0455198727 0.8441424271 0.5538967843 
-80.7287020682 0.0455124677 0.8441967406 0.5539034600 
-80.7316568019 0.0455049850 0.8442516196 0.5539101755 
-80.7346428435 0.0454974241 0.8443070673 0.5539169289 
-80.7376603845 0.0454897847 0.8443630868 0.5539237183 
-80.7407096185 0.0454820662 0.8444196812 0.5539305416 
-80.7437907412 0.0454742682 0.8444768539 0.5539373969 
-80.7469039506 0.0454663903 0.8445346081 0.5539442822 
-80.7500494468 0.0454584319 0.8445929471 0.5539511954 
-80.7532274323 0.0454503926 0.8446518742 0.5539581345 
-80.7564381117 0.0454422719 0.8447113927 0.5539650973 
-80.7596816920 0.0454340693 0.8447715061 0.5539720817 
-80.7629583824 0.0454257844 0.8448322178 0.5539790857 
-80.7662683946 0.0454174166 0.8448935312 0.5539861070 
-80.7696119424 0.0454089655 0.8449554499 0.5539931436 
-80.7729892422 0.0454004305 0.8450179773 0.5540001932 
-80.7764005126 0.0453918111 0.8450811170 0.5540072537 
-80.7798459749 0.0453831069 0.8451448727 0.5540143228 
-80.7833258524 0.0453743173 0.8452092479 0.5540213983 
-80.7868403712 0.0453654418 0.8452742463 0.5540284779 
-80.7903897598 0.0453564798 0.8453398717 0.5540355595 
-80.7939742492 0.0453474308 0.8454061278 0.5540426407 
-80.7975940728 0.0453382943 0.8454730183 0.5540497193 
-80.8012494668 0.0453290697 0.8455405471 0.5540567929 
-80.8049406698 0.0453197565 0.8456087180 0.5540638592 
-80.8086679230 0.0453103541 0.8456775349 0.5540709158 
-80.8124314704 0.0453008619 0.8457470018 0.5540779605 
-80.8162315584 0.0452912795 0.8458171226 0.5540849908 
-80.8200684363 0.0452816061 0.8458879012 0.5540920044 
-80.8239423559 0.0452718413 0.8459593418 0.5540989988 
-80.8278535720 0.0452619844 0.8460314484 0.5541059716 
-80.8318023418 0.0452520349 0.8461042252 0.5541129204 
-80.8357889256 0.0452419921 0.8461776762 0.5541198428 
-80.8398135864 0.0452318554 0.8462518057 0.5541267361 
-80.8438765900 0.0452216243 0.8463266179 0.5541335980 
-80.8479782050 0.0452112981 0.8464021171 0.5541404259 
-80.8521187031 0.0452008762 0.8464783076 0.5541472173 
-80.8562983587 0.0451903580 0.8465551938 0.5541539696 
-80.8605174493 0.0451797427 0.8466327800 0.5541606803 
-80.8647762554 0.0451690299 0.8467110706 0.5541673468 
-80.8690750602 0.0451582188 0.8467900703 0.5541739663 
-80.8734141504 0.0451473088 0.8468697834 0.5541805364 
-80.8777938154 0.0451362992 0.8469502145 0.5541870544 
-80.8822143478 0.0451251894 0.8470313682 0.5541935175 
-80.8866760435 0.0451139786 0.8471132492 0.5541999231 
-80.8911792013 0.0451026663 0.8471958621 0.5542062684 
-80.8957241233 0.0450912516 0.8472792117 0.5542125507 
-80.9003111147 0.0450797340 0.8473633027 0.5542187672 
-80.9049404843 0.0450681127 0.8474481400 0.5542249151 
-80.9096125438 0.0450563870 0.8475337284 0.5542309916 
-80.9143276084 0.0450445562 0.8476200727 0.5542369939 
-80.9190859966 0.0450326196 0.8477071780 0.5542429190 
-80.9238880303 0.0450205764 0.8477950492 0.5542487641 
-80.9287340348 0.0450084259 0.8478836914 0.5542545263 
-80.9336243389 0.0449961674 0.8479731096 0.5542602025 
-80.9385592748 0.0449838001 0.8480633089 0.5542657898 
-80.9435391782 0.0449713233 0.8481542945 0.5542712853 
-80.9485643886 0.0449587361 0.8482460716 0.5542766857 
-80.9536352487 0.0449460379 0.8483386455 0.5542819882 
-80.9587521053 0.0449332278 0.8484320214 0.5542871896 
-80.9639153083 0.0449203051 0.8485262047 0.5542922867 
-80.9691252119 0.0449072689 0.8486212009 0.5542972764 
-80.9743821735 0.0448941185 0.8487170152 0.5543021555 
-80.9796865546 0.0448808531 0.8488136533 0.5543069208 
-80.9850387205 0.0448674717 0.8489111207 0.5543115690 
-80.9904390403 0.0448539737 0.8490094228 0.5543160969 
-80.9958878868 0.0448403582 0.8491085655 0.5543205010 
-81.0013856371 0.0448266242 0.8492085542 0.5543247781 
-81.0069326721 0.0448127711 0.8493093949 0.5543289248 
-81.0125293765 0.0447987979 0.8494110931 0.5543329376 
-81.0181761395 0.0447847037 0.8495136548 0.5543368131 
-81.0238733540 0.0447704877 0.8496170859 0.5543405477 
-81.0296214172 0.0447561490 0.8497213921 0.5543441380 
-81.0354207306 0.0447416868 0.8498265796 0.5543475803 
-81.0412716997 0.0447271000 0.8499326543 0.5543508710 
-81.0471747344 0.0447123879 0.8500396223 0.5543540065 
-81.0531302489 0.0446975494 0.8501474897 0.5543569831 
-81.0591386618 0.0446825838 0.8502562626 0.5543597970 
-81.0652003959 0.0446674899 0.8503659474 0.5543624445 
-81.0713158788 0.0446522669 0.8504765503 0.5543649217 
-81.0774855423 0.0446369139 0.8505880775 0.5543672248 
-81.0837098228 0.0446214299 0.8507005355 0.5543693499 
-81.0899891614 0.0446058139 0.8508139307 0.5543712930 
-81.0963240039 0.0445900649 0.8509282695 0.5543730501 
-81.1027148004 0.0445741819 0.8510435586 0.5543746172 
-81.1091620063 0.0445581640 0.8511598044 0.5543759902 
-81.1156660813 0.0445420102 0.8512770136 0.5543771650 
-81.1222274902 0.0445257194 0.8513951930 0.5543781374 
-81.1288467027 0.0445092906 0.8515143491 0.5543789032 
-81.1355241932 0.0444927228 0.8516344889 0.5543794580 
-81.1422604415 0.0444760149 0.8517556192 0.5543797976 
-81.1490559322 0.0444591659 0.8518777469 0.5543799176 
-81.1559111548 0.0444421747 0.8520008789 0.5543798136 
-81.1628266045 0.0444250403 0.8521250222 0.5543794810 
-81.1698027812 0.0444077615 0.8522501840 0.5543789154 
-81.1768401903 0.0443903373 0.8523763713 0.5543781121 
-81.1839393425 0.0443727666 0.8525035913 0.5543770666 
-81.1911007540 0.0443550482 0.8526318512 0.5543757741 
-81.1983249463 0.0443371811 0.8527611583 0.5543742299 
-81.2056124464 0.0443191641 0.8528915201 0.5543724291 
-81.2129637868 0.0443009960 0.8530229437 0.5543703670 
-81.2203795059 0.0442826757 0.8531554368 0.5543680386 
-81.2278601475 0.0442642021 0.8532890068 0.5543654389 
-81.2354062613 0.0442455739 0.8534236613 0.5543625629 
-81.2430184027 0.0442267901 0.8535594079 0.5543594055 
-81.2506971331 0.0442078493 0.8536962543 0.5543559616 
-81.2584430197 0.0441887503 0.8538342082 0.5543522258 
-81.2662566359 0.0441694921 0.8539732774 0.5543481930 
-81.2741385609 0.0441500733 0.8541134698 0.5543438578 
-81.2820893803 0.0441304926 0.8542547933 0.5543392148 
-81.2901096858 0.0441107489 0.8543972558 0.5543342585 
-81.2982000752 0.0440908409 0.8545408653 0.5543289835 
-81.3063611529 0.0440707673 0.8546856300 0.5543233840 
-81.3145935296 0.0440505267 0.8548315580 0.5543174544 
-81.3228978225 0.0440301180 0.8549786575 0.5543111890 
-81.3312746553 0.0440095398 0.8551269367 0.5543045820 
-81.3397246585 0.0439887908 0.8552764039 0.5542976275 
-81.3482484691 0.0439678697 0.8554270676 0.5542903196 
-81.3568467310 0.0439467750 0.8555789361 0.5542826522 
-81.3655200949 0.0439255055 0.8557320180 0.5542746194 
-81.3742692184 0.0439040598 0.8558863218 0.5542662149 
-81.3830947662 0.0438824364 0.8560418560 0.5542574325 
-81.3919974101 0.0438606341 0.8561986295 0.5542482659 
-81.4009778290 0.0438386513 0.8563566508 0.5542387088 
-81.4100367090 0.0438164868 0.8565159288 0.5542287547 
-81.4191747437 0.0437941389 0.8566764724 0.5542183972 
-81.4283926340 0.0437716064 0.8568382904 0.5542076295 
-81.4376910882 0.0437488877 0.8570013917 0.5541964451 
-81.4470708225 0.0437259814 0.8571657855 0.5541848372 
-81.4565325604 0.0437028859 0.8573314808 0.5541727990 
-81.4660770335 0.0436795999 0.8574984867 0.5541603236 
-81.4757049810 0.0436561217 0.8576668125 0.5541474041 
-81.4854171501 0.0436324498 0.8578364673 0.5541340333 
-81.4952142962 0.0436085828 0.8580074606 0.5541202043 
-81.5050971825 0.0435845190 0.8581798017 0.5541059097 
-81.5150665807 0.0435602570 0.8583535000 0.5540911423 
-81.5251232707 0.0435357950 0.8585285650 0.5540758948 
-81.5352680408 0.0435111316 0.8587050064 0.5540601597 
-81.5455016879 0.0434862651 0.8588828336 0.5540439295 
-81.5558250174 0.0434611939 0.8590620564 0.5540271967 
-81.5662388433 0.0434359163 0.8592426845 0.5540099535 
-81.5767439887 0.0434104308 0.8594247278 0.5539921922 
-81.5873412853 0.0433847356 0.8596081959 0.5539739050 
-81.5980315741 0.0433588290 0.8597930989 0.5539550841 
-81.6088157050 0.0433327095 0.8599794468 0.5539357213 
-81.6196945371 0.0433063752 0.8601672495 0.5539158088 
-81.6306689391 0.0432798244 0.8603565171 0.5538953382 
-81.6417397889 0.0432530555 0.8605472598 0.5538743016 
-81.6529079739 0.0432260666 0.8607394877 0.5538526905 
-81.6641743915 0.0431988560 0.8609332111 0.5538304966 
-81.6755399484 0.0431714218 0.8611284404 0.5538077115 
-81.6870055617 0.0431437624 0.8613251858 0.5537843266 
-81.6985721580 0.0431158759 0.8615234579 0.5537603335 
-81.7102406745 0.0430877603 0.8617232670 0.5537357234 
-81.7220120584 0.0430594140 0.8619246237 0.5537104876 
-81.7338872672 0.0430308351 0.8621275386 0.5536846173 
-81.7458672691 0.0430020216 0.8623320224 0.5536581037 
-81.7579530427 0.0429729716 0.8625380857 0.5536309378 
-81.7701455776 0.0429436833 0.8627457393 0.5536031105 
-81.7824458740 0.0429141548 0.8629549940 0.5535746129 
-81.7948549433 0.0428843840 0.8631658606 0.5535454357 
-81.8073738079 0.0428543690 0.8633783500 0.5535155697 
-81.8200035015 0.0428241079 0.8635924733 0.5534850056 
-81.8327450694 0.0427935986 0.8638082413 0.5534537341 
-81.8455995681 0.0427628391 0.8640256652 0.5534217456 
-81.8585680659 0.0427318275 0.8642447561 0.5533890308 
-81.8716516431 0.0427005616 0.8644655251 0.5533555799 
-81.8848513918 0.0426690394 0.8646879835 0.5533213834 
-81.8981684160 0.0426372588 0.8649121424 0.5532864314 
-81.9116038324 0.0426052177 0.8651380132 0.5532507142 
-81.9251587698 0.0425729140 0.8653656072 0.5532142218 
-81.9388343695 0.0425403456 0.8655949359 0.5531769443 
-81.9526317857 0.0425075102 0.8658260105 0.5531388715 
-81.9665521854 0.0424744059 0.8660588427 0.5530999933 
-81.9805967484 0.0424410302 0.8662934440 0.5530602993 
-81.9947666679 0.0424073811 0.8665298258 0.5530197792 
-82.0090631504 0.0423734564 0.8667679999 0.5529784225 
-82.0234874158 0.0423392537 0.8670079777 0.5529362184 
-82.0380406977 0.0423047708 0.8672497711 0.5528931562 
-82.0527242435 0.0422700054 0.8674933918 0.5528492249 
-82.0675393147 0.0422349553 0.8677388514 0.5528044135 
-82.0824871868 0.0421996181 0.8679861617 0.5527587105 
-82.0975691498 0.0421639914 0.8682353347 0.5527121045 
-82.1127865080 0.0421280730 0.8684863821 0.5526645838 
-82.1281405807 0.0420918604 0.8687393158 0.5526161364 
-82.1436327018 0.0420553513 0.8689941477 0.5525667499 
-82.1592642205 0.0420185432 0.8692508898 0.5525164118 
-82.1750365011 0.0419814337 0.8695095540 0.5524651092 
-82.1909509233 0.0419440203 0.8697701524 0.5524128287 
-82.2070088827 0.0419063006 0.8700326969 0.5523595567 
-82.2232117904 0.0418682720 0.8702971996 0.5523052789 
-82.2395610738 0.0418299321 0.8705636725 0.5522499806 
-82.2560581765 0.0417912783 0.8708321277 0.5521936465 
-82.2727045585 0.0417523081 0.8711025773 0.5521362607 
-82.2895016965 0.0417130189 0.8713750334 0.5520778064 
-82.3064510841 0.0416734081 0.8716495082 0.5520182662 
-82.3235542320 0.0416334730 0.8719260138 0.5519576218 
-82.3408126682 0.0415932111 0.8722045623 0.5518958538 
-82.3582279383 0.0415526196 0.8724851659 0.5518329418 
-82.3758016056 0.0415116959 0.8727678367 0.5517688641 
-82.3935352517 0.0414704374 0.8730525869 0.5517035980 
-82.4114304762 0.0414288412 0.8733394287 0.5516371188 
-82.4294888975 0.0413869046 0.8736283743 0.5515694007 
-82.4477121524 0.0413446249 0.8739194358 0.5515004158 
-82.4661018972 0.0413019992 0.8742126254 0.5514301342 
-82.4846598072 0.0412590248 0.8745079552 0.5513585241 
-82.5033875776 0.0412156989 0.8748054375 0.5512855511 
-82.5222869231 0.0411720185 0.8751050843 0.5512111780 
-82.5413595790 0.0411279808 0.8754069078 0.5511353652 
-82.5606073007 0.0410835829 0.8757109201 0.5510580693 
-82.5800318647 0.0410388219 0.8760171334 0.5509792439 
-82.5996350684 0.0409936948 0.8763255596 0.5508988384 
-82.6194187307 0.0409481987 0.8766362109 0.5508167983 
-82.6393846925 0.0409023305 0.8769490993 0.5507330641 
-82.6595348164 0.0408560873 0.8772642369 0.5506475716 
-82.6798709878 0.0408094660 0.8775816357 0.5505602509 
-82.7003951150 0.0407624636 0.8779013076 0.5504710260 
-82.7211091294 0.0407150769 0.8782232645 0.5503798146 
-82.7420149862 0.0406673029 0.8785475185 0.5502865270 
-82.7631146647 0.0406191383 0.8788740813 0.5501910659 
-82.7844101686 0.0405705802 0.8792029648 0.5500933254 
-82.8059035267 0.0405216251 0.8795341808 0.5499931906 
-82.8275967935 0.0404722700 0.8798677412 0.5498905370 
-82.8494920490 0.0404225116 0.8802036576 0.5497852294 
-82.8715914002 0.0403723466 0.8805419417 0.5496771213 
-82.8938969808 0.0403217718 0.8808826053 0.5495660545 
-82.9164109524 0.0402707837 0.8812256598 0.5494518583 
-82.9391355045 0.0402193790 0.8815711170 0.5493343487 
-82.9620728559 0.0401675545 0.8819189883 0.5492133283 
-82.9852252544 0.0401153065 0.8822692853 0.5490885862 
-83.0085949784 0.0400626318 0.8826220193 0.5489598978 
-83.0321843371 0.0400095267 0.8829772018 0.5488270254 
-83.0559956712 0.0399559879 0.8833348442 0.5486897199 
-83.0800313542 0.0399020117 0.8836949578 0.5485477221 
-83.1042937926 0.0398475946 0.8840575539 0.5484007658 
-83.1287854271 0.0397927329 0.8844226438 0.5482485817 
-83.1535087333 0.0397374230 0.8847902386 0.5480909030 
-83.1784662228 0.0396816613 0.8851603495 0.5479274715 
-83.2036604437 0.0396254440 0.8855329877 0.5477580463 
-83.2290939818 0.0395687673 0.8859081643 0.5475824223 
-83.2547694622 0.0395116274 0.8862858904 0.5474004867 
-83.2806895513 0.0394540205 0.8866661770 0.5472124297 
-83.3068569647 0.0393959426 0.8870490353 0.5470194044 
-83.3332744794 0.0393373898 0.8874344767 0.5468248150 
-83.3599449319 0.0392783579 0.8878225130 0.5466347587 
-83.3868711827 0.0392188430 0.8882131553 0.5464556531 
-83.4140560797 0.0391588409 0.8886064142 0.5462919132 
-83.4415024524 0.0390983478 0.8890022990 0.5461460091 
-83.4692131141 0.0390373598 0.8894008182 0.5460190063 
-83.4971908623 0.0389758733 0.8898019791 0.5459106596 
-83.5254384804 0.0389138845 0.8902057884 0.5458194970 
-83.5539587450 0.0388513899 0.8906122516 0.5457431582 
-83.5827544354 0.0387883859 0.8910213737 0.5456788206 
-80.6306372780 0.0457614488 0.8423679974 0.5536592249 
-80.6324237922 0.0457569019 0.8424014467 0.5536658431 
-80.6342353251 0.0457522917 0.8424353590 0.5536721267 
-80.6360719877 0.0457476180 0.8424697362 0.5536781339 
-80.6379338934 0.0457428805 0.8425045801 0.5536839152 
-80.6398211575 0.0457380789 0.8425398928 0.5536895150 
-80.6417338974 0.0457332130 0.8425756763 0.5536949717 
-80.6436722326 0.0457282824 0.8426119325 0.5537003185 
-80.6456362846 0.0457232869 0.8426486636 0.5537055841 
-80.6476261765 0.0457182262 0.8426858716 0.5537107932 
-80.6496420335 0.0457131000 0.8427235587 0.5537159669 
-80.6516839828 0.0457079080 0.8427617270 0.5537211231 
-80.6537521530 0.0457026499 0.8428003787 0.5537262770 
-80.6558466747 0.0456973253 0.8428395161 0.5537314416 
-80.6579676804 0.0456919339 0.8428791414 0.5537366275 
-80.6601153041 0.0456864755 0.8429192568 0.5537418438 
-80.6622896819 0.0456809497 0.8429598646 0.5537470979 
-80.6644909513 0.0456753562 0.8430009673 0.5537523957 
-80.6667192519 0.0456696947 0.8430425671 0.5537577424 
-80.6689747248 0.0456639647 0.8430846664 0.5537631417 
-80.6712575130 0.0456581660 0.8431272677 0.5537685968 
-80.6735677613 0.0456522983 0.8431703734 0.5537741100 
-80.6759056162 0.0456463611 0.8432139859 0.5537796831 
-80.6782712260 0.0456403542 0.8432581078 0.5537853173 
-80.6806647409 0.0456342771 0.8433027416 0.5537910132 
-80.6830863128 0.0456281296 0.8433478899 0.5537967714 
-80.6855360956 0.0456219112 0.8433935552 0.5538025917 
-80.6880142447 0.0456156215 0.8434397402 0.5538084741 
-80.6905209178 0.0456092603 0.8434864475 0.5538144179 
-80.6930562741 0.0456028272 0.8435336797 0.5538204226 
-80.6956204748 0.0455963217 0.8435814396 0.5538264872 
-80.6982136831 0.0455897434 0.8436297299 0.5538326107 
-80.7008360640 0.0455830920 0.8436785534 0.5538387919 
-80.7034877843 0.0455763671 0.8437279128 0.5538450297 
-80.7061690131 0.0455695683 0.8437778110 0.5538513225 
-80.7088799212 0.0455626952 0.8438282508 0.5538576690 
-80.7116206814 0.0455557474 0.8438792351 0.5538640676 
-80.7143914685 0.0455487244 0.8439307668 0.5538705168 
-80.7171924593 0.0455416258 0.8439828489 0.5538770147 
-80.7200238328 0.0455344513 0.8440354843 0.5538835598 
-80.7228857698 0.0455272004 0.8440886760 0.5538901503 
-80.7257784532 0.0455198727 0.8441424271 0.5538967843 
-80.7287020682 0.0455124677 0.8441967406 0.5539034600 
-80.7316568019 0.0455049850 0.8442516196 0.5539101755 
-80.7346428435 0.0454974241 0.8443070673 0.5539169289 
-80.7376603845 0.0454897847 0.8443630868 0.5539237183 
-80.7407096185 0.0454820662 0.8444196812 0.5539305416 
-80.7437907412 0.0454742682 0.8444768539 0.5539373969 
-80.7469039506 0.0454663903 0.8445346081 0.5539442822 
-80.7500494468 0.0454584319 0.8445929471 0.5539511954 
-80.7532274323 0.0454503926 0.8446518742 0.5539581345 
-80.7564381117 0.0454422719 0.8447113927 0.5539650973 
-80.7596816920 0.0454340693 0.8447715061 0.5539720817 
-80.7629583824 0.0454257844 0.8448322178 0.5539790857 
-80.7662683946 0.0454174166 0.8448935312 0.5539861070 
-80.7696119424 0.0454089655 0.8449554499 0.5539931436 
-80.7729892422 0.0454004305 0.8450179773 0.5540001932 
-80.7764005126 0.0453918111 0.8450811170 0.5540072537 
-80.7798459749 0.0453831069 0.8451448727 0.5540143228 
-80.7833258524 0.0453743173 0.8452092479 0.5540213983 
-80.7868403712 0.0453654418 0.8452742463 0.5540284779 
-80.7903897598 0.0453564798 0.8453398717 0.5540355595 
-80.7939742492 0.0453474308 0.8454061278 0.5540426407 
-80.7975940728 0.0453382943 0.8454730183 0.5540497193 
-80.8012494668 0.0453290697 0.8455405471 0.5540567929 
-80.8049406698 0.0453197565 0.8456087180 0.5540638592 
-80.8086679230 0.0453103541 0.8456775349 0.5540709158 
-80.8124314704 0.0453008619 0.8457470018 0.5540779605 
-80.8162315584 0.0452912795 0.8458171226 0.5540849908 
-80.8200684363 0.0452816061 0.8458879012 0.5540920044 
-80.8239423559 0.0452718413 0.8459593418 0.5540989988 
-80.8278535720 0.0452619844 0.8460314484 0.5541059716 
-80.8318023418 0.0452520349 0.8461042252 0.5541129204 
-80.8357889256 0.0452419921 0.8461776762 0.5541198428 
-80.8398135864 0.0452318554 0.8462518057 0.5541267361 
-80.8438765900 0.0452216243 0.8463266179 0.5541335980 
-80.8479782050 0.0452112981 0.8464021171 0.5541404259 
-80.8521187031 0.0452008762 0.8464783076 0.5541472173 
-80.8562983587 0.0451903580 0.8465551938 0.5541539696 
-80.8605174493 0.0451797427 0.8466327800 0.5541606803 
-80.8647762554 0.0451690299 0.8467110706 0.5541673468 
-80.8690750602 0.0451582188 0.8467900703 0.5541739663 
-80.8734141504 0.0451473088 0.8468697834 0.5541805364 
-80.8777938154 0.0451362992 0.8469502145 0.5541870544 
-80.8822143478 0.0451251894 0.8470313682 0.5541935175 
-80.8866760435 0.0451139786 0.8471132492 0.5541999231 
-80.8911792013 0.0451026663 0.8471958621 0.5542062684 
-80.8957241233 0.0450912516 0.8472792117 0.5542125507 
-80.9003111147 0.0450797340 0.8473633027 0.5542187672 
-80.9049404843 0.0450681127 0.8474481400 0.5542249151 
-80.9096125438 0.0450563870 0.8475337284 0.5542309916 
-80.9143276084 0.0450445562 0.8476200727 0.5542369939 
-80.9190859966 0.0450326196 0.8477071780 0.5542429190 
-80.9238880303 0.0450205764 0.8477950492 0.5542487641 
-80.9287340348 0.0450084259 0.8478836914 0.5542545263 
-80.9336243389 0.0449961674 0.8479731096 0.5542602025 
-80.9385592747 0.0449838001 0.8480633089 0.5542657898 
-80.9435391782 0.0449713233 0.8481542945 0.5542712853 
-80.9485643886 0.0449587361 0.8482460716 0.5542766857 
-80.9536352487 0.0449460379 0.8483386455 0.5542819882 
-80.9587521053 0.0449332278 0.8484320214 0.5542871896 
-80.9639153083 0.0449203051 0.8485262047 0.5542922867 
-80.9691252118 0.0449072689 0.8486212009 0.5542972764 
-80.9743821735 0.0448941185 0.8487170152 0.5543021555 
-80.9796865546 0.0448808531 0.8488136533 0.5543069208 
-80.9850387205 0.0448674717 0.8489111207 0.5543115690 
-80.9904390403 0.0448539737 0.8490094228 0.5543160969 
-80.9958878868 0.0448403582 0.8491085655 0.5543205010 
-81.0013856371 0.0448266242 0.8492085542 0.5543247781 
-81.0069326721 0.0448127711 0.8493093949 0.5543289248 
-81.0125293765 0.0447987979 0.8494110931 0.5543329376 
-81.0181761395 0.0447847037 0.8495136548 0.5543368131 
-81.0238733540 0.0447704877 0.8496170859 0.5543405477 
-81.0296214172 0.0447561490 0.8497213921 0.5543441380 
-81.0354207306 0.0447416868 0.8498265796 0.5543475803 
-81.0412716997 0.0447271000 0.8499326543 0.5543508710 
-81.0471747344 0.0447123879 0.8500396223 0.5543540065 
-81.0531302489 0.0446975494 0.8501474897 0.5543569831 
-81.0591386618 0.0446825838 0.8502562626 0.5543597970 
-81.0652003959 0.0446674899 0.8503659474 0.5543624445 
-81.0713158788 0.0446522669 0.8504765503 0.5543649217 
-81.0774855423 0.0446369139 0.8505880775 0.5543672248 
-81.0837098228 0.0446214299 0.8507005355 0.5543693499 
-81.0899891614 0.0446058139 0.8508139307 0.5543712930 
-81.0963240039 0.0445900649 0.8509282695 0.5543730501 
-81.1027148004 0.0445741819 0.8510435586 0.5543746172 
-81.1091620063 0.0445581640 0.8511598044 0.5543759902 
-81.1156660813 0.0445420102 0.8512770136 0.5543771650 
-81.1222274902 0.0445257194 0.8513951930 0.5543781374 
-81.1288467026 0.0445092906 0.8515143491 0.5543789032 
-81.1355241932 0.0444927228 0.8516344889 0.5543794580 
-81.1422604415 0.0444760149 0.8517556192 0.5543797976 
-81.1490559321 0.0444591659 0.8518777469 0.5543799176 
-81.1559111548 0.0444421747 0.8520008789 0.5543798136 
-81.1628266045 0.0444250403 0.8521250222 0.5543794810 
-81.1698027812 0.0444077615 0.8522501840 0.5543789154 
-81.1768401903 0.0443903373 0.8523763713 0.5543781121 
-81.1839393425 0.0443727666 0.8525035913 0.5543770666 
-81.1911007540 0.0443550482 0.8526318512 0.5543757741 
-81.1983249463 0.0443371811 0.8527611583 0.5543742299 
-81.2056124463 0.0443191641 0.8528915201 0.5543724291 
-81.2129637868 0.0443009960 0.8530229437 0.5543703670 
-81.2203795059 0.0442826757 0.8531554368 0.5543680386 
-81.2278601475 0.0442642021 0.8532890068 0.5543654389 
-81.2354062612 0.0442455739 0.8534236613 0.5543625629 
-81.2430184027 0.0442267901 0.8535594079 0.5543594055 
-81.2506971331 0.0442078493 0.8536962543 0.5543559616 
-81.2584430197 0.0441887503 0.8538342082 0.5543522258 
-81.2662566359 0.0441694921 0.8539732774 0.5543481930 
-81.2741385609 0.0441500733 0.8541134698 0.5543438578 
-81.2820893803 0.0441304926 0.8542547933 0.5543392148 
-81.2901096857 0.0441107489 0.8543972558 0.5543342585 
-81.2982000752 0.0440908409 0.8545408653 0.5543289835 
-81.3063611529 0.0440707673 0.8546856300 0.5543233840 
-81.3145935296 0.0440505267 0.8548315580 0.5543174544 
-81.3228978225 0.0440301180 0.8549786575 0.5543111890 
-81.3312746553 0.0440095398 0.8551269367 0.5543045820 
-81.3397246585 0.0439887908 0.8552764039 0.5542976275 
-81.3482484691 0.0439678697 0.8554270676 0.5542903196 
-81.3568467310 0.0439467750 0.8555789361 0.5542826522 
-81.3655200949 0.0439255055 0.8557320180 0.5542746194 
-81.3742692184 0.0439040598 0.8558863218 0.5542662149 
-81.3830947662 0.0438824364 0.8560418560 0.5542574325 
-81.3919974101 0.0438606341 0.8561986295 0.5542482659 
-81.4009778290 0.0438386513 0.8563566508 0.5542387088 
-81.4100367090 0.0438164868 0.8565159288 0.5542287547 
-81.4191747437 0.0437941389 0.8566764724 0.5542183972 
-81.4283926340 0.0437716064 0.8568382904 0.5542076295 
-81.4376910882 0.0437488877 0.8570013917 0.5541964451 
-81.4470708225 0.0437259814 0.8571657855 0.5541848372 
-81.4565325604 0.0437028859 0.8573314808 0.5541727990 
-81.4660770335 0.0436795999 0.8574984867 0.5541603236 
-81.4757049810 0.0436561217 0.8576668125 0.5541474041 
-81.4854171501 0.0436324498 0.8578364673 0.5541340333 
-81.4952142962 0.0436085828 0.8580074606 0.5541202043 
-81.5050971825 0.0435845190 0.8581798017 0.5541059097 
-81.5150665807 0.0435602570 0.8583535000 0.5540911423 
-81.5251232707 0.0435357950 0.8585285650 0.5540758948 
-81.5352680408 0.0435111316 0.8587050064 0.5540601597 
-81.5455016879 0.0434862651 0.8588828336 0.5540439295 
-81.5558250173 0.0434611939 0.8590620564 0.5540271967 
-81.5662388433 0.0434359163 0.8592426845 0.5540099535 
-81.5767439886 0.0434104308 0.8594247278 0.5539921922 
-81.5873412853 0.0433847356 0.8596081959 0.5539739050 
-81.5980315741 0.0433588290 0.8597930989 0.5539550841 
-81.6088157049 0.0433327095 0.8599794468 0.5539357213 
-81.6196945371 0.0433063752 0.8601672495 0.5539158088 
-81.6306689391 0.0432798244 0.8603565171 0.5538953382 
-81.6417397888 0.0432530555 0.8605472598 0.5538743016 
-81.6529079739 0.0432260666 0.8607394877 0.5538526905 
-81.6641743914 0.0431988560 0.8609332111 0.5538304966 
-81.6755399484 0.0431714218 0.8611284404 0.5538077115 
-81.6870055616 0.0431437624 0.8613251858 0.5537843266 
-81.6985721580 0.0431158759 0.8615234579 0.5537603335 
-81.7102406745 0.0430877603 0.8617232670 0.5537357234 
-81.7220120584 0.0430594140 0.8619246237 0.5537104876 
-81.7338872672 0.0430308351 0.8621275386 0.5536846173 
-81.7458672691 0.0430020216 0.8623320224 0.5536581037 
-81.7579530427 0.0429729716 0.8625380857 0.5536309378 
-81.7701455776 0.0429436833 0.8627457393 0.5536031105 
-81.7824458740 0.0429141548 0.8629549940 0.5535746129 
-81.7948549432 0.0428843840 0.8631658606 0.5535454357 
-81.8073738078 0.0428543690 0.8633783500 0.5535155697 
-81.8200035015 0.0428241079 0.8635924733 0.5534850056 
-81.8327450694 0.0427935986 0.8638082413 0.5534537341 
-81.8455995680 0.0427628391 0.8640256652 0.5534217456 
-81.8585680659 0.0427318275 0.8642447561 0.5533890308 
-81.8716516431 0.0427005616 0.8644655251 0.5533555799 
-81.8848513917 0.0426690394 0.8646879835 0.5533213834 
-81.8981684160 0.0426372588 0.8649121424 0.5532864314 
-81.9116038324 0.0426052177 0.8651380132 0.5532507142 
-81.9251587698 0.0425729140 0.8653656072 0.5532142218 
-81.9388343695 0.0425403456 0.8655949359 0.5531769443 
-81.9526317857 0.0425075102 0.8658260105 0.5531388715 
-81.9665521854 0.0424744059 0.8660588427 0.5530999933 
-81.9805967484 0.0424410302 0.8662934440 0.5530602993 
-81.9947666679 0.0424073811 0.8665298258 0.5530197792 
-82.0090631504 0.0423734564 0.8667679999 0.5529784225 
-82.0234874158 0.0423392537 0.8670079777 0.5529362184 
-82.0380406977 0.0423047708 0.8672497711 0.5528931562 
-82.0527242435 0.0422700054 0.8674933918 0.5528492249 
-82.0675393147 0.0422349553 0.8677388514 0.5528044135 
-82.0824871868 0.0421996181 0.8679861617 0.5527587105 
-82.0975691497 0.0421639914 0.8682353347 0.5527121045 
-82.1127865080 0.0421280730 0.8684863821 0.5526645838 
-82.1281405807 0.0420918604 0.8687393158 0.5526161364 
-82.1436327018 0.0420553513 0.8689941477 0.5525667499 
-82.1592642205 0.0420185432 0.8692508898 0.5525164118 
-82.1750365011 0.0419814337 0.8695095540 0.5524651092 
-82.1909509233 0.0419440203 0.8697701524 0.5524128287 
-82.2070088826 0.0419063006 0.8700326969 0.5523595567 
-82.2232117904 0.0418682720 0.8702971996 0.5523052789 
-82.2395610738 0.0418299321 0.8705636725 0.5522499806 
-82.2560581765 0.0417912783 0.8708321277 0.5521936465 
-82.2727045585 0.0417523081 0.8711025773 0.5521362607 
-82.2895016965 0.0417130189 0.8713750334 0.5520778064 
-82.3064510841 0.0416734081 0.8716495082 0.5520182662 
-82.3235542320 0.0416334730 0.8719260138 0.5519576218 
-82.3408126681 0.0415932111 0.8722045623 0.5518958538 
-82.3582279382 0.0415526196 0.8724851659 0.5518329418 
-82.3758016056 0.0415116959 0.8727678367 0.5517688641 
-82.3935352517 0.0414704374 0.8730525869 0.5517035980 
-82.4114304762 0.0414288412 0.8733394287 0.5516371188 
-82.4294888974 0.0413869046 0.8736283743 0.5515694007 
-82.4477121524 0.0413446249 0.8739194358 0.5515004158 
-82.4661018972 0.0413019992 0.8742126254 0.5514301342 
-82.4846598072 0.0412590248 0.8745079552 0.5513585241 
-82.5033875775 0.0412156989 0.8748054375 0.5512855511 
-82.5222869231 0.0411720185 0.8751050843 0.5512111780 
-82.5413595789 0.0411279808 0.8754069078 0.5511353652 
-82.5606073007 0.0410835829 0.8757109201 0.5510580693 
-82.5800318646 0.0410388219 0.8760171334 0.5509792439 
-82.5996350683 0.0409936948 0.8763255596 0.5508988384 
-82.6194187307 0.0409481987 0.8766362109 0.5508167983 
-82.6393846924 0.0409023305 0.8769490993 0.5507330641 
-82.6595348163 0.0408560873 0.8772642369 0.5506475716 
-82.6798709878 0.0408094660 0.8775816357 0.5505602509 
-82.7003951150 0.0407624636 0.8779013076 0.5504710260 
-82.7211091294 0.0407150769 0.8782232645 0.5503798146 
-82.7420149862 0.0406673029 0.8785475185 0.5502865270 
-82.7631146646 0.0406191383 0.8788740813 0.5501910659 
-82.7844101685 0.0405705802 0.8792029648 0.5500933254 
-82.8059035267 0.0405216251 0.8795341808 0.5499931906 
-82.8275967934 0.0404722700 0.8798677412 0.5498905370 
-82.8494920490 0.0404225116 0.8802036576 0.5497852294 
-82.8715914002 0.0403723466 0.8805419417 0.5496771213 
-82.8938969808 0.0403217718 0.8808826053 0.5495660545 
-82.9164109524 0.0402707837 0.8812256598 0.5494518583 
-82.9391355045 0.0402193790 0.8815711170 0.5493343487 
-82.9620728558 0.0401675545 0.8819189883 0.5492133283 
-82.9852252544 0.0401153065 0.8822692853 0.5490885862 
-83.0085949784 0.0400626318 0.8826220193 0.5489598978 
-83.0321843370 0.0400095267 0.8829772018 0.5488270254 
-83.0559956712 0.0399559879 0.8833348442 0.5486897199 
-83.0800313542 0.0399020117 0.8836949578 0.5485477221 
-83.1042937926 0.0398475946 0.8840575539 0.5484007658 
-83.1287854271 0.0397927329 0.8844226438 0.5482485817 
-83.1535087333 0.0397374230 0.8847902386 0.5480909030 
-83.1784662227 0.0396816613 0.8851603495 0.5479274715 
-83.2036604436 0.0396254440 0.8855329877 0.5477580463 
-83.2290939818 0.0395687673 0.8859081643 0.5475824223 
-83.2547694621 0.0395116274 0.8862858904 0.5474004867 
-83.2806895512 0.0394540205 0.8866661770 0.5472124297 
-83.3068569647 0.0393959426 0.8870490353 0.5470194044 
-83.3332744793 0.0393373898 0.8874344767 0.5468248150 
-83.3599449319 0.0392783579 0.8878225130 0.5466347587 
-83.3868711826 0.0392188430 0.8882131553 0.5464556531 
-83.4140560796 0.0391588409 0.8886064142 0.5462919132 
-83.4415024523 0.0390983478 0.8890022990 0.5461460091 
-83.4692131141 0.0390373598 0.8894008182 0.5460190063 
-83.4971908623 0.0389758733 0.8898019791 0.5459106596 
-83.5254384803 0.0389138845 0.8902057884 0.5458194970 
-83.5539587450 0.0388513899 0.8906122516 0.5457431582 
-83.5827544354 0.0387883859 0.8910213737 0.5456788206 
-83.5871672691 0.0387787383 0.8910842984 0.5456656817 
-83.5871672690 0.0387787383 0.8910842984 0.5456656817 
