-75.5218436223 0.0605886031 0.7254186304 0.4700151268 
-75.5218521495 0.0605885752 0.7254187978 0.4700051957 
-75.5218692506 0.0605885193 0.7254191340 0.4699848236 
-75.5218950307 0.0605884349 0.7254196421 0.4699530614 
-75.5219296787 0.0605883216 0.7254203277 0.4699086725 
-75.5219734972 0.0605881782 0.7254211999 0.4698503154 
-75.5220027335 0.0605880830 0.7254215474 0.4695400082 
-75.5220717025 0.0605878572 0.7254229964 0.4694794901 
-75.5221557176 0.0605875821 0.7254248075 0.4694215338 
-75.5222553189 0.0605872559 0.7254269969 0.4693657743 
-75.5223710508 0.0605868767 0.7254295808 0.4693120724 
-75.5225034565 0.0605864428 0.7254325754 0.4692604543 
-75.5226530661 0.0605859525 0.7254359964 0.4692109953 
-75.5228203884 0.0605854041 0.7254398590 0.4691637480 
-75.5230059096 0.0605847959 0.7254441776 0.4691187312 
-75.5232100936 0.0605841266 0.7254489660 0.4690759411 
-75.5234333828 0.0605833945 0.7254542373 0.4690353537 
-75.5236761982 0.0605825983 0.7254600041 0.4689969249 
-75.5239389404 0.0605817368 0.7254662781 0.4689605978 
-75.5242219920 0.0605808086 0.7254730708 0.4689263206 
-75.5245257179 0.0605798126 0.7254803929 0.4688940428 
-75.5248504651 0.0605787475 0.7254882547 0.4688637121 
-75.5251965631 0.0605776124 0.7254966659 0.4688352714 
-75.5255643248 0.0605764063 0.7255056358 0.4688086610 
-75.5259540469 0.0605751280 0.7255151732 0.4687838223 
-75.5263660112 0.0605737768 0.7255252864 0.4687606980 
-75.5268004842 0.0605723517 0.7255359831 0.4687392313 
-75.5272577188 0.0605708519 0.7255472710 0.4687193685 
-75.5277379541 0.0605692766 0.7255591569 0.4687010589 
-75.5282414159 0.0605676252 0.7255716476 0.4686842526 
-75.5287683173 0.0605658968 0.7255847493 0.4686689013 
-75.5293188593 0.0605640909 0.7255984680 0.4686549600 
-75.5298932309 0.0605622068 0.7256128091 0.4686423852 
-75.5304916094 0.0605602440 0.7256277778 0.4686311334 
-75.5311141614 0.0605582018 0.7256433791 0.4686211644 
-75.5317610426 0.0605560799 0.7256596175 0.4686124396 
-75.5324323983 0.0605538777 0.7256764972 0.4686049206 
-75.5331283637 0.0605515948 0.7256940222 0.4685985708 
-75.5338490648 0.0605492308 0.7257121962 0.4685933561 
-75.5345946177 0.0605467854 0.7257310224 0.4685892426 
-75.5353651297 0.0605442580 0.7257505042 0.4685861970 
-75.5361606993 0.0605416486 0.7257706442 0.4685841888 
-75.5369814168 0.0605389567 0.7257914452 0.4685831882 
-75.5378273638 0.0605361822 0.7258129094 0.4685831652 
-75.5386986145 0.0605333247 0.7258350391 0.4685840920 
-75.5395952353 0.0605303841 0.7258578361 0.4685859424 
-75.5405172850 0.0605273601 0.7258813021 0.4685886897 
-75.5414648156 0.0605242528 0.7259054387 0.4685923084 
-75.5424378719 0.0605210618 0.7259302470 0.4685967751 
-75.5434364921 0.0605177870 0.7259557281 0.4686020665 
-75.5444607081 0.0605144285 0.7259818830 0.4686081590 
-75.5455105453 0.0605109861 0.7260087124 0.4686150316 
-75.5465860231 0.0605074597 0.7260362168 0.4686226637 
-75.5476871552 0.0605038494 0.7260643965 0.4686310342 
-75.5488139494 0.0605001551 0.7260932518 0.4686401236 
-75.5499664084 0.0604963769 0.7261227827 0.4686499137 
-75.5511445291 0.0604925147 0.7261529890 0.4686603859 
-75.5523483036 0.0604885685 0.7261838705 0.4686715220 
-75.5535777191 0.0604845386 0.7262154268 0.4686833058 
-75.5548327578 0.0604804248 0.7262476573 0.4686957208 
-75.5561133973 0.0604762274 0.7262805614 0.4687087504 
-75.5574196109 0.0604719463 0.7263141382 0.4687223798 
-75.5587513674 0.0604675818 0.7263483868 0.4687365945 
-75.5601086314 0.0604631340 0.7263833061 0.4687513794 
-75.5614913635 0.0604586029 0.7264188949 0.4687667207 
-75.5628995205 0.0604539889 0.7264551520 0.4687826058 
-75.5643330552 0.0604492920 0.7264920760 0.4687990211 
-75.5657919168 0.0604445124 0.7265296653 0.4688159537 
-75.5672760512 0.0604396503 0.7265679183 0.4688333922 
-75.5687854006 0.0604347059 0.7266068333 0.4688513250 
-75.5703199040 0.0604296795 0.7266464086 0.4688697397 
-75.5718794971 0.0604245713 0.7266866423 0.4688886260 
-75.5734641128 0.0604193814 0.7267275322 0.4689079737 
-75.5750736808 0.0604141103 0.7267690765 0.4689277717 
-75.5767081280 0.0604087580 0.7268112730 0.4689480100 
-75.5783673786 0.0604033250 0.7268541194 0.4689686798 
-75.5800513540 0.0603978114 0.7268976134 0.4689897711 
-75.5817599729 0.0603922176 0.7269417527 0.4690112745 
-75.5834931520 0.0603865438 0.7269865348 0.4690331820 
-75.5852508052 0.0603807903 0.7270319572 0.4690554849 
-75.5870328442 0.0603749575 0.7270780173 0.4690781744 
-75.5888391784 0.0603690457 0.7271247126 0.4691012429 
-75.5906697152 0.0603630552 0.7271720403 0.4691246831 
-75.5925243599 0.0603569863 0.7272199976 0.4691484866 
-75.5944030157 0.0603508394 0.7272685818 0.4691726463 
-75.5963055840 0.0603446148 0.7273177900 0.4691971558 
-75.5982319645 0.0603383129 0.7273676192 0.4692220077 
-75.6001820548 0.0603319339 0.7274180666 0.4692471949 
-75.6021557512 0.0603254784 0.7274691291 0.4692727118 
-75.6041529480 0.0603189466 0.7275208036 0.4692985519 
-75.6061735382 0.0603123389 0.7275730871 0.4693247084 
-75.6082174131 0.0603056558 0.7276259764 0.4693511760 
-75.6102844630 0.0602988975 0.7276794684 0.4693779492 
-75.6123745763 0.0602920645 0.7277335598 0.4694050217 
-75.6144876403 0.0602851571 0.7277882475 0.4694323881 
-75.6166235413 0.0602781758 0.7278435280 0.4694600439 
-75.6187821640 0.0602711210 0.7278993982 0.4694879834 
-75.6209633922 0.0602639930 0.7279558546 0.4695162011 
-75.6231671086 0.0602567923 0.7280128939 0.4695446931 
-75.6253931949 0.0602495193 0.7280705127 0.4695734543 
-75.6276415316 0.0602421744 0.7281287076 0.4696024796 
-75.6299119987 0.0602347580 0.7281874751 0.4696317650 
-75.6322044750 0.0602272705 0.7282468118 0.4696613065 
-75.6345188384 0.0602197123 0.7283067141 0.4696910991 
-75.6368549662 0.0602120840 0.7283671786 0.4697211386 
-75.6392127352 0.0602043858 0.7284282016 0.4697514219 
-75.6415920210 0.0601966183 0.7284897798 0.4697819444 
-75.6439926988 0.0601887818 0.7285519094 0.4698127019 
-75.6464146433 0.0601808769 0.7286145870 0.4698436915 
-75.6488577285 0.0601729039 0.7286778089 0.4698749093 
-75.6513218280 0.0601648632 0.7287415715 0.4699063512 
-75.6538068147 0.0601567554 0.7288058712 0.4699380142 
-75.6563125615 0.0601485808 0.7288707044 0.4699698954 
-75.6588389403 0.0601403399 0.7289360674 0.4700019905 
-75.6613858230 0.0601320332 0.7290019566 0.4700342965 
-75.6639530814 0.0601236610 0.7290683684 0.4700668111 
-75.6665405864 0.0601152239 0.7291352990 0.4700995305 
-75.6691482092 0.0601067222 0.7292027448 0.4701324513 
-75.6717758205 0.0600981565 0.7292707022 0.4701655716 
-75.6744232909 0.0600895271 0.7293391674 0.4701988881 
-75.6770904908 0.0600808345 0.7294081368 0.4702323975 
-75.6797772906 0.0600720793 0.7294776068 0.4702660977 
-75.6824835605 0.0600632617 0.7295475736 0.4702999861 
-75.6852091706 0.0600543822 0.7296180335 0.4703340595 
-75.6879539911 0.0600454414 0.7296889830 0.4703683155 
-75.6907178922 0.0600364397 0.7297604182 0.4704027522 
-75.6935007441 0.0600273774 0.7298323356 0.4704373666 
-75.6963024169 0.0600182551 0.7299047315 0.4704721559 
-75.6991227811 0.0600090732 0.7299776021 0.4705071188 
-75.7019617072 0.0599998321 0.7300509440 0.4705422525 
-75.7048190656 0.0599905323 0.7301247533 0.4705775542 
-75.7076947273 0.0599811743 0.7301990265 0.4706130225 
-75.7105885632 0.0599717584 0.7302737599 0.4706486553 
-75.7135004445 0.0599622852 0.7303489499 0.4706844496 
-75.7164302427 0.0599527550 0.7304245929 0.4707204039 
-75.7193778296 0.0599431684 0.7305006852 0.4707565166 
-75.7223430771 0.0599335256 0.7305772233 0.4707927850 
-75.7253258576 0.0599238273 0.7306542035 0.4708292071 
-75.7283260438 0.0599140739 0.7307316223 0.4708657817 
-75.7313435090 0.0599042656 0.7308094761 0.4709025066 
-75.7343781263 0.0598944031 0.7308877614 0.4709393794 
-75.7374297698 0.0598844868 0.7309664745 0.4709763990 
-75.7404983139 0.0598745170 0.7310456121 0.4710135638 
-75.7435836332 0.0598644942 0.7311251705 0.4710508711 
-75.7466856030 0.0598544188 0.7312051462 0.4710883198 
-75.7498040991 0.0598442913 0.7312855359 0.4711259086 
-75.7529389978 0.0598341121 0.7313663359 0.4711636352 
-75.7560901758 0.0598238816 0.7314475428 0.4712014980 
-75.7592575106 0.0598136002 0.7315291533 0.4712394960 
-75.7624408801 0.0598032684 0.7316111639 0.4712776274 
-75.7656401627 0.0597928866 0.7316935711 0.4713158901 
-75.7688552378 0.0597824551 0.7317763716 0.4713542833 
-75.7720859851 0.0597719745 0.7318595621 0.4713928056 
-75.7753322850 0.0597614451 0.7319431391 0.4714314548 
-75.7785940186 0.0597508673 0.7320270994 0.4714702299 
-75.7818710678 0.0597402415 0.7321114396 0.4715091300 
-75.7851633150 0.0597295682 0.7321961565 0.4715481529 
-75.7884706435 0.0597188477 0.7322812468 0.4715872974 
-75.7917929372 0.0597080804 0.7323667072 0.4716265628 
-75.7951300808 0.0596972668 0.7324525345 0.4716659474 
-75.7984819597 0.0596864072 0.7325387255 0.4717054493 
-75.8018484604 0.0596755020 0.7326252771 0.4717450683 
-75.8052294697 0.0596645516 0.7327121860 0.4717848028 
-75.8086248756 0.0596535565 0.7327994492 0.4718246511 
-75.8120345668 0.0596425169 0.7328870635 0.4718646123 
-75.8154584329 0.0596314333 0.7329750259 0.4719046858 
-75.8188963642 0.0596203060 0.7330633332 0.4719448696 
-75.8223482519 0.0596091354 0.7331519825 0.4719851626 
-75.8258139884 0.0595979219 0.7332409707 0.4720255645 
-75.8292934666 0.0595866659 0.7333302948 0.4720660735 
-75.8327865805 0.0595753677 0.7334199519 0.4721066883 
-75.8362932251 0.0595640276 0.7335099391 0.4721474085 
-75.8398132961 0.0595526461 0.7336002534 0.4721882330 
-75.8433466904 0.0595412235 0.7336908919 0.4722291600 
-75.8468933058 0.0595297602 0.7337818518 0.4722701891 
-75.8504530410 0.0595182564 0.7338731302 0.4723113196 
-75.8540257956 0.0595067126 0.7339647244 0.4723525497 
-75.8576114706 0.0594951291 0.7340566316 0.4723938787 
-75.8612099677 0.0594835062 0.7341488490 0.4724353062 
-75.8648211896 0.0594718443 0.7342413739 0.4724768308 
-75.8684450401 0.0594601436 0.7343342036 0.4725184511 
-75.8720814243 0.0594484046 0.7344273354 0.4725601672 
-75.8757302480 0.0594366275 0.7345207668 0.4726019778 
-75.8793914182 0.0594248127 0.7346144951 0.4726438815 
-75.8830648431 0.0594129605 0.7347085177 0.4726858779 
-75.8867504320 0.0594010711 0.7348028321 0.4727279666 
-75.8904480950 0.0593891450 0.7348974358 0.4727701459 
-75.8941577437 0.0593771824 0.7349923263 0.4728124151 
-75.8978792907 0.0593651836 0.7350875012 0.4728547742 
-75.9016126497 0.0593531490 0.7351829579 0.4728972216 
-75.9053577355 0.0593410787 0.7352786942 0.4729397564 
-75.9091144642 0.0593289732 0.7353747076 0.4729823786 
-75.9128827530 0.0593168326 0.7354709958 0.4730250872 
-75.9166625203 0.0593046573 0.7355675566 0.4730678807 
-75.9204536858 0.0592924476 0.7356643877 0.4731107591 
-75.9242561702 0.0592802037 0.7357614867 0.4731537218 
-75.9280698955 0.0592679259 0.7358588517 0.4731967675 
-75.9318947849 0.0592556144 0.7359564802 0.4732398956 
-75.9357307631 0.0592432696 0.7360543703 0.4732831061 
-75.9395777557 0.0592308917 0.7361525198 0.4733263977 
-75.9434356896 0.0592184809 0.7362509267 0.4733697694 
-75.9473044931 0.0592060375 0.7363495889 0.4734132215 
-75.9511840959 0.0591935618 0.7364485044 0.4734567529 
-75.9550744285 0.0591810539 0.7365476712 0.4735003624 
-75.9589754232 0.0591685141 0.7366470874 0.4735440501 
-75.9628870134 0.0591559427 0.7367467511 0.4735878156 
-75.9668091338 0.0591433399 0.7368466605 0.4736316574 
-75.9707417205 0.0591307059 0.7369468137 0.4736755754 
-75.9746847108 0.0591180409 0.7370472088 0.4737195695 
-75.9786380434 0.0591053451 0.7371478443 0.4737636383 
-75.9826016584 0.0590926188 0.7372487182 0.4738077813 
-75.9865754974 0.0590798622 0.7373498289 0.4738519987 
-75.9905595030 0.0590670754 0.7374511749 0.4738962895 
-75.9945536194 0.0590542587 0.7375527543 0.4739406527 
-75.9985577923 0.0590414122 0.7376545657 0.4739850885 
-76.0025719687 0.0590285362 0.7377566076 0.4740295965 
-76.0065960968 0.0590156308 0.7378588783 0.4740741753 
-76.0106301265 0.0590026962 0.7379613765 0.4741188249 
-76.0146740091 0.0589897326 0.7380641006 0.4741635453 
-76.0187276973 0.0589767402 0.7381670494 0.4742083354 
-76.0227911450 0.0589637190 0.7382702213 0.4742531945 
-76.0268643080 0.0589506693 0.7383736152 0.4742981231 
-76.0309471432 0.0589375913 0.7384772296 0.4743431202 
-76.0350396092 0.0589244851 0.7385810634 0.4743881849 
-76.0391416660 0.0589113507 0.7386851153 0.4744333176 
-76.0432532750 0.0588981885 0.7387893842 0.4744785177 
-76.0473743993 0.0588849984 0.7388938689 0.4745237842 
-76.0515050033 0.0588717807 0.7389985684 0.4745691171 
-76.0556450532 0.0588585355 0.7391034815 0.4746145165 
-76.0597945164 0.0588452628 0.7392086072 0.4746599812 
-76.0639533621 0.0588319629 0.7393139446 0.4747055109 
-76.0681215609 0.0588186357 0.7394194927 0.4747511060 
-76.0722990852 0.0588052815 0.7395252506 0.4747967655 
-76.0764859085 0.0587919003 0.7396312175 0.4748424888 
-76.0806820065 0.0587784923 0.7397373925 0.4748882762 
-76.0848873560 0.0587650574 0.7398437748 0.4749341274 
-76.0891019356 0.0587515959 0.7399503637 0.4749800412 
-76.0933257255 0.0587381077 0.7400571585 0.4750260180 
-76.0975587075 0.0587245930 0.7401641585 0.4750720577 
-76.1018008651 0.0587110518 0.7402713632 0.4751181593 
-76.1060521834 0.0586974842 0.7403787718 0.4751643227 
-76.1103126491 0.0586838902 0.7404863840 0.4752105481 
-76.1145822506 0.0586702700 0.7405941991 0.4752568348 
-76.1188609781 0.0586566235 0.7407022168 0.4753031822 
-76.1231488233 0.0586429508 0.7408104366 0.4753495908 
-76.1274457797 0.0586292520 0.7409188581 0.4753960602 
-76.1317518425 0.0586155270 0.7410274811 0.4754425893 
-76.1360670087 0.0586017759 0.7411363051 0.4754891787 
-76.1403912769 0.0585879988 0.7412453301 0.4755358283 
-76.1447246474 0.0585741956 0.7413545558 0.4755825371 
-76.1490671225 0.0585603663 0.7414639820 0.4756293051 
-76.1534187060 0.0585465110 0.7415736086 0.4756761328 
-76.1577794038 0.0585326296 0.7416834356 0.4757230193 
-76.1621492231 0.0585187222 0.7417934629 0.4757699642 
-76.1665281735 0.0585047888 0.7419036905 0.4758169681 
-76.1709162661 0.0584908292 0.7420141186 0.4758640304 
-76.1753135136 0.0584768436 0.7421247471 0.4759111505 
-76.1797199310 0.0584628318 0.7422355764 0.4759583288 
-76.1841355350 0.0584487939 0.7423466066 0.4760055653 
-76.1885603439 0.0584347297 0.7424578378 0.4760528591 
-76.1929943783 0.0584206393 0.7425692705 0.4761002104 
-76.1974376606 0.0584065226 0.7426809049 0.4761476195 
-76.2018902148 0.0583923796 0.7427927415 0.4761950858 
-76.2063520670 0.0583782101 0.7429047807 0.4762426088 
-76.2108232456 0.0583640141 0.7430170229 0.4762901892 
-76.2153037803 0.0583497916 0.7431294687 0.4763378266 
-76.2197937033 0.0583355424 0.7432421187 0.4763855204 
-76.2242930485 0.0583212664 0.7433549734 0.4764332710 
-76.2288018519 0.0583069636 0.7434680336 0.4764810785 
-76.2333201514 0.0582926339 0.7435813000 0.4765289421 
-76.2378479872 0.0582782771 0.7436947733 0.4765768619 
-76.2423854013 0.0582638932 0.7438084544 0.4766248386 
-76.2469324377 0.0582494820 0.7439223441 0.4766728713 
-76.2514891427 0.0582350434 0.7440364434 0.4767209598 
-76.2560555646 0.0582205772 0.7441507532 0.4767691049 
-76.2606317538 0.0582060834 0.7442652746 0.4768173060 
-76.2652177627 0.0581915617 0.7443800086 0.4768655627 
-76.2698136461 0.0581770121 0.7444949563 0.4769138755 
-76.2744194608 0.0581624343 0.7446101189 0.4769622446 
-76.2790352657 0.0581478282 0.7447254977 0.4770106691 
-76.2836611220 0.0581331937 0.7448410940 0.4770591494 
-76.2882970932 0.0581185305 0.7449569090 0.4771076860 
-76.2929432449 0.0581038384 0.7450729442 0.4771562782 
-76.2975996449 0.0580891173 0.7451892009 0.4772049258 
-76.3022663635 0.0580743670 0.7453056808 0.4772536297 
-76.3069434731 0.0580595873 0.7454223853 0.4773023893 
-76.3116310482 0.0580447778 0.7455393160 0.4773512043 
-76.3163291662 0.0580299386 0.7456564747 0.4774000754 
-76.3210379064 0.0580150692 0.7457738630 0.4774490026 
-76.3257573505 0.0580001694 0.7458914827 0.4774979851 
-76.3304875828 0.0579852391 0.7460093357 0.4775470235 
-76.3352286898 0.0579702780 0.7461274238 0.4775961182 
-76.3399807606 0.0579552857 0.7462457490 0.4776452686 
-76.3447438866 0.0579402621 0.7463643133 0.4776944746 
-76.3495181618 0.0579252069 0.7464831187 0.4777437372 
-76.3543036826 0.0579101198 0.7466021674 0.4777930558 
-76.3591005479 0.0578950005 0.7467214616 0.4778424300 
-76.3639088593 0.0578798486 0.7468410035 0.4778918607 
-76.3687287210 0.0578646640 0.7469607954 0.4779413479 
-76.3735602394 0.0578494463 0.7470808396 0.4779908909 
-76.3784035239 0.0578341952 0.7472011387 0.4780404904 
-76.3832586865 0.0578189103 0.7473216952 0.4780901467 
-76.3881258417 0.0578035914 0.7474425114 0.4781398593 
-76.3930051067 0.0577882380 0.7475635902 0.4781896282 
-76.3978966018 0.0577728498 0.7476849341 0.4782394543 
-76.4028004495 0.0577574265 0.7478065459 0.4782893372 
-76.4077167753 0.0577419677 0.7479284285 0.4783392765 
-76.4126457076 0.0577264730 0.7480505847 0.4783892732 
-76.4175873775 0.0577109421 0.7481730174 0.4784393272 
-76.4225419190 0.0576953745 0.7482957297 0.4784894379 
-76.4275094691 0.0576797698 0.7484187247 0.4785396060 
-76.4324901674 0.0576641277 0.7485420055 0.4785898320 
-76.4374841567 0.0576484477 0.7486655753 0.4786401152 
-76.4424915827 0.0576327294 0.7487894374 0.4786904559 
-76.4475125941 0.0576169723 0.7489135952 0.4787408550 
-76.4525473427 0.0576011760 0.7490380521 0.4787913118 
-76.4575959832 0.0575853401 0.7491628117 0.4788418263 
-76.4626586736 0.0575694641 0.7492878774 0.4788923994 
-76.4677355749 0.0575535475 0.7494132530 0.4789430310 
-76.4728268511 0.0575375898 0.7495389422 0.4789937206 
-76.4779326698 0.0575215906 0.7496649488 0.4790444690 
-76.4830532016 0.0575055493 0.7497912766 0.4790952766 
-76.4881886203 0.0574894655 0.7499179296 0.4791461427 
-76.4933391031 0.0574733385 0.7500449118 0.4791970678 
-76.4985048306 0.0574571680 0.7501722274 0.4792480526 
-76.5036859865 0.0574409533 0.7502998805 0.4792990966 
-76.5088827582 0.0574246938 0.7504278755 0.4793501998 
-76.5140953365 0.0574083891 0.7505562165 0.4794013631 
-76.5193239155 0.0573920386 0.7506849082 0.4794525865 
-76.5245686930 0.0573756417 0.7508139550 0.4795038694 
-76.5298298704 0.0573591977 0.7509433614 0.4795552126 
-76.5351076525 0.0573427061 0.7510731322 0.4796066167 
-76.5404022478 0.0573261663 0.7512032721 0.4796580808 
-76.5457138687 0.0573095777 0.7513337860 0.4797096055 
-76.5510427311 0.0572929395 0.7514646788 0.4797611917 
-76.5563890547 0.0572762513 0.7515959556 0.4798128387 
-76.5617530631 0.0572595123 0.7517276214 0.4798645465 
-76.5671349836 0.0572427218 0.7518596815 0.4799163162 
-76.5725350477 0.0572258792 0.7519921411 0.4799681475 
-76.5779534905 0.0572089838 0.7521250057 0.4800200401 
-76.5833905513 0.0571920348 0.7522582807 0.4800719948 
-76.5888464735 0.0571750317 0.7523919717 0.4801240121 
-76.5943215042 0.0571579736 0.7525260843 0.4801760911 
-76.5998158952 0.0571408598 0.7526606244 0.4802282325 
-76.6053299020 0.0571236895 0.7527955977 0.4802804370 
-76.6108637847 0.0571064621 0.7529310103 0.4803327040 
-76.6164178074 0.0570891767 0.7530668682 0.4803850337 
-76.6219922387 0.0570718325 0.7532031775 0.4804374270 
-76.6275873517 0.0570544288 0.7533399446 0.4804898836 
-76.6332034235 0.0570369647 0.7534771757 0.4805424033 
-76.6388407363 0.0570194394 0.7536148774 0.4805949868 
-76.6444995764 0.0570018521 0.7537530562 0.4806476344 
-76.6501802348 0.0569842020 0.7538917188 0.4807003456 
-76.6558830074 0.0569664880 0.7540308720 0.4807531208 
-76.6616081947 0.0569487095 0.7541705227 0.4808059609 
-76.6673561017 0.0569308655 0.7543106778 0.4808588651 
-76.6731270387 0.0569129551 0.7544513446 0.4809118336 
-76.6789213206 0.0568949773 0.7545925301 0.4809648673 
-76.6847392675 0.0568769313 0.7547342419 0.4810179660 
-76.6905812041 0.0568588161 0.7548764873 0.4810711293 
-76.6964474608 0.0568406307 0.7550192739 0.4811243579 
-76.7023383728 0.0568223741 0.7551626094 0.4811776523 
-76.7082542804 0.0568040455 0.7553065017 0.4812310116 
-76.7141955296 0.0567856437 0.7554509586 0.4812844365 
-76.7201624713 0.0567671677 0.7555959882 0.4813379276 
-76.7261554623 0.0567486166 0.7557415987 0.4813914844 
-76.7321748644 0.0567299892 0.7558877985 0.4814451067 
-76.7382210454 0.0567112846 0.7560345958 0.4814987955 
-76.7442943787 0.0566925015 0.7561819994 0.4815525506 
-76.7503952430 0.0566736389 0.7563300179 0.4816063714 
-76.7565240233 0.0566546958 0.7564786601 0.4816602589 
-76.7626811103 0.0566356709 0.7566279351 0.4817142132 
-76.7688669004 0.0566165631 0.7567778518 0.4817682335 
-76.7750817965 0.0565973713 0.7569284195 0.4818223203 
-76.7813262073 0.0565780943 0.7570796477 0.4818764744 
-76.7876005477 0.0565587309 0.7572315457 0.4819306949 
-76.7939052389 0.0565392798 0.7573841234 0.4819849819 
-76.8002407085 0.0565197398 0.7575373903 0.4820393361 
-76.8066073907 0.0565001097 0.7576913566 0.4820937573 
-76.8130057258 0.0564803883 0.7578460323 0.4821482448 
-76.8194361612 0.0564605741 0.7580014277 0.4822027995 
-76.8258991507 0.0564406660 0.7581575531 0.4822574214 
-76.8323951551 0.0564206625 0.7583144191 0.4823121098 
-76.8389246419 0.0564005624 0.7584720363 0.4823668650 
-76.8454880858 0.0563803643 0.7586304157 0.4824216875 
-76.8520859685 0.0563600668 0.7587895683 0.4824765766 
-76.8587187788 0.0563396685 0.7589495052 0.4825315322 
-76.8653870130 0.0563191679 0.7591102379 0.4825865550 
-76.8720911747 0.0562985637 0.7592717777 0.4826416444 
-76.8788317748 0.0562778543 0.7594341364 0.4826967999 
-76.8856093321 0.0562570384 0.7595973258 0.4827520222 
-76.8924243731 0.0562361143 0.7597613580 0.4828073111 
-76.8992774318 0.0562150806 0.7599262451 0.4828626658 
-76.9061690504 0.0561939356 0.7600919995 0.4829180866 
-76.9130997793 0.0561726780 0.7602586337 0.4829735738 
-76.9200701766 0.0561513059 0.7604261605 0.4830291265 
-76.9270808090 0.0561298179 0.7605945929 0.4830847445 
-76.9341322517 0.0561082123 0.7607639438 0.4831404283 
-76.9412250881 0.0560864874 0.7609342266 0.4831961773 
-76.9483599103 0.0560646416 0.7611054547 0.4832519908 
-76.9555373195 0.0560426731 0.7612776419 0.4833078692 
-76.9627579255 0.0560205803 0.7614508019 0.4833638124 
-76.9700223471 0.0559983612 0.7616249489 0.4834198192 
-76.9773312124 0.0559760143 0.7618000972 0.4834758898 
-76.9846851589 0.0559535377 0.7619762611 0.4835320243 
-76.9920848333 0.0559309295 0.7621534553 0.4835882218 
-76.9995308919 0.0559081879 0.7623316948 0.4836444816 
-77.0070240010 0.0558853110 0.7625109946 0.4837008042 
-77.0145648364 0.0558622969 0.7626913701 0.4837571888 
-77.0221540840 0.0558391437 0.7628728368 0.4838136345 
-77.0297924402 0.0558158493 0.7630554103 0.4838701413 
-77.0374806114 0.0557924120 0.7632391068 0.4839267091 
-77.0452193144 0.0557688295 0.7634239423 0.4839833365 
-77.0530092769 0.0557450999 0.7636099333 0.4840400231 
-77.0608512373 0.0557212210 0.7637970965 0.4840967693 
-77.0687459449 0.0556971909 0.7639854488 0.4841535735 
-77.0766941602 0.0556730073 0.7641750072 0.4842104349 
-77.0846966550 0.0556486681 0.7643657892 0.4842673539 
-77.0927542126 0.0556241712 0.7645578123 0.4843243293 
-77.1008676279 0.0555995142 0.7647510945 0.4843813597 
-77.1090377077 0.0555746950 0.7649456538 0.4844384452 
-77.1172652709 0.0555497112 0.7651415087 0.4844955851 
-77.1255511484 0.0555245606 0.7653386777 0.4845527779 
-77.1338961837 0.0554992407 0.7655371797 0.4846100228 
-77.1423012329 0.0554737493 0.7657370339 0.4846673198 
-77.1507671650 0.0554480839 0.7659382597 0.4847246672 
-77.1592948616 0.0554222420 0.7661408769 0.4847820636 
-77.1678852181 0.0553962213 0.7663449053 0.4848395091 
-77.1765391430 0.0553700191 0.7665503652 0.4848970023 
-77.1852575584 0.0553436329 0.7667572772 0.4849545413 
-77.1940414005 0.0553170601 0.7669656621 0.4850121257 
-77.2028916196 0.0552902982 0.7671755410 0.4850697547 
-77.2118091800 0.0552633444 0.7673869354 0.4851274261 
-77.2207950610 0.0552361961 0.7675998668 0.4851851389 
-77.2298502565 0.0552088505 0.7678143573 0.4852428924 
-77.2389757755 0.0551813048 0.7680304293 0.4853006848 
-77.2481726422 0.0551535563 0.7682481054 0.4853585140 
-77.2574418965 0.0551256022 0.7684674085 0.4854163796 
-77.2667845941 0.0550974394 0.7686883619 0.4854742799 
-77.2762018068 0.0550690651 0.7689109892 0.4855322124 
-77.2856946226 0.0550404763 0.7691353142 0.4855901761 
-77.2952641465 0.0550116700 0.7693613613 0.4856481698 
-77.3049115000 0.0549826432 0.7695891551 0.4857061908 
-77.3146378220 0.0549533927 0.7698187204 0.4857642371 
-77.3244442690 0.0549239155 0.7700500826 0.4858223080 
-77.3343320152 0.0548942082 0.7702832672 0.4858804007 
-77.3443022529 0.0548642678 0.7705183003 0.4859385127 
-77.3543561929 0.0548340909 0.7707552083 0.4859966427 
-77.3644950648 0.0548036742 0.7709940178 0.4860547886 
-77.3747201170 0.0547730143 0.7712347559 0.4861129471 
-77.3850326176 0.0547421079 0.7714774501 0.4861711164 
-77.3954338545 0.0547109514 0.7717221283 0.4862292947 
-77.4059251354 0.0546795413 0.7719688187 0.4862874786 
-77.4165077887 0.0546478742 0.7722175499 0.4863456653 
-77.4271831638 0.0546159463 0.7724683509 0.4864038530 
-77.4379526309 0.0545837540 0.7727212512 0.4864620386 
-77.4488175819 0.0545512935 0.7729762806 0.4865202183 
-77.4597794311 0.0545185612 0.7732334694 0.4865783900 
-77.4708396146 0.0544855532 0.7734928483 0.4866365509 
-77.4819995916 0.0544522656 0.7737544482 0.4866946967 
-77.4932608446 0.0544186945 0.7740183009 0.4867528244 
-77.5046248795 0.0543848359 0.7742844383 0.4868109314 
-77.5160932264 0.0543506856 0.7745528927 0.4868690133 
-77.5276674399 0.0543162398 0.7748236971 0.4869270660 
-77.5393490997 0.0542814940 0.7750968847 0.4869850867 
-77.5511398108 0.0542464442 0.7753724894 0.4870430713 
-77.5630412041 0.0542110861 0.7756505455 0.4871010148 
-77.5750549371 0.0541754152 0.7759310876 0.4871589136 
-77.5871826943 0.0541394273 0.7762141510 0.4872167638 
-77.5994261873 0.0541031177 0.7764997714 0.4872745601 
-77.6117871558 0.0540664820 0.7767879849 0.4873322975 
-77.6242673683 0.0540295156 0.7770788284 0.4873899724 
-77.6368686221 0.0539922137 0.7773723391 0.4874475791 
-77.6495927441 0.0539545716 0.7776685545 0.4875051117 
-77.6624415915 0.0539165846 0.7779675132 0.4875625659 
-77.6754170524 0.0538782477 0.7782692537 0.4876199361 
-77.6885210461 0.0538395559 0.7785738155 0.4876772157 
-77.7017555240 0.0538005043 0.7788812384 0.4877343990 
-77.7151224705 0.0537610878 0.7791915629 0.4877914808 
-77.7286239028 0.0537213010 0.7795048300 0.4878484538 
-77.7422618724 0.0536811389 0.7798210812 0.4879053110 
-77.7560384656 0.0536405960 0.7801403587 0.4879620468 
-77.7699558039 0.0535996669 0.7804627052 0.4880186537 
-77.7840160449 0.0535583462 0.7807881640 0.4880751235 
-77.7982213831 0.0535166282 0.7811167791 0.4881314496 
-77.8125740509 0.0534745074 0.7814485950 0.4881876244 
-77.8270763187 0.0534319778 0.7817836569 0.4882436390 
-77.8417304962 0.0533890337 0.7821220106 0.4882994849 
-77.8565389333 0.0533456692 0.7824637024 0.4883551545 
-77.8715040206 0.0533018783 0.7828087795 0.4884106383 
-77.8866281904 0.0532576548 0.7831572896 0.4884659262 
-77.9019139179 0.0532129926 0.7835092810 0.4885210097 
-77.9173637214 0.0531678852 0.7838648028 0.4885758788 
-77.9329801639 0.0531223265 0.7842239048 0.4886305224 
-77.9487658537 0.0530763098 0.7845866374 0.4886849301 
-77.9647234457 0.0530298285 0.7849530517 0.4887390917 
-77.9808556420 0.0529828760 0.7853231996 0.4887929950 
-77.9971651931 0.0529354455 0.7856971335 0.4888466278 
-78.0136548992 0.0528875301 0.7860749069 0.4888999788 
-78.0303276110 0.0528391227 0.7864565738 0.4889530353 
-78.0471862307 0.0527902162 0.7868421889 0.4890057832 
-78.0642337138 0.0527408035 0.7872318077 0.4890582096 
-78.0814730695 0.0526908770 0.7876254866 0.4891103011 
-78.0989073624 0.0526404295 0.7880232826 0.4891620422 
-78.1165397135 0.0525894532 0.7884252537 0.4892134176 
-78.1343733018 0.0525379406 0.7888314585 0.4892644130 
-78.1524113653 0.0524858837 0.7892419564 0.4893150119 
-78.1706572023 0.0524332746 0.7896568079 0.4893651965 
-78.1891141732 0.0523801053 0.7900760740 0.4894149507 
-78.2077857018 0.0523263675 0.7904998167 0.4894642569 
-78.2266752763 0.0522720529 0.7909280989 0.4895130957 
-78.2457864513 0.0522171530 0.7913609842 0.4895614479 
-78.2651228495 0.0521616592 0.7917985372 0.4896092949 
-78.2846881628 0.0521055628 0.7922408234 0.4896566157 
-78.3044861541 0.0520488548 0.7926879092 0.4897033881 
-78.3245206592 0.0519915262 0.7931398618 0.4897495914 
-78.3447955886 0.0519335678 0.7935967493 0.4897952032 
-78.3653149287 0.0518749704 0.7940586410 0.4898401988 
-78.3860827443 0.0518157243 0.7945256068 0.4898845543 
-78.4071031803 0.0517558199 0.7949977178 0.4899282456 
-78.4283804634 0.0516952475 0.7954750460 0.4899712459 
-78.4499189043 0.0516339970 0.7959576642 0.4900135278 
-78.4717229001 0.0515720582 0.7964456464 0.4900550646 
-78.4937969357 0.0515094210 0.7969390675 0.4900958277 
-78.5161455865 0.0514460748 0.7974380036 0.4901357862 
-78.5387735206 0.0513820089 0.7979425314 0.4901749098 
-78.5616855011 0.0513172125 0.7984527290 0.4902131678 
-78.5848863883 0.0512516745 0.7989686754 0.4902505264 
-78.6083811423 0.0511853838 0.7994904507 0.4902869511 
-78.6321748256 0.0511183289 0.8000181359 0.4903224080 
-78.6562726058 0.0510504983 0.8005518133 0.4903568607 
-78.6806797578 0.0509818800 0.8010915662 0.4903902707 
-78.7054016670 0.0509124622 0.8016374788 0.4904225996 
-78.7304438324 0.0508422326 0.8021896367 0.4904538084 
-78.7558118686 0.0507711788 0.8027481264 0.4904838546 
-78.7815115097 0.0506992881 0.8033130355 0.4905126949 
-78.8075486124 0.0506265477 0.8038844529 0.4905402864 
-78.8339291586 0.0505529445 0.8044624685 0.4905665833 
-78.8606592589 0.0504784651 0.8050471733 0.4905915370 
-78.8877451567 0.0504030961 0.8056386596 0.4906150996 
-78.9151932308 0.0503268236 0.8062370206 0.4906372215 
-78.9430099995 0.0502496336 0.8068423509 0.4906578495 
-78.9712021242 0.0501715118 0.8074547462 0.4906769294 
-78.9997764137 0.0500924437 0.8080743033 0.4906944070 
-79.0287398273 0.0500124145 0.8087011202 0.4907102248 
-79.0580994796 0.0499314091 0.8093352961 0.4907243220 
-79.0878626447 0.0498494122 0.8099769312 0.4907366384 
-79.1180367602 0.0497664083 0.8106261272 0.4907471116 
-79.1486294319 0.0496823813 0.8112829867 0.4907556751 
-79.1796484384 0.0495973153 0.8119476135 0.4907622611 
-79.2111017364 0.0495111936 0.8126201127 0.4907668013 
-79.2429974646 0.0494239995 0.8133005906 0.4907692237 
-79.2753439497 0.0493357160 0.8139891543 0.4907694528 
-79.3081497112 0.0492463257 0.8146859125 0.4907674126 
-79.3414234674 0.0491558110 0.8153909749 0.4907630251 
-79.3751741402 0.0490641537 0.8161044521 0.4907562074 
-79.4094108613 0.0489713356 0.8168264562 0.4907468748 
-79.4441429785 0.0488773380 0.8175571001 0.4907349416 
-79.4793800617 0.0487821418 0.8182964980 0.4907203182 
-79.5151319085 0.0486857278 0.8190447651 0.4907029105 
-79.5514085521 0.0485880761 0.8198020177 0.4906826234 
-79.5882202673 0.0484891667 0.8205683731 0.4906593598 
-79.6255775777 0.0483889792 0.8213439496 0.4906330170 
-79.6634912628 0.0482874927 0.8221288666 0.4906034895 
-79.7019723658 0.0481846860 0.8229232442 0.4905706705 
-79.7410322016 0.0480805375 0.8237272038 0.4905344493 
-79.7806823637 0.0479750252 0.8245408674 0.4904947099 
-79.8209347339 0.0478681266 0.8253643579 0.4904513344 
-79.8618014901 0.0477598190 0.8261977991 0.4904042032 
-79.9032951150 0.0476500791 0.8270413155 0.4903531908 
-79.9454284056 0.0475388832 0.8278950324 0.4902981678 
-79.9882144827 0.0474262072 0.8287590755 0.4902390038 
-80.0316668006 0.0473120265 0.8296335714 0.4901755646 
-80.0757991568 0.0471963161 0.8305186471 0.4901077106 
-80.1206257031 0.0470790506 0.8314144300 0.4900352995 
-80.1661609561 0.0469602040 0.8323210480 0.4899581880 
-80.2124198081 0.0468397498 0.8332386292 0.4898762278 
-80.2594175391 0.0467176612 0.8341673020 0.4897892658 
-80.3071698284 0.0465939108 0.8351071948 0.4896971480 
-80.3556927673 0.0464684706 0.8360584363 0.4895997178 
-80.4050028711 0.0463413122 0.8370211547 0.4894968129 
-80.4551170930 0.0462124067 0.8379954784 0.4893882671 
-80.5060528375 0.0460817246 0.8389815352 0.4892739124 
-80.5578279743 0.0459492360 0.8399794526 0.4891535754 
-80.6104608527 0.0458149102 0.8409893574 0.4890270744 
-80.6639703170 0.0456787163 0.8420113757 0.4888942209 
-80.7183757219 0.0455406225 0.8430456326 0.4887548190 
-80.7736969485 0.0454005967 0.8440922524 0.4886086584 
-80.8299544208 0.0452586062 0.8451513578 0.4884555111 
-80.8871691230 0.0451146174 0.8462230703 0.4882951291 
-80.9453626178 0.0449685966 0.8473075095 0.4881272388 
-81.0045570648 0.0448205093 0.8484047934 0.4879515296 
-81.0647752393 0.0446703202 0.8495150377 0.4877676451 
-81.1260405534 0.0445179937 0.8506383558 0.4875751728 
-81.1883770767 0.0443634934 0.8517748588 0.4873736287 
-81.2518095582 0.0442067825 0.8529246546 0.4871624360 
-81.3163634496 0.0440478233 0.8540878483 0.4869408978 
-81.3820649290 0.0438865777 0.8552645414 0.4867081611 
-81.4489409251 0.0437230068 0.8564548320 0.4864631592 
-81.5170191408 0.0435570713 0.8576588140 0.4862045149 
-81.5863280735 0.0433887309 0.8588765769 0.4859303606 
-81.6568970241 0.0432179452 0.8601082049 0.4856379725 
-81.7287560796 0.0430446728 0.8613537760 0.4853229703 
-81.8019360186 0.0428688726 0.8626133593 0.4849774145 
-81.8764679856 0.0426905038 0.8638870079 0.4845846810 
-81.9523819401 0.0425095303 0.8651747311 0.4840983788 
-82.0296536493 0.0423260458 0.8664755467 0.4827847896 
-82.1084497124 0.0421396930 0.8677918643 0.4821607291 
-82.1887831669 0.0419504825 0.8691232907 0.4819302201 
-82.2107799008 0.0418987979 0.8694915946 0.4818088150 
