-82.3589087235 0.0415528498 0.8716882149 0.5032684201 
-82.3589559670 0.0415527398 0.8716889800 0.5032654978 
-82.3590504624 0.0415525196 0.8716905104 0.5032596771 
-82.3591922268 0.0415521893 0.8716928063 0.5032510047 
-82.3593812856 0.0415517489 0.8716958682 0.5032395486 
-82.3596176725 0.0415511981 0.8716996965 0.5032253965 
-82.3599013164 0.0415505373 0.8717042899 0.5031961115 
-82.3602325308 0.0415497657 0.8717096539 0.5031790945 
-82.3606112539 0.0415488834 0.8717157871 0.5031615683 
-82.3610375437 0.0415478903 0.8717226906 0.5031435380 
-82.3615114631 0.0415467863 0.8717303652 0.5031250120 
-82.3620330797 0.0415455712 0.8717388120 0.5031060015 
-82.3626024661 0.0415442449 0.8717480320 0.5030865199 
-82.3632196994 0.0415428072 0.8717580265 0.5030665827 
-82.3638848618 0.0415412578 0.8717687966 0.5030462071 
-82.3645980400 0.0415395967 0.8717803437 0.5030254116 
-82.3653593255 0.0415378236 0.8717926691 0.5030042156 
-82.3661688147 0.0415359383 0.8718057743 0.5029826394 
-82.3670266084 0.0415339406 0.8718196607 0.5029607035 
-82.3679328122 0.0415318302 0.8718343298 0.5029384287 
-82.3688875363 0.0415296070 0.8718497834 0.5029158356 
-82.3698908955 0.0415272706 0.8718660230 0.5028929448 
-82.3709430093 0.0415248208 0.8718830505 0.5028697763 
-82.3720440016 0.0415222574 0.8719008676 0.5028463495 
-82.3731940011 0.0415195800 0.8719194763 0.5028226834 
-82.3743931407 0.0415167883 0.8719388784 0.5027987958 
-82.3756415582 0.0415138821 0.8719590760 0.5027747041 
-82.3769393956 0.0415108611 0.8719800711 0.5027504244 
-82.3782867996 0.0415077249 0.8720018658 0.5027259720 
-82.3796839213 0.0415044732 0.8720244623 0.5027013612 
-82.3811309162 0.0415011057 0.8720478628 0.5026766054 
-82.3826279445 0.0414976220 0.8720720697 0.5026517167 
-82.3841751708 0.0414940218 0.8720970853 0.5026267066 
-82.3857727639 0.0414903047 0.8721229120 0.5026015854 
-82.3874208976 0.0414864703 0.8721495523 0.5025763624 
-82.3891197497 0.0414825182 0.8721770087 0.5025510461 
-82.3908695026 0.0414784481 0.8722052838 0.5025256441 
-82.3926703435 0.0414742596 0.8722343804 0.5025001631 
-82.3945224637 0.0414699522 0.8722643010 0.5024746092 
-82.3964260592 0.0414655255 0.8722950484 0.5024489876 
-82.3983813305 0.0414609790 0.8723266256 0.5024233027 
-82.4003884826 0.0414563124 0.8723590353 0.5023975583 
-82.4024477251 0.0414515253 0.8723922805 0.5023717579 
-82.4045592721 0.0414466170 0.8724263642 0.5023459039 
-82.4067233423 0.0414415872 0.8724612895 0.5023199987 
-82.4089401591 0.0414364354 0.8724970596 0.5022940438 
-82.4112099503 0.0414311611 0.8725336775 0.5022680404 
-82.4135329486 0.0414257638 0.8725711465 0.5022419894 
-82.4159093912 0.0414202430 0.8726094699 0.5022158912 
-82.4183395199 0.0414145981 0.8726486511 0.5021897460 
-82.4208235814 0.0414088287 0.8726886934 0.5021635535 
-82.4233618271 0.0414029343 0.8727296005 0.5021373132 
-82.4259545130 0.0413969142 0.8727713757 0.5021110244 
-82.4286019001 0.0413907679 0.8728140226 0.5020846861 
-82.4313042540 0.0413844949 0.8728575450 0.5020582971 
-82.4340618453 0.0413780945 0.8729019465 0.5020318560 
-82.4368749494 0.0413715662 0.8729472309 0.5020053614 
-82.4397438466 0.0413649095 0.8729934021 0.5019788114 
-82.4426688221 0.0413581236 0.8730404638 0.5019522043 
-82.4456501661 0.0413512080 0.8730884201 0.5019255380 
-82.4486881738 0.0413441621 0.8731372750 0.5018988105 
-82.4517831453 0.0413369851 0.8731870325 0.5018720195 
-82.4549353860 0.0413296766 0.8732376968 0.5018451629 
-82.4581452062 0.0413222358 0.8732892720 0.5018182381 
-82.4614129213 0.0413146620 0.8733417624 0.5017912428 
-82.4647388520 0.0413069546 0.8733951723 0.5017641744 
-82.4681233241 0.0412991129 0.8734495060 0.5017370303 
-82.4715666686 0.0412911362 0.8735047681 0.5017098079 
-82.4750692219 0.0412830238 0.8735609629 0.5016825045 
-82.4786313256 0.0412747750 0.8736180951 0.5016551173 
-82.4822533266 0.0412663890 0.8736761692 0.5016276436 
-82.4859355774 0.0412578652 0.8737351900 0.5016000805 
-82.4896784356 0.0412492027 0.8737951621 0.5015724252 
-82.4934822645 0.0412404008 0.8738560904 0.5015446748 
-82.4973474329 0.0412314587 0.8739179796 0.5015168262 
-82.5012743151 0.0412223757 0.8739808349 0.5014888767 
-82.5052632910 0.0412131509 0.8740446610 0.5014608231 
-82.5093147460 0.0412037836 0.8741094631 0.5014326626 
-82.5134290713 0.0411942729 0.8741752463 0.5014043920 
-82.5176066640 0.0411846181 0.8742420157 0.5013760083 
-82.5218479266 0.0411748182 0.8743097766 0.5013475085 
-82.5261532676 0.0411648725 0.8743785343 0.5013188894 
-82.5305231015 0.0411547800 0.8744482941 0.5012901481 
-82.5349578484 0.0411445400 0.8745190614 0.5012612813 
-82.5394579346 0.0411341515 0.8745908418 0.5012322859 
-82.5440237923 0.0411236136 0.8746636407 0.5012031588 
-82.5486558598 0.0411129254 0.8747374639 0.5011738969 
-82.5533545815 0.0411020861 0.8748123169 0.5011444969 
-82.5581204078 0.0410910946 0.8748882055 0.5011149557 
-82.5629537955 0.0410799501 0.8749651356 0.5010852701 
-82.5678552076 0.0410686515 0.8750431129 0.5010554368 
-82.5728251134 0.0410571980 0.8751221434 0.5010254527 
-82.5778639887 0.0410455886 0.8752022331 0.5009953146 
-82.5829723154 0.0410338222 0.8752833881 0.5009650191 
-82.5881505821 0.0410218979 0.8753656144 0.5009345630 
-82.5933992841 0.0410098147 0.8754489183 0.5009039431 
-82.5987189228 0.0409975714 0.8755333061 0.5008731560 
-82.6041100068 0.0409851672 0.8756187839 0.5008421985 
-82.6095730511 0.0409726010 0.8757053583 0.5008110673 
-82.6151085774 0.0409598716 0.8757930356 0.5007797590 
-82.6207171144 0.0409469781 0.8758818224 0.5007482702 
-82.6263991977 0.0409339193 0.8759717252 0.5007165977 
-82.6321553698 0.0409206941 0.8760627507 0.5006847380 
-82.6379861801 0.0409073015 0.8761549056 0.5006526878 
-82.6438921853 0.0408937402 0.8762481966 0.5006204436 
-82.6498739491 0.0408800092 0.8763426306 0.5005880020 
-82.6559320425 0.0408661074 0.8764382145 0.5005553596 
-82.6620670436 0.0408520334 0.8765349552 0.5005225129 
-82.6682795380 0.0408377863 0.8766328598 0.5004894584 
-82.6745701189 0.0408233647 0.8767319354 0.5004561926 
-82.6809393865 0.0408087676 0.8768321891 0.5004227120 
-82.6873879490 0.0407939936 0.8769336281 0.5003890129 
-82.6939164220 0.0407790415 0.8770362598 0.5003550918 
-82.7005254289 0.0407639102 0.8771400915 0.5003209451 
-82.7072156009 0.0407485982 0.8772451306 0.5002865691 
-82.7139875769 0.0407331045 0.8773513846 0.5002519602 
-82.7208420039 0.0407174276 0.8774588610 0.5002171146 
-82.7277795368 0.0407015663 0.8775675675 0.5001820285 
-82.7348008386 0.0406855193 0.8776775117 0.5001466982 
-82.7419065805 0.0406692853 0.8777887014 0.5001111198 
-82.7490974420 0.0406528628 0.8779011444 0.5000752895 
-82.7563741108 0.0406362506 0.8780148486 0.5000392034 
-82.7637372831 0.0406194473 0.8781298219 0.5000028574 
-82.7711876635 0.0406024515 0.8782460722 0.4999662476 
-82.7787259654 0.0405852618 0.8783636078 0.4999293698 
-82.7863529105 0.0405678768 0.8784824366 0.4998922199 
-82.7940692297 0.0405502951 0.8786025670 0.4998547938 
-82.8018756624 0.0405325152 0.8787240071 0.4998170872 
-82.8097729570 0.0405145356 0.8788467653 0.4997790957 
-82.8177618711 0.0404963549 0.8789708499 0.4997408149 
-82.8258431714 0.0404779717 0.8790962695 0.4997022403 
-82.8340176335 0.0404593843 0.8792230325 0.4996633675 
-82.8422860427 0.0404405914 0.8793511476 0.4996241916 
-82.8506491935 0.0404215913 0.8794806232 0.4995847079 
-82.8591078901 0.0404023824 0.8796114683 0.4995449116 
-82.8676629460 0.0403829634 0.8797436915 0.4995047977 
-82.8763151847 0.0403633325 0.8798773016 0.4994643611 
-82.8850654395 0.0403434881 0.8800123075 0.4994235965 
-82.8939145534 0.0403234287 0.8801487183 0.4993824986 
-82.9028633796 0.0403031526 0.8802865428 0.4993410620 
-82.9119127816 0.0402826583 0.8804257903 0.4992992808 
-82.9210636328 0.0402619439 0.8805664697 0.4992571493 
-82.9303168172 0.0402410079 0.8807085904 0.4992146615 
-82.9396732292 0.0402198485 0.8808521616 0.4991718112 
-82.9491337738 0.0401984640 0.8809971925 0.4991285918 
-82.9586993668 0.0401768528 0.8811436926 0.4990849969 
-82.9683709348 0.0401550131 0.8812916713 0.4990410194 
-82.9781494152 0.0401329430 0.8814411381 0.4989966522 
-82.9880357566 0.0401106409 0.8815921026 0.4989518879 
-82.9980309189 0.0400881050 0.8817445743 0.4989067187 
-83.0081358731 0.0400653333 0.8818985630 0.4988611365 
-83.0183516019 0.0400423242 0.8820540783 0.4988151329 
-83.0286790995 0.0400190757 0.8822111300 0.4987686990 
-83.0391193717 0.0399955861 0.8823697280 0.4987218255 
-83.0496734364 0.0399718533 0.8825298822 0.4986745028 
-83.0603423233 0.0399478755 0.8826916025 0.4986267205 
-83.0711270745 0.0399236509 0.8828548989 0.4985784679 
-83.0820287440 0.0398991774 0.8830197815 0.4985297337 
-83.0930483986 0.0398744531 0.8831862604 0.4984805057 
-83.1041871175 0.0398494760 0.8833543458 0.4984307714 
-83.1154459927 0.0398242442 0.8835240478 0.4983805173 
-83.1268261292 0.0397987556 0.8836953768 0.4983297290 
-83.1383286448 0.0397730082 0.8838683430 0.4982783913 
-83.1499546708 0.0397470000 0.8840429569 0.4982264881 
-83.1617053516 0.0397207289 0.8842192288 0.4981740020 
-83.1735818455 0.0396941928 0.8843971692 0.4981209146 
-83.1855853242 0.0396673896 0.8845767886 0.4980672062 
-83.1977169736 0.0396403172 0.8847580977 0.4980128555 
-83.2099779933 0.0396129734 0.8849411070 0.4979578400 
-83.2223695975 0.0395853561 0.8851258271 0.4979021351 
-83.2348930147 0.0395574631 0.8853122688 0.4978457147 
-83.2475494882 0.0395292922 0.8855004428 0.4977885504 
-83.2603402760 0.0395008412 0.8856903599 0.4977306118 
-83.2732666512 0.0394721078 0.8858820310 0.4976718659 
-83.2863299022 0.0394430897 0.8860754669 0.4976122771 
-83.2995313328 0.0394137848 0.8862706786 0.4975518068 
-83.3128722626 0.0393841906 0.8864676770 0.4974904133 
-83.3263540270 0.0393543048 0.8866664731 0.4974280511 
-83.3399779777 0.0393241252 0.8868670780 0.4973646711 
-83.3537454827 0.0392936492 0.8870695027 0.4973002197 
-83.3676579268 0.0392628747 0.8872737584 0.4972346388 
-83.3817167116 0.0392317990 0.8874798562 0.4971678649 
-83.3959232558 0.0392004198 0.8876878074 0.4970998290 
-83.4102789958 0.0391687346 0.8878976232 0.4970304557 
-83.4247853854 0.0391367410 0.8881093147 0.4969596628 
-83.4394438969 0.0391044364 0.8883228935 0.4968873607 
-83.4542560206 0.0390718183 0.8885383707 0.4968134512 
-83.4692232656 0.0390388842 0.8887557579 0.4967378272 
-83.4843471600 0.0390056314 0.8889750663 0.4966603715 
-83.4996292513 0.0389720575 0.8891963075 0.4965809559 
-83.5150711068 0.0389381596 0.8894194930 0.4964994403 
-83.5306743138 0.0389039353 0.8896446342 0.4964156711 
-83.5464404801 0.0388693818 0.8898717428 0.4963294805 
-83.5623712347 0.0388344964 0.8901008303 0.4962406847 
-83.5784682279 0.0387992763 0.8903319084 0.4961490828 
-83.5947331317 0.0387637189 0.8905649888 0.4960544551 
-83.6111676407 0.0387278213 0.8908000832 0.4959565615 
-83.6277734723 0.0386915808 0.8910372033 0.4958551399 
-83.6445523675 0.0386549944 0.8912763610 0.4957499046 
-83.6615060911 0.0386180593 0.8915175681 0.4956405443 
-83.6786364329 0.0385807726 0.8917608364 0.4955267211 
-83.6959452078 0.0385431313 0.8920061780 0.4954080685 
-83.7134342568 0.0385051325 0.8922536049 0.4952841902 
-83.7311054478 0.0384667732 0.8925031291 0.4951546591 
-83.7489606759 0.0384280503 0.8927547626 0.4950190159 
-83.7670018651 0.0383889607 0.8930085178 0.4948767677 
-83.7852309683 0.0383495014 0.8932644069 0.4947273865 
-83.8036499685 0.0383096691 0.8935224421 0.4945703092 
-83.8222608802 0.0382694607 0.8937826359 0.4944049524 
-83.8410657504 0.0382288729 0.8940450008 0.4942307891 
-83.8600666624 0.0381879025 0.8943095494 0.4940476231 
-83.8792657407 0.0381465461 0.8945762946 0.4938562891 
-83.8986651586 0.0381048002 0.8948452495 0.4936596231 
-83.9182671337 0.0380626614 0.8951164274 0.4934624037 
-83.9380739081 0.0380201262 0.8953898417 0.4932695650 
-83.9580877317 0.0379771910 0.8956655052 0.4930846976 
-83.9783108566 0.0379338525 0.8959434305 0.4929099403 
-83.9987455382 0.0378901071 0.8962236297 0.4927463225 
-84.0193940362 0.0378459514 0.8965061145 0.4925940171 
-84.0402586164 0.0378013820 0.8967908963 0.4924525331 
-84.0433475425 0.0377947875 0.8968331535 0.4924364019 
