-82.4735996812 0.0412864428 0.8735317133 0.5050158707 
-82.4736543535 0.0412863162 0.8735325879 0.5050129434 
-82.4737637074 0.0412860629 0.8735343371 0.5050071125 
-82.4739277613 0.0412856830 0.8735369613 0.5049984244 
-82.4741465429 0.0412851763 0.8735404608 0.5049869472 
-82.4744200889 0.0412845428 0.8735448363 0.5049727680 
-82.4747483320 0.0412837826 0.8735500864 0.5049434940 
-82.4751315901 0.0412828950 0.8735562165 0.5049264288 
-82.4755698067 0.0412818802 0.8735632256 0.5049088404 
-82.4760630457 0.0412807380 0.8735711145 0.5048907339 
-82.4766113768 0.0412794682 0.8735798842 0.5048721175 
-82.4772148749 0.0412780708 0.8735895359 0.5048530023 
-82.4778736210 0.0412765454 0.8736000707 0.5048334016 
-82.4785877011 0.0412748920 0.8736114899 0.5048133307 
-82.4793572072 0.0412731103 0.8736237947 0.5047928066 
-82.4801822363 0.0412712001 0.8736369867 0.5047718476 
-82.4810628914 0.0412691613 0.8736510672 0.5047504730 
-82.4819992807 0.0412669935 0.8736660377 0.5047287028 
-82.4829915178 0.0412646965 0.8736819000 0.5047065572 
-82.4840397218 0.0412622701 0.8736986556 0.5046840569 
-82.4851440172 0.0412597140 0.8737163064 0.5046612222 
-82.4863045339 0.0412570279 0.8737348541 0.5046380735 
-82.4875214071 0.0412542115 0.8737543007 0.5046146305 
-82.4887947774 0.0412512646 0.8737746481 0.5045909125 
-82.4901247908 0.0412481867 0.8737958984 0.5045669380 
-82.4915115983 0.0412449777 0.8738180537 0.5045427247 
-82.4929553566 0.0412416372 0.8738411161 0.5045182896 
-82.4944562274 0.0412381647 0.8738650879 0.5044936487 
-82.4960143778 0.0412345601 0.8738899714 0.5044688169 
-82.4976299803 0.0412308228 0.8739157690 0.5044438082 
-82.4993032124 0.0412269525 0.8739424831 0.5044186358 
-82.5010342571 0.0412229489 0.8739701163 0.5043933115 
-82.5028233025 0.0412188114 0.8739986711 0.5043678465 
-82.5046705420 0.0412145398 0.8740281502 0.5043422507 
-82.5065761745 0.0412101337 0.8740585563 0.5043165333 
-82.5085404040 0.0412055924 0.8740898921 0.5042907023 
-82.5105634397 0.0412009157 0.8741221606 0.5042647652 
-82.5126454963 0.0411961031 0.8741553646 0.5042387283 
-82.5147867937 0.0411911540 0.8741895071 0.5042125972 
-82.5169875571 0.0411860681 0.8742245912 0.5041863770 
-82.5192480172 0.0411808449 0.8742606200 0.5041600718 
-82.5215684099 0.0411754837 0.8742975965 0.5041336850 
-82.5239489766 0.0411699843 0.8743355242 0.5041072197 
-82.5263899641 0.0411643459 0.8743744063 0.5040806781 
-82.5288916244 0.0411585681 0.8744142461 0.5040540621 
-82.5314542153 0.0411526504 0.8744550471 0.5040273730 
-82.5340779999 0.0411465922 0.8744968128 0.5040006116 
-82.5367632466 0.0411403929 0.8745395468 0.5039737785 
-82.5395102297 0.0411340520 0.8745832527 0.5039468736 
-82.5423192288 0.0411275688 0.8746279342 0.5039198968 
-82.5451905292 0.0411209428 0.8746735951 0.5038928474 
-82.5481244216 0.0411141734 0.8747202392 0.5038657247 
-82.5511212027 0.0411072600 0.8747678704 0.5038385274 
-82.5541811746 0.0411002019 0.8748164927 0.5038112541 
-82.5573046452 0.0410929984 0.8748661100 0.5037839034 
-82.5604919280 0.0410856490 0.8749167266 0.5037564735 
-82.5637433426 0.0410781530 0.8749683465 0.5037289623 
-82.5670592141 0.0410705096 0.8750209741 0.5037013678 
-82.5704398736 0.0410627183 0.8750746135 0.5036736876 
-82.5738856580 0.0410547782 0.8751292691 0.5036459195 
-82.5773969103 0.0410466888 0.8751849455 0.5036180608 
-82.5809739792 0.0410384492 0.8752416470 0.5035901090 
-82.5846172197 0.0410300588 0.8752993783 0.5035620612 
-82.5883269926 0.0410215168 0.8753581439 0.5035339148 
-82.5921036649 0.0410128224 0.8754179486 0.5035056667 
-82.5959476098 0.0410039749 0.8754787972 0.5034773141 
-82.5998592065 0.0409949735 0.8755406944 0.5034488537 
-82.6038388405 0.0409858173 0.8756036451 0.5034202826 
-82.6078869037 0.0409765057 0.8756676544 0.5033915976 
-82.6120037941 0.0409670377 0.8757327273 0.5033627953 
-82.6161899162 0.0409574126 0.8757988688 0.5033338726 
-82.6204456807 0.0409476295 0.8758660842 0.5033048262 
-82.6247715051 0.0409376876 0.8759343786 0.5032756526 
-82.6291678132 0.0409275859 0.8760037575 0.5032463484 
-82.6336350352 0.0409173236 0.8760742261 0.5032169103 
-82.6381736082 0.0409068999 0.8761457899 0.5031873347 
-82.6427839759 0.0408963138 0.8762184544 0.5031576181 
-82.6474665884 0.0408855643 0.8762922252 0.5031277570 
-82.6522219030 0.0408746506 0.8763671079 0.5030977479 
-82.6570503835 0.0408635718 0.8764431083 0.5030675871 
-82.6619525008 0.0408523268 0.8765202321 0.5030372711 
-82.6669287325 0.0408409147 0.8765984853 0.5030067962 
-82.6719795633 0.0408293346 0.8766778736 0.5029761588 
-82.6771054850 0.0408175854 0.8767584032 0.5029453551 
-82.6823069965 0.0408056661 0.8768400800 0.5029143815 
-82.6875846037 0.0407935757 0.8769229103 0.5028832342 
-82.6929388199 0.0407813131 0.8770069001 0.5028519095 
-82.6983701655 0.0407688774 0.8770920558 0.5028204037 
-82.7038791685 0.0407562675 0.8771783837 0.5027887130 
-82.7094663641 0.0407434822 0.8772658902 0.5027568335 
-82.7151322951 0.0407305206 0.8773545818 0.5027247614 
-82.7208775118 0.0407173814 0.8774444651 0.5026924929 
-82.7267025720 0.0407040637 0.8775355466 0.5026600242 
-82.7326080413 0.0406905662 0.8776278330 0.5026273514 
-82.7385944931 0.0406768878 0.8777213311 0.5025944705 
-82.7446625084 0.0406630273 0.8778160477 0.5025613776 
-82.7508126763 0.0406489837 0.8779119897 0.5025280688 
-82.7570455937 0.0406347556 0.8780091640 0.5024945401 
-82.7633618657 0.0406203420 0.8781075777 0.5024607876 
-82.7697621052 0.0406057416 0.8782072379 0.5024268072 
-82.7762469337 0.0405909531 0.8783081518 0.5023925949 
-82.7828169806 0.0405759753 0.8784103266 0.5023581466 
-82.7894728837 0.0405608071 0.8785137695 0.5023234582 
-82.7962152893 0.0405454470 0.8786184880 0.5022885256 
-82.8030448522 0.0405298938 0.8787244895 0.5022533447 
-82.8099622357 0.0405141462 0.8788317816 0.5022179112 
-82.8169681118 0.0404982029 0.8789403717 0.5021822210 
-82.8240631610 0.0404820626 0.8790502677 0.5021462699 
-82.8312480731 0.0404657239 0.8791614771 0.5021100534 
-82.8385235463 0.0404491855 0.8792740077 0.5020735674 
-82.8458902881 0.0404324459 0.8793878675 0.5020368074 
-82.8533490149 0.0404155039 0.8795030643 0.5019997690 
-82.8609004525 0.0403983579 0.8796196062 0.5019624478 
-82.8685453357 0.0403810065 0.8797375012 0.5019248393 
-82.8762844088 0.0403634484 0.8798567574 0.5018869389 
-82.8841184254 0.0403456821 0.8799773830 0.5018487420 
-82.8920481490 0.0403277060 0.8800993863 0.5018102440 
-82.9000743522 0.0403095188 0.8802227756 0.5017714401 
-82.9081978178 0.0402911188 0.8803475593 0.5017323255 
-82.9164193382 0.0402725047 0.8804737459 0.5016928955 
-82.9247397158 0.0402536748 0.8806013439 0.5016531450 
-82.9331597629 0.0402346276 0.8807303619 0.5016130690 
-82.9416803022 0.0402153616 0.8808608086 0.5015726625 
-82.9503021665 0.0401958751 0.8809926927 0.5015319202 
-82.9590261988 0.0401761665 0.8811260230 0.5014908370 
-82.9678532529 0.0401562343 0.8812608083 0.5014494073 
-82.9767841928 0.0401360768 0.8813970576 0.5014076259 
-82.9858198936 0.0401156924 0.8815347798 0.5013654869 
-82.9949612408 0.0400950793 0.8816739841 0.5013229848 
-83.0042091311 0.0400742359 0.8818146794 0.5012801136 
-83.0135644720 0.0400531605 0.8819568751 0.5012368675 
-83.0230281823 0.0400318514 0.8821005803 0.5011932402 
-83.0326011922 0.0400103069 0.8822458044 0.5011492255 
-83.0422844429 0.0399885251 0.8823925567 0.5011048169 
-83.0520788875 0.0399665043 0.8825408466 0.5010600077 
-83.0619854906 0.0399442428 0.8826906837 0.5010147912 
-83.0720052285 0.0399217386 0.8828420774 0.5009691602 
-83.0821390895 0.0398989901 0.8829950375 0.5009231076 
-83.0923880740 0.0398759953 0.8831495734 0.5008766257 
-83.1027531945 0.0398527523 0.8833056951 0.5008297069 
-83.1132354758 0.0398292594 0.8834634123 0.5007823431 
-83.1238359551 0.0398055146 0.8836227347 0.5007345260 
-83.1345556824 0.0397815159 0.8837836724 0.5006862469 
-83.1453957202 0.0397572615 0.8839462352 0.5006374968 
-83.1563571441 0.0397327493 0.8841104333 0.5005882665 
-83.1674410426 0.0397079775 0.8842762766 0.5005385460 
-83.1786485175 0.0396829440 0.8844437752 0.5004883254 
-83.1899806838 0.0396576468 0.8846129394 0.5004375938 
-83.2014386701 0.0396320838 0.8847837794 0.5003863403 
-83.2130236186 0.0396062531 0.8849563055 0.5003345532 
-83.2247366855 0.0395801525 0.8851305280 0.5002822203 
-83.2365790409 0.0395537800 0.8853064572 0.5002293287 
-83.2485518689 0.0395271334 0.8854841037 0.5001758651 
-83.2606563682 0.0395002107 0.8856634778 0.5001218151 
-83.2728937519 0.0394730095 0.8858445902 0.5000671638 
-83.2852652476 0.0394455279 0.8860274514 0.5000118954 
-83.2977720982 0.0394177636 0.8862120720 0.4999559932 
-83.3104155614 0.0393897143 0.8863984627 0.4998994395 
-83.3231969101 0.0393613779 0.8865866342 0.4998422157 
-83.3361174327 0.0393327521 0.8867765973 0.4997843018 
-83.3491784334 0.0393038346 0.8869683628 0.4997256767 
-83.3623812321 0.0392746232 0.8871619415 0.4996663180 
-83.3757271647 0.0392451154 0.8873573443 0.4996062018 
-83.3892175836 0.0392153090 0.8875545821 0.4995453027 
-83.4028538573 0.0391852016 0.8877536659 0.4994835935 
-83.4166373715 0.0391547909 0.8879546067 0.4994210451 
-83.4305695284 0.0391240743 0.8881574154 0.4993576267 
-83.4446517475 0.0390930496 0.8883621033 0.4992933049 
-83.4588854659 0.0390617141 0.8885686813 0.4992280442 
-83.4732721381 0.0390300656 0.8887771607 0.4991618065 
-83.4878132365 0.0389981014 0.8889875525 0.4990945508 
-83.5025102517 0.0389658191 0.8891998680 0.4990262333 
-83.5173646928 0.0389332161 0.8894141184 0.4989568067 
-83.5323780875 0.0389002899 0.8896303150 0.4988862200 
-83.5475519824 0.0388670378 0.8898484690 0.4988144187 
-83.5628879435 0.0388334573 0.8900685918 0.4987413436 
-83.5783875561 0.0387995457 0.8902906946 0.4986669313 
-83.5940524255 0.0387653003 0.8905147889 0.4985911130 
-83.6098841772 0.0387307186 0.8907408861 0.4985138147 
-83.6258844571 0.0386957977 0.8909689974 0.4984349564 
-83.6420549318 0.0386605350 0.8911991344 0.4983544517 
-83.6583972893 0.0386249276 0.8914313085 0.4982722071 
-83.6749132389 0.0385889728 0.8916655312 0.4981881215 
-83.6916045119 0.0385526678 0.8919018139 0.4981020856 
-83.7084728618 0.0385160098 0.8921401681 0.4980139813 
-83.7255200648 0.0384789959 0.8923806053 0.4979236805 
-83.7427479200 0.0384416231 0.8926231371 0.4978310449 
-83.7601582503 0.0384038887 0.8928677750 0.4977359247 
-83.7777529024 0.0383657895 0.8931145306 0.4976381581 
-83.7955337474 0.0383273228 0.8933634154 0.4975375700 
-83.8135026813 0.0382884853 0.8936144410 0.4974339715 
-83.8316616255 0.0382492742 0.8938676190 0.4973271584 
-83.8500125273 0.0382096864 0.8941229610 0.4972169106 
-83.8685573608 0.0381697188 0.8943804787 0.4971029912 
-83.8872981266 0.0381293682 0.8946401837 0.4969851454 
-83.9062368535 0.0380886314 0.8949020876 0.4968630999 
-83.9253755984 0.0380475054 0.8951662021 0.4967365622 
-83.9447164470 0.0380059869 0.8954325389 0.4966052203 
-83.9642615148 0.0379640726 0.8957011096 0.4964687429 
-83.9840129479 0.0379217592 0.8959719260 0.4963267798 
-84.0039729230 0.0378790435 0.8962449999 0.4961789633 
-84.0241436492 0.0378359220 0.8965203429 0.4960249103 
-84.0445273681 0.0377923913 0.8967979669 0.4958642254 
-84.0651263549 0.0377484481 0.8970778836 0.4956965059 
-84.0859429190 0.0377040888 0.8973601049 0.4955213472 
-84.1069794055 0.0376593099 0.8976446427 0.4953383509 
-84.1282381952 0.0376141078 0.8979315087 0.4951471386 
-84.1497217067 0.0375684790 0.8982207150 0.4949473887 
-84.1714323971 0.0375224199 0.8985122734 0.4947389649 
-84.1933727663 0.0374759266 0.8988061961 0.4945223433 
-84.2155453648 0.0374289954 0.8991024952 0.4942996667 
-84.2379527995 0.0373816225 0.8994011832 0.4940759172 
-84.2605977207 0.0373338040 0.8997022726 0.4938579005 
-84.2834827915 0.0372855359 0.9000057757 0.4936513638 
-84.3066106737 0.0372368145 0.9003117038 0.4934599240 
-84.3299840276 0.0371876360 0.9006200681 0.4932855402 
-84.3536055123 0.0371379965 0.9009308787 0.4931287680 
-84.3774777862 0.0370878925 0.9012441455 0.4929888204 
-84.4016035109 0.0370373201 0.9015598777 0.4928638785 
-84.4259853578 0.0369862759 0.9018780838 0.4927515593 
-84.4304033295 0.0369770333 0.9019358106 0.4927323162 
